7.399166232299529611e+01
1.791860676532541845e+02
1.160156043550070990e+02
1.558534462228728614e+02
7.399166232299535295e+01
1.791860676532539856e+02
1.160156043550070848e+02
1.558534462228730604e+02
2.117741725306227618e+00
5.167711866342043159e+00
4.341443193671767453e+00
4.887823088491639822e+00
2.117741725306228506e+00
5.167711866342037830e+00
4.341443193671765677e+00
4.887823088491642487e+00
7.046361778115532992e-01
3.846353913944865477e-01
4.140255521398307215e-01
3.910052697191659377e-01
7.046361778115518559e-01
3.846353913944866587e-01
4.140255521398309990e-01
3.910052697191661042e-01
5.993940666124055600e-02
3.487615867711263418e-02
3.708371045876736327e-02
3.524970514312283920e-02
5.993940666124052824e-02
3.487615867711260642e-02
3.708371045876735633e-02
3.524970514312284614e-02
9.828248325566826260e-01
9.584302199895344820e-01
9.730918595718569541e-01
9.638443688760169881e-01
9.828248325566821819e-01
9.584302199895334828e-01
9.730918595718565101e-01
9.638443688760184314e-01
3.592732470901568997e-03
1.216346444071138896e-03
1.375201581389691972e-03
1.242541712677100712e-03
3.592732470901565094e-03
1.216346444071136727e-03
1.375201581389691539e-03
1.242541712677101362e-03
