6.201221472916008679e+02
1.113722780569514043e+03
9.481322442969097892e+02
9.996633228330695147e+02
6.201221472916013226e+02
1.113722780569511997e+03
9.481322442969093345e+02
9.996633228330700831e+02
1.553371566631174083e+01
2.207052676316905959e+01
2.014648330255077013e+01
2.072397434935872340e+01
1.553371566631174616e+01
2.207052676316905959e+01
2.014648330255077013e+01
2.072397434935872695e+01
1.425115611634268920e-01
8.199613629894172973e-02
9.865744980570485823e-02
9.171144861024189965e-02
1.425115611634271695e-01
8.199613629894164646e-02
9.865744980570488598e-02
9.171144861024199679e-02
1.218674713246700736e-02
9.635130278244898039e-03
1.058198325665199620e-02
1.000725944374821104e-02
1.218674713246701430e-02
9.635130278244884161e-03
1.058198325665199793e-02
1.000725944374821104e-02
9.226066061792083106e-01
8.607318406916395492e-01
8.814389743020725199e-01
8.749891622079187803e-01
9.226066061792085327e-01
8.607318406916398823e-01
8.814389743020729640e-01
8.749891622079185582e-01
1.485168056706928251e-04
9.283573547875159236e-05
1.119783696440631790e-04
1.001452415744877604e-04
1.485168056706929877e-04
9.283573547875134842e-05
1.119783696440632332e-04
1.001452415744877604e-04
