1.722176906779660044e+02
4.440009771978661774e+02
3.853321662997390149e+02
4.438541755435184655e+02
1.722176906779662602e+02
4.440009771978658364e+02
3.853321662997386170e+02
4.438541755435191476e+02
6.524130133637545903e+00
1.165292126030459485e+01
1.074268692922373702e+01
1.155122379361987761e+01
6.524130133637547679e+00
1.165292126030459841e+01
1.074268692922373525e+01
1.155122379361988294e+01
3.793672768665128925e-01
2.445283142511921748e-01
2.643293263320571906e-01
2.598555140330308100e-01
3.793672768665133921e-01
2.445283142511921193e-01
2.643293263320571906e-01
2.598555140330312541e-01
2.659549414070358150e-02
1.948163151653051900e-02
2.041662218386679564e-02
2.026830453922218861e-02
2.659549414070358844e-02
1.948163151653051900e-02
2.041662218386678176e-02
2.026830453922219902e-02
9.722491265762793766e-01
9.284901797106055454e-01
9.379195306916180419e-01
9.285139766950089024e-01
9.722491265762792656e-01
9.284901797106061005e-01
9.379195306916190411e-01
9.285139766950092355e-01
7.073203085881986114e-04
3.795339665458752234e-04
4.168384613987616955e-04
4.108041688946547916e-04
7.073203085881989366e-04
3.795339665458752234e-04
4.168384613987612618e-04
4.108041688946552253e-04
