7.846259693558478432e+01
1.298811381800865377e+02
9.440253805254374697e+01
1.675724579738901241e+02
7.846259693558472748e+01
1.298811381800866229e+02
9.440253805254371855e+01
1.675724579738902946e+02
2.753369293308318699e+00
3.927807256516142154e+00
3.265813698915763119e+00
4.362438784457141061e+00
2.753369293308318699e+00
3.927807256516147039e+00
3.265813698915763563e+00
4.362438784457138397e+00
6.651541296166273431e-01
5.733550607132961163e-01
6.154881491637838042e-01
5.572755252784130642e-01
6.651541296166277872e-01
5.733550607132967825e-01
6.154881491637832491e-01
5.572755252784128421e-01
5.762679364730850795e-02
4.971868475457487391e-02
5.441838852738783983e-02
4.936383833294694795e-02
5.762679364730852877e-02
4.971868475457490860e-02
5.441838852738783289e-02
4.936383833294693407e-02
9.917847843978790934e-01
9.864019956102508813e-01
9.901162675151619075e-01
9.824558697872217694e-01
9.917847843978803146e-01
9.864019956102506592e-01
9.901162675151630177e-01
9.824558697872208812e-01
3.320847346069476062e-03
2.471947613724796190e-03
2.961361009917736365e-03
2.436788534961322264e-03
3.320847346069478231e-03
2.471947613724799226e-03
2.961361009917735498e-03
2.436788534961321397e-03
