1.518568151520924516e+02
5.053842618112380478e+02
3.640051397616465465e+02
4.163763883764841580e+02
1.518568151520922243e+02
5.053842618112376499e+02
3.640051397616465465e+02
4.163763883764841580e+02
3.631559356659340487e+00
7.893873564964525968e+00
6.457984832069334047e+00
7.099945745350384918e+00
3.631559356659339155e+00
7.893873564964518863e+00
6.457984832069333159e+00
7.099945745350385806e+00
6.080019292169811518e-01
4.741189645505151651e-01
5.019085800380748141e-01
4.831338091331225382e-01
6.080019292169814848e-01
4.741189645505145545e-01
5.019085800380749252e-01
4.831338091331227047e-01
7.023737611946212489e-02
6.214437258494686506e-02
6.520483388677210390e-02
6.216843682257916504e-02
7.023737611946202775e-02
6.214437258494683730e-02
6.520483388677206227e-02
6.216843682257917197e-02
9.872881658025760565e-01
9.577471156896617543e-01
9.695289208106148138e-01
9.651888067827557594e-01
9.872881658025758345e-01
9.577471156896624205e-01
9.695289208106143697e-01
9.651888067827555373e-01
4.933289004146789239e-03
3.861923043976695294e-03
4.251670362201542992e-03
3.864914536963017129e-03
4.933289004146774494e-03
3.861923043976691824e-03
4.251670362201538655e-03
3.864914536963017563e-03
