2.102918978459633479e+02
5.987398863460783787e+02
4.683578839867950592e+02
4.781328316182137996e+02
2.102918978459621542e+02
5.987398863460778102e+02
4.683578839867923875e+02
4.781328316182111280e+02
6.999408453002974539e+00
1.307691598832497704e+01
1.156098856208741488e+01
1.173512517278236444e+01
6.999408453002947894e+00
1.307691598832484381e+01
1.156098856208737935e+01
1.173512517278227207e+01
3.384636269691240207e-01
2.176034215140660588e-01
2.361842479072361334e-01
2.229889020652812415e-01
3.384636269691206900e-01
2.176034215140665584e-01
2.361842479072347178e-01
2.229889020652790488e-01
3.209131723658292801e-02
2.392846434352022267e-02
2.541724227812845738e-02
2.428246951463709433e-02
3.209131723658271290e-02
2.392846434352009430e-02
2.541724227812848166e-02
2.428246951463677514e-02
9.540258257680810372e-01
8.685120189847128636e-01
8.970201552972807413e-01
8.950065143288841174e-01
9.540258257680809262e-01
8.685120189847124195e-01
8.970201552972856263e-01
8.950065143288792324e-01
1.029852641979004399e-03
5.725714058391186221e-04
6.460362050250806863e-04
5.896383257292797794e-04
1.029852641978990738e-03
5.725714058391125506e-04
6.460362050250818789e-04
5.896383257292642753e-04
