6.250044934640146721e+01
1.933712588952110139e+02
1.676305890992181844e+02
1.683529206983089637e+02
6.250044934640139616e+01
1.933712588952101328e+02
1.676305890992175307e+02
1.683529206983088500e+02
3.448651960784112180e+00
6.785378590078308569e+00
6.269847421671066456e+00
6.283806890902552844e+00
3.448651960784108184e+00
6.785378590078356531e+00
6.269847421671039811e+00
6.283806890902581266e+00
5.319037672530969596e-01
3.155517575400930141e-01
3.294262829409379534e-01
3.139604351364694290e-01
5.319037672530960714e-01
3.155517575400927366e-01
3.294262829409369542e-01
3.139604351364695956e-01
4.513172114296640225e-02
2.949032294756394681e-02
3.014328829160039386e-02
2.882070766084444957e-02
4.513172114296635368e-02
2.949032294756399886e-02
3.014328829160035916e-02
2.882070766084450855e-02
9.837220995643164434e-01
9.494651976321714093e-01
9.562199441515116805e-01
9.560413234343394517e-01
9.837220995643097821e-01
9.494651976321855091e-01
9.562199441515155662e-01
9.560413234343407840e-01
2.036872253326480354e-03
8.696791475516168048e-04
9.086178290305334769e-04
8.306331900718579931e-04
2.036872253326476451e-03
8.696791475516197321e-04
9.086178290305312001e-04
8.306331900718613541e-04
