9.548588643789152286e+01
2.407631802590128416e+02
1.785394194680241640e+02
1.934530998822268089e+02
9.548588643789169339e+01
2.407631802590134384e+02
1.785394194680230555e+02
1.934530998822264962e+02
4.781556372548158684e+00
7.884359801360621312e+00
6.829522274804483040e+00
7.139517739209648717e+00
4.781556372548156908e+00
7.884359801360620423e+00
6.829522274804483040e+00
7.139517739209641611e+00
3.754153895918065365e-01
2.808461193401079470e-01
3.144125803404282382e-01
2.865082511737996329e-01
3.754153895918059813e-01
2.808461193401093903e-01
3.144125803404289043e-01
2.865082511737976900e-01
3.886138233202442865e-02
3.172426526938369740e-02
3.429607988644110123e-02
3.161984703047118761e-02
3.886138233202447723e-02
3.172426526938354474e-02
3.429607988644102490e-02
3.161984703047118761e-02
9.635289049830376706e-01
9.080835742817191525e-01
9.318312723411531495e-01
9.261469892401319459e-01
9.635289049830290109e-01
9.080835742817234824e-01
9.318312723411592557e-01
9.261469892401283932e-01
1.510207036755780450e-03
1.006429006882224482e-03
1.176221095577150008e-03
9.998147262303975612e-04
1.510207036755784353e-03
1.006429006882214941e-03
1.176221095577144587e-03
9.998147262303975612e-04
