3.410405515665929101e+02
6.186089796753459495e+02
4.533407373364555610e+02
6.494196078430561556e+02
3.410405515665925122e+02
6.186089796753374230e+02
4.533407373364483419e+02
6.494196078430478565e+02
1.123959693211537392e+01
1.609209030870613333e+01
1.355570874182444996e+01
1.639838222495035325e+01
1.123959693211533306e+01
1.609209030870577450e+01
1.355570874182427410e+01
1.639838222494995179e+01
1.697546015031653477e-01
1.128911040541541316e-01
1.325207141548843670e-01
1.125137985029549675e-01
1.697546015031647093e-01
1.128911040541517447e-01
1.325207141548830903e-01
1.125137985029530663e-01
1.555359636497686757e-02
1.240931610384239658e-02
1.321968260472896305e-02
1.239211169252712672e-02
1.555359636497673226e-02
1.240931610384228209e-02
1.321968260472879651e-02
1.239211169252690294e-02
9.594218719664941997e-01
9.263570167711525638e-01
9.460571370488313203e-01
9.227089358210875947e-01
9.594218719664872053e-01
9.263570167711437930e-01
9.460571370488384257e-01
9.227089358210848191e-01
2.419143598846216169e-04
1.539911261650822301e-04
1.747600081697735469e-04
1.535644322000675327e-04
2.419143598846174427e-04
1.539911261650794112e-04
1.747600081697691288e-04
1.535644322000620033e-04
