2.639671487434728192e+02
4.704024676189013121e+02
4.134605800653590109e+02
5.388550555470225163e+02
2.639671487434726487e+02
4.704024676189009710e+02
4.134605800653587835e+02
5.388550555470234258e+02
9.249357457571804275e+00
1.305094967490912694e+01
1.240075571895422968e+01
1.388899810576972271e+01
9.249357457571800722e+00
1.305094967490912516e+01
1.240075571895422613e+01
1.388899810576972271e+01
1.911004600657518204e-01
1.214892974805002052e-01
1.250593493964720637e-01
1.161483403438963030e-01
1.911004600657516261e-01
1.214892974805001358e-01
1.250593493964721192e-01
1.161483403438963863e-01
2.199765800671434762e-02
1.693977228376094407e-02
1.719671783098905560e-02
1.666229726404566333e-02
2.199765800671435109e-02
1.693977228376095101e-02
1.719671783098903825e-02
1.666229726404568415e-02
9.352740136526206394e-01
8.846030590235063329e-01
8.987136781987573597e-01
8.678839964195184109e-01
9.352740136526207504e-01
8.846030590235062219e-01
8.987136781987569156e-01
8.678839964195177448e-01
4.838969577803638525e-04
2.869558850256755003e-04
2.957271041586568747e-04
2.776321501154235512e-04
4.838969577803640151e-04
2.869558850256757171e-04
2.957271041586563868e-04
2.776321501154242559e-04
