3.915842240535249630e+02
7.679709517227242941e+02
5.313174428104571234e+02
6.475071622382629357e+02
3.915842240535246788e+02
7.679709517227247488e+02
5.313174428104574645e+02
6.475071622382625947e+02
1.073904618146215206e+01
1.562667281011620624e+01
1.316029411764703205e+01
1.461361797982900157e+01
1.073904618146213785e+01
1.562667281011620268e+01
1.316029411764704626e+01
1.461361797982899979e+01
2.135858321298809703e-01
1.529605980688932831e-01
1.708049487835242575e-01
1.540550385282925261e-01
2.135858321298809148e-01
1.529605980688932831e-01
1.708049487835243407e-01
1.540550385282926926e-01
2.095955136286657000e-02
1.716423623128762038e-02
1.824699392382124821e-02
1.731770334888956334e-02
2.095955136286655959e-02
1.716423623128764120e-02
1.824699392382126556e-02
1.731770334888956334e-02
8.844528298039028291e-01
7.734193678528478166e-01
8.432676228972649790e-01
8.089805447301566810e-01
8.844528298039039393e-01
7.734193678528478166e-01
8.432676228972646459e-01
8.089805447301564589e-01
4.393027933326419600e-04
2.946110054034466403e-04
3.329527872559695273e-04
2.999028492801408450e-04
4.393027933326415263e-04
2.946110054034473450e-04
3.329527872559701236e-04
2.999028492801408450e-04
