2.480198018790339631e+02
4.371129882762199372e+02
3.172008608028889967e+02
4.524027543131797415e+02
2.480198018790335368e+02
4.371129882762154466e+02
3.172008608028888830e+02
4.524027543131762741e+02
7.965676062089805498e+00
1.090140787385330334e+01
9.150742493473060790e+00
1.109626785439906627e+01
7.965676062089817933e+00
1.090140787385326604e+01
9.150742493473094541e+00
1.109626785439896679e+01
3.890541548623572266e-01
3.479633904500503139e-01
3.746430323775673532e-01
3.483683938976472882e-01
3.890541548623571710e-01
3.479633904500480379e-01
3.746430323775666316e-01
3.483683938976439021e-01
6.600831467085996329e-02
6.119293539068840909e-02
6.549099195933787143e-02
6.121983778558085648e-02
6.600831467086000492e-02
6.119293539068797194e-02
6.549099195933796858e-02
6.121983778558039158e-02
9.336384435047674346e-01
8.828920848402598276e-01
9.151447085858932518e-01
8.788087422349906142e-01
9.336384435047665464e-01
8.828920848402556087e-01
9.151447085858913644e-01
8.788087422349949440e-01
4.357097605687266714e-03
3.744575341728965858e-03
4.289070027818057615e-03
3.747868538492833343e-03
4.357097605687272786e-03
3.744575341728912515e-03
4.289070027818069758e-03
3.747868538492776531e-03
