1.604707618464051109e+02
2.863608764654692322e+02
2.298554279536552656e+02
2.921181487738701321e+02
1.604707618464049972e+02
2.863608764654687207e+02
2.298554279536552372e+02
2.921181487738699616e+02
5.484569035947703952e+00
7.889796754210830265e+00
7.077033697780680477e+00
7.954098192801935419e+00
5.484569035947702176e+00
7.889796754210827601e+00
7.077033697780683141e+00
7.954098192801937195e+00
4.712408174931859706e-01
3.437158719022853637e-01
3.653486952115681530e-01
3.451890100677905693e-01
4.712408174931859706e-01
3.437158719022848641e-01
3.653486952115682640e-01
3.451890100677901252e-01
5.557712697856181244e-02
4.367641590354206377e-02
4.578483718323296536e-02
4.369802093720987629e-02
5.557712697856181244e-02
4.367641590354205683e-02
4.578483718323295842e-02
4.369802093720986241e-02
9.379664876835926979e-01
8.890534903375059139e-01
9.108890978436665620e-01
8.868168386346106935e-01
9.379664876835938081e-01
8.890534903375058029e-01
9.108890978436665620e-01
8.868168386346116927e-01
3.088817043191183481e-03
1.907629306179181930e-03
2.096251315895151981e-03
1.909517033828832863e-03
3.088817043191183481e-03
1.907629306179181713e-03
2.096251315895151547e-03
1.909517033828831345e-03
