1.635230698529107656e+02
4.012433522756068101e+02
2.767939172650229693e+02
3.061458045358886579e+02
1.635230698529105098e+02
4.012433522755978288e+02
2.767939172650260389e+02
3.061458045358843378e+02
6.422988153593634841e+00
1.081951569139300062e+01
9.006384627937702447e+00
9.527118210207397908e+00
6.422988153593628624e+00
1.081951569139282299e+01
9.006384627937750409e+00
9.527118210207351723e+00
2.879940810604709189e-01
1.845052522432245323e-01
2.060545351281828919e-01
1.908100117694755682e-01
2.879940810604701418e-01
1.845052522432210351e-01
2.060545351281862503e-01
1.908100117694735975e-01
2.553994534431582725e-02
1.867204163470461906e-02
2.005430831519177184e-02
1.922375960670259440e-02
2.553994534431586194e-02
1.867204163470437620e-02
2.005430831519193838e-02
1.922375960670244868e-02
9.636210303916784570e-01
9.107929896277894288e-01
9.384040003753951753e-01
9.319333971113763493e-01
9.636210303916761255e-01
9.107929896277793258e-01
9.384040003754000603e-01
9.319333971113790138e-01
6.522888081906397370e-04
3.486451388081427349e-04
4.021752820007699078e-04
3.695529334162903209e-04
6.522888081906414717e-04
3.486451388081336276e-04
4.021752820007764673e-04
3.695529334162846831e-04
