6.412275365153882944e+01
7.561338436557641671e+02
7.142684759916493249e+02
7.506767783691238947e+02
6.412275365153884366e+01
7.561338436557634850e+02
7.142684759916489838e+02
7.506767783691234399e+02
2.430519692227437911e+00
1.523012862608264939e+01
1.466311325678496047e+01
1.517306529970822915e+01
2.430519692227435691e+00
1.523012862608261386e+01
1.466311325678497113e+01
1.517306529970824336e+01
6.652226055895202883e-01
2.749760795711595485e-01
2.944841037795640770e-01
2.711172326823542145e-01
6.652226055895207324e-01
2.749760795711592154e-01
2.944841037795640215e-01
2.711172326823546586e-01
9.639501213553769432e-02
8.488116375917625911e-02
8.526592304959663970e-02
8.489420201362207763e-02
9.639501213553774983e-02
8.488116375917620360e-02
8.526592304959663970e-02
8.489420201362216090e-02
9.947762195784158878e-01
9.381823518110329330e-01
9.415915159292461700e-01
9.386284945484451026e-01
9.947762195784140005e-01
9.381823518110334881e-01
9.415915159292455039e-01
9.386284945484445474e-01
9.291998364610459110e-03
7.204811961112096361e-03
7.270277633499734778e-03
7.207025535529675876e-03
9.291998364610471253e-03
7.204811961112087687e-03
7.270277633499736512e-03
7.207025535529689754e-03
