9.325675129171897879e+02
1.345568603101483632e+03
1.044321001262964501e+03
1.322314728343941397e+03
9.325675129171888784e+02
1.345568603101485451e+03
1.044321001262964501e+03
1.322314728343940715e+03
1.830015919564303672e+01
2.242028201158755962e+01
1.980283915638411329e+01
2.231858247433491726e+01
1.830015919564304738e+01
2.242028201158757028e+01
1.980283915638411685e+01
2.231858247433494213e+01
2.217560564608787865e-01
1.924144101368492621e-01
2.089155578563622329e-01
1.928669392954131256e-01
2.217560564608787865e-01
1.924144101368494009e-01
2.089155578563622606e-01
1.928669392954132367e-01
1.781766895063916639e-02
1.615942329553312837e-02
1.724173116026112701e-02
1.619423297252288452e-02
1.781766895063915598e-02
1.615942329553313184e-02
1.724173116026113048e-02
1.619423297252288799e-02
9.020155834102965287e-01
8.586873617753834065e-01
8.902967755167091601e-01
8.611270776668007443e-01
9.020155834102967507e-01
8.586873617753828514e-01
8.902967755167077168e-01
8.611270776667995230e-01
3.174693268345709827e-04
2.611269612442186964e-04
2.972772934027195259e-04
2.622531815683474318e-04
3.174693268345706574e-04
2.611269612442189132e-04
2.972772934027196343e-04
2.622531815683475402e-04
