3.068049936224910539e+02
6.027488532718211900e+02
4.296990939153431555e+02
6.451661363877402664e+02
3.068049936224908834e+02
6.027488532718217584e+02
4.296990939153435534e+02
6.451661363877404938e+02
8.523735567994819462e+00
1.332368888535369145e+01
1.103524470899468213e+01
1.389114699331848790e+01
8.523735567994823015e+00
1.332368888535371099e+01
1.103524470899469279e+01
1.389114699331849323e+01
2.872740789477108980e-01
1.958525777549096902e-01
2.259948623234631360e-01
1.924349506557393452e-01
2.872740789477105650e-01
1.958525777549097180e-01
2.259948623234631637e-01
1.924349506557394007e-01
2.355290667759863191e-02
1.880476994237677280e-02
2.039410379594323863e-02
1.865217729041662373e-02
2.355290667759865619e-02
1.880476994237679014e-02
2.039410379594324557e-02
1.865217729041663414e-02
9.295992273700047770e-01
8.618677003101146150e-01
9.015527740448423533e-01
8.521475875642245956e-01
9.295992273700038888e-01
8.618677003101151701e-01
9.015527740448425753e-01
8.521475875642232634e-01
5.547394129636701527e-04
3.536193725857169484e-04
4.159194696397064644e-04
3.479037176731335874e-04
5.547394129636713453e-04
3.536193725857175989e-04
4.159194696397067355e-04
3.479037176731339669e-04
