1.346588093331845357e+02
3.562649639110280759e+02
2.549369883040938305e+02
3.163896375634662945e+02
1.346588093331844789e+02
3.562649639110285307e+02
2.549369883040938589e+02
3.163896375634664082e+02
3.171806710013875374e+00
6.147669005708589651e+00
5.136359649122815618e+00
5.726217127472555291e+00
3.171806710013873598e+00
6.147669005708594092e+00
5.136359649122811177e+00
5.726217127472556179e+00
7.177288243067828644e-01
6.331448518452962304e-01
6.529712210800927563e-01
6.364335987436420261e-01
7.177288243067827533e-01
6.331448518452963414e-01
6.529712210800927563e-01
6.364335987436420261e-01
4.976353184966155752e-01
4.941585374209774839e-01
4.957186069920577753e-01
4.941710651080767347e-01
4.976353184966155196e-01
4.941585374209774839e-01
4.957186069920578309e-01
4.941710651080767347e-01
9.914407184890784430e-01
9.773636492992261449e-01
9.837976325291308832e-01
9.798972463771929986e-01
9.914407184890792202e-01
9.773636492992254787e-01
9.837976325291319935e-01
9.798972463771933317e-01
2.476409102152280495e-01
2.441926601060395996e-01
2.457369373181462480e-01
2.442050415900510196e-01
2.476409102152279662e-01
2.441926601060395996e-01
2.457369373181462757e-01
2.442050415900510196e-01
