1.120214602346805748e+02
3.214234623092340826e+02
2.297607193553773186e+02
2.952996370838157532e+02
1.120214602346806174e+02
3.214234623092339120e+02
2.297607193553772902e+02
2.952996370838159237e+02
2.681298565840937620e+00
5.671044827595214777e+00
4.729250167000669691e+00
5.322394462980728491e+00
2.681298565840936732e+00
5.671044827595217441e+00
4.729250167000669691e+00
5.322394462980717833e+00
7.634327557448291612e-01
6.620552144679436868e-01
6.794040736473321296e-01
6.689616613548723389e-01
7.634327557448289392e-01
6.620552144679435758e-01
6.794040736473323516e-01
6.689616613548724500e-01
5.233935587813189905e-01
5.186237676353712134e-01
5.201566216283831645e-01
5.188413898417354453e-01
5.233935587813189905e-01
5.186237676353712134e-01
5.201566216283831645e-01
5.188413898417354453e-01
9.946591905983249715e-01
9.846858454300194685e-01
9.890483246214925028e-01
9.859305096950393699e-01
9.946591905983243054e-01
9.846858454300190244e-01
9.890483246214925028e-01
9.859305096950393699e-01
2.739408173737739594e-01
2.689706123563075368e-01
2.705629110238529367e-01
2.691963878129036702e-01
2.739408173737739594e-01
2.689706123563075368e-01
2.705629110238529367e-01
2.691963878129036702e-01
