6.651723535835380119e+01
1.568458532921684707e+02
1.027971685415137131e+02
1.495292954136958201e+02
6.651723535835380119e+01
1.568458532921684423e+02
1.027971685415138268e+02
1.495292954136959054e+02
2.542049694508017765e+00
4.794655475385768639e+00
3.845999530333569894e+00
4.677496753553881170e+00
2.542049694508010660e+00
4.794655475385761534e+00
3.845999530333571670e+00
4.677496753553882058e+00
6.220872917421006454e-01
4.629720737725957491e-01
5.092035774993761699e-01
4.615049503110777995e-01
6.220872917421005344e-01
4.629720737725956381e-01
5.092035774993768360e-01
4.615049503110774110e-01
4.475961753490079881e-02
3.289945216909390818e-02
3.653246235930106278e-02
3.311101935453531625e-02
4.475961753490076411e-02
3.289945216909388737e-02
3.653246235930110442e-02
3.311101935453530931e-02
9.899041932960948031e-01
9.761856644209864209e-01
9.844019176589160480e-01
9.772978115260783083e-01
9.899041932960955803e-01
9.761856644209863099e-01
9.844019176589173803e-01
9.772978115260769760e-01
2.003423361870599294e-03
1.082373953026497752e-03
1.334620806033748764e-03
1.096339602696412303e-03
2.003423361870595824e-03
1.082373953026496667e-03
1.334620806033751800e-03
1.096339602696411652e-03
