1.750687720762063577e+02
4.253245119874233637e+02
2.938669348552338647e+02
3.388108409453909644e+02
1.750687720762063009e+02
4.253245119874229658e+02
2.938669348552334100e+02
3.388108409453909644e+02
5.446026978167150645e+00
9.216175007177666245e+00
7.433538418708238282e+00
8.219773603418525809e+00
5.446026978167149757e+00
9.216175007177678680e+00
7.433538418708240059e+00
8.219773603418527586e+00
4.854635799032041010e-01
3.640016557313006662e-01
4.140463829151411201e-01
3.787839715827418519e-01
4.854635799032040455e-01
3.640016557313008883e-01
4.140463829151409536e-01
3.787839715827420184e-01
4.063898804069877857e-02
3.172291416484929877e-02
3.528728282476724376e-02
3.275500481446902423e-02
4.063898804069877857e-02
3.172291416484931958e-02
3.528728282476722988e-02
3.275500481446902423e-02
9.709151761571582773e-01
9.293195189340360818e-01
9.511625901448531595e-01
9.436971147609047872e-01
9.709151761571578332e-01
9.293195189340357487e-01
9.511625901448511611e-01
9.436971147609047872e-01
1.651527348972058138e-03
1.006343283110396492e-03
1.245192329155113105e-03
1.072890340395889165e-03
1.651527348972058138e-03
1.006343283110397793e-03
1.245192329155112238e-03
1.072890340395888948e-03
