1.593388174179258669e+02
3.307022304016343242e+02
2.413319353498826274e+02
3.311185315683960084e+02
1.593388174179259522e+02
3.307022304016341536e+02
2.413319353498826274e+02
3.311185315683957811e+02
7.028249576602397575e+00
1.039941435812651704e+01
8.886848856528535734e+00
1.061346088108670216e+01
7.028249576602394022e+00
1.039941435812649928e+01
8.886848856528535734e+00
1.061346088108668617e+01
2.948225302226406552e-01
2.123073443928734927e-01
2.441185864184199639e-01
2.087807363047269049e-01
2.948225302226408218e-01
2.123073443928735482e-01
2.441185864184199639e-01
2.087807363047267384e-01
2.006624424113154226e-02
1.627904302752503085e-02
1.803327038681758199e-02
1.600024952865095398e-02
2.006624424113152838e-02
1.627904302752503085e-02
1.803327038681758893e-02
1.600024952865094358e-02
9.726228612281085928e-01
9.431601225290635604e-01
9.585161405297373260e-01
9.430885748078060571e-01
9.726228612281081487e-01
9.431601225290628943e-01
9.585161405297372150e-01
9.430885748078069453e-01
4.026541579447448049e-04
2.650072418920112961e-04
3.251988408440719541e-04
2.560079849790951301e-04
4.026541579447442628e-04
2.650072418920112961e-04
3.251988408440722252e-04
2.560079849790947507e-04
