2.709321155184412646e+02
5.681923168625437484e+02
4.579965703342620600e+02
6.853619018265767409e+02
2.709321155184410941e+02
5.681923168625434073e+02
4.579965703342616621e+02
6.853619018265762861e+02
5.416562282533055495e+00
9.344205953675540854e+00
8.306795496750231322e+00
1.038621547909118092e+01
5.416562282533059047e+00
9.344205953675537302e+00
8.306795496750225993e+00
1.038621547909119514e+01
5.740809071544034081e-01
4.412863252695497507e-01
4.894112127816947488e-01
4.395331208783989085e-01
5.740809071544031861e-01
4.412863252695500837e-01
4.894112127816939162e-01
4.395331208783987420e-01
7.382009480346320152e-02
6.559091251753915164e-02
7.012021429183504240e-02
6.577227137741915863e-02
7.382009480346327090e-02
6.559091251753915164e-02
7.012021429183498689e-02
6.577227137741921414e-02
9.804759180902237192e-01
9.590173009015422467e-01
9.669831998381958060e-01
9.505635772903108238e-01
9.804759180902246074e-01
9.590173009015430239e-01
9.669831998381949179e-01
9.505635772903110459e-01
5.449406396792294723e-03
4.302167804883474944e-03
4.916844452332866551e-03
4.325991682144871356e-03
5.449406396792305998e-03
4.302167804883474077e-03
4.916844452332860479e-03
4.325991682144878295e-03
