1.754234945082203581e+02
3.724930135818051440e+02
2.555730177902268849e+02
3.666449101253335243e+02
1.754234945082205002e+02
3.724930135818048598e+02
2.555730177902270839e+02
3.666449101253332401e+02
7.081267887655686266e+00
1.085005652970070678e+01
8.769543406796763918e+00
1.070826019303561338e+01
7.081267887655688931e+00
1.085005652970070145e+01
8.769543406796763918e+00
1.070826019303561694e+01
2.528028119071819568e-01
1.898787700130128986e-01
2.277761584314700050e-01
1.906637937120055637e-01
2.528028119071821234e-01
1.898787700130126765e-01
2.277761584314701715e-01
1.906637937120054249e-01
1.826852219472435701e-02
1.553855462633947464e-02
1.719935725497416870e-02
1.554877329521363316e-02
1.826852219472436048e-02
1.553855462633946076e-02
1.719935725497417911e-02
1.554877329521363490e-02
9.790859750158783514e-01
9.555889342087241500e-01
9.695307939083520621e-01
9.562861393698034451e-01
9.790859750158783514e-01
9.555889342087242611e-01
9.695307939083505078e-01
9.562861393698027790e-01
3.337389031791363880e-04
2.414466798757359015e-04
2.958178899842325545e-04
2.417643509859486093e-04
3.337389031791366048e-04
2.414466798757354407e-04
2.958178899842329882e-04
2.417643509859486906e-04
