9.525451209341116510e+01
2.340416627957589526e+02
1.634920390070919325e+02
2.413631969068924548e+02
9.525451209341110825e+01
2.340416627957590379e+02
1.634920390070922167e+02
2.413631969068924832e+02
4.626522101751457505e+00
7.714704890704707552e+00
6.332846266166038518e+00
7.947603394986014536e+00
4.626522101751457505e+00
7.714704890704704887e+00
6.332846266166045623e+00
7.947603394986020753e+00
4.566435322744908931e-01
3.492308731096698260e-01
3.953836512831254701e-01
3.444327642869299266e-01
4.566435322744904490e-01
3.492308731096696595e-01
3.953836512831254146e-01
3.444327642869301487e-01
5.783841036992252993e-02
5.044477276018905637e-02
5.718598240955780759e-02
5.052257667007683389e-02
5.783841036992252993e-02
5.044477276018904943e-02
5.718598240955785617e-02
5.052257667007686165e-02
9.920571186991457013e-01
9.804888667714674044e-01
9.863683031045267224e-01
9.798787291423840529e-01
9.920571186991461454e-01
9.804888667714670714e-01
9.863683031045271665e-01
9.798787291423833867e-01
3.345281714119561958e-03
2.544675098827112007e-03
3.270236584146255388e-03
2.552530753383792320e-03
3.345281714119561958e-03
2.544675098827111140e-03
3.270236584146260592e-03
2.552530753383794922e-03
