4.882174547160571478e+02
9.038093585214768382e+02
6.481085477941169302e+02
9.120703220191464879e+02
4.882174547160571478e+02
9.038093585214761561e+02
6.481085477941176123e+02
9.120703220191468290e+02
1.206628386096604544e+01
1.745787129473197297e+01
1.450019403594767198e+01
1.735135411867095812e+01
1.206628386096604899e+01
1.745787129473198718e+01
1.450019403594767553e+01
1.735135411867096522e+01
2.696998334576789502e-01
2.017859639986172848e-01
2.245241128472470482e-01
2.076195274418172754e-01
2.696998334576793388e-01
2.017859639986176734e-01
2.245241128472468262e-01
2.076195274418173309e-01
3.216017211330392950e-02
2.508155812132991519e-02
2.668811491396185648e-02
2.524288148608739776e-02
3.216017211330396419e-02
2.508155812132993948e-02
2.668811491396187729e-02
2.524288148608740470e-02
9.369587281766985631e-01
8.831318514744082027e-01
9.162452628891657458e-01
8.821105710312187043e-01
9.369587281766988962e-01
8.831318514744077586e-01
9.162452628891654127e-01
8.821105710312189263e-01
1.034276670357331699e-03
6.290845577936505931e-04
7.122554776608332671e-04
6.372030657206539939e-04
1.034276670357333868e-03
6.290845577936517857e-04
7.122554776608343513e-04
6.372030657206542107e-04
