7.264485600486692647e+02
1.079608733937213401e+03
6.530293529700045383e+02
1.086297834433799835e+03
7.264485600486744943e+02
1.079608733937213856e+03
6.530293529700054478e+02
1.086297834433796879e+03
1.373383374182227890e+01
1.770188911073191562e+01
1.326715486292504487e+01
1.776403010289869400e+01
1.373383374182222028e+01
1.770188911073188720e+01
1.326715486292501822e+01
1.776403010289855189e+01
3.477197957588007982e-01
2.813399513554653009e-01
3.208940071646795844e-01
2.867294404564058041e-01
3.477197957588066268e-01
2.813399513554659115e-01
3.208940071646778081e-01
2.867294404564051380e-01
7.073454734976268587e-02
6.424460694832888341e-02
7.031931385476838936e-02
6.422842329237729575e-02
7.073454734976292180e-02
6.424460694832880014e-02
7.031931385476800078e-02
6.422842329237707371e-02
9.079050431870904214e-01
8.632703424125188763e-01
9.171827242449321904e-01
8.624307083272266805e-01
9.079050431870846483e-01
8.632703424125248715e-01
9.171827242449411832e-01
8.624307083272237939e-01
5.003376188775819980e-03
4.127369521945267912e-03
4.944805901005422215e-03
4.125290358624794998e-03
5.003376188775852072e-03
4.127369521945257504e-03
4.944805901005366704e-03
4.125290358624766375e-03
