9.529488868459923196e+02
1.318809194696041686e+03
9.144562765176196990e+02
1.682891199508377440e+03
9.529488868460184676e+02
1.318809194696062150e+03
9.144562765176254970e+02
1.682891199508329464e+03
1.895940563724505168e+01
2.338375057594628359e+01
1.809208754895604798e+01
2.596253519684379540e+01
1.895940563724533945e+01
2.338375057594626938e+01
1.809208754895609772e+01
2.596253519684350763e+01
9.985210534195851362e-02
7.716317237157865883e-02
1.176343187073038699e-01
7.436273192982702229e-02
9.985210534195915200e-02
7.716317237157810371e-02
1.176343187073036201e-01
7.436273192982471858e-02
1.013298355196443588e-02
9.027462967922728065e-03
1.045378967832698638e-02
8.846751032902663153e-03
1.013298355196480711e-02
9.027462967922759290e-03
1.045378967832700200e-02
8.846751032902512232e-03
8.828032986769379642e-01
8.379166362156248438e-01
8.875187990081653266e-01
7.931772491221104060e-01
8.828032986769339674e-01
8.379166362156380554e-01
8.875187990081777611e-01
7.931772491221069643e-01
1.026773556643817957e-04
8.149508763721622804e-05
1.092817186386958462e-04
7.826500383816434813e-05
1.026773556643893038e-04
8.149508763721679725e-05
1.092817186386961715e-04
7.826500383816167828e-05
