8.232413715731478021e+01
1.378268571135944853e+02
9.500210375815126440e+01
1.561741258383127615e+02
8.232413715731496495e+01
1.378268571135920126e+02
9.500210375815102282e+01
1.561741258383127899e+02
4.928596197780825250e+00
6.434341882966577941e+00
5.023488562090399512e+00
6.857789382070575535e+00
4.928596197780841237e+00
6.434341882966503334e+00
5.023488562090408394e+00
6.857789382070608397e+00
3.175774559536410635e-01
2.689205574944043553e-01
3.529561915113689219e-01
2.628642591548295271e-01
3.175774559536426733e-01
2.689205574944022459e-01
3.529561915113688664e-01
2.628642591548292495e-01
2.679689506060235413e-02
2.452994645343103963e-02
2.932580157826749842e-02
2.428456771397478203e-02
2.679689506060240964e-02
2.452994645343063718e-02
2.932580157826747413e-02
2.428456771397469530e-02
9.870693201313358589e-01
9.783034593431493287e-01
9.850562990163727051e-01
9.753948198636430700e-01
9.870693201313394116e-01
9.783034593431506609e-01
9.850562990163780341e-01
9.753948198636459566e-01
7.180735848889347643e-04
6.017182730081939608e-04
8.600026382079164295e-04
5.897402290546264504e-04
7.180735848889379085e-04
6.017182730081742283e-04
8.600026382079150201e-04
5.897402290546222220e-04
