4.230919039654015705e+02
7.468439973378259538e+02
5.463027675651732125e+02
7.676646905237086003e+02
4.230919039653982168e+02
7.468439973378234527e+02
5.463027675651734398e+02
7.676646905237106466e+02
1.191025824086159091e+01
1.634934725848476944e+01
1.376150939541909324e+01
1.649997440229221368e+01
1.191025824086148255e+01
1.634934725848579617e+01
1.376150939541909324e+01
1.649997440229223855e+01
2.527409826194488285e-01
2.104809941519056871e-01
2.303449536229435490e-01
2.068452807617898181e-01
2.527409826194479403e-01
2.104809941519073246e-01
2.303449536229433547e-01
2.068452807617884581e-01
2.984753460489220078e-02
2.575859946194999570e-02
2.776073808754333724e-02
2.545199710664585238e-02
2.984753460489181567e-02
2.575859946195023856e-02
2.776073808754331643e-02
2.545199710664562687e-02
9.422300707940159947e-01
8.977104151246222408e-01
9.251458899637110544e-01
8.948598928294824173e-01
9.422300707940259867e-01
8.977104151246192432e-01
9.251458899637058364e-01
8.948598928294863031e-01
8.908753219902374896e-04
6.635054462411706403e-04
7.706585791651792685e-04
6.478041567167089256e-04
8.908753219902143961e-04
6.635054462411831087e-04
7.706585791651781843e-04
6.478041567166974331e-04
