4.569755731886420449e+02
7.545345415450779001e+02
3.680172385620912223e+02
6.343007218553223083e+02
4.569755731886417607e+02
7.545345415450776727e+02
3.680172385620913360e+02
6.343007218553217399e+02
1.143475644582244577e+01
1.515511186197717031e+01
1.005698529411762898e+01
1.401003430092662683e+01
1.143475644582244755e+01
1.515511186197716320e+01
1.005698529411763253e+01
1.401003430092664459e+01
3.224729844943603485e-01
2.877364522174933881e-01
3.162700960517518256e-01
2.772031774670115079e-01
3.224729844943605150e-01
2.877364522174933881e-01
3.162700960517519921e-01
2.772031774670117299e-01
4.496992330835660606e-02
4.186715292169852082e-02
4.519438999098048665e-02
4.102304631151847125e-02
4.496992330835660606e-02
4.186715292169852082e-02
4.519438999098051440e-02
4.102304631151846431e-02
9.581408805707459786e-01
9.310249605062619338e-01
9.663725198064144761e-01
9.419995313605554754e-01
9.581408805707463117e-01
9.310249605062609346e-01
9.663725198064158084e-01
9.419995313605561416e-01
2.022294002359474596e-03
1.752858493768888991e-03
2.042532886656837476e-03
1.682890328676989525e-03
2.022294002359475030e-03
1.752858493768888991e-03
2.042532886656839644e-03
1.682890328676988874e-03
