2.872684129901459187e+02
6.340330210412442966e+02
4.375844994288734142e+02
5.983245277222578125e+02
2.872684129901408028e+02
6.340330210412494125e+02
4.375844994288692646e+02
5.983245277222702043e+02
8.447130310455692737e+00
1.346532534684727267e+01
1.053101542101878252e+01
1.316472636051642908e+01
8.447130310455747804e+00
1.346532534684739524e+01
1.053101542101870969e+01
1.316472636051671152e+01
4.224316950617230115e-01
3.615428977539603683e-01
4.009138422364366128e-01
3.605607709358040758e-01
4.224316950617213462e-01
3.615428977539636435e-01
4.009138422364317833e-01
3.605607709358130686e-01
5.288720083135441119e-02
4.572173903295633640e-02
4.965522274758345928e-02
4.549151334908794336e-02
5.288720083135414057e-02
4.572173903295662090e-02
4.965522274758339683e-02
4.549151334908867195e-02
9.181013394204818878e-01
8.194796984806121953e-01
8.752469391357773354e-01
8.296505062547442355e-01
9.181013394204950995e-01
8.194796984806147488e-01
8.752469391357770023e-01
8.296505062547575582e-01
2.797056011776015080e-03
2.090477420197762743e-03
2.465641146112129527e-03
2.069477786790246791e-03
2.797056011775986024e-03
2.090477420197788764e-03
2.465641146112123889e-03
2.069477786790312711e-03
