4.177726439310599460e+01
1.221563695757897818e+02
7.787105344454735700e+01
1.030350139886922278e+02
4.177726439310600881e+01
1.221563695757898529e+02
7.787105344454748490e+01
1.030350139886922562e+02
2.279148090247621994e+00
4.581971611140921219e+00
3.495249266295952673e+00
4.331714801644544366e+00
2.279148090247620662e+00
4.581971611140920331e+00
3.495249266295954005e+00
4.331714801644545254e+00
5.679586544019480376e-01
3.632598333840864613e-01
4.273499714520003767e-01
3.791136021748623963e-01
5.679586544019473715e-01
3.632598333840862947e-01
4.273499714520007653e-01
3.791136021748623963e-01
3.769235909852697297e-02
2.526506815967680467e-02
2.834372967126228340e-02
2.587944225868069395e-02
3.769235909852693134e-02
2.526506815967683589e-02
2.834372967126230075e-02
2.587944225868067660e-02
9.937579699439698100e-01
9.817585510461928067e-01
9.883702838751310393e-01
9.846139183740830747e-01
9.937579699439696990e-01
9.817585510461930287e-01
9.883702838751305952e-01
9.846139183740834078e-01
1.420713934412309127e-03
6.383236691131146268e-04
8.033670116775940397e-04
6.697455316203881383e-04
1.420713934412305875e-03
6.383236691131162531e-04
8.033670116775949071e-04
6.697455316203872709e-04
