6.462433444568036123e+01
1.949128952406775284e+02
1.478572305694677311e+02
1.977003979565499776e+02
6.462433444568043228e+01
1.949128952406775284e+02
1.478572305694675322e+02
1.977003979565499492e+02
2.942035595105670254e+00
5.722487052020339249e+00
4.868178445557415301e+00
5.736977275808225585e+00
2.942035595105671142e+00
5.722487052020332143e+00
4.868178445557409972e+00
5.736977275808219368e+00
5.376599377661426260e-01
3.818813719008762875e-01
4.222871507252772272e-01
3.858261474514768086e-01
5.376599377661424040e-01
3.818813719008761209e-01
4.222871507252774492e-01
3.858261474514768086e-01
3.334931572715346682e-02
2.487423878906310296e-02
2.697616243858379573e-02
2.501220555855733843e-02
3.334931572715345988e-02
2.487423878906310643e-02
2.697616243858381654e-02
2.501220555855732455e-02
9.907127925807569513e-01
9.719563894509385404e-01
9.787330299676271217e-01
9.715565294402539465e-01
9.907127925807570623e-01
9.719563894509388735e-01
9.787330299676268996e-01
9.715565294402542795e-01
1.112176859469365562e-03
6.187277553353314049e-04
7.277133399128593106e-04
6.256104269035266032e-04
1.112176859469365129e-03
6.187277553353316218e-04
7.277133399128602863e-04
6.256104269035258443e-04
