2.770369207196421257e+02
5.926823984237752256e+02
4.263976420331455870e+02
5.985473519790064074e+02
2.770369207196420689e+02
5.926823984237746572e+02
4.263976420331454165e+02
5.985473519790062937e+02
7.847086221067689493e+00
1.266777463232989653e+01
1.044049230935874739e+01
1.265126696043004273e+01
7.847086221067689493e+00
1.266777463232990009e+01
1.044049230935874917e+01
1.265126696043004095e+01
4.191496808173520994e-01
3.283847799112161181e-01
3.837680978099926588e-01
3.323551830817581543e-01
4.191496808173517108e-01
3.283847799112159516e-01
3.837680978099924922e-01
3.323551830817583208e-01
4.195302668317427847e-02
3.527410308135790762e-02
3.990687008522537937e-02
3.548148766150519690e-02
4.195302668317425765e-02
3.527410308135793537e-02
3.990687008522540713e-02
3.548148766150517608e-02
9.664039762203429085e-01
9.281949992141945716e-01
9.483546938886647792e-01
9.274811829810554187e-01
9.664039762203435746e-01
9.281949992141950156e-01
9.483546938886654454e-01
9.274811829810555297e-01
1.760056447879132730e-03
1.244262348194263672e-03
1.592558279999056053e-03
1.258935966673545336e-03
1.760056447879130995e-03
1.244262348194265407e-03
1.592558279999058655e-03
1.258935966673544035e-03
