2.530757972981306807e+02
6.611568086900209664e+02
5.160209464797078454e+02
6.555672582104618868e+02
2.530757972981307375e+02
6.611568086900206254e+02
5.160209464797075043e+02
6.555672582104622279e+02
7.882615713610091390e+00
1.415300289372284581e+01
1.257178211711268467e+01
1.412404919431795847e+01
7.882615713610095831e+00
1.415300289372284048e+01
1.257178211711267224e+01
1.412404919431795314e+01
3.891401224661414360e-01
2.407512510423077123e-01
2.577211784503137815e-01
2.349117322280230569e-01
3.891401224661417135e-01
2.407512510423076846e-01
2.577211784503136149e-01
2.349117322280230291e-01
3.165384138094683164e-02
2.040259979071076465e-02
2.147604303281657953e-02
2.019016571301075411e-02
3.165384138094683858e-02
2.040259979071075078e-02
2.147604303281655178e-02
2.019016571301075758e-02
9.757996391226533284e-01
9.367807317611283047e-01
9.506519018405870103e-01
9.373153656595025751e-01
9.757996391226525512e-01
9.367807317611288598e-01
9.506519018405860111e-01
9.373153656595030192e-01
1.001965674170142082e-03
4.162660782199108971e-04
4.612204243473896166e-04
4.076427915188350647e-04
1.001965674170142515e-03
4.162660782199103550e-04
4.612204243473883697e-04
4.076427915188351732e-04
