4.462742237061771675e+02
1.083521243571951118e+03
7.480749732262378302e+02
9.878030452360360414e+02
4.462742237061770538e+02
1.083521243571950436e+03
7.480749732262382850e+02
9.878030452360359277e+02
8.226290484140232451e+00
1.543078490925304536e+01
1.234783801874162634e+01
1.401255103888006737e+01
8.226290484140239556e+00
1.543078490925304358e+01
1.234783801874161391e+01
1.401255103888005493e+01
3.926504237993525548e-01
2.274625535698643342e-01
2.570971051906004723e-01
2.681068224703029301e-01
3.926504237993527213e-01
2.274625535698643897e-01
2.570971051906004723e-01
2.681068224703028191e-01
3.038927983894185517e-02
2.082269539652912768e-02
2.254974483405016925e-02
2.332326377156506564e-02
3.038927983894185170e-02
2.082269539652913462e-02
2.254974483405018312e-02
2.332326377156507258e-02
9.438462347995828505e-01
8.617444469679409469e-01
9.051001175710466917e-01
8.739579613516256229e-01
9.438462347995827395e-01
8.617444469679426122e-01
9.051001175710470248e-01
8.739579613516258449e-01
9.235083291295178784e-04
4.335846435766353311e-04
5.084909920807722476e-04
5.439746329579995101e-04
9.235083291295177700e-04
4.335846435766355480e-04
5.084909920807728981e-04
5.439746329579998353e-04
