8.825484158857646833e+01
2.658936049876359107e+02
2.340592541211463242e+02
3.153443126216652672e+02
8.825484158857648254e+01
2.658936049876363086e+02
2.340592541211461253e+02
3.153443126216658925e+02
3.601866288684148820e+00
7.372523280896501774e+00
7.165655100657383869e+00
8.420000526121949491e+00
3.601866288684146156e+00
7.372523280896507991e+00
7.165655100657383869e+00
8.420000526121944162e+00
4.761605104987052806e-01
3.258362503070523220e-01
3.179447268953357608e-01
2.841992428897920364e-01
4.761605104987052806e-01
3.258362503070524885e-01
3.179447268953353722e-01
2.841992428897919254e-01
3.521161181459543654e-02
2.575567495870303980e-02
2.520649717401272569e-02
2.375893788744060098e-02
3.521161181459543654e-02
2.575567495870306062e-02
2.520649717401270140e-02
2.375893788744060098e-02
9.863901340397817075e-01
9.589891551783736867e-01
9.638858945055088778e-01
9.513563902595830735e-01
9.863901340397811524e-01
9.589891551783723544e-01
9.638858945055086558e-01
9.513563902595834065e-01
1.239857606581757071e-03
6.633547925783627548e-04
6.353674997835115227e-04
5.644871295392604130e-04
1.239857606581757071e-03
6.633547925783638390e-04
6.353674997835102216e-04
5.644871295392604130e-04
