1.079472889454801106e+02
4.664796490135501585e+02
4.305775988657268272e+02
5.471670475845712645e+02
1.079472889454801390e+02
4.664796490135504428e+02
4.305775988657264861e+02
5.471670475845719466e+02
3.718358006446189190e+00
9.612159359689782079e+00
8.859418301655431094e+00
1.036248914767445051e+01
3.718358006446192743e+00
9.612159359689780302e+00
8.859418301655427541e+00
1.036248914767445406e+01
5.408594926597480868e-01
3.880198236323130212e-01
4.422553280716573498e-01
3.836292192777650545e-01
5.408594926597485308e-01
3.880198236323131877e-01
4.422553280716572943e-01
3.836292192777656651e-01
8.904363015084150457e-02
7.944551626673594658e-02
8.350563824729498319e-02
7.937883362608010029e-02
8.904363015084154620e-02
7.944551626673576616e-02
8.350563824729498319e-02
7.937883362608018356e-02
9.895349057286001448e-01
9.547970800380657375e-01
9.582632618182213013e-01
9.469778496184683148e-01
9.895349057286010330e-01
9.547970800380667367e-01
9.582632618182207462e-01
9.469778496184689809e-01
7.928768070439851101e-03
6.311590054888204827e-03
6.973191619088094269e-03
6.300999227836904561e-03
7.928768070439858040e-03
6.311590054888177939e-03
6.973191619088094269e-03
6.300999227836917571e-03
