3.889400885285134564e+02
8.902493441517834754e+02
6.464869843073587390e+02
8.274550289818579358e+02
3.889400885285134564e+02
8.902493441517833617e+02
6.464869843073587390e+02
8.274550289818582769e+02
7.231938322178002920e+00
1.203140382652581231e+01
9.986276515151500277e+00
1.164641916349232886e+01
7.231938322178002920e+00
1.203140382652580698e+01
9.986276515151510935e+00
1.164641916349235018e+01
5.024036735979466872e-01
3.886581748540431924e-01
4.319541845588403262e-01
3.928065057973514906e-01
5.024036735979465762e-01
3.886581748540429149e-01
4.319541845588404927e-01
3.928065057973513241e-01
7.370441898385762802e-02
6.693028315078758395e-02
6.899550345976782073e-02
6.708970573559322470e-02
7.370441898385761414e-02
6.693028315078755619e-02
6.899550345976783461e-02
6.708970573559325246e-02
9.739274963312289923e-01
9.403359161298121549e-01
9.566782681661700760e-01
9.445447581647202773e-01
9.739274963312289923e-01
9.403359161298129321e-01
9.566782681661700760e-01
9.445447581647202773e-01
5.432341377748032760e-03
4.479662802644600664e-03
4.760379497666833437e-03
4.501028615688491309e-03
5.432341377748031025e-03
4.479662802644596327e-03
4.760379497666834304e-03
4.501028615688493911e-03
