1.961997310164024384e+02
4.693242355485400594e+02
3.306872945503176879e+02
4.917981703616521827e+02
1.961997310164024952e+02
4.693242355485407415e+02
3.306872945503178016e+02
4.917981703616526374e+02
4.527092878218077487e+00
8.544985189056166774e+00
6.931563356736880621e+00
8.717932985079324126e+00
4.527092878218080152e+00
8.544985189056170327e+00
6.931563356736880621e+00
8.717932985079334784e+00
5.869135077131233391e-01
4.572179225563345883e-01
4.955074730020028184e-01
4.541739536920921805e-01
5.869135077131237832e-01
4.572179225563349214e-01
4.955074730020032625e-01
4.541739536920922915e-01
9.242613249335963899e-02
8.454740940286536999e-02
8.916115927838538791e-02
8.452580198717551951e-02
9.242613249335966674e-02
8.454740940286543938e-02
8.916115927838547117e-02
8.452580198717549176e-02
9.888493397223933057e-01
9.733282725756418063e-01
9.812074997982586089e-01
9.720516579575370075e-01
9.888493397223934167e-01
9.733282725756428055e-01
9.812074997982588309e-01
9.720516579575372296e-01
8.542589967680069493e-03
7.148264436735727971e-03
7.949712323865609082e-03
7.144611201575205676e-03
8.542589967680076432e-03
7.148264436735740114e-03
7.949712323865622959e-03
7.144611201575200472e-03
