6.570992983029485686e+02
1.376898438539523568e+03
1.023154340277328856e+03
1.346102288434577531e+03
6.570992983029503876e+02
1.376898438539523113e+03
1.023154340277329993e+03
1.346102288434561842e+03
1.357465731070711534e+01
2.108311063328090285e+01
1.713152573528563494e+01
2.090347616852918833e+01
1.357465731070709580e+01
2.108311063328097035e+01
1.713152573528558875e+01
2.090347616852906398e+01
2.273020006380737090e-01
1.706126779008386440e-01
2.229365389263648078e-01
1.710971221710273493e-01
2.273020006380724878e-01
1.706126779008377836e-01
2.229365389263641972e-01
1.710971221710269607e-01
2.883398366050579642e-02
2.469521744837124486e-02
2.881304559247803779e-02
2.465489230339758253e-02
2.883398366050573397e-02
2.469521744837128302e-02
2.881304559247796493e-02
2.465489230339747845e-02
8.637532304429526020e-01
7.143628003826710815e-01
7.876635132423356334e-01
7.207509344509421823e-01
8.637532304429452745e-01
7.143628003826771877e-01
7.876635132423353003e-01
7.207509344509355209e-01
8.313986137343152248e-04
6.098537648223395112e-04
8.301915963142181450e-04
6.078637144921333630e-04
8.313986137343116469e-04
6.098537648223414627e-04
8.301915963142138082e-04
6.078637144921282673e-04
