8.723703798140958270e+02
1.387298059693441246e+03
8.898677389701867924e+02
1.392930128500072215e+03
8.723703798140880963e+02
1.387298059693434197e+03
8.898677389701834954e+02
1.392930128500052433e+03
1.585077717036845435e+01
2.190331234320757048e+01
1.709361723855279536e+01
2.199669277632084530e+01
1.585077717036835665e+01
2.190331234320737153e+01
1.709361723855284865e+01
2.199669277632061437e+01
2.394448121310242816e-01
1.763613866827521415e-01
2.029567732079607945e-01
1.769725751771017708e-01
2.394448121310220889e-01
1.763613866827507259e-01
2.029567732079607945e-01
1.769725751771010769e-01
2.737820774318495617e-02
2.265822451961322856e-02
2.490108426998385860e-02
2.272675266243014830e-02
2.737820774318471331e-02
2.265822451961331183e-02
2.490108426998364002e-02
2.272675266243003728e-02
8.954327653387615937e-01
8.337913671939494176e-01
8.934072715179641744e-01
8.330781795785604515e-01
8.954327653387553765e-01
8.337913671939570781e-01
8.934072715179547375e-01
8.330781795785690003e-01
7.495662592289926681e-04
5.133951383812021541e-04
6.200639978208374739e-04
5.165052865792758288e-04
7.495662592289794408e-04
5.133951383812058403e-04
6.200639978208267403e-04
5.165052865792708415e-04
