5.527184236292449668e+02
1.047454103312237294e+03
6.648906454246042586e+02
1.029369856140790716e+03
5.527184236292447395e+02
1.047454103312249117e+03
6.648906454246064186e+02
1.029369856140810725e+03
1.137991595953024238e+01
1.788174883530241388e+01
1.345287990195521566e+01
1.766967695694290441e+01
1.137991595953013046e+01
1.788174883530257020e+01
1.345287990195527961e+01
1.766967695694300033e+01
2.687693166686156987e-01
1.793902181560595166e-01
2.219626568838744263e-01
1.775890089863166044e-01
2.687693166686147550e-01
1.793902181560613762e-01
2.219626568838756753e-01
1.775890089863180199e-01
2.182211214150785519e-02
1.687023946197633087e-02
1.937168428686310284e-02
1.689244141651929584e-02
2.182211214150783785e-02
1.687023946197640720e-02
1.937168428686325550e-02
1.689244141651933401e-02
9.165524987011004487e-01
8.420258251087566759e-01
8.996415121519242275e-01
8.447588052281566062e-01
9.165524987010925662e-01
8.420258251087632262e-01
8.996415121519262259e-01
8.447588052281611581e-01
4.762045783165445379e-04
2.846049795044234675e-04
3.752621521098989084e-04
2.853545770105363893e-04
4.762045783165438331e-04
2.846049795044259612e-04
3.752621521099047631e-04
2.853545770105377446e-04
