7.739851297324023562e+02
1.503530732606089032e+03
9.819313725485710620e+02
1.458965832181157793e+03
7.739851297324121333e+02
1.503530732606078118e+03
9.819313725485769737e+02
1.458965832181181895e+03
1.338532147519643800e+01
2.099875083192172553e+01
1.650124591502384419e+01
2.098657656273624994e+01
1.338532147519648952e+01
2.099875083192165448e+01
1.650124591502390459e+01
2.098657656273640626e+01
2.680712271687520354e-01
1.815120011685868728e-01
2.132344062106137916e-01
1.789333662074459319e-01
2.680712271687539228e-01
1.815120011685869006e-01
2.132344062106137639e-01
1.789333662074463760e-01
2.240768243818765104e-02
1.805972450247647978e-02
1.993238550172943269e-02
1.792500189006540623e-02
2.240768243818765451e-02
1.805972450247652836e-02
1.993238550172938411e-02
1.792500189006551378e-02
9.261155905277440592e-01
8.568922619013578101e-01
9.065192877141485805e-01
8.611319103917447482e-01
9.261155905277488332e-01
8.568922619013453756e-01
9.065192877141334815e-01
8.611319103917315365e-01
5.021042322506633244e-04
3.261536491053493650e-04
3.972999917895536333e-04
3.213056927588483613e-04
5.021042322506634329e-04
3.261536491053510455e-04
3.972999917895517360e-04
3.213056927588522644e-04
