4.317266950881708567e+02
7.418054267135941018e+02
5.012400633168352897e+02
7.782414887624253197e+02
4.317266950881726189e+02
7.418054267136083126e+02
5.012400633168463742e+02
7.782414887624290714e+02
1.018155393276913045e+01
1.488802539292124294e+01
1.150250204247931229e+01
1.511377668560542276e+01
1.018155393276911092e+01
1.488802539292154492e+01
1.150250204247953967e+01
1.511377668560550447e+01
3.088998566077046370e-01
2.271338892507678009e-01
2.748851653416979901e-01
2.243814479890560709e-01
3.088998566077060248e-01
2.271338892507732965e-01
2.748851653416993779e-01
2.243814479890564872e-01
3.061036150573460263e-02
2.498090860655385187e-02
2.818974133860528697e-02
2.485710384105538004e-02
3.061036150573467896e-02
2.498090860655450759e-02
2.818974133860527656e-02
2.485710384105573739e-02
9.362820193203864605e-01
8.903548121943980487e-01
9.259731113275589953e-01
8.849352806533661298e-01
9.362820193203850172e-01
8.903548121944026006e-01
9.259731113275623260e-01
8.849352806533694604e-01
9.369942315117587867e-04
6.240457948089963344e-04
7.946615167374717140e-04
6.178756113650102008e-04
9.369942315117633404e-04
6.240457948090290773e-04
7.946615167374711719e-04
6.178756113650278733e-04
