4.161120369615175605e+02
8.656364818510493251e+02
6.062620812906330912e+02
8.795361081245306423e+02
4.161120369615174468e+02
8.656364818510596706e+02
6.062620812906340007e+02
8.795361081245230253e+02
9.000071393603617409e+00
1.435106742435575811e+01
1.119055351306710477e+01
1.444007576920796510e+01
9.000071393603603198e+00
1.435106742435573146e+01
1.119055351306714385e+01
1.444007576920790115e+01
3.610569539967190544e-01
2.674252577361519445e-01
3.166839444359977884e-01
2.680605262979955383e-01
3.610569539967189989e-01
2.674252577361513894e-01
3.166839444359964006e-01
2.680605262979940395e-01
3.026410705090300593e-02
2.458733777753253219e-02
2.773050511845237542e-02
2.452892924148400780e-02
3.026410705090296777e-02
2.458733777753258076e-02
2.773050511845241012e-02
2.452892924148391759e-02
9.505467520993606811e-01
8.970829990912326801e-01
9.279304603270275287e-01
8.954509066788842730e-01
9.505467520993728936e-01
8.970829990912337903e-01
9.279304603270327467e-01
8.954509066788851612e-01
9.159161755885169426e-04
6.045371789864783510e-04
7.689809141245133352e-04
6.016683697337291744e-04
9.159161755885147742e-04
6.045371789864808446e-04
7.689809141245153952e-04
6.016683697337247292e-04
