1.909800969943121061e+02
3.863852080123272117e+02
2.790869355125245761e+02
3.993138742496012696e+02
1.909800969943121913e+02
3.863852080123274391e+02
2.790869355125240077e+02
3.993138742496012128e+02
5.750456214097547480e+00
9.826110164153783799e+00
8.262710961094335005e+00
9.789318795660056693e+00
5.750456214097541263e+00
9.826110164153792681e+00
8.262710961094329676e+00
9.789318795660062023e+00
4.319636209482431988e-01
2.790818160581384211e-01
3.120922553064033877e-01
2.788105392770009461e-01
4.319636209482435873e-01
2.790818160581389207e-01
3.120922553064033877e-01
2.788105392770012236e-01
2.784048863453239195e-02
1.950912938454470516e-02
2.129597707462487985e-02
1.974046784339663491e-02
2.784048863453238848e-02
1.950912938454471904e-02
2.129597707462488332e-02
1.974046784339663838e-02
9.780283760717269903e-01
9.555964986788815230e-01
9.679273781472307325e-01
9.541034411991800024e-01
9.780283760717274344e-01
9.555964986788821891e-01
9.679273781472316207e-01
9.541034411991800024e-01
7.750928074095272697e-04
3.806061293429056024e-04
4.535186395629484221e-04
3.896860706761765903e-04
7.750928074095270529e-04
3.806061293429061445e-04
4.535186395629485306e-04
3.896860706761766987e-04
