5.213562382739216616e+01
1.329635896288390882e+02
8.450258965804842148e+01
1.114200675881141649e+02
5.213562382739215195e+01
1.329635896288392019e+02
8.450258965804844991e+01
1.114200675881141365e+02
1.503759120283511663e+00
2.880408992067082785e+00
2.259042952460382114e+00
2.624280396265184390e+00
1.503759120283512551e+00
2.880408992067086782e+00
2.259042952460383002e+00
2.624280396265184390e+00
8.438690694915340629e-01
7.813045893182835044e-01
8.005702187924869095e-01
7.910396476752524775e-01
8.438690694915341739e-01
7.813045893182837265e-01
8.005702187924869095e-01
7.910396476752521444e-01
6.551127507067607825e-01
6.535536043791195793e-01
6.542477556292781715e-01
6.537043244446062440e-01
6.551127507067607825e-01
6.535536043791196903e-01
6.542477556292780605e-01
6.537043244446061330e-01
9.961550576388857881e-01
9.901989096711141247e-01
9.937687845369971296e-01
9.917869384460817894e-01
9.961550576388862321e-01
9.901989096711131255e-01
9.937687845369964634e-01
9.917869384460813453e-01
4.291727161385785472e-01
4.271323137969387229e-01
4.280401257459476305e-01
4.273293437975790310e-01
4.291727161385785472e-01
4.271323137969388894e-01
4.280401257459475750e-01
4.273293437975788645e-01
