3.725526905903320767e+02
8.660179613059902977e+02
6.392979781348797133e+02
7.433087008736503094e+02
3.725526905903319630e+02
8.660179613059889334e+02
6.392979781348793722e+02
7.433087008736514463e+02
1.216864934535435339e+01
1.962892284952625133e+01
1.671755136986302048e+01
1.818229867764669194e+01
1.216864934535435339e+01
1.962892284952623712e+01
1.671755136986302404e+01
1.818229867764670260e+01
1.580025814143717067e-01
8.247639958808980487e-02
9.460840198374742549e-02
8.838105326276241014e-02
1.580025814143715124e-01
8.247639958808973548e-02
9.460840198374743937e-02
8.838105326276234075e-02
1.253248071266130359e-02
9.416447577703960722e-03
9.998619402954878055e-03
9.652892932760132744e-03
1.253248071266130532e-02
9.416447577703955518e-03
9.998619402954874585e-03
9.652892932760131009e-03
9.606168736739456593e-01
9.084248584365739454e-01
9.323927882586614535e-01
9.214046012497377758e-01
9.606168736739456593e-01
9.084248584365740564e-01
9.323927882586614535e-01
9.214046012497376648e-01
1.570630728132275716e-04
8.866948498364680346e-05
9.997238996514577107e-05
9.317834197133052006e-05
1.570630728132276258e-04
8.866948498364668149e-05
9.997238996514570331e-05
9.317834197133047940e-05
