1.721158728373009694e+02
4.346241103443084057e+02
3.035803212945585301e+02
3.812416411696603973e+02
1.721158728373010547e+02
4.346241103443086899e+02
3.035803212945588143e+02
3.812416411696608520e+02
6.994766398072486346e+00
1.157894835711617354e+01
9.356451688555342372e+00
1.106257587462750891e+01
6.994766398072482794e+00
1.157894835711616999e+01
9.356451688555335267e+00
1.106257587462752312e+01
2.581820711350612529e-01
1.596106639332209864e-01
1.989704510096715617e-01
1.604044695887817396e-01
2.581820711350613640e-01
1.596106639332211807e-01
1.989704510096717283e-01
1.604044695887818506e-01
1.711295070737985438e-02
1.295526760465669745e-02
1.469670168688307424e-02
1.301214812787601649e-02
1.711295070737983703e-02
1.295526760465669745e-02
1.469670168688307424e-02
1.301214812787602516e-02
9.705359842147623928e-01
9.256255404196611636e-01
9.480439442236854308e-01
9.347623088402965408e-01
9.705359842147616156e-01
9.256255404196606085e-01
9.480439442236832104e-01
9.347623088402980951e-01
2.928530819132126864e-04
1.678389587082672752e-04
2.159930404732317982e-04
1.693159989017873094e-04
2.928530819132120358e-04
1.678389587082673023e-04
2.159930404732317982e-04
1.693159989017875534e-04
