2.209958810497082311e+02
5.486985886386589755e+02
4.337778975320213135e+02
6.244168173527781391e+02
2.209958810497082595e+02
5.486985886386588618e+02
4.337778975320211998e+02
6.244168173527777981e+02
5.022716634942431924e+00
9.715238475447955935e+00
8.481771321462037605e+00
1.036823771614650980e+01
5.022716634942421265e+00
9.715238475447950606e+00
8.481771321462041158e+00
1.036823771614650980e+01
6.042508971606593837e-01
4.676067860988187275e-01
4.925770912001831148e-01
4.581263290490307782e-01
6.042508971606590507e-01
4.676067860988185609e-01
4.925770912001830593e-01
4.581263290490307782e-01
2.220297322889797642e-01
2.174746056460962196e-01
2.217358258408314575e-01
2.174048970967308037e-01
2.220297322889797642e-01
2.174746056460961918e-01
2.217358258408315130e-01
2.174048970967308592e-01
9.876505809413740344e-01
9.693243520181357153e-01
9.757657198314451108e-01
9.650911957441309363e-01
9.876505809413733683e-01
9.693243520181349382e-01
9.757657198314436675e-01
9.650911957441311584e-01
4.929720202031601800e-02
4.729520410092506039e-02
4.916677646131553669e-02
4.726488928164011144e-02
4.929720202031602494e-02
4.729520410092505345e-02
4.916677646131556445e-02
4.726488928164013920e-02
