5.321018082188813878e+02
1.208251099853353480e+03
8.654036535961870413e+02
1.064343437677146085e+03
5.321018082188813878e+02
1.208251099853355072e+03
8.654036535961867003e+02
1.064343437677146539e+03
8.930294637611687847e+00
1.491082002074522528e+01
1.220200606585787462e+01
1.390033361405472512e+01
8.930294637611718045e+00
1.491082002074522528e+01
1.220200606585787995e+01
1.390033361405473400e+01
4.486103843111788336e-01
3.399195765363595134e-01
3.819421466854786562e-01
3.472783930098093386e-01
4.486103843111787781e-01
3.399195765363595134e-01
3.819421466854786007e-01
3.472783930098101157e-01
6.454907498993196768e-02
6.067323444347531153e-02
6.179101427329813934e-02
6.077930507315152525e-02
6.454907498993198156e-02
6.067323444347532541e-02
6.179101427329811158e-02
6.077930507315156688e-02
9.588945077942202522e-01
9.067043550336894020e-01
9.331735719135915152e-01
9.178163155406127149e-01
9.588945077942202522e-01
9.067043550336892910e-01
9.331735719135909601e-01
9.178163155406121598e-01
4.166583082055860116e-03
3.681241377832919059e-03
3.818129444922933966e-03
3.694123925175222568e-03
4.166583082055862718e-03
3.681241377832920793e-03
3.818129444922930930e-03
3.694123925175227773e-03
