1.714521195551568553e+02
3.768068288153144749e+02
2.721916393442622280e+02
3.699862066502369657e+02
1.714521195551566848e+02
3.768068288153146455e+02
2.721916393442620574e+02
3.699862066502369657e+02
7.500092556993746662e+00
1.183749419622129118e+01
9.576514611546677713e+00
1.166480945748061337e+01
7.500092556993743997e+00
1.183749419622128229e+01
9.576514611546686595e+00
1.166480945748061337e+01
2.143330336740713049e-01
1.318836253420771487e-01
1.601585336163500461e-01
1.328573214549596537e-01
2.143330336740711384e-01
1.318836253420771765e-01
1.601585336163499906e-01
1.328573214549595982e-01
1.957331261815359671e-02
1.548109202876888843e-02
1.723453287793346583e-02
1.563824682641403244e-02
1.957331261815357937e-02
1.548109202876889016e-02
1.723453287793345889e-02
1.563824682641405325e-02
9.580858089758811369e-01
9.080654476262096653e-01
9.335283853828665324e-01
9.097328361750640635e-01
9.580858089758809149e-01
9.080654476262105534e-01
9.335283853828656442e-01
9.097328361750645076e-01
3.831145668479707888e-04
2.396642104032116190e-04
2.970291235205695644e-04
2.445547638038485282e-04
3.831145668479701383e-04
2.396642104032116732e-04
2.970291235205694018e-04
2.445547638038492329e-04
