9.796332007632477712e+01
2.687124138862623681e+02
1.801174863793958139e+02
2.447583114705542471e+02
9.796332007632466343e+01
2.687124138862622544e+02
1.801174863793957570e+02
2.447583114705543892e+02
3.646569965574676164e+00
7.192184670980152461e+00
5.781475978207032185e+00
6.791402444087257351e+00
3.646569965574669503e+00
7.192184670980149797e+00
5.781475978207029520e+00
6.791402444087258239e+00
5.209494309285452873e-01
3.743063902607233207e-01
4.232589604006730677e-01
3.763904050032235160e-01
5.209494309285458424e-01
3.743063902607229321e-01
4.232589604006735118e-01
3.763904050032234050e-01
4.238437224150539556e-02
3.500534583550716367e-02
3.762245616984840474e-02
3.499987058589990041e-02
4.238437224150538168e-02
3.500534583550714285e-02
3.762245616984840474e-02
3.499987058589990041e-02
9.900520522774094445e-01
9.727233737138412106e-01
9.817138851206107519e-01
9.751539748726495427e-01
9.900520522774095555e-01
9.727233737138406555e-01
9.817138851206110850e-01
9.751539748726482104e-01
1.796435010306493161e-03
1.225374237063458919e-03
1.415449208252164042e-03
1.224990941029740913e-03
1.796435010306491860e-03
1.225374237063457401e-03
1.415449208252164259e-03
1.224990941029741130e-03
