2.505581048581049117e+02
5.309916416121662905e+02
3.895489844765568819e+02
5.199598955804203797e+02
2.505581048581047128e+02
5.309916416121665179e+02
3.895489844765567113e+02
5.199598955804203797e+02
7.111042396756676709e+00
1.121521385005871352e+01
9.503982310014931656e+00
1.107135108328425588e+01
7.111042396756680262e+00
1.121521385005871352e+01
9.503982310014926327e+00
1.107135108328425055e+01
4.232964739855639147e-01
3.107652757379902875e-01
3.348458412825008335e-01
3.098677208280504192e-01
4.232964739855642478e-01
3.107652757379902875e-01
3.348458412825008890e-01
3.098677208280504747e-01
3.991279236328215685e-02
2.983918638659124878e-02
3.178003781088745844e-02
2.985476722784552450e-02
3.991279236328214991e-02
2.983918638659126266e-02
3.178003781088745844e-02
2.985476722784552103e-02
9.739920346265144024e-01
9.449581501556423291e-01
9.595964440798903095e-01
9.461031812946719688e-01
9.739920346265140694e-01
9.449581501556428842e-01
9.595964440798900874e-01
9.461031812946718578e-01
1.593030994234474534e-03
8.903770442137325320e-04
1.009970803261436324e-03
8.913071262288390501e-04
1.593030994234474100e-03
8.903770442137332909e-04
1.009970803261436324e-03
8.913071262288388332e-04
