3.349314486858575606e+02
7.072753050198851952e+02
4.014967756570711686e+02
6.319332613827355090e+02
3.349314486858577311e+02
7.072753050198858773e+02
4.014967756570716801e+02
6.319332613827356226e+02
5.954627659574471821e+00
1.070577583681729195e+01
7.745571026282850546e+00
9.968524485393974288e+00
5.954627659574474485e+00
1.070577583681729372e+01
7.745571026282850546e+00
9.968524485393956525e+00
5.631374211874877744e-01
4.463210072057386402e-01
5.227206046794634631e-01
4.527676598637575545e-01
5.631374211874873303e-01
4.463210072057389177e-01
5.227206046794637961e-01
4.527676598637574434e-01
2.017632287978847749e-01
1.956303458828353992e-01
1.981658972327300650e-01
1.962452830199083731e-01
2.017632287978847749e-01
1.956303458828355657e-01
1.981658972327300650e-01
1.962452830199082898e-01
9.778275224655892384e-01
9.531741747466173642e-01
9.734184260591423055e-01
9.581627026158092697e-01
9.778275224655901265e-01
9.531741747466174752e-01
9.734184260591427496e-01
9.581627026158100469e-01
4.070840049494760249e-02
3.827123223023781023e-02
3.926972282605293435e-02
3.851221110756393451e-02
4.070840049494760249e-02
3.827123223023787962e-02
3.926972282605293435e-02
3.851221110756389981e-02
