2.301518337956915161e+02
4.235774535401628214e+02
2.877256025326796021e+02
3.653738698612603457e+02
2.301518337956917151e+02
4.235774535401631624e+02
2.877256025326796021e+02
3.653738698612605162e+02
4.694955531984329689e+00
6.511524087441766362e+00
5.162591911764702779e+00
5.857072646290891527e+00
4.694955531984328800e+00
6.511524087441765474e+00
5.162591911764701003e+00
5.857072646290895079e+00
7.439455272865554969e-01
6.917860604605845509e-01
7.244108367422344985e-01
6.922763193491577871e-01
7.439455272865556079e-01
6.917860604605848840e-01
7.244108367422347206e-01
6.922763193491580092e-01
4.566409897836982701e-01
4.450707340892438579e-01
4.547316990230668710e-01
4.450192481244132359e-01
4.566409897836982701e-01
4.450707340892439134e-01
4.547316990230668710e-01
4.450192481244132914e-01
9.568899741267957726e-01
9.209281516090276343e-01
9.461602355063610803e-01
9.317923365192510854e-01
9.568899741267958836e-01
9.209281516090273012e-01
9.461602355063605252e-01
9.317923365192527507e-01
2.085209935506356360e-01
1.980879583427384294e-01
2.067809180964050864e-01
1.980421312012180801e-01
2.085209935506356083e-01
1.980879583427384849e-01
2.067809180964050864e-01
1.980421312012181079e-01
