1.514383465241524505e+02
4.450255567501110932e+02
3.800546874999957936e+02
4.456543900066484412e+02
1.514383465241523083e+02
4.450255567501080805e+02
3.800546874999945999e+02
4.456543900066482138e+02
3.223676158616179066e+00
5.115189679004748413e+00
4.336162173202425585e+00
5.042563866277554929e+00
3.223676158616175513e+00
5.115189679004704004e+00
4.336162173202430026e+00
5.042563866277522955e+00
7.995366356798481178e-01
7.263432947762444858e-01
7.662759898436464212e-01
7.261293677282174563e-01
7.995366356798490060e-01
7.263432947762458181e-01
7.662759898436466433e-01
7.261293677282211201e-01
2.582280919021895937e-01
2.318381932034716264e-01
2.459682633900109883e-01
2.314972190929837359e-01
2.582280919021897603e-01
2.318381932034722648e-01
2.459682633900111548e-01
2.314972190929846796e-01
9.453948596946257776e-01
8.319515216314499195e-01
8.565130979116513110e-01
8.317660333809463458e-01
9.453948596946147864e-01
8.319515216314570250e-01
8.565130979116385435e-01
8.317660333809545614e-01
6.668174744744566340e-02
5.374894782785023806e-02
6.050038659509782146e-02
5.359096244778491919e-02
6.668174744744577442e-02
5.374894782785052949e-02
6.050038659509790473e-02
5.359096244778535634e-02
