1.677610660084848462e+02
3.050701786719845359e+02
2.383820363562059867e+02
3.019071622382580244e+02
1.677610660084846472e+02
3.050701786719845927e+02
2.383820363562056457e+02
3.019071622382579676e+02
3.473676158616138210e+00
4.820570316899577712e+00
4.250132761437702911e+00
4.773859622177802464e+00
3.473676158616145759e+00
4.820570316899565277e+00
4.250132761437721562e+00
4.773859622177804241e+00
7.988306412043034710e-01
7.347716041148104615e-01
7.584148731061255422e-01
7.357194079657561891e-01
7.988306412043026938e-01
7.347716041148095734e-01
7.584148731061272075e-01
7.357194079657555230e-01
3.369918938274792386e-01
3.109685068734803215e-01
3.242917262390309086e-01
3.107267879235623975e-01
3.369918938274791276e-01
3.109685068734800995e-01
3.242917262390306310e-01
3.107267879235622865e-01
9.529841457547146844e-01
9.148141544969370376e-01
9.332811807346235167e-01
9.156972198619552916e-01
9.529841457547175709e-01
9.148141544969374817e-01
9.332811807346211852e-01
9.156972198619519610e-01
1.135635365054310508e-01
9.670141226712176963e-02
1.051651237070905798e-01
9.655113673329451807e-02
1.135635365054309814e-01
9.670141226712163085e-02
1.051651237070903716e-01
9.655113673329444868e-02
