1.889418142134472021e+02
3.139054932678087084e+02
2.182091605392112683e+02
3.007594737111642189e+02
1.889418142134464631e+02
3.139054932678106411e+02
2.182091605392109557e+02
3.007594737111614336e+02
4.378008730417757732e+00
5.656990733630371970e+00
4.725582107842886792e+00
5.635672963702529792e+00
4.378008730417773720e+00
5.656990733630347101e+00
4.725582107842886792e+00
5.635672963702536897e+00
7.364331125755914087e-01
6.816944390378901764e-01
7.069905037322505859e-01
6.825537866362931805e-01
7.364331125755918528e-01
6.816944390378898433e-01
7.069905037322518071e-01
6.825537866362938466e-01
3.717698294215370791e-01
3.555915327284055460e-01
3.679588459268412493e-01
3.557422496758448349e-01
3.717698294215377453e-01
3.555915327284053795e-01
3.679588459268411937e-01
3.557422496758451680e-01
9.688550368511367195e-01
9.484320147637201881e-01
9.640747214583202940e-01
9.505916677307738594e-01
9.688550368511290589e-01
9.484320147637105292e-01
9.640747214583349489e-01
9.505916677307825191e-01
1.382128060681187820e-01
1.264453381481367156e-01
1.353937122958129013e-01
1.265525482044311256e-01
1.382128060681192816e-01
1.264453381481365768e-01
1.353937122958128458e-01
1.265525482044313477e-01
