3.061904834636690609e+01
8.044135088530930489e+01
5.249188447278357472e+01
8.146969123459005857e+01
3.061904834636689188e+01
8.044135088530936173e+01
5.249188447278355341e+01
8.146969123459008699e+01
1.411511791300098295e+00
2.853383904231360901e+00
2.245217772164277203e+00
2.812320538947109316e+00
1.411511791300097407e+00
2.853383904231360457e+00
2.245217772164276315e+00
2.812320538947110204e+00
8.090756431089896061e-01
7.206446399363380939e-01
7.408796956075143214e-01
7.215166585422778667e-01
8.090756431089897172e-01
7.206446399363380939e-01
7.408796956075143214e-01
7.215166585422778667e-01
5.624319457381593557e-01
5.594279764965570667e-01
5.613884948267925390e-01
5.595522143021010031e-01
5.624319457381593557e-01
5.594279764965569557e-01
5.613884948267925390e-01
5.595522143021010031e-01
9.979219828961753969e-01
9.945443605074020255e-01
9.964381409608916718e-01
9.944746170960894194e-01
9.979219828961769512e-01
9.945443605074020255e-01
9.964381409608920048e-01
9.944746170960890863e-01
3.163296935868117887e-01
3.129596608870323649e-01
3.151570421238916175e-01
3.130986805303844212e-01
3.163296935868117887e-01
3.129596608870323093e-01
3.151570421238916730e-01
3.130986805303844212e-01
