3.531105198083262167e+02
8.031982870995042276e+02
6.798965410958910525e+02
8.623615729412034625e+02
3.531105198083265009e+02
8.031982870995038866e+02
6.798965410958907114e+02
8.623615729412050541e+02
6.365751793375760137e+00
1.104691609303176847e+01
9.639212328767124305e+00
1.133437006883618992e+01
6.365751793375769907e+00
1.104691609303177025e+01
9.639212328767122528e+00
1.133437006883619702e+01
4.802819197698388054e-01
3.331303588851669550e-01
3.662160225938304592e-01
3.359509188717707540e-01
4.802819197698391940e-01
3.331303588851670106e-01
3.662160225938302371e-01
3.359509188717714756e-01
5.225229378490381382e-02
4.232803456317944801e-02
4.444098161654837925e-02
4.228361901760895741e-02
5.225229378490385546e-02
4.232803456317944107e-02
4.444098161654833068e-02
4.228361901760899905e-02
9.685164623039805853e-01
9.285518125623148933e-01
9.394533581558910385e-01
9.232901290103077141e-01
9.685164623039798082e-01
9.285518125623163366e-01
9.394533581558918156e-01
9.232901290103079361e-01
2.730302205783897724e-03
1.791662509981713832e-03
1.975000847042391282e-03
1.787904437226301704e-03
2.730302205783902061e-03
1.791662509981713398e-03
1.975000847042386511e-03
1.787904437226305390e-03
