1.155211071987480835e+02
2.710171621237512340e+02
1.868002152922757375e+02
2.504573560593438231e+02
1.155211071987481262e+02
2.710171621237513477e+02
1.868002152922757375e+02
2.504573560593435388e+02
2.098721961398017477e+00
4.390426063689017333e+00
3.720609342379956885e+00
4.210793874823981042e+00
2.098721961398017477e+00
4.390426063689020886e+00
3.720609342379956441e+00
4.210793874823980154e+00
8.175311491741517056e-01
7.402781943600779124e-01
7.476755627198659049e-01
7.409941850864539825e-01
8.175311491741514835e-01
7.402781943600779124e-01
7.476755627198659049e-01
7.409941850864543156e-01
6.509798435436648933e-01
6.489245892058006504e-01
6.496660214598701799e-01
6.490483606145963646e-01
6.509798435436648933e-01
6.489245892058006504e-01
6.496660214598701799e-01
6.490483606145963646e-01
9.925351322902301598e-01
9.825085908405288837e-01
9.879328490230719906e-01
9.838355178044663196e-01
9.925351322902287166e-01
9.825085908405287727e-01
9.879328490230723236e-01
9.838355178044654314e-01
4.237747567001344806e-01
4.211031224759170799e-01
4.220659394394965513e-01
4.212637744164951514e-01
4.237747567001344806e-01
4.211031224759170799e-01
4.220659394394965513e-01
4.212637744164951514e-01
