2.392331482773228117e+02
5.263578072729133055e+02
3.583171728376173064e+02
4.764562744196738322e+02
2.392331482773228686e+02
5.263578072729135329e+02
3.583171728376177043e+02
4.764562744196739459e+02
3.667255915581331127e+00
7.223674634183717025e+00
5.879526213790286171e+00
6.585318828366409249e+00
3.667255915581334680e+00
7.223674634183709031e+00
5.879526213790291500e+00
6.585318828366404809e+00
7.322565715219977456e-01
6.397272116101734296e-01
6.617798657018343356e-01
6.620724211243507185e-01
7.322565715219977456e-01
6.397272116101735406e-01
6.617798657018344466e-01
6.620724211243509405e-01
4.014324085100852701e-01
3.976043725340391854e-01
4.004842479334788097e-01
3.980627385337549007e-01
4.014324085100852701e-01
3.976043725340392410e-01
4.004842479334788652e-01
3.980627385337549007e-01
9.879261210047879382e-01
9.734542357933290146e-01
9.819204172511232231e-01
9.759709167232802907e-01
9.879261210047881603e-01
9.734542357933279044e-01
9.819204172511248885e-01
9.759709167232806237e-01
1.611479786022080030e-01
1.580892370581870043e-01
1.603876328428441300e-01
1.584539438089925256e-01
1.611479786022080030e-01
1.580892370581870598e-01
1.603876328428441855e-01
1.584539438089925256e-01
