7.759078055772735638e+01
1.681805707040336415e+02
1.172790279468011079e+02
1.769010614386021132e+02
7.759078055772731375e+01
1.681805707040336131e+02
1.172790279468012358e+02
1.769010614386022269e+02
1.696746590218052075e+00
2.962216222035428448e+00
2.380177546940194677e+00
2.988910407883419662e+00
1.696746590218051187e+00
2.962216222035425783e+00
2.380177546940194677e+00
2.988910407883419662e+00
8.105964671727691195e-01
7.420331421476666911e-01
7.656715199806930494e-01
7.451935682501910074e-01
8.105964671727692306e-01
7.420331421476665801e-01
7.656715199806927163e-01
7.451935682501912295e-01
4.994929344448937325e-01
4.969005950596291354e-01
4.981264940362457039e-01
4.968683112203041152e-01
4.994929344448937325e-01
4.969005950596289689e-01
4.981264940362456484e-01
4.968683112203041152e-01
9.953067569198885689e-01
9.898330490077139610e-01
9.929079035567152101e-01
9.893058727616362846e-01
9.953067569198890130e-01
9.898330490077135169e-01
9.929079035567154321e-01
9.893058727616358405e-01
2.494931915603709194e-01
2.469102013706135079e-01
2.481300040608419022e-01
2.468781186949169648e-01
2.494931915603709194e-01
2.469102013706133691e-01
2.481300040608418744e-01
2.468781186949169648e-01
