2.470632013945434124e+01
5.487153861833451884e+01
3.561221742247923316e+01
5.293605852351441854e+01
2.470632013945433414e+01
5.487153861833451884e+01
3.561221742247930422e+01
5.293605852351445407e+01
3.067529864290165609e+00
4.571962766168356396e+00
3.716569750504001401e+00
4.544860801523241456e+00
3.067529864290163832e+00
4.571962766168359948e+00
3.716569750504002734e+00
4.544860801523241456e+00
3.479884672198642059e-01
2.688238309266378079e-01
3.135713304106988453e-01
2.684181358942014373e-01
3.479884672198643725e-01
2.688238309266377524e-01
3.135713304106994559e-01
2.684181358942012707e-01
2.117341188710759187e-02
1.774048126562519784e-02
1.960899337842166024e-02
1.773278794605082434e-02
2.117341188710759881e-02
1.774048126562519784e-02
1.960899337842166718e-02
1.773278794605081393e-02
9.960820848394560389e-01
9.912967041623295117e-01
9.943511813908365582e-01
9.916037006598099612e-01
9.960820848394560389e-01
9.912967041623311770e-01
9.943511813908357810e-01
9.916037006598111825e-01
4.483133709411090350e-04
3.147246755359985634e-04
3.845126213149845356e-04
3.144517683396054692e-04
4.483133709411094145e-04
3.147246755359986718e-04
3.845126213149848067e-04
3.144517683396050355e-04
