1.645247518884178533e+02
3.262912746386485310e+02
2.171732531238253330e+02
3.284494172967998225e+02
1.645247518884178248e+02
3.262912746386483605e+02
2.171732531238252193e+02
3.284494172967995382e+02
4.756117699252142117e+00
7.448075466776485243e+00
5.621033563509948650e+00
7.325775650015006413e+00
4.756117699252142117e+00
7.448075466776483466e+00
5.621033563509953090e+00
7.325775650014993978e+00
5.111207264772348324e-01
3.815307296911533697e-01
4.540574027052750594e-01
3.873218928061906152e-01
5.111207264772344994e-01
3.815307296911532586e-01
4.540574027052749484e-01
3.873218928061905042e-01
3.025528027570724768e-02
2.268600757927265524e-02
2.651394508071302364e-02
2.288982607762426319e-02
3.025528027570724074e-02
2.268600757927265177e-02
2.651394508071304792e-02
2.288982607762424584e-02
9.822405855175389000e-01
9.647850404434303861e-01
9.765635400878989181e-01
9.645518189339794546e-01
9.822405855175383449e-01
9.647850404434317184e-01
9.765635400878992511e-01
9.645518189339783444e-01
9.153819845615999420e-04
5.146549398868164021e-04
7.029892837430662617e-04
5.239441378638877694e-04
9.153819845615996167e-04
5.146549398868161852e-04
7.029892837430676712e-04
5.239441378638869020e-04
