8.537305534573828254e+02
1.669568498183983593e+03
1.369557664644712531e+03
1.667536780461791977e+03
8.537305534573823707e+02
1.669568498183982683e+03
1.369557664644712077e+03
1.667536780461791750e+03
1.254642376593599096e+01
1.947775472755395398e+01
1.711345537261696137e+01
1.962309307268514402e+01
1.254642376593593944e+01
1.947775472755394688e+01
1.711345537261696137e+01
1.962309307268516179e+01
3.285775769699419424e-01
2.346748633480877644e-01
2.606443201549136224e-01
2.323953482204115517e-01
3.285775769699416649e-01
2.346748633480877089e-01
2.606443201549135669e-01
2.323953482204117182e-01
6.216793524308473345e-02
5.971623022185399560e-02
6.033569998429082204e-02
5.969671194399563813e-02
6.216793524308468488e-02
5.971623022185403029e-02
6.033569998429081510e-02
5.969671194399568670e-02
9.191258782800915128e-01
8.418791070126898646e-01
8.702753180812052847e-01
8.420715524391958473e-01
9.191258782800911797e-01
8.418791070126897536e-01
8.702753180812049516e-01
8.420715524391940709e-01
3.864852172388377229e-03
3.566028151909468678e-03
3.640396692594351832e-03
3.563697416924391497e-03
3.864852172388370723e-03
3.566028151909472581e-03
3.640396692594350964e-03
3.563697416924397135e-03
