1.529928776246416362e+02
4.401409685093047415e+02
3.227677081886777160e+02
3.943432861428885872e+02
1.529928776246416646e+02
4.401409685093045709e+02
3.227677081886774886e+02
3.943432861428880756e+02
2.700240495791324413e+00
6.372156864563574885e+00
5.438078044716013082e+00
5.970971616176132812e+00
2.700240495791323525e+00
6.372156864563573109e+00
5.438078044716011306e+00
5.970971616176138141e+00
7.873201682473265350e-01
6.647499584289097152e-01
6.733030395917385391e-01
6.701044898031239816e-01
7.873201682473264240e-01
6.647499584289096042e-01
6.733030395917385391e-01
6.701044898031237596e-01
5.787463331970813529e-01
5.753343784591740118e-01
5.765178930141853231e-01
5.756840801840200639e-01
5.787463331970813529e-01
5.753343784591740118e-01
5.765178930141853231e-01
5.756840801840199529e-01
9.874391776080565508e-01
9.639205566801307690e-01
9.735143720955335978e-01
9.676747059262624795e-01
9.874391776080555516e-01
9.639205566801306579e-01
9.735143720955338198e-01
9.676747059262603701e-01
3.349473181890671447e-01
3.310096470370040844e-01
3.323728809655156491e-01
3.314121601773212245e-01
3.349473181890671447e-01
3.310096470370040289e-01
3.323728809655156491e-01
3.314121601773211689e-01
