1.670975128495006174e+03
2.518443072493626005e+03
1.414339355742301450e+03
2.438256325928703063e+03
1.670975128495005038e+03
2.518443072493626005e+03
1.414339355742300540e+03
2.438256325928702154e+03
1.707675901213271885e+01
2.575380960183519363e+01
1.877887488328668653e+01
2.477864516280054374e+01
1.707675901213272596e+01
2.575380960183518653e+01
1.877887488328667942e+01
2.477864516280051532e+01
3.607182719780003821e-01
2.132684878919176019e-01
2.656634951231592323e-01
2.236224208574661976e-01
3.607182719780006597e-01
2.132684878919176019e-01
2.656634951231589548e-01
2.236224208574660310e-01
3.381460315689074209e-02
2.498660633555808280e-02
2.779256897348714866e-02
2.563787214975124865e-02
3.381460315689073515e-02
2.498660633555808280e-02
2.779256897348713132e-02
2.563787214975124518e-02
7.747450008065072113e-01
6.585713465770526298e-01
8.089704586095495253e-01
6.694415345409585605e-01
7.747450008065077665e-01
6.585713465770531849e-01
8.089704586095497474e-01
6.694415345409586715e-01
1.143427386658005338e-03
6.243304961681513587e-04
7.724268901460405300e-04
6.573004883669907126e-04
1.143427386658004688e-03
6.243304961681512503e-04
7.724268901460395543e-04
6.573004883669906042e-04
