3.898259388027624084e+01
9.439928112806352090e+01
6.447119942337759824e+01
8.718942055515793754e+01
3.898259388027621242e+01
9.439928112806352090e+01
6.447119942337755560e+01
8.718942055515793754e+01
1.373206666883794114e+00
3.012361060804654045e+00
2.537050837242636359e+00
2.838305965488119309e+00
1.373206666883794114e+00
3.012361060804655377e+00
2.537050837242635914e+00
2.838305965488118421e+00
7.747159262784798495e-01
5.367547393736180616e-01
5.674991112492399070e-01
5.539742099460275293e-01
7.747159262784797384e-01
5.367547393736188388e-01
5.674991112492396850e-01
5.539742099460273073e-01
5.768049547596400956e-02
3.709046267817388970e-02
3.875424721887042040e-02
3.786477384280526048e-02
5.768049547596398874e-02
3.709046267817391745e-02
3.875424721887040652e-02
3.786477384280524661e-02
9.951261901892949346e-01
9.881968353683338036e-01
9.919389265904262620e-01
9.890987309758590973e-01
9.951261901892956008e-01
9.881968353683349138e-01
9.919389265904253739e-01
9.890987309758602075e-01
3.327039558352704301e-03
1.375702421681010337e-03
1.501891677501325864e-03
1.433741098166789246e-03
3.327039558352702566e-03
1.375702421681012071e-03
1.501891677501324563e-03
1.433741098166788162e-03
