6.937509068167598514e+01
1.992890175380747166e+02
1.428701480812012221e+02
1.939477398624418356e+02
6.937509068167599935e+01
1.992890175380747451e+02
1.428701480812013926e+02
1.939477398624420061e+02
3.106210131332078461e+00
5.443609430532570848e+00
4.353796579532813738e+00
5.378023389201122662e+00
3.106210131332082014e+00
5.443609430532572624e+00
4.353796579532817290e+00
5.378023389201121773e+00
4.634023726009053323e-01
3.396387326558247821e-01
3.912297202710099397e-01
3.383807030794500625e-01
4.634023726009056099e-01
3.396387326558250597e-01
3.912297202710102728e-01
3.383807030794498960e-01
2.675966352830573200e-02
2.144283777837469387e-02
2.365656082739395205e-02
2.136459975499181707e-02
2.675966352830574241e-02
2.144283777837470428e-02
2.365656082739397981e-02
2.136459975499182054e-02
9.920447050896415986e-01
9.771584097032343097e-01
9.836190892634086858e-01
9.777707571959125543e-01
9.920447050896423757e-01
9.771584097032334215e-01
9.836190892634093519e-01
9.777707571959127764e-01
7.160795921481359714e-04
4.597952919896930424e-04
5.596328701801900687e-04
4.564461226909963601e-04
7.160795921481366219e-04
4.597952919896933677e-04
5.596328701801913698e-04
4.564461226909965769e-04
