4.258991106396912869e+02
6.201363129063367978e+02
5.024894403593607990e+02
7.365215891055771635e+02
4.258991106396887290e+02
6.201363129063378210e+02
5.024894403593615948e+02
7.365215891055711381e+02
1.273457898172345359e+01
1.618242973429448384e+01
1.449328022875456590e+01
1.731462652946150627e+01
1.273457898172341451e+01
1.618242973429454779e+01
1.449328022875454991e+01
1.731462652946143876e+01
1.852233341974902081e-01
1.494042474006034293e-01
1.685921880812714657e-01
1.508065204570134821e-01
1.852233341974885150e-01
1.494042474006041787e-01
1.685921880812711882e-01
1.508065204570112894e-01
2.232172472718911213e-02
1.934658599481840768e-02
2.055646414033244357e-02
1.926755126725572531e-02
2.232172472718886927e-02
1.934658599481851524e-02
2.055646414033236724e-02
1.926755126725562123e-02
8.822236788182127309e-01
8.284479581940872306e-01
8.608463399423500473e-01
7.962472344130253621e-01
8.822236788182190592e-01
8.284479581940765724e-01
8.608463399423443851e-01
7.962472344130138158e-01
4.982593947964058818e-04
3.742903896549037166e-04
4.225682179527736238e-04
3.712385318363277159e-04
4.982593947963949313e-04
3.742903896549078908e-04
4.225682179527704796e-04
3.712385318363237044e-04
