3.018045855091397129e+02
4.616808580351284945e+02
2.968273182188996770e+02
4.711663236574099187e+02
3.018045855091397698e+02
4.616808580351292335e+02
2.968273182188976307e+02
4.711663236574059397e+02
9.559032310704900226e+00
1.271946961552249000e+01
1.042921772875642361e+01
1.280461782624279188e+01
9.559032310704880686e+00
1.271946961552253086e+01
1.042921772875612163e+01
1.280461782624282918e+01
2.291006436266098401e-01
1.519466106324386945e-01
1.705762537962059455e-01
1.522980811771096343e-01
2.291006436266104507e-01
1.519466106324380006e-01
1.705762537962049463e-01
1.522980811771079135e-01
2.487017412190509549e-02
1.849201841819330533e-02
1.928622158463430547e-02
1.844316294852678048e-02
2.487017412190511978e-02
1.849201841819335390e-02
1.928622158463426037e-02
1.844316294852671109e-02
9.468994653968546560e-01
9.187986409659697484e-01
9.478109617153280819e-01
9.171352460838136933e-01
9.468994653968458852e-01
9.187986409659794074e-01
9.478109617153372968e-01
9.171352460838111398e-01
6.185255608538779660e-04
3.419547451788004463e-04
3.719583430116142077e-04
3.401502595459110229e-04
6.185255608538790502e-04
3.419547451788022894e-04
3.719583430116124188e-04
3.401502595459084751e-04
