3.737649722585019845e+02
5.309273537090598438e+02
3.775123059639622056e+02
6.226174371575784789e+02
3.737649722584977212e+02
5.309273537090589343e+02
3.775123059639566350e+02
6.226174371575589248e+02
1.206290796344702798e+01
1.470453079403923979e+01
1.219412785947328182e+01
1.584346490554279718e+01
1.206290796344690186e+01
1.470453079403922914e+01
1.219412785947326938e+01
1.584346490554238329e+01
1.643327547696492863e-01
1.369861175516617069e-01
1.634685340684524091e-01
1.315266089326777577e-01
1.643327547696462887e-01
1.369861175516615681e-01
1.634685340684520483e-01
1.315266089326747323e-01
1.824008971832734652e-02
1.591744014011495234e-02
1.740893547513921655e-02
1.573888880771608795e-02
1.824008971832706549e-02
1.591744014011494540e-02
1.740893547513903961e-02
1.573888880771579651e-02
9.249371850393230954e-01
8.932398871938745932e-01
9.241620525491499594e-01
8.748083452736873378e-01
9.249371850393184324e-01
8.932398871938639351e-01
9.241620525491484051e-01
8.748083452736793442e-01
3.327008729326310288e-04
2.533649006141426791e-04
3.030710343775606659e-04
2.477126209016507620e-04
3.327008729326206746e-04
2.533649006141424622e-04
3.030710343775545944e-04
2.477126209016415463e-04
