1.919373980091383771e+02
3.571823375825532594e+02
2.518646854575161171e+02
3.653201249168075719e+02
1.919373980091384624e+02
3.571823375825522930e+02
2.518646854575163161e+02
3.653201249168074582e+02
7.807482049608355901e+00
1.123672758920802472e+01
9.511928104575153142e+00
1.149074898889059249e+01
7.807482049608354124e+00
1.123672758920800696e+01
9.511928104575162024e+00
1.149074898889059249e+01
2.587337714110017894e-01
1.806539627259136638e-01
2.017794319154262994e-01
1.783442860304315092e-01
2.587337714110015674e-01
1.806539627259135250e-01
2.017794319154263549e-01
1.783442860304316757e-01
2.832718654494312260e-02
2.290391227931785900e-02
2.397134127619207633e-02
2.275961507499129136e-02
2.832718654494311220e-02
2.290391227931782778e-02
2.397134127619206939e-02
2.275961507499129136e-02
9.527506946141151012e-01
9.120297309888125703e-01
9.379990577496135629e-01
9.100254401863451248e-01
9.527506946141141020e-01
9.120297309888117931e-01
9.379990577496133408e-01
9.100254401863449027e-01
8.024294975520067678e-04
5.245891976986873919e-04
5.746252025796698849e-04
5.180000783617708625e-04
8.024294975520061173e-04
5.245891976986859825e-04
5.746252025796696680e-04
5.180000783617708625e-04
