2.142579246899479699e+02
3.167167460195564672e+02
2.144826388888888289e+02
3.309728049966720391e+02
2.142579246899478846e+02
3.167167460195568083e+02
2.144826388888888005e+02
3.309728049966723802e+02
9.472921426240217713e+00
1.197316336456253438e+01
9.341687091503262153e+00
1.206855065786105818e+01
9.472921426240219489e+00
1.197316336456253438e+01
9.341687091503256823e+00
1.206855065786105818e+01
1.897859794171545822e-01
1.344009629733926847e-01
1.644095946237245920e-01
1.326774137295699263e-01
1.897859794171544989e-01
1.344009629733926847e-01
1.644095946237245642e-01
1.326774137295699263e-01
1.692871345623406243e-02
1.393130568944737045e-02
1.573615361286830050e-02
1.393354808169141625e-02
1.692871345623405896e-02
1.393130568944738086e-02
1.573615361286830050e-02
1.393354808169141971e-02
9.570079365432594409e-01
9.362268665176706195e-01
9.567866121924020195e-01
9.333512290938008604e-01
9.570079365432591079e-01
9.362268665176698423e-01
9.567866121924014644e-01
9.333512290938006384e-01
2.865813392832802353e-04
1.940812782128286708e-04
2.476265305277880729e-04
1.941437621448065492e-04
2.865813392832801268e-04
1.940812782128289689e-04
2.476265305277880729e-04
1.941437621448066577e-04
