4.505890788185405995e+02
7.257990784825173023e+02
4.678235804737338412e+02
6.591159166538232057e+02
4.505890788185433280e+02
7.257990784825090032e+02
4.678235804737406625e+02
6.591159166538368481e+02
1.347115698433441189e+01
1.750556494137984842e+01
1.401251021241390404e+01
1.665964265601643746e+01
1.347115698433451492e+01
1.750556494137959263e+01
1.401251021241395378e+01
1.665964265601654404e+01
1.398571600518197788e-01
1.043837966032694214e-01
1.281241442835806266e-01
1.116297449649593376e-01
1.398571600518205282e-01
1.043837966032688108e-01
1.281241442835808209e-01
1.116297449649604756e-01
1.240009240944948445e-02
1.095300942780493177e-02
1.199386683776750701e-02
1.111133900214065356e-02
1.240009240944956771e-02
1.095300942780487972e-02
1.199386683776754864e-02
1.111133900214071081e-02
9.266224941467025022e-01
8.818686828814166212e-01
9.238451153167461793e-01
8.927274655705533801e-01
9.266224941467073872e-01
8.818686828814138456e-01
9.238451153167527297e-01
8.927274655705595974e-01
1.537622917628867414e-04
1.199684155255837363e-04
1.438528417220991432e-04
1.234618544204920700e-04
1.537622917628888013e-04
1.199684155255825843e-04
1.438528417221001190e-04
1.234618544204933168e-04
