1.302205246409915844e+02
2.039258690421372648e+02
1.398574652777660958e+02
1.930608918240963021e+02
1.302205246409913570e+02
2.039258690421365827e+02
1.398574652777654990e+02
1.930608918240960179e+02
6.365535248041772398e+00
8.287042440997350212e+00
6.928747957515796863e+00
8.058751855833737210e+00
6.365535248041767069e+00
8.287042440997332449e+00
6.928747957515795974e+00
8.058751855833779842e+00
3.807044485305947079e-01
3.291847554639702467e-01
3.498363265962678437e-01
3.294812345534716136e-01
3.807044485305943748e-01
3.291847554639687479e-01
3.498363265962656787e-01
3.294812345534721687e-01
7.079689322946960961e-02
6.136757477362377033e-02
6.386844608991970595e-02
6.120155071974137800e-02
7.079689322946948471e-02
6.136757477362356911e-02
6.386844608991963657e-02
6.120155071974135025e-02
9.538192159542357995e-01
9.278904916724786123e-01
9.504804905827799466e-01
9.317325350323696354e-01
9.538192159542296933e-01
9.278904916724762808e-01
9.504804905827768380e-01
9.317325350323677480e-01
5.012200090944919639e-03
3.765979233596304654e-03
4.079178405940979760e-03
3.745629810501076296e-03
5.012200090944901425e-03
3.765979233596279934e-03
4.079178405940971086e-03
3.745629810501072826e-03
