1.989562397875451154e+02
3.244814314237341932e+02
2.443415979928221304e+02
3.501661086366547693e+02
1.989562397875442628e+02
3.244814314237378312e+02
2.443415979928204820e+02
3.501661086366563609e+02
7.109201388887619544e+00
1.004678236829902005e+01
8.884107783942683412e+00
1.031863001075014807e+01
7.109201388887618656e+00
1.004678236829991711e+01
8.884107783942585712e+00
1.031863001075017472e+01
3.467838216419252828e-01
2.544574061242368956e-01
2.768458143423111473e-01
2.630949975827546750e-01
3.467838216419247277e-01
2.544574061242376173e-01
2.768458143423101481e-01
2.630949975827554521e-01
2.928363891858090651e-02
2.459617106428694730e-02
2.683666609076055393e-02
2.455671217815727503e-02
2.928363891858078508e-02
2.459617106428701322e-02
2.683666609076030760e-02
2.455671217815739646e-02
9.698770593204329993e-01
9.508736223293989820e-01
9.629618576698275589e-01
9.469925307729286645e-01
9.698770593204348867e-01
9.508736223293962064e-01
9.629618576698323329e-01
9.469925307729267772e-01
8.575315083138263872e-04
6.049716310236664171e-04
7.202066468669773370e-04
6.030321130008578934e-04
8.575315083138192315e-04
6.049716310236697781e-04
7.202066468669642181e-04
6.030321130008638566e-04
