2.505663387911370990e+02
4.954451972303255616e+02
3.216201935809159522e+02
5.123228814196554595e+02
2.505663387911374116e+02
4.954451972303254479e+02
3.216201935809156680e+02
5.123228814196555732e+02
5.672320483056368268e+00
9.607786235998368340e+00
7.564703950048890846e+00
9.796704480138048510e+00
5.672320483056372709e+00
9.607786235998370117e+00
7.564703950048888181e+00
9.796704480138053839e+00
4.225502928345594156e-01
3.081355032858469900e-01
3.565290701976487342e-01
3.068687570454169955e-01
4.225502928345597486e-01
3.081355032858469345e-01
3.565290701976485677e-01
3.068687570454168290e-01
3.033413020868351226e-02
2.401932283996994003e-02
2.681825831504788815e-02
2.390507262603757191e-02
3.033413020868353654e-02
2.401932283996993309e-02
2.681825831504788468e-02
2.390507262603756497e-02
9.698666744002549800e-01
9.404632403054381529e-01
9.613578048129360898e-01
9.384353435343169014e-01
9.698666744002560902e-01
9.404632403054369316e-01
9.613578048129360898e-01
9.384353435343169014e-01
9.201594555173656185e-04
5.769278696907016984e-04
7.192189790526352803e-04
5.714524972561308737e-04
9.201594555173670279e-04
5.769278696907013731e-04
7.192189790526350634e-04
5.714524972561304400e-04
