2.026948025900189805e+02
4.357310529884612151e+02
2.674486351210177872e+02
4.352107388922228779e+02
2.026948025900187815e+02
4.357310529884612720e+02
2.674486351210184125e+02
4.352107388922229916e+02
4.700153190145290871e+00
8.367599447212541008e+00
6.317152446061944815e+00
8.418287612808532216e+00
4.700153190145291759e+00
8.367599447212541008e+00
6.317152446061956361e+00
8.418287612808533993e+00
5.252626915277305297e-01
3.757795503166960760e-01
4.379473402702376283e-01
3.719152553802306249e-01
5.252626915277297526e-01
3.757795503166964646e-01
4.379473402702380724e-01
3.719152553802304584e-01
4.630633310513532913e-02
3.664867485348643344e-02
4.137107498163633545e-02
3.661563236503515700e-02
4.630633310513530831e-02
3.664867485348644732e-02
4.137107498163641872e-02
3.661563236503516394e-02
9.863168725263273817e-01
9.705851764788605562e-01
9.819511441417619890e-01
9.706206207796335139e-01
9.863168725263276038e-01
9.705851764788611113e-01
9.819511441417618780e-01
9.706206207796336249e-01
2.144276485643751857e-03
1.343125368516568958e-03
1.711565845136176064e-03
1.340704533491410191e-03
2.144276485643750122e-03
1.343125368516569825e-03
1.711565845136182569e-03
1.340704533491410408e-03
