9.788505443595124689e+01
1.981657406773621233e+02
1.502498887033943333e+02
2.056569427155052097e+02
9.788505443595107636e+01
1.981657406773622654e+02
1.502498887033946460e+02
2.056569427155055791e+02
1.495918461894839124e+00
2.636745746037231442e+00
2.288772954924874092e+00
2.775540888740898549e+00
1.495918461894839124e+00
2.636745746037228333e+00
2.288772954924872316e+00
2.775540888740902545e+00
8.806587510842781574e-01
8.482414289536467367e-01
8.503412146236367652e-01
8.435452263394552785e-01
8.806587510842762700e-01
8.482414289536465146e-01
8.503412146236369873e-01
8.435452263394564998e-01
7.868620331277829116e-01
7.851633382379341608e-01
7.857010103359712838e-01
7.852917349148816895e-01
7.868620331277812463e-01
7.851633382379339388e-01
7.857010103359722830e-01
7.852917349148824666e-01
9.556967026125204878e-01
9.104348757306233164e-01
9.320517550085972713e-01
9.070490713066100552e-01
9.556967026125195996e-01
9.104348757306233164e-01
9.320517550085979375e-01
9.070490713066102773e-01
6.191518591779880953e-01
6.164814677129366594e-01
6.173260776429660979e-01
6.166831089256248344e-01
6.191518591779854308e-01
6.164814677129363263e-01
6.173260776429676522e-01
6.166831089256260556e-01
