4.885484009401636172e+02
1.098083291640006337e+03
7.156507908950616184e+02
1.006448856761519664e+03
4.885484009401633330e+02
1.098083291640007474e+03
7.156507908950627552e+02
1.006448856761520119e+03
1.152263740305919093e+01
1.873888990338531713e+01
1.427538234013929497e+01
1.796721642474639680e+01
1.152263740305917317e+01
1.873888990338532068e+01
1.427538234013929319e+01
1.796721642474640035e+01
3.716426297702793979e-01
2.816020685685513003e-01
3.456163418663301679e-01
2.850750883225003918e-01
3.716426297702793424e-01
2.816020685685510783e-01
3.456163418663300013e-01
2.850750883225003918e-01
6.060276943955734269e-02
5.539858108222710242e-02
5.869794990653549871e-02
5.551896189266156828e-02
6.060276943955731493e-02
5.539858108222709548e-02
5.869794990653547095e-02
5.551896189266156134e-02
9.513019067270482854e-01
8.905596430139501862e-01
9.286711913328286050e-01
8.996923277886512693e-01
9.513019067270489515e-01
8.905596430139502973e-01
9.286711913328300483e-01
8.996923277886498260e-01
3.672695663744145276e-03
3.069002785924090926e-03
3.445449323230151146e-03
3.082355129638807666e-03
3.672695663744141806e-03
3.069002785924089625e-03
3.445449323230147676e-03
3.082355129638806365e-03
