4.333062589337401960e+01
8.110697650601160547e+01
5.427884622326719466e+01
8.117781437983983039e+01
4.333062589337400539e+01
8.110697650601169073e+01
5.427884622326723019e+01
8.117781437983971671e+01
3.071080163783588723e+00
4.176238189755498986e+00
3.191569741111796699e+00
4.075117968066381380e+00
3.071080163783589612e+00
4.176238189755500763e+00
3.191569741111796699e+00
4.075117968066378715e+00
4.805276756582400610e-01
4.132054259725533307e-01
4.712815393441718848e-01
4.149710939313306923e-01
4.805276756582395614e-01
4.132054259725531642e-01
4.712815393441711631e-01
4.149710939313301927e-01
5.271063102335418055e-02
4.708994371467259410e-02
5.217593715008996685e-02
4.714627303824978077e-02
5.271063102335420830e-02
4.708994371467256634e-02
5.217593715008995298e-02
4.714627303824975996e-02
9.955367374199087793e-01
9.916475501693808869e-01
9.944093032259747611e-01
9.916402561774304569e-01
9.955367374199091124e-01
9.916475501693811090e-01
9.944093032259753162e-01
9.916402561774301239e-01
2.778410622880188221e-03
2.217462799051032711e-03
2.722328417490138368e-03
2.222771061397198211e-03
2.778410622880191257e-03
2.217462799051030543e-03
2.722328417490137067e-03
2.222771061397196476e-03
