2.739852076882331744e+02
4.850084733005560338e+02
3.064201499306914229e+02
4.432264011818224390e+02
2.739852076882332881e+02
4.850084733005559201e+02
3.064201499306911956e+02
4.432264011818229505e+02
7.420135776564531049e+00
1.104279004023606170e+01
8.965587797619049226e+00
1.053529011040039620e+01
7.420135776564537267e+00
1.104279004023605992e+01
8.965587797619047450e+00
1.053529011040040686e+01
3.710005668504532395e-01
2.363359893492013863e-01
2.518031311510185999e-01
2.349588396623377706e-01
3.710005668504535170e-01
2.363359893492013308e-01
2.518031311510187109e-01
2.349588396623380759e-01
3.070650370321247047e-02
2.213939634344531601e-02
2.309788465928341861e-02
2.224985124874485909e-02
3.070650370321248435e-02
2.213939634344531254e-02
2.309788465928341861e-02
2.224985124874487991e-02
9.618428344917010486e-01
9.325235549140618030e-01
9.573528606247084793e-01
9.383364739629449502e-01
9.618428344917014927e-01
9.325235549140621361e-01
9.573528606247080353e-01
9.383364739629465046e-01
9.428893696754012165e-04
4.901528704521598877e-04
5.335122757335602085e-04
4.950558805912731817e-04
9.428893696754020838e-04
4.901528704521596709e-04
5.335122757335603169e-04
4.950558805912741575e-04
