3.022999707722561311e+02
6.120427448525319960e+02
4.313061359126982666e+02
6.499741583194213490e+02
3.022999707722565290e+02
6.120427448525324508e+02
4.313061359126988350e+02
6.499741583194220311e+02
5.793508468614845697e+00
9.770386159472128185e+00
8.121165674603179951e+00
1.026548712139280362e+01
5.793508468614845697e+00
9.770386159472154830e+00
8.121165674603179951e+00
1.026548712139280539e+01
5.358911706368254535e-01
4.027013822013028599e-01
4.303154046213448769e-01
3.995097528055208125e-01
5.358911706368251204e-01
4.027013822013032485e-01
4.303154046213456541e-01
3.995097528055212566e-01
1.021986560895139090e-01
9.068623348216878211e-02
9.293908125088798378e-02
9.047637053913698546e-02
1.021986560895137980e-01
9.068623348216892088e-02
9.293908125088790051e-02
9.047637053913708260e-02
9.587660099388559676e-01
9.166086486526596744e-01
9.412495863870888879e-01
9.114414794286169741e-01
9.587660099388548574e-01
9.166086486526600074e-01
9.412495863870881108e-01
9.114414794286166410e-01
1.044456530650273753e-02
8.223992943182429141e-03
8.637672823759157126e-03
8.185973625935214285e-03
1.044456530650271671e-02
8.223992943182455162e-03
8.637672823759143248e-03
8.185973625935231632e-03
