1.023351716208159587e+03
2.319918524245157187e+03
1.696937991452989309e+03
2.016856075248034358e+03
1.023351716208159473e+03
2.319918524245156277e+03
1.696937991452989536e+03
2.016856075248032084e+03
1.561063793543991807e+01
2.623489241077180623e+01
2.163252136752135968e+01
2.432169393978438521e+01
1.561063793543990919e+01
2.623489241077178491e+01
2.163252136752134192e+01
2.432169393978436389e+01
1.559416578822751531e-01
9.061486148899379478e-02
1.107059616792161610e-01
9.694570009673983413e-02
1.559416578822750143e-01
9.061486148899386417e-02
1.107059616792161749e-01
9.694570009673980637e-02
1.462721853416728418e-02
1.143150480952506189e-02
1.220278174193143925e-02
1.169709801403290457e-02
1.462721853416729112e-02
1.143150480952505321e-02
1.220278174193144445e-02
1.169709801403289590e-02
9.146777116324720236e-01
8.072292285456469374e-01
8.586258435417678525e-01
8.323864051608242942e-01
9.146777116324713575e-01
8.072292285456477146e-01
8.586258435417672974e-01
8.323864051608241832e-01
2.139555220462868897e-04
1.306793022101946137e-04
1.489078822412152935e-04
1.368221019498925238e-04
2.139555220462871065e-04
1.306793022101944239e-04
1.489078822412154019e-04
1.368221019498923341e-04
