7.648295193456480945e+01
1.615229130298405948e+02
9.292236003435135672e+01
1.201828720072651606e+02
7.648295193456472418e+01
1.615229130298407938e+02
9.292236003435132830e+01
1.201828720072651464e+02
3.084824792889305112e+00
4.909419591317933929e+00
3.656605855997819621e+00
4.119471928767209690e+00
3.084824792889307332e+00
4.909419591317928599e+00
3.656605855997818288e+00
4.119471928767202584e+00
5.896788412409148528e-01
4.887460448776642652e-01
5.415843783831192360e-01
4.989120922342849540e-01
5.896788412409146307e-01
4.887460448776643762e-01
5.415843783831192360e-01
4.989120922342846209e-01
4.545111121322314290e-02
3.838474534272186961e-02
4.258290277633195592e-02
3.886970386041559838e-02
4.545111121322314984e-02
3.838474534272187655e-02
4.258290277633195592e-02
3.886970386041557757e-02
9.894095868657957205e-01
9.776456536550087728e-01
9.871382881841264112e-01
9.833671398157380894e-01
9.894095868657953874e-01
9.776456536550088838e-01
9.871382881841266332e-01
9.833671398157379784e-01
2.065803510516778761e-03
1.473388675025608281e-03
1.813303608858539808e-03
1.510853878196407240e-03
2.065803510516779195e-03
1.473388675025608715e-03
1.813303608858539808e-03
1.510853878196405506e-03
