1.193399593845192044e+02
7.948295832636476916e+02
7.337211511813815150e+02
7.739083542988512363e+02
1.193399593845191902e+02
7.948295832636468958e+02
7.337211511813819698e+02
7.739083542988515774e+02
4.126863022160999428e+00
1.372586355985583140e+01
1.318760703499733111e+01
1.374979449641838158e+01
4.126863022160999428e+00
1.372586355985582784e+01
1.318760703499732401e+01
1.374979449641839757e+01
5.077232138176878129e-01
2.269813864335576414e-01
2.405944841332120498e-01
2.205952843684857445e-01
5.077232138176880349e-01
2.269813864335573916e-01
2.405944841332118833e-01
2.205952843684857445e-01
3.140706868691681142e-02
1.698604894755714051e-02
1.756237091293420122e-02
1.651738037140819751e-02
3.140706868691682530e-02
1.698604894755713704e-02
1.756237091293420816e-02
1.651738037140819404e-02
9.812963785603288080e-01
8.750728653158336146e-01
8.846540347988648412e-01
8.783602857318818513e-01
9.812963785603299183e-01
8.750728653158335035e-01
8.846540347988645081e-01
8.783602857318821844e-01
9.864039635047103238e-04
2.885258588488070477e-04
3.084368720834772498e-04
2.728238543337807489e-04
9.864039635047111912e-04
2.885258588488069393e-04
3.084368720834775751e-04
2.728238543337806405e-04
