2.895403414888224347e+02
5.238980538263222115e+02
3.784433379591556559e+02
4.372952258864821715e+02
2.895403414888229463e+02
5.238980538263218705e+02
3.784433379591555422e+02
4.372952258864821147e+02
6.473514994541598178e+00
8.813590060194476550e+00
8.056610642817979340e+00
8.131503204083850633e+00
6.473514994541601730e+00
8.813590060194465892e+00
8.056610642817981116e+00
8.131503204083857739e+00
5.731650971806068195e-01
5.145672314439941886e-01
5.294372503154582965e-01
5.221272186517967873e-01
5.731650971806069306e-01
5.145672314439942996e-01
5.294372503154581855e-01
5.221272186517967873e-01
1.283762648989299204e-01
1.246249271870735614e-01
1.261968140517550629e-01
1.246174361881740161e-01
1.283762648989300037e-01
1.246249271870734643e-01
1.261968140517552017e-01
1.246174361881740855e-01
9.769636995586928885e-01
9.583211456494745706e-01
9.698902157977168370e-01
9.652110852131324803e-01
9.769636995586933326e-01
9.583211456494736824e-01
9.698902157977168370e-01
9.652110852131335905e-01
1.648046538940022704e-02
1.553137247638338748e-02
1.592563587681324749e-02
1.552950540211362265e-02
1.648046538940024439e-02
1.553137247638336146e-02
1.592563587681328219e-02
1.552950540211364173e-02
