1.246187230099155556e+02
3.208297691531967644e+02
2.460153633667036956e+02
3.312226809326649573e+02
1.246187230099156267e+02
3.208297691531966507e+02
2.460153633667039799e+02
3.312226809326641046e+02
5.759273468631262993e+00
1.021992464985188853e+01
8.780797182054127958e+00
1.028500483810665678e+01
5.759273468631264770e+00
1.021992464985188320e+01
8.780797182054136840e+00
1.028500483810664612e+01
3.270626738419137869e-01
2.055382081794053517e-01
2.398748010274820985e-01
2.072650912174354154e-01
3.270626738419140644e-01
2.055382081794052962e-01
2.398748010274823483e-01
2.072650912174350546e-01
2.022035039281145502e-02
1.482006748792129291e-02
1.632215025628656543e-02
1.486006931211955942e-02
2.022035039281146196e-02
1.482006748792128945e-02
1.632215025628656196e-02
1.486006931211954901e-02
9.799253469797502003e-01
9.483162034632192094e-01
9.603789957604883520e-01
9.466431590416323205e-01
9.799253469797493121e-01
9.483162034632187654e-01
9.603789957604881300e-01
9.466431590416344299e-01
4.088625700080703832e-04
2.196344003465417166e-04
2.664125889887955577e-04
2.208216599609974507e-04
4.088625700080707084e-04
2.196344003465416353e-04
2.664125889887954493e-04
2.208216599609971796e-04
