6.569906576371162998e+01
1.158076281165065780e+02
8.176807598037713376e+01
1.227435724158977450e+02
6.569906576371131735e+01
1.158076281165066916e+02
8.176807598037733271e+01
1.227435724158990524e+02
2.973196801566751812e+00
4.101960784313209096e+00
3.347303921568065554e+00
4.129473199200846878e+00
2.973196801566745595e+00
4.101960784313219754e+00
3.347303921568062446e+00
4.129473199200852207e+00
5.935461454821298055e-01
5.444669715388582576e-01
5.820753363329829178e-01
5.443937279665165274e-01
5.935461454821310268e-01
5.444669715388533726e-01
5.820753363329809194e-01
5.443937279665154172e-01
2.428658920821992750e-01
2.315228425809694734e-01
2.430025181395315814e-01
2.320222000117026229e-01
2.428658920821994693e-01
2.315228425809691126e-01
2.430025181395315537e-01
2.320222000117029282e-01
9.880313674025280601e-01
9.789254669396162400e-01
9.851089609473827613e-01
9.776632777092940652e-01
9.880313674025293924e-01
9.789254669396103559e-01
9.851089609473845377e-01
9.776632777092925108e-01
5.898384153688247117e-02
5.360282663677237019e-02
5.905022382215337207e-02
5.383430129827054128e-02
5.898384153688256137e-02
5.360282663677221060e-02
5.905022382215335819e-02
5.383430129827067312e-02
