7.990152782311210444e+01
1.361378385296548572e+02
8.973621323527804350e+01
1.286300209901075107e+02
7.990152782311226076e+01
1.361378385296544877e+02
8.973621323527763138e+01
1.286300209901083917e+02
3.599838854438789149e+00
4.877489376951230859e+00
3.864154411764051833e+00
4.722479905799885636e+00
3.599838854438800251e+00
4.877489376951243294e+00
3.864154411764053609e+00
4.722479905799946032e+00
5.582064662899275387e-01
4.868481133125721061e-01
5.338102500446759713e-01
4.856384180599009892e-01
5.582064662899268725e-01
4.868481133125726612e-01
5.338102500446763043e-01
4.856384180599023770e-01
8.641214377085273957e-02
7.598895729017141054e-02
8.291189147645826318e-02
7.448536372423977814e-02
8.641214377085283671e-02
7.598895729017132727e-02
8.291189147645840196e-02
7.448536372424006957e-02
9.601137795582520562e-01
9.322452816829243094e-01
9.552499780577187183e-01
9.359804056827381036e-01
9.601137795582541656e-01
9.322452816829261968e-01
9.552499780577163868e-01
9.359804056827393248e-01
7.467058591074523903e-03
5.774321630047494006e-03
6.874381748203993274e-03
5.548069409132294974e-03
7.467058591074540383e-03
5.774321630047481863e-03
6.874381748204015825e-03
5.548069409132337475e-03
