1.510041000326369698e+01
3.237347053703985011e+01
1.869129901960780415e+01
2.645865970409051471e+01
1.510041000326370408e+01
3.237347053703987143e+01
1.869129901960780060e+01
2.645865970409047208e+01
1.949239148172324576e+00
2.766426048226074741e+00
1.983190359477121634e+00
2.664158091435005815e+00
1.949239148172324132e+00
2.766426048226075185e+00
1.983190359477121856e+00
2.664158091435004927e+00
5.165176169051208799e-01
4.158214672819041113e-01
5.044775489050955519e-01
4.237340178219495268e-01
5.165176169051211019e-01
4.158214672819040003e-01
5.044775489050953299e-01
4.237340178219491382e-01
5.289321602662502148e-02
4.548510847159950576e-02
5.320983746532097214e-02
4.513452755687261814e-02
5.289321602662503535e-02
4.548510847159950576e-02
5.320983746532096520e-02
4.513452755687259038e-02
9.862025760440970013e-01
9.703918620066972478e-01
9.829369754404885251e-01
9.758013795690752001e-01
9.862025760440958910e-01
9.703918620066992462e-01
9.829369754404893023e-01
9.758013795690758663e-01
2.797692301639222341e-03
2.068895092673173237e-03
2.831286803085875277e-03
2.037125577782093744e-03
2.797692301639223209e-03
2.068895092673173237e-03
2.831286803085874843e-03
2.037125577782091142e-03
