8.829951656332471543e+01
1.646717145343511390e+02
1.169154105391886418e+02
1.612504991552496847e+02
8.829951656332458754e+01
1.646717145343522191e+02
1.169154105391887981e+02
1.612504991552496847e+02
3.299598156005421057e+00
4.574402293553661458e+00
3.753114787580882350e+00
4.503721906516357620e+00
3.299598156005416616e+00
4.574402293553652576e+00
3.753114787580893008e+00
4.503721906516338080e+00
6.157064836428415289e-01
5.659035467047734969e-01
6.076764391623531436e-01
5.696836454544774719e-01
6.157064836428410848e-01
5.659035467047729417e-01
6.076764391623543649e-01
5.696836454544772499e-01
2.271032643242213156e-01
2.155462566956751203e-01
2.259961560585743989e-01
2.155113916296149401e-01
2.271032643242213156e-01
2.155462566956753145e-01
2.259961560585745377e-01
2.155113916296149124e-01
9.865689933446477600e-01
9.750093150650669394e-01
9.822292437028811163e-01
9.755280884698783739e-01
9.865689933446485371e-01
9.750093150650667173e-01
9.822292437028847800e-01
9.755280884698760424e-01
5.157589266671713801e-02
4.646018877551787163e-02
5.107426255325151626e-02
4.644515992213326533e-02
5.157589266671713107e-02
4.646018877551795490e-02
5.107426255325157177e-02
4.644515992213325839e-02
