4.331010321475381630e+01
6.498102697997430255e+01
4.036229575162801098e+01
7.006682025289835281e+01
4.331010321475364577e+01
6.498102697997416044e+01
4.036229575162791861e+01
7.006682025289815385e+01
2.554208142950496807e+00
3.279721496953519555e+00
2.451654411764356389e+00
3.338985306916169904e+00
2.554208142950491478e+00
3.279721496953508009e+00
2.451654411764354613e+00
3.338985306916162354e+00
6.142910717466363302e-01
5.552147883940337092e-01
6.125521182174265000e-01
5.609676450820000326e-01
6.142910717466364412e-01
5.552147883940344864e-01
6.125521182174246126e-01
5.609676450820001437e-01
1.681582272908606623e-01
1.531891448466145556e-01
1.677377236426368656e-01
1.545882530693566403e-01
1.681582272908606346e-01
1.531891448466143890e-01
1.677377236426367824e-01
1.545882530693563350e-01
9.844372269908080453e-01
9.767048527994118823e-01
9.855066965831515979e-01
9.748819804171540149e-01
9.844372269908047146e-01
9.767048527994145468e-01
9.855066965831531522e-01
9.748819804171579007e-01
2.827718940560475236e-02
2.346691409883705504e-02
2.813594393281361808e-02
2.389752798703545164e-02
2.827718940560474542e-02
2.346691409883700646e-02
2.813594393281359379e-02
2.389752798703535797e-02
