3.448426281005225036e+01
6.112425126708654233e+01
4.260914011437903781e+01
6.853072236727597044e+01
3.448426281005222194e+01
6.112425126708649969e+01
4.260914011437900939e+01
6.853072236727595623e+01
2.123663919712796222e+00
2.935524497005070899e+00
2.382832924836596700e+00
3.134500588747251459e+00
2.123663919712792225e+00
2.935524497005068234e+00
2.382832924836594479e+00
3.134500588747249239e+00
6.853406613932069291e-01
6.427025733001093810e-01
6.707213634685915693e-01
6.409275467231277945e-01
6.853406613932073732e-01
6.427025733001083818e-01
6.707213634685906811e-01
6.409275467231273504e-01
3.779412621873398659e-01
3.639617244762245463e-01
3.755738728677138205e-01
3.648784970600099098e-01
3.779412621873396438e-01
3.639617244762244908e-01
3.755738728677137650e-01
3.648784970600097433e-01
9.923450280021121062e-01
9.864621773823617490e-01
9.905486523127154941e-01
9.848217898908863122e-01
9.923450280021116621e-01
9.864621773823607498e-01
9.905486523127149390e-01
9.848217898908858681e-01
1.428395976637595877e-01
1.324681368837072049e-01
1.410557339808536648e-01
1.331363176167716655e-01
1.428395976637594211e-01
1.324681368837071493e-01
1.410557339808536093e-01
1.331363176167715268e-01
