4.931735476501308568e+01
7.947746889878665399e+01
4.891953635620907193e+01
8.983419853581119696e+01
4.931735476501302884e+01
7.947746889878671084e+01
4.891953635620912166e+01
8.983419853581118275e+01
3.232273988250654817e+00
4.250826805918189066e+00
3.139961192810452051e+00
4.424379255618698714e+00
3.232273988250653041e+00
4.250826805918190843e+00
3.139961192810456492e+00
4.424379255618698714e+00
4.451416115961370212e-01
3.633721431590103412e-01
4.357395163011942851e-01
3.619690848657287630e-01
4.451416115961367437e-01
3.633721431590108408e-01
4.357395163011947292e-01
3.619690848657287630e-01
4.408132823113455195e-02
3.887085481867370851e-02
4.431682422194553606e-02
3.815292248163095618e-02
4.408132823113453114e-02
3.887085481867370851e-02
4.431682422194552218e-02
3.815292248163096311e-02
9.926315880777238920e-01
9.881447602654096496e-01
9.926996396173463078e-01
9.866009772156378865e-01
9.926315880777242251e-01
9.881447602654088724e-01
9.926996396173461967e-01
9.866009772156382196e-01
1.943163498621020262e-03
1.510943354334409305e-03
1.963980909118818573e-03
1.455645493889340869e-03
1.943163498621018094e-03
1.510943354334409305e-03
1.963980909118817272e-03
1.455645493889341302e-03
