4.086657034703285376e+02
9.672194712240707304e+02
6.782569062528689301e+02
9.143104638451444544e+02
4.086657034703287081e+02
9.672194712240703893e+02
6.782569062528690438e+02
9.143104638451439996e+02
7.283840402520462831e+00
1.331469518343650904e+01
1.017366646193237578e+01
1.284158632778262721e+01
7.283840402520469048e+00
1.331469518343650549e+01
1.017366646193237933e+01
1.284158632778263076e+01
4.319913770044430668e-01
3.093931747195113879e-01
3.975318970067057145e-01
3.113283213577912600e-01
4.319913770044433998e-01
3.093931747195112769e-01
3.975318970067054369e-01
3.113283213577914821e-01
2.641291682431948229e-02
2.018748458794569767e-02
2.459161057300630199e-02
2.037320252828162676e-02
2.641291682431949270e-02
2.018748458794569073e-02
2.459161057300630546e-02
2.037320252828163022e-02
9.655706962836644314e-01
9.186053043385912220e-01
9.428903959454644212e-01
9.230581546831954087e-01
9.655706962836635432e-01
9.186053043385907779e-01
9.428903959454643102e-01
9.230581546831949646e-01
6.976421751684191031e-04
4.075345339885450371e-04
6.047473105743953999e-04
4.150673812583807981e-04
6.976421751684196452e-04
4.075345339885447660e-04
6.047473105743955083e-04
4.150673812583810149e-04
