1.686622399066263256e+02
4.890195488082330257e+02
4.213624985132456118e+02
5.630258552869389632e+02
1.686622399066262119e+02
4.890195488082327415e+02
4.213624985132454412e+02
5.630258552869385085e+02
4.770740092312588665e+00
9.397852480278970688e+00
8.094640460129486570e+00
9.685211881524962152e+00
4.770740092312588665e+00
9.397852480278968912e+00
8.094640460129484794e+00
9.685211881524956823e+00
5.601875805875036196e-01
3.890084739237615885e-01
4.301542939892376571e-01
4.082949891029366007e-01
5.601875805875038417e-01
3.890084739237621436e-01
4.301542939892376571e-01
4.082949891029364897e-01
6.860595674704225710e-02
6.126943826199920257e-02
6.251696983082867531e-02
6.136988698531453679e-02
6.860595674704225710e-02
6.126943826199922338e-02
6.251696983082863368e-02
6.136988698531451597e-02
9.877224390833646561e-01
9.643608511055108412e-01
9.692827702423709724e-01
9.589603259137308156e-01
9.877224390833657663e-01
9.643608511055106192e-01
9.692827702423705283e-01
9.589603259137313707e-01
4.706777301177032628e-03
3.753944064940931483e-03
3.908371516828742023e-03
3.766263028590278745e-03
4.706777301177033496e-03
3.753944064940934085e-03
3.908371516828737686e-03
3.766263028590276143e-03
