9.419910890485753896e+01
4.985656085115771816e+02
4.242236561913690025e+02
4.465224166230298692e+02
9.419910890485759580e+01
4.985656085115771248e+02
4.242236561913689457e+02
4.465224166230301535e+02
4.312912207675325682e+00
1.317598217283799755e+01
1.202330440900561648e+01
1.249391946311875046e+01
4.312912207675323906e+00
1.317598217283799045e+01
1.202330440900561825e+01
1.249391946311876644e+01
3.573736063275833597e-01
1.731694069092712673e-01
2.056641466025951048e-01
1.772678144424192637e-01
3.573736063275833041e-01
1.731694069092712118e-01
2.056641466025949105e-01
1.772678144424195135e-01
2.654952423150614207e-02
1.732573132824673581e-02
1.939296703203982966e-02
1.746599993172772564e-02
2.654952423150613514e-02
1.732573132824673234e-02
1.939296703203981925e-02
1.746599993172773604e-02
9.825716306998637517e-01
9.076318375341925204e-01
9.213864501366627602e-01
9.172719475439949921e-01
9.825716306998641958e-01
9.076318375341921874e-01
9.213864501366622051e-01
9.172719475439959913e-01
7.048772369193317218e-04
3.001809660585903717e-04
3.760871703057836824e-04
3.050611536151128975e-04
7.048772369193315049e-04
3.001809660585902633e-04
3.760871703057833029e-04
3.050611536151133312e-04
