1.364464048597840815e+02
3.120681241823029950e+02
2.048250511662033375e+02
3.063239489404285791e+02
1.364464048597841099e+02
3.120681241823027108e+02
2.048250511662035080e+02
3.063239489404287497e+02
6.198199776117963467e+00
9.893234862728270684e+00
7.854886855112760635e+00
9.871071732313462022e+00
6.198199776117955473e+00
9.893234862728263579e+00
7.854886855112755306e+00
9.871071732313476232e+00
3.268957995188805365e-01
2.347223981315686714e-01
2.690389091162508906e-01
2.342647171236469650e-01
3.268957995188803700e-01
2.347223981315684216e-01
2.690389091162510016e-01
2.342647171236472148e-01
2.066228268177652122e-02
1.594762206693318626e-02
1.759910007657014205e-02
1.597822641692312959e-02
2.066228268177651775e-02
1.594762206693317586e-02
1.759910007657013511e-02
1.597822641692314347e-02
9.829203272641346967e-01
9.609532098223442231e-01
9.743659739493127914e-01
9.616719410523913991e-01
9.829203272641326983e-01
9.609532098223442231e-01
9.743659739493131244e-01
9.616719410523910661e-01
4.269299256216418795e-04
2.543266495897343019e-04
3.097283235051311577e-04
2.553037194304601026e-04
4.269299256216418253e-04
2.543266495897339766e-04
3.097283235051308866e-04
2.553037194304605905e-04
