2.866900310366233953e+02
5.661353553610367726e+02
4.988487974132567615e+02
6.420281296368211770e+02
2.866900310366232816e+02
5.661353553610371137e+02
4.988487974132569889e+02
6.420281296368209496e+02
7.219560521415274934e+00
1.144552076798215268e+01
1.077891555776644594e+01
1.234448909070991895e+01
7.219560521415270493e+00
1.144552076798215090e+01
1.077891555776645838e+01
1.234448909070992428e+01
3.970963570922463326e-01
2.715700111463296706e-01
2.989641084839326779e-01
2.625046304317910084e-01
3.970963570922461661e-01
2.715700111463298927e-01
2.989641084839327334e-01
2.625046304317912305e-01
5.216598072787433787e-02
4.167475240632566996e-02
4.473114406600971898e-02
4.131513520799237615e-02
5.216598072787428236e-02
4.167475240632566302e-02
4.473114406600979531e-02
4.131513520799239003e-02
9.580576488221586029e-01
9.172802912177612233e-01
9.271600372873063378e-01
9.061923310196277059e-01
9.580576488221588249e-01
9.172802912177622225e-01
9.271600372873067819e-01
9.061923310196280390e-01
2.721289545300957166e-03
1.736784988128546982e-03
2.000875249454116701e-03
1.706940397254691055e-03
2.721289545300951095e-03
1.736784988128546548e-03
2.000875249454123206e-03
1.706940397254692139e-03
