3.682630927923758009e+02
9.248799371666012803e+02
7.543297389656257792e+02
8.473499654919543218e+02
3.682630927923759145e+02
9.248799371666019624e+02
7.543297389656252108e+02
8.473499654919556860e+02
9.684675866668108313e+00
1.628133042890623372e+01
1.453529994543833759e+01
1.554541043005648682e+01
9.684675866668095878e+00
1.628133042890623727e+01
1.453529994543833581e+01
1.554541043005650458e+01
2.824780054468987722e-01
1.933993588279069309e-01
2.188619745969875019e-01
1.969119403080143160e-01
2.824780054468987722e-01
1.933993588279069309e-01
2.188619745969874186e-01
1.969119403080145658e-01
1.848296035860728243e-02
1.475442066293147086e-02
1.600755390253091534e-02
1.489911235269696099e-02
1.848296035860726855e-02
1.475442066293147607e-02
1.600755390253089452e-02
1.489911235269697140e-02
9.578971173982203657e-01
8.941985154160635441e-01
9.136916457663885049e-01
9.030677421326728238e-01
9.578971173982214760e-01
8.941985154160623228e-01
9.136916457663880609e-01
9.030677421326737120e-01
3.416198236178482218e-04
2.176929290987391491e-04
2.562417819424327213e-04
2.219835488982871798e-04
3.416198236178476797e-04
2.176929290987392846e-04
2.562417819424320166e-04
2.219835488982874780e-04
