1.962668185787418906e+02
5.297024362498812025e+02
3.899197482638888914e+02
5.065302556324453462e+02
1.962668185787417485e+02
5.297024362498813161e+02
3.899197482638888346e+02
5.065302556324449483e+02
5.650943898318787184e+00
1.161339147470533284e+01
9.661115056818177393e+00
1.100980345688374662e+01
5.650943898318778302e+00
1.161339147470533106e+01
9.661115056818175617e+00
1.100980345688373774e+01
3.994583305148978192e-01
2.736883594173921130e-01
3.104358402458508026e-01
2.821159523495186394e-01
3.994583305148977637e-01
2.736883594173922241e-01
3.104358402458507471e-01
2.821159523495182508e-01
8.230401878243404079e-02
7.768143087624007626e-02
7.833441234545295007e-02
7.769542871420939689e-02
8.230401878243397140e-02
7.768143087624011789e-02
7.833441234545293619e-02
7.769542871420931363e-02
9.845329147824936067e-01
9.582931574471920122e-01
9.693124165656569202e-01
9.601177426149101191e-01
9.845329147824941618e-01
9.582931574471914571e-01
9.693124165656556990e-01
9.601177426149094529e-01
6.773951507739254564e-03
6.034404702980064941e-03
6.136280157507452426e-03
6.036579643084794000e-03
6.773951507739245023e-03
6.034404702980071013e-03
6.136280157507448957e-03
6.036579643084780122e-03
