1.982228710224310930e+02
5.468920808544136207e+02
4.234025541492696902e+02
5.790456872527198584e+02
1.982228710224308657e+02
5.468920808544130523e+02
4.234025541492698608e+02
5.790456872527189489e+02
6.573783907146594885e+00
1.270054985445026929e+01
1.117925691544884970e+01
1.345759782541221483e+01
6.573783907146587779e+00
1.270054985445026041e+01
1.117925691544886746e+01
1.345759782541220240e+01
3.370155243438716641e-01
1.917020736198193909e-01
2.137928291575220963e-01
1.827241182759520022e-01
3.370155243438718862e-01
1.917020736198193354e-01
2.137928291575220963e-01
1.827241182759521132e-01
2.215136269160032298e-02
1.594609384103493413e-02
1.720011157195596579e-02
1.574300720313264942e-02
2.215136269160030910e-02
1.594609384103492719e-02
1.720011157195595886e-02
1.574300720313264595e-02
9.816018891439401983e-01
9.492687140083643227e-01
9.607173285296248810e-01
9.462851302605452819e-01
9.816018891439396432e-01
9.492687140083646558e-01
9.607173285296246590e-01
9.462851302605445047e-01
4.906828690948226816e-04
2.542779087870922564e-04
2.958438380877334963e-04
2.478422757978864443e-04
4.906828690948220311e-04
2.542779087870919853e-04
2.958438380877333337e-04
2.478422757978863359e-04
