3.115296089385474829e+02
8.076020411347952859e+02
6.865684047175665228e+02
8.703980524952409041e+02
3.115296089385471419e+02
8.076020411347959680e+02
6.865684047175665228e+02
8.703980524952422684e+02
9.580509000620732962e+00
1.632274273586964952e+01
1.450142768466789356e+01
1.710077712930308635e+01
9.580509000620725857e+00
1.632274273586965307e+01
1.450142768466789889e+01
1.710077712930309701e+01
1.960544737506990653e-01
1.032627887250417431e-01
1.181613583649888111e-01
1.001722599474058756e-01
1.960544737506987600e-01
1.032627887250416460e-01
1.181613583649888527e-01
1.001722599474058478e-01
1.764043688057252354e-02
1.354913583688480312e-02
1.442899255866813245e-02
1.337504698388536188e-02
1.764043688057252354e-02
1.354913583688479271e-02
1.442899255866812898e-02
1.337504698388536015e-02
9.345609034475180765e-01
8.305301384968348799e-01
8.558886322067912333e-01
8.173331546133534298e-01
9.345609034475170773e-01
8.305301384968337697e-01
8.558886322067896790e-01
8.173331546133522085e-01
3.111850133374633050e-04
1.835790819263560651e-04
2.081958262581003183e-04
1.788918818211409072e-04
3.111850133374633050e-04
1.835790819263557940e-04
2.081958262581002641e-04
1.788918818211408801e-04
