2.452226044652943528e+02
5.190315495524689595e+02
3.645845901425589659e+02
4.843282010350140467e+02
2.452226044652941823e+02
5.190315495524689595e+02
3.645845901425589091e+02
4.843282010350139331e+02
5.318173920597689452e+00
8.578242085426179386e+00
7.016811543810843155e+00
8.350171433045421310e+00
5.318173920597691229e+00
8.578242085426182939e+00
7.016811543810841378e+00
8.350171433045423086e+00
5.172657791887588230e-01
3.743148135999497805e-01
4.062609510472611762e-01
3.711751686924371629e-01
5.172657791887584899e-01
3.743148135999498916e-01
4.062609510472611762e-01
3.711751686924371629e-01
4.165251379444467883e-02
3.188124740735843315e-02
3.372844386102856473e-02
3.173624832184145789e-02
4.165251379444464414e-02
3.188124740735844009e-02
3.372844386102853698e-02
3.173624832184145789e-02
9.684211112501222019e-01
9.331060432479448830e-01
9.529930531088928181e-01
9.375785973937820206e-01
9.684211112501223129e-01
9.331060432479454381e-01
9.529930531088922629e-01
9.375785973937831308e-01
1.734931905396404220e-03
1.016413936249198910e-03
1.137607925286555390e-03
1.007189457545584884e-03
1.734931905396401618e-03
1.016413936249199127e-03
1.137607925286553438e-03
1.007189457545584884e-03
