6.591212814730661762e+01
1.877493043026777002e+02
1.190948775421458805e+02
1.615549591546295858e+02
6.591212814730674552e+01
1.877493043026775581e+02
1.190948775421460368e+02
1.615549591546295289e+02
2.401085178491155769e+00
5.171036953200577102e+00
4.079249071977934626e+00
4.719429472166500439e+00
2.401085178491159322e+00
5.171036953200574438e+00
4.079249071977939067e+00
4.719429472166495110e+00
6.924460700706495109e-01
5.339372513110265395e-01
5.886208216550117278e-01
5.522691489405004983e-01
6.924460700706497329e-01
5.339372513110263174e-01
5.886208216550125050e-01
5.522691489405003873e-01
4.933906701700285086e-02
3.726283506384754640e-02
4.194762978101947148e-02
3.899678934751941994e-02
4.933906701700286473e-02
3.726283506384753252e-02
4.194762978101947842e-02
3.899678934751939913e-02
9.872791450453239914e-01
9.637821651433049475e-01
9.770192096197873877e-01
9.688376869538749547e-01
9.872791450453248796e-01
9.637821651433049475e-01
9.770192096197879428e-01
9.688376869538734004e-01
2.434343534108298658e-03
1.388518876995505991e-03
1.759603644245471415e-03
1.520749579414803956e-03
2.434343534108299959e-03
1.388518876995505124e-03
1.759603644245472500e-03
1.520749579414802655e-03
