1.436993287050887886e+02
3.537281355898318225e+02
2.958981500665238400e+02
3.899333546587759542e+02
1.436993287050887886e+02
3.537281355898323909e+02
2.958981500665240674e+02
3.899333546587762953e+02
2.281255610748694096e+00
4.503738616711818743e+00
4.091890097326818854e+00
4.959599948019230098e+00
2.281255610748692320e+00
4.503738616711822296e+00
4.091890097326819742e+00
4.959599948019233651e+00
8.161378421479279499e-01
7.385855098791952456e-01
7.423200987581485277e-01
7.271932968926451135e-01
8.161378421479280609e-01
7.385855098791943574e-01
7.423200987581470844e-01
7.271932968926465568e-01
5.858765219044966832e-01
5.819650479235594087e-01
5.833859499171689666e-01
5.818590802089564917e-01
5.858765219044960171e-01
5.819650479235604079e-01
5.833859499171690777e-01
5.818590802089567138e-01
9.547646289115544471e-01
8.888036607112287379e-01
9.069142542775278093e-01
8.774223556394640244e-01
9.547646289115543361e-01
8.888036607112279608e-01
9.069142542775292526e-01
8.774223556394635803e-01
3.432512989189101527e-01
3.386833170046708030e-01
3.403391665607576333e-01
3.385599892216129003e-01
3.432512989189094310e-01
3.386833170046719133e-01
3.403391665607576888e-01
3.385599892216131224e-01
