2.823869390605901799e+02
5.875780501920345387e+02
4.678259213973797728e+02
6.614128829729392010e+02
2.823869390605900094e+02
5.875780501920345387e+02
4.678259213973796022e+02
6.614128829729396557e+02
4.996891915488037128e+00
8.208800266568454518e+00
7.335196506550211382e+00
9.029796040055416029e+00
4.996891915488038904e+00
8.208800266568459847e+00
7.335196506550214046e+00
9.029796040055421358e+00
7.171581105749580409e-01
6.858811833774521860e-01
6.928759294444628569e-01
6.824154333853327259e-01
7.171581105749579299e-01
6.858811833774522970e-01
6.928759294444628569e-01
6.824154333853329479e-01
6.413916016971791256e-01
6.334833066328567908e-01
6.374699782348800525e-01
6.334765444604033569e-01
6.413916016971789036e-01
6.334833066328567908e-01
6.374699782348800525e-01
6.334765444604034679e-01
9.729014115176081168e-01
9.437756353069820525e-01
9.551164658225653747e-01
9.367105031698121920e-01
9.729014115176073396e-01
9.437756353069816084e-01
9.551164658225649307e-01
9.367105031698119699e-01
4.113831867276728782e-01
4.013010997824981163e-01
4.063679731507784387e-01
4.012925323814934275e-01
4.113831867276726006e-01
4.013010997824981163e-01
4.063679731507784387e-01
4.012925323814935386e-01
