1.894164298767148864e+02
4.710288539629193565e+02
3.463466468437853223e+02
4.005636070770489141e+02
1.894164298767145453e+02
4.710288539629189586e+02
3.463466468437854928e+02
4.005636070770491415e+02
3.309041772836074813e+00
5.994251233833603365e+00
5.021180877355576833e+00
5.556690653134796598e+00
3.309041772836074369e+00
5.994251233833603365e+00
5.021180877355576833e+00
5.556690653134801039e+00
7.275576941048147450e-01
6.750129685233916543e-01
6.890436471877032787e-01
6.759677473678809001e-01
7.275576941048147450e-01
6.750129685233915433e-01
6.890436471877033897e-01
6.759677473678807891e-01
5.728651157526694071e-01
5.712079587266385428e-01
5.720466832318172878e-01
5.712887770149479572e-01
5.728651157526694071e-01
5.712079587266383207e-01
5.720466832318172878e-01
5.712887770149479572e-01
9.864102422007768878e-01
9.662208072195057618e-01
9.751539740666964606e-01
9.712741264352122705e-01
9.864102422007769988e-01
9.662208072195072051e-01
9.751539740666971268e-01
9.712741264352122705e-01
3.281744408463193041e-01
3.262785321126531746e-01
3.272374077965230499e-01
3.263708667432348998e-01
3.281744408463193041e-01
3.262785321126528970e-01
3.272374077965230499e-01
3.263708667432348998e-01
