3.227574759301904805e+02
4.586200276454279674e+02
1.859406352123689885e+02
4.395713305686888930e+02
3.227574759301911627e+02
4.586200276454177924e+02
1.859406352123684769e+02
4.395713305686883814e+02
9.222921426241597942e+00
1.190906670762025854e+01
7.526868872546790712e+00
1.158177443300802167e+01
9.222921426241549980e+00
1.190906670762006136e+01
7.526868872546785383e+00
1.158177443300804299e+01
2.076619204000497154e-01
1.543170984225695486e-01
2.133039933873134841e-01
1.593739238330056096e-01
2.076619204000511032e-01
1.543170984225657461e-01
2.133039933873128458e-01
1.593739238330059982e-01
2.164774237565457449e-02
1.851735465755504143e-02
2.194992960691457759e-02
1.878967066650990420e-02
2.164774237565469939e-02
1.851735465755472571e-02
2.194992960691442840e-02
1.878967066650993542e-02
9.317000945720291805e-01
9.031725940692716392e-01
9.608296131905806892e-01
9.071836686895581314e-01
9.317000945720352867e-01
9.031725940692816312e-01
9.608296131905702531e-01
9.071836686895574653e-01
4.686247499627108071e-04
3.428924235136754329e-04
4.817994097485050770e-04
3.530517237559027081e-04
4.686247499627162281e-04
3.428924235136636693e-04
4.817994097484985176e-04
3.530517237559039549e-04
