1.675540041612268851e+02
3.356502636563757846e+02
1.909226409313722854e+02
2.991175651461629741e+02
1.675540041612271693e+02
3.356502636563761826e+02
1.909226409313724844e+02
2.991175651461628604e+02
7.236098645561358289e+00
1.126721957712587496e+01
8.132587826797378128e+00
1.060974760661445515e+01
7.236098645561359177e+00
1.126721957712589273e+01
8.132587826797378128e+00
1.060974760661444627e+01
2.231973748965139226e-01
1.424838827305668354e-01
1.971206760726771368e-01
1.524094602050692637e-01
2.231973748965137561e-01
1.424838827305669464e-01
1.971206760726769980e-01
1.524094602050691805e-01
1.924225667117781743e-02
1.594543411848732203e-02
1.898409728715852104e-02
1.652874965453335690e-02
1.924225667117783825e-02
1.594543411848732897e-02
1.898409728715852798e-02
1.652874965453335690e-02
9.649240038595859881e-01
9.298334352622320553e-01
9.600935146289331090e-01
9.374614391908572264e-01
9.649240038595859881e-01
9.298334352622316112e-01
9.600935146289333311e-01
9.374614391908573374e-01
3.702644417994872708e-04
2.542568692270195311e-04
3.603959498082994557e-04
2.731995651422365135e-04
3.702644417994880297e-04
2.542568692270198022e-04
3.603959498082997268e-04
2.731995651422365677e-04
