1.963600583387778329e+02
3.071202887420895422e+02
2.278797385620289617e+02
3.027581631085442382e+02
1.963600583387777192e+02
3.071202887420901675e+02
2.278797385620292459e+02
3.027581631085447498e+02
8.923578247389469809e+00
1.130639430706862747e+01
9.602532679735393373e+00
1.114421747811236330e+01
8.923578247389473361e+00
1.130639430706861503e+01
9.602532679735409360e+00
1.114421747811238461e+01
2.129470327783509476e-01
1.619719819106426872e-01
1.869457756060707299e-01
1.675860377430723747e-01
2.129470327783506423e-01
1.619719819106425485e-01
1.869457756060707576e-01
1.675860377430721804e-01
2.870025745478888349e-02
2.444760812971347175e-02
2.671832513300680806e-02
2.475269571212580094e-02
2.870025745478893900e-02
2.444760812971341624e-02
2.671832513300679418e-02
2.475269571212589115e-02
9.559824110624693949e-01
9.313164737375695390e-01
9.489865105216104268e-01
9.322910638167318798e-01
9.559824110624730586e-01
9.313164737375733138e-01
9.489865105216078733e-01
9.322910638167318798e-01
8.237047779711647840e-04
5.976855432640323191e-04
7.138688979130632280e-04
6.126959450170910712e-04
8.237047779711681450e-04
5.976855432640295002e-04
7.138688979130624690e-04
6.126959450170955165e-04
