2.192194129406003924e+02
2.629481288076589749e+02
1.509368668300651279e+02
2.767293196129628541e+02
2.192194129406005914e+02
2.629481288076585201e+02
1.509368668300653269e+02
2.767293196129625699e+02
1.003478908289817362e+01
1.116704039318077157e+01
8.111376633986916218e+00
1.146866328776940946e+01
1.003478908289818783e+01
1.116704039318076624e+01
8.111376633986916218e+00
1.146866328776942012e+01
1.262910548806282229e-01
1.085224808128716634e-01
1.555384345390429801e-01
1.069894650664807573e-01
1.262910548806282229e-01
1.085224808128716217e-01
1.555384345390427858e-01
1.069894650664807295e-01
1.573427140330752386e-02
1.484365066742583845e-02
1.756029409978202699e-02
1.468663895638304927e-02
1.573427140330751692e-02
1.484365066742583152e-02
1.756029409978202005e-02
1.468663895638304406e-02
8.875307123519646790e-01
8.650157352050308335e-01
9.225538429727988543e-01
8.579256256417999715e-01
8.875307123519657893e-01
8.650157352050312776e-01
9.225538429727986323e-01
8.579256256418003046e-01
2.475672965929408774e-04
2.203339651365715393e-04
3.083639288708394321e-04
2.156973638351481718e-04
2.475672965929406606e-04
2.203339651365713496e-04
3.083639288708392152e-04
2.156973638351480363e-04
