3.197732743146219150e+02
3.708374852813184930e+02
2.041181270424830245e+02
4.256038498950495068e+02
3.197732743146214034e+02
3.708374852813187204e+02
2.041181270424833656e+02
4.256038498950491089e+02
1.287067558746736395e+01
1.395149746582706030e+01
1.024868259803919202e+01
1.502964214406389409e+01
1.287067558746736573e+01
1.395149746582704076e+01
1.024868259803918313e+01
1.502964214406389765e+01
9.048728550918924696e-02
8.098914985244135001e-02
1.103748297416499158e-01
7.705547732735384958e-02
9.048728550918921920e-02
8.098914985244128062e-02
1.103748297416498603e-01
7.705547732735389121e-02
1.284945623233602063e-02
1.227133863408298893e-02
1.400330729816547104e-02
1.192118140880432144e-02
1.284945623233601716e-02
1.227133863408299067e-02
1.400330729816548318e-02
1.192118140880431970e-02
9.071887621966383541e-01
8.925664408214420975e-01
9.408292073977249093e-01
8.767024818868442981e-01
9.071887621966390203e-01
8.925664408214432077e-01
9.408292073977236880e-01
8.767024818868450753e-01
1.651085254667190112e-04
1.505857518723377551e-04
1.960926152868543496e-04
1.421145661816217837e-04
1.651085254667189028e-04
1.505857518723378093e-04
1.960926152868546748e-04
1.421145661816217295e-04
