3.028661764705883570e+02
4.559085547534942862e+02
2.968419243635767657e+02
3.934540111605998050e+02
3.028661764705876749e+02
4.559085547534940019e+02
2.968419243635772773e+02
3.934540111605995207e+02
1.169595588235292283e+01
1.459547432550043844e+01
1.180516685704961155e+01
1.364136589361593188e+01
1.169595588235292638e+01
1.459547432550043844e+01
1.180516685704961688e+01
1.364136589361592655e+01
1.265288914897653161e-01
9.830277281692710589e-02
1.171460103337610553e-01
1.035327554098871977e-01
1.265288914897654271e-01
9.830277281692717528e-02
1.171460103337612219e-01
1.035327554098872532e-01
1.587294332927998222e-02
1.423067096528116485e-02
1.544939715891343636e-02
1.453854182229962974e-02
1.587294332927996487e-02
1.423067096528117179e-02
1.544939715891344850e-02
1.453854182229963321e-02
9.071341119723439483e-01
8.602983442891317667e-01
9.088765036700861000e-01
8.794369132856766358e-01
9.071341119723447255e-01
8.602983442891323218e-01
9.088765036700867661e-01
8.794369132856763027e-01
2.519503299345338750e-04
2.025119961220963477e-04
2.386838725738425586e-04
2.113691983187554219e-04
2.519503299345333871e-04
2.025119961220965645e-04
2.386838725738429381e-04
2.113691983187555574e-04
