1.549920514603615800e+02
4.742607666593460181e+02
3.441937378167639849e+02
4.256858592935749357e+02
1.549920514603616652e+02
4.742607666593468139e+02
3.441937378167640418e+02
4.256858592935744241e+02
5.080507649513212876e+00
1.097130517531659422e+01
9.417526455026454357e+00
1.037568538871519586e+01
5.080507649513211987e+00
1.097130517531659954e+01
9.417526455026456134e+00
1.037568538871519053e+01
4.395690074135966685e-01
3.035508195117843089e-01
3.229238899078664127e-01
3.102414394909820405e-01
4.395690074135966130e-01
3.035508195117844754e-01
3.229238899078662461e-01
3.102414394909819850e-01
4.849682487241586959e-02
3.939865503903750010e-02
4.075805483964922010e-02
3.948945545486674813e-02
4.849682487241586265e-02
3.939865503903751398e-02
4.075805483964924092e-02
3.948945545486672037e-02
9.813768482442397634e-01
9.430474582749843737e-01
9.586420144636595975e-01
9.488808520146629899e-01
9.813768482442406516e-01
9.430474582749851509e-01
9.586420144636592644e-01
9.488808520146632119e-01
2.351942022705774855e-03
1.552254018885075018e-03
1.661219034311853292e-03
1.559417092121905164e-03
2.351942022705773988e-03
1.552254018885076102e-03
1.661219034311854810e-03
1.559417092121902779e-03
