9.301920041128623495e+01
2.552520847163239353e+02
2.055953137771320200e+02
2.905727233321509857e+02
9.301920041128614969e+01
2.552520847163237647e+02
2.055953137771318779e+02
2.905727233321509857e+02
4.501215713551277808e+00
8.070730310002078411e+00
7.098646807737715392e+00
8.569698182181923585e+00
4.501215713551273367e+00
8.070730310002080188e+00
7.098646807737711839e+00
8.569698182181916479e+00
4.500579638422640971e-01
3.044552791407732495e-01
3.212796374091581031e-01
2.877342639086427623e-01
4.500579638422637641e-01
3.044552791407734160e-01
3.212796374091581586e-01
2.877342639086429288e-01
3.032171812916280643e-02
2.322584267027769100e-02
2.469215613671164183e-02
2.279716118855711765e-02
3.032171812916278214e-02
2.322584267027770141e-02
2.469215613671164530e-02
2.279716118855712806e-02
9.910884155870219869e-01
9.755802878496026009e-01
9.803307931373915762e-01
9.721970574925260511e-01
9.910884155870225420e-01
9.755802878496011576e-01
9.803307931373909101e-01
9.721970574925260511e-01
9.194065903044003037e-04
5.394397677444919600e-04
6.097025746797463336e-04
5.197105582570550001e-04
9.194065903043988942e-04
5.394397677444925021e-04
6.097025746797465505e-04
5.197105582570554338e-04
