7.359540764463740459e+01
1.889615686036993338e+02
1.379440571816312229e+02
2.095541704750264387e+02
7.359540764463736195e+01
1.889615686036994475e+02
1.379440571816313081e+02
2.095541704750265524e+02
2.794648332198274687e+00
5.794342154044938908e+00
4.739248642899053010e+00
6.031806685827774572e+00
2.794648332198273355e+00
5.794342154044944238e+00
4.739248642899061892e+00
6.031806685827772796e+00
6.305259647634459119e-01
3.362696797434004403e-01
3.869597068529855854e-01
3.305514026480261269e-01
6.305259647634464670e-01
3.362696797434011620e-01
3.869597068529861961e-01
3.305514026480261824e-01
7.870997455617571859e-02
3.450141369018179527e-02
3.716302503618788139e-02
3.448045544795762252e-02
7.870997455617576022e-02
3.450141369018181609e-02
3.716302503618789527e-02
3.448045544795762946e-02
9.914040158884289689e-01
9.779443083464547382e-01
9.838925053355161987e-01
9.755409789560757217e-01
9.914040158884294129e-01
9.779443083464549602e-01
9.838925053355161987e-01
9.755409789560757217e-01
6.195260094633829595e-03
1.190347546621063970e-03
1.381090429840327359e-03
1.188901807898590712e-03
6.195260094633834799e-03
1.190347546621065055e-03
1.381090429840328227e-03
1.188901807898591146e-03
