1.075608971236371190e+03
1.600297468612068315e+03
1.199713416898791593e+03
1.927476317304503709e+03
1.075608971236372099e+03
1.600297468612068542e+03
1.199713416898790911e+03
1.927476317304504619e+03
1.163157620041751628e+01
1.641750745808642264e+01
1.391592386258122716e+01
1.830509824902157590e+01
1.163157620041753759e+01
1.641750745808642264e+01
1.391592386258121650e+01
1.830509824902155813e+01
4.877650181553434550e-01
3.914134625160246572e-01
4.107691324185610560e-01
3.866045004359738302e-01
4.877650181553442321e-01
3.914134625160247682e-01
4.107691324185612225e-01
3.866045004359737747e-01
2.188657058257476029e-01
2.100642364131408424e-01
2.109575232188723448e-01
2.099609646250986117e-01
2.188657058257477972e-01
2.100642364131408146e-01
2.109575232188723171e-01
2.099609646250986117e-01
9.303209233461015026e-01
8.962923281915401441e-01
9.222241977378939914e-01
8.750893916843781595e-01
9.303209233461007255e-01
8.962923281915393670e-01
9.222241977378946576e-01
8.750893916843772713e-01
4.790219718660269216e-02
4.412698341983593148e-02
4.450307660264106457e-02
4.408360666630190688e-02
4.790219718660277542e-02
4.412698341983591066e-02
4.450307660264105070e-02
4.408360666630191382e-02
