9.879294475365905726e+01
3.600211420096025563e+02
2.646178376147737481e+02
2.588163575382040449e+02
9.879294475365898620e+01
3.600211420096019879e+02
2.646178376147735776e+02
2.588163575382040449e+02
3.820403009688723817e+00
1.042098490447078696e+01
9.275477148457653698e+00
9.218257269988267666e+00
3.820403009688721596e+00
1.042098490447078341e+01
9.275477148457650145e+00
9.218257269988280100e+00
4.251418292259420695e-01
1.629820478527618799e-01
1.734466017435794261e-01
1.714060290606887471e-01
4.251418292259424025e-01
1.629820478527617134e-01
1.734466017435792040e-01
1.714060290606888859e-01
3.324735100897076301e-02
1.745198682434336707e-02
1.821413792552564748e-02
1.800171707196506279e-02
3.324735100897072831e-02
1.745198682434334278e-02
1.821413792552565789e-02
1.800171707196506626e-02
9.708087173185571128e-01
8.937644168562751679e-01
9.218805100953191278e-01
9.236268521020974953e-01
9.708087173185577790e-01
8.937644168562761671e-01
9.218805100953200160e-01
9.236268521020966071e-01
1.105386349113709164e-03
3.045718441170544750e-04
3.317548203700717560e-04
3.240618175390783725e-04
1.105386349113706779e-03
3.045718441170536619e-04
3.317548203700721354e-04
3.240618175390785351e-04
