1.127430002324451124e+02
3.048180619112064278e+02
2.616805361675127983e+02
3.591075329843403097e+02
1.127430002324451266e+02
3.048180619112065983e+02
2.616805361675128552e+02
3.591075329843402528e+02
2.467597679775162423e+00
4.984753052366152737e+00
4.657135681049074272e+00
5.618327558675945355e+00
2.467597679775158870e+00
4.984753052366157178e+00
4.657135681049074272e+00
5.618327558675948907e+00
7.527043693251782575e-01
6.540822665828089910e-01
6.573977640298158676e-01
6.396742242704974712e-01
7.527043693251784795e-01
6.540822665828092131e-01
6.573977640298158676e-01
6.396742242704975823e-01
4.804254669587311177e-01
4.774128314736641454e-01
4.779619817173670349e-01
4.771863560774148305e-01
4.804254669587310067e-01
4.774128314736642009e-01
4.779619817173670349e-01
4.771863560774148305e-01
9.944572643923951238e-01
9.850208327680266551e-01
9.871381061912577470e-01
9.823529755516883233e-01
9.944572643923951238e-01
9.850208327680266551e-01
9.871381061912577470e-01
9.823529755516888784e-01
2.308086293025148616e-01
2.279230116557012242e-01
2.284476559671927143e-01
2.277068184264413320e-01
2.308086293025147506e-01
2.279230116557013075e-01
2.284476559671927143e-01
2.277068184264413320e-01
