4.450545445260037809e+02
5.989681769312404640e+02
3.783725318211801891e+02
6.244919981568540379e+02
4.450545445260041220e+02
5.989681769312390998e+02
3.783725318211796207e+02
6.244919981568534695e+02
1.411212214051736957e+01
1.646451645932225105e+01
1.280389197128012135e+01
1.690358879844056261e+01
1.411212214051736957e+01
1.646451645932220131e+01
1.280389197128012668e+01
1.690358879844044537e+01
1.137775489299193837e-01
9.921242617676727382e-02
1.283166126982172583e-01
9.570654901896892552e-02
1.137775489299195641e-01
9.921242617676706566e-02
1.283166126982174804e-01
9.570654901896823163e-02
1.586934227597523034e-02
1.470435287170671936e-02
1.628704328613396132e-02
1.463427839941212893e-02
1.586934227597519564e-02
1.470435287170667772e-02
1.628704328613395438e-02
1.463427839941207516e-02
9.168501181057027161e-01
8.874225618743483146e-01
9.287729917928285728e-01
8.826048371229466838e-01
9.168501181056949445e-01
8.874225618743492028e-01
9.287729917928247980e-01
8.826048371229540113e-01
2.518360242720547090e-04
2.162179933756696389e-04
2.652677790044013161e-04
2.141621042715004242e-04
2.518360242720536248e-04
2.162179933756684192e-04
2.652677790044011535e-04
2.141621042714988521e-04
