6.075223665959529171e+02
8.217492039113300279e+02
6.700774714052281524e+02
1.063667895356577674e+03
6.075223665959526897e+02
8.217492039113305964e+02
6.700774714052276977e+02
1.063667895356576992e+03
1.369454756853785149e+01
1.626179286335946017e+01
1.423063725490192866e+01
1.772371883479243593e+01
1.369454756853785149e+01
1.626179286335945662e+01
1.423063725490193221e+01
1.772371883479242172e+01
3.369971820422485997e-01
2.880339390532591359e-01
3.070500102623101579e-01
2.944681309749734854e-01
3.369971820422483222e-01
2.880339390532593580e-01
3.070500102623103245e-01
2.944681309749729858e-01
5.845093698902557866e-02
4.834775205881446797e-02
4.996030056753878595e-02
4.931005143490300308e-02
5.845093698902555784e-02
4.834775205881450266e-02
4.996030056753873738e-02
4.931005143490294756e-02
9.003785618444910543e-01
8.651421875611181589e-01
8.900482519914015844e-01
8.254363429927461526e-01
9.003785618444917205e-01
8.651421875611180479e-01
8.900482519914016954e-01
8.254363429927449314e-01
3.416512034895038269e-03
2.337505129140598960e-03
2.496031632798816503e-03
2.431481172512779763e-03
3.416512034895036101e-03
2.337505129140601996e-03
2.496031632798811298e-03
2.431481172512774559e-03
