1.810026925587467588e+02
3.024524138637179931e+02
2.231004084967318875e+02
3.006759330364000675e+02
1.810026925587465314e+02
3.024524138637174815e+02
2.231004084967315180e+02
3.006759330364001244e+02
7.571067232375985334e+00
9.866103517124862776e+00
8.236192810457502844e+00
9.884144780627657667e+00
7.571067232375979117e+00
9.866103517124873434e+00
8.236192810457492186e+00
9.884144780627654114e+00
2.790471651700650590e-01
2.316795337873339411e-01
2.676701318007930763e-01
2.262333454963832702e-01
2.790471651700645039e-01
2.316795337873339411e-01
2.676701318007927433e-01
2.262333454963834645e-01
2.532302264641029740e-02
2.220467995857206001e-02
2.415489310626202715e-02
2.183465333990585941e-02
2.532302264641027312e-02
2.220467995857204960e-02
2.415489310626200287e-02
2.183465333990585247e-02
9.764358932888070886e-01
9.606303956632725738e-01
9.709545025348235159e-01
9.608618067161460718e-01
9.764358932888059783e-01
9.606303956632737950e-01
9.709545025348231828e-01
9.608618067161451837e-01
6.412554759506088661e-04
4.930478120626117459e-04
5.834588609749447909e-04
4.767520864738621338e-04
6.412554759506075650e-04
4.930478120626113122e-04
5.834588609749437067e-04
4.767520864738618628e-04
