1.043661151960783116e+02
1.621636614959298299e+02
1.051945373694518224e+02
1.574456663082987404e+02
1.043661151960783542e+02
1.621636614959298583e+02
1.051945373694517656e+02
1.574456663082986267e+02
4.991687091503261620e+00
6.432027850304613104e+00
4.975868962140991059e+00
6.007996723493569391e+00
4.991687091503264284e+00
6.432027850304605998e+00
4.975868962140993723e+00
6.007996723493572055e+00
4.189460456201811178e-01
3.573985155332916608e-01
4.095872531489819224e-01
3.842843246314040506e-01
4.189460456201815064e-01
3.573985155332916608e-01
4.095872531489823110e-01
3.842843246314036620e-01
6.112217925070265873e-02
5.430008302060419789e-02
5.975268654281912922e-02
5.609428755710464676e-02
6.112217925070267954e-02
5.430008302060414932e-02
5.975268654281909453e-02
5.609428755710457737e-02
9.805026130082403757e-01
9.697230950320888665e-01
9.803484042799687215e-01
9.705904199724216808e-01
9.805026130082409308e-01
9.697230950320887555e-01
9.803484042799688325e-01
9.705904199724233461e-01
3.735920796355026840e-03
2.948499016044507995e-03
3.570383549084398065e-03
3.146569096539144836e-03
3.735920796355029008e-03
2.948499016044502791e-03
3.570383549084393728e-03
3.146569096539137463e-03
