2.605431421344646878e+02
4.841210976296529225e+02
3.966700878267969870e+02
5.073072543900069036e+02
2.605431421344648584e+02
4.841210976296520130e+02
3.966700878267973280e+02
5.073072543900069036e+02
7.856968015665803051e+00
1.157713612860289842e+01
1.086171364379084103e+01
1.212744586085087484e+01
7.856968015665804828e+00
1.157713612860288421e+01
1.086171364379084991e+01
1.212744586085088372e+01
3.412257389920306805e-01
1.874063500628861956e-01
1.985214905811365504e-01
1.953667877625284988e-01
3.412257389920306250e-01
1.874063500628861123e-01
1.985214905811364117e-01
1.953667877625286098e-01
2.445177677923997261e-02
1.645707265138726672e-02
1.703588102693980727e-02
1.687683167728986494e-02
2.445177677924000731e-02
1.645707265138725631e-02
1.703588102693982462e-02
1.687683167728986841e-02
9.528769807637592626e-01
9.122737046347535461e-01
9.281119797595410725e-01
9.080810719007057497e-01
9.528769807637594846e-01
9.122737046347525469e-01
9.281119797595416276e-01
9.080810719007067489e-01
5.978893876617790825e-04
2.708352402530386869e-04
2.902212423640477342e-04
2.848274474635746861e-04
5.978893876617808172e-04
2.708352402530383616e-04
2.902212423640483305e-04
2.848274474635747945e-04
