1.588148559889034175e+02
2.797816618031023950e+02
2.498457312091499603e+02
3.085760610249321303e+02
1.588148559889036164e+02
2.797816618031023381e+02
2.498457312091502160e+02
3.085760610249324145e+02
6.750132588120109745e+00
9.432734347002503128e+00
8.906944444444416575e+00
9.873619003737262645e+00
6.750132588120111521e+00
9.432734347002519115e+00
8.906944444444434339e+00
9.873619003737271527e+00
3.852496063391245285e-01
2.905961266519630493e-01
3.075260532678093517e-01
2.874359571068729191e-01
3.852496063391243619e-01
2.905961266519631603e-01
3.075260532678097403e-01
2.874359571068727526e-01
5.020852767761235097e-02
3.862456238676457293e-02
4.076282127346814860e-02
3.867196847495100315e-02
5.020852767761235097e-02
3.862456238676457987e-02
4.076282127346819023e-02
3.867196847495098233e-02
9.801235736105724516e-01
9.650756057692402301e-01
9.688048583251521739e-01
9.614771013613426787e-01
9.801235736105716745e-01
9.650756057692403411e-01
9.688048583251522849e-01
9.614771013613430117e-01
2.520896251553565639e-03
1.491856819569068598e-03
1.661607598172707605e-03
1.495521145727604119e-03
2.520896251553565639e-03
1.491856819569069032e-03
1.661607598172711074e-03
1.495521145727602601e-03
