3.930695057188468127e+02
7.639532893052034979e+02
6.275905576860430983e+02
7.854461577841748294e+02
3.930695057188471537e+02
7.639532893052029294e+02
6.275905576860494648e+02
7.854461577841714188e+02
1.064987745097659833e+01
1.518412942200209237e+01
1.344216098237646229e+01
1.519640608201322429e+01
1.064987745097657879e+01
1.518412942200206928e+01
1.344216098237641077e+01
1.519640608201327581e+01
3.150072055297163387e-01
2.403596648760747689e-01
2.614694556002741255e-01
2.368923474647073035e-01
3.150072055297161167e-01
2.403596648760731314e-01
2.614694556002767900e-01
2.368923474647064431e-01
2.473104885352990154e-02
2.034732944486960377e-02
2.218839264681242082e-02
2.054449657546822752e-02
2.473104885352991889e-02
2.034732944486954825e-02
2.218839264681246592e-02
2.054449657546822405e-02
9.502617416408802864e-01
9.035576365788903219e-01
9.207384385433864393e-01
9.008423710989079680e-01
9.502617416408958295e-01
9.035576365788871023e-01
9.207384385433973195e-01
9.008423710989083011e-01
6.116247773956826148e-04
4.140138155380575181e-04
4.923247682491195239e-04
4.220763395394257797e-04
6.116247773956835906e-04
4.140138155380552955e-04
4.923247682491214755e-04
4.220763395394255628e-04
