4.207393011586161720e+02
5.601176777760712184e+02
5.121176266339867880e+02
7.189448727793990201e+02
4.207393011586166836e+02
5.601176777760709911e+02
5.121176266339871290e+02
7.189448727793989065e+02
1.100947495104438545e+01
1.341914708442124216e+01
1.272904411764704058e+01
1.461572723084011116e+01
1.100947495104439611e+01
1.341914708442123505e+01
1.272904411764704413e+01
1.461572723084011649e+01
3.172850479405202040e-01
2.139572304421821503e-01
2.215042014753033361e-01
2.113917221194611951e-01
3.172850479405202040e-01
2.139572304421820670e-01
2.215042014753037247e-01
2.113917221194614449e-01
3.282771039674650670e-02
2.537821630320837366e-02
2.627734013625754664e-02
2.561375834186287170e-02
3.282771039674655528e-02
2.537821630320835284e-02
2.627734013625755705e-02
2.561375834186288558e-02
9.143538316518986520e-01
8.861793312205825668e-01
8.960241053645323639e-01
8.539004912194774199e-01
9.143538316518982079e-01
8.861793312205814566e-01
8.960241053645332521e-01
8.539004912194780861e-01
1.077658569892658673e-03
6.440538627324312931e-04
6.904986046365717148e-04
6.560646163953498403e-04
1.077658569892661925e-03
6.440538627324303173e-04
6.904986046365723653e-04
6.560646163953504908e-04
