1.305541094898965184e+02
2.669814522450245704e+02
2.009110166628051104e+02
2.931591663483213779e+02
1.305541094898964332e+02
2.669814522450246841e+02
2.009110166628051104e+02
2.931591663483213779e+02
2.179840484048406690e+00
3.852868804757656918e+00
3.348463565801671038e+00
4.062753277913033756e+00
2.179840484048405358e+00
3.852868804757654697e+00
3.348463565801671482e+00
4.062753277913033756e+00
8.196312290666331046e-01
7.055473909202097937e-01
7.242931885330539110e-01
7.030739670279371190e-01
8.196312290666332157e-01
7.055473909202100158e-01
7.242931885330535779e-01
7.030739670279371190e-01
7.457782753505275142e-02
6.121697060899165127e-02
6.360415250894495276e-02
6.125558176116922132e-02
7.457782753505273754e-02
6.121697060899167903e-02
6.360415250894495276e-02
6.125558176116921438e-02
9.735041468410703391e-01
9.458525508667934290e-01
9.592367035274717013e-01
9.405431549203834285e-01
9.735041468410692289e-01
9.458525508667922077e-01
9.592367035274739218e-01
9.405431549203828734e-01
5.561852359848071421e-03
3.747517490542147389e-03
4.045488216381129022e-03
3.752246296899287587e-03
5.561852359848069687e-03
3.747517490542151292e-03
4.045488216381128155e-03
3.752246296899286286e-03
