5.564176133765060683e+01
1.432992517469318727e+02
9.795686145284143720e+01
1.417915300611540488e+02
5.564176133765070631e+01
1.432992517469317022e+02
9.795686145284143720e+01
1.417915300611542762e+02
2.818400014635125128e+00
5.733293504694219500e+00
4.587210749853555036e+00
5.577214108867797115e+00
2.818400014635129125e+00
5.733293504694224829e+00
4.587210749853552372e+00
5.577214108867795339e+00
5.780731129756832010e-01
3.840332097088920427e-01
4.338363430438227364e-01
3.924281491967737123e-01
5.780731129756839781e-01
3.840332097088924312e-01
4.338363430438225699e-01
3.924281491967741009e-01
8.077371970351000796e-02
7.298044445251133938e-02
7.696383252011033960e-02
7.331138849692293846e-02
8.077371970351013286e-02
7.298044445251138101e-02
7.696383252011032572e-02
7.331138849692296622e-02
9.928776628849628194e-01
9.816619736081383385e-01
9.874585311130175125e-01
9.818527734087540981e-01
9.928776628849629304e-01
9.816619736081378944e-01
9.874585311130177345e-01
9.818527734087537651e-01
6.524393794741200660e-03
5.326145272486092729e-03
5.923431516183593100e-03
5.374559683346764698e-03
6.524393794741221476e-03
5.326145272486098800e-03
5.923431516183592233e-03
5.374559683346768167e-03
