1.250030483736445319e+02
4.563777939688997662e+02
3.819941593658740544e+02
4.299931503203023908e+02
1.250030483736446030e+02
4.563777939689002210e+02
3.819941593658743386e+02
4.299931503203023340e+02
3.522429107589654773e+00
7.597485806382250573e+00
6.409286608260329920e+00
6.999301670875079928e+00
3.522429107589656549e+00
7.597485806382247020e+00
6.409286608260329032e+00
6.999301670875080816e+00
5.670734140996250838e-01
3.839982120362936402e-01
4.261420018991363690e-01
3.955102150583578724e-01
5.670734140996253059e-01
3.839982120362939177e-01
4.261420018991368130e-01
3.955102150583578724e-01
3.795691635683864917e-02
2.860485647821136082e-02
3.045333393688492638e-02
2.878721206892368226e-02
3.795691635683867693e-02
2.860485647821137123e-02
3.045333393688494025e-02
2.878721206892368920e-02
9.868840082914516199e-01
9.521259987601891073e-01
9.599095122305116856e-01
9.548950278991342744e-01
9.868840082914510647e-01
9.521259987601895514e-01
9.599095122305113525e-01
9.548950278991353846e-01
1.440727499320045317e-03
8.182378141390703749e-04
9.274055478714271147e-04
8.287035787011852494e-04
1.440727499320047268e-03
8.182378141390710255e-04
9.274055478714279821e-04
8.287035787011857915e-04
