1.999167932556043183e+02
5.949096919787787101e+02
4.382821259220234538e+02
5.692546387943093578e+02
1.999167932556043183e+02
5.949096919787791649e+02
4.382821259220235106e+02
5.692546387943093578e+02
4.963279343973381330e+00
9.785150579354397138e+00
7.743216543730243373e+00
9.128553329638133818e+00
4.963279343973376889e+00
9.785150579354395362e+00
7.743216543730247814e+00
9.128553329638139147e+00
5.826879175320778259e-01
4.937120352283149716e-01
5.485956605000131825e-01
5.106442959624325484e-01
5.826879175320776039e-01
4.937120352283152491e-01
5.485956605000134045e-01
5.106442959624327704e-01
3.041406026708364796e-01
2.995448083700307795e-01
3.066753600556194614e-01
3.001500162631638435e-01
3.041406026708363686e-01
2.995448083700308350e-01
3.066753600556195725e-01
3.001500162631638990e-01
9.835115966667478116e-01
9.509716112252843967e-01
9.638230073466192982e-01
9.530859283793101655e-01
9.835115966667481446e-01
9.509716112252857290e-01
9.638230073466190762e-01
9.530859283793098324e-01
9.250150619297962951e-02
8.972709222143844532e-02
9.404977646524383117e-02
9.009003226277752241e-02
9.250150619297957399e-02
8.972709222143850083e-02
9.404977646524390056e-02
9.009003226277756404e-02
