3.388758059118792971e+02
9.613584777514060988e+02
7.341634813049297463e+02
9.262071261176521375e+02
3.388758059118794108e+02
9.613584777514047346e+02
7.341634813049298600e+02
9.262071261176529333e+02
8.654917270868192958e+00
1.682728792560414632e+01
1.406531357068372579e+01
1.614849312614748200e+01
8.654917270868180523e+00
1.682728792560414632e+01
1.406531357068371690e+01
1.614849312614749266e+01
3.026630047349579966e-01
1.896276100967265177e-01
2.311824752300687125e-01
1.918483453216507928e-01
3.026630047349584962e-01
1.896276100967266010e-01
2.311824752300689068e-01
1.918483453216509316e-01
3.102560075864914738e-02
2.342374872504308925e-02
2.716139716486829295e-02
2.327811717439899966e-02
3.102560075864914738e-02
2.342374872504306149e-02
2.716139716486830682e-02
2.327811717439899966e-02
9.607480900878606622e-01
8.886966334588329852e-01
9.149330871342538085e-01
8.927670259027865596e-01
9.607480900878596630e-01
8.886966334588324301e-01
9.149330871342533644e-01
8.927670259027874478e-01
9.625879024350906220e-04
5.486720043339577205e-04
7.377414959477153868e-04
5.418707391850496099e-04
9.625879024350905136e-04
5.486720043339565278e-04
7.377414959477161457e-04
5.418707391850497183e-04
