7.156137147494422379e+01
1.740689518970650909e+02
1.343226630632268268e+02
1.816564183659553464e+02
7.156137147494420958e+01
1.740689518970652330e+02
1.343226630632267131e+02
1.816564183659549485e+02
3.056478923794808455e+00
5.672986428425293326e+00
4.932614348655524061e+00
5.797226295210167635e+00
3.056478923794808900e+00
5.672986428425289773e+00
4.932614348655528502e+00
5.797226295210165858e+00
5.770889407526387238e-01
4.195405973312782977e-01
4.438892628666623597e-01
4.196155923336287175e-01
5.770889407526389459e-01
4.195405973312782977e-01
4.438892628666622486e-01
4.196155923336287730e-01
5.041406411371561480e-02
3.825854575479269160e-02
3.971760343110999902e-02
3.819329522069164068e-02
5.041406411371562174e-02
3.825854575479269160e-02
3.971760343110998515e-02
3.819329522069164068e-02
9.909054518042677007e-01
9.778864520015011497e-01
9.829344944241291682e-01
9.769248347611743100e-01
9.909054518042673676e-01
9.778864520015023709e-01
9.829344944241293902e-01
9.769248347611750871e-01
2.541577860461828250e-03
1.463716323271565872e-03
1.577488022310920626e-03
1.458727799814906953e-03
2.541577860461829552e-03
1.463716323271566089e-03
1.577488022310919759e-03
1.458727799814906953e-03
