1.433273061001326028e+02
4.052256091268500313e+02
2.934034819683780029e+02
3.331969560560391415e+02
1.433273061001326312e+02
4.052256091268498039e+02
2.934034819683781734e+02
3.331969560560393120e+02
4.602106750548518477e+00
9.354199212147307207e+00
7.756084562089184509e+00
8.078489913421599056e+00
4.602106750548521141e+00
9.354199212147317866e+00
7.756084562089177403e+00
8.078489913421609714e+00
4.691594100223595021e-01
2.834547938030456682e-01
3.115490650442194198e-01
3.069609669769357563e-01
4.691594100223596131e-01
2.834547938030456127e-01
3.115490650442194753e-01
3.069609669769359228e-01
5.327420270836402683e-02
4.053887368460478563e-02
4.181436679288860758e-02
4.090543295394434564e-02
5.327420270836404070e-02
4.053887368460476481e-02
4.181436679288860064e-02
4.090543295394438034e-02
9.857142366775538678e-01
9.596618860309139576e-01
9.707794281169564998e-01
9.668337308737248170e-01
9.857142366775552000e-01
9.596618860309135135e-01
9.707794281169562778e-01
9.668337308737248170e-01
2.838140674211861100e-03
1.643400279616342606e-03
1.748441270290225632e-03
1.673254445149636007e-03
2.838140674211862835e-03
1.643400279616340654e-03
1.748441270290225199e-03
1.673254445149638826e-03
