2.655926426564029725e+02
5.237027366655580636e+02
4.224548654966590675e+02
5.396337127425149447e+02
2.655926426564026883e+02
5.237027366655576088e+02
4.224548654966592380e+02
5.396337127425148310e+02
8.772034864776802721e+00
1.304363524210433489e+01
1.162192007211539035e+01
1.320722980318387130e+01
8.772034864776793839e+00
1.304363524210434910e+01
1.162192007211539391e+01
1.320722980318387307e+01
3.664326373373710810e-01
2.765463444519536407e-01
3.012747479509669257e-01
2.812126640294814739e-01
3.664326373373710255e-01
2.765463444519535852e-01
3.012747479509672033e-01
2.812126640294815294e-01
3.203330710882010962e-02
2.453966113501408405e-02
2.674367880608769649e-02
2.517225822144440392e-02
3.203330710882010268e-02
2.453966113501409099e-02
2.674367880608771036e-02
2.517225822144440045e-02
9.704323186555778857e-01
9.417426740013425945e-01
9.529951961688887252e-01
9.399680719241071403e-01
9.704323186555781078e-01
9.417426740013415953e-01
9.529951961688899464e-01
9.399680719241084725e-01
1.026132764327984930e-03
6.021949686213207533e-04
7.152243560831841873e-04
6.336425839670754498e-04
1.026132764327984496e-03
6.021949686213210785e-04
7.152243560831849463e-04
6.336425839670751245e-04
