4.375007139360317296e+02
6.301242410280040076e+02
3.336929840686277657e+02
6.011500639942669295e+02
4.375007139360314454e+02
6.301242410280044624e+02
3.336929840686274247e+02
6.011500639942665885e+02
1.209185296997389614e+01
1.480571340807863834e+01
1.057529616013070850e+01
1.460026621614704645e+01
1.209185296997388370e+01
1.480571340807865077e+01
1.057529616013070140e+01
1.460026621614704467e+01
1.868212996120036939e-01
1.491887729285414355e-01
1.956959155422880181e-01
1.518304338502721451e-01
1.868212996120034441e-01
1.491887729285414077e-01
1.956959155422878238e-01
1.518304338502722006e-01
1.552207095492982511e-02
1.390252135445921820e-02
1.641210289978681930e-02
1.396143495956513915e-02
1.552207095492981817e-02
1.390252135445922514e-02
1.641210289978679154e-02
1.396143495956513048e-02
9.517268734596920909e-01
9.304685200274867007e-01
9.631852527078017534e-01
9.336694638200724317e-01
9.517268734596932012e-01
9.304685200274867007e-01
9.631852527078014203e-01
9.336694638200715435e-01
2.409346867298761111e-04
1.932801000111945768e-04
2.693571215931908820e-04
1.949216661301676539e-04
2.409346867298758942e-04
1.932801000111947665e-04
2.693571215931900146e-04
1.949216661301674100e-04
