4.933549383975414457e+02
9.006980494546455702e+02
7.158172794115073430e+02
9.450556289355176887e+02
4.933549383975392857e+02
9.006980494546281761e+02
7.158172794114885846e+02
9.450556289355109811e+02
1.227807808420423363e+01
1.763222239287116722e+01
1.556323529411112361e+01
1.785917165821675567e+01
1.227807808420422830e+01
1.763222239287062365e+01
1.556323529411105078e+01
1.785917165821642527e+01
2.031684593302304775e-01
1.400899985313905916e-01
1.667322425600208935e-01
1.393020871684783335e-01
2.031684593302298392e-01
1.400899985313862894e-01
1.667322425600182567e-01
1.393020871684743922e-01
1.429222802692313443e-02
1.159446241443792304e-02
1.288175839475824529e-02
1.157110110283575757e-02
1.429222802692309627e-02
1.159446241443770793e-02
1.288175839475792610e-02
1.157110110283556849e-02
9.272688076720372319e-01
8.671272147169055700e-01
8.945861387704217016e-01
8.605495113528924822e-01
9.272688076720396744e-01
8.671272147169036826e-01
8.945861387704181489e-01
8.605495113528860429e-01
2.042677819735671716e-04
1.344315586798136618e-04
1.659396993409245375e-04
1.338903807320468897e-04
2.042677819735660603e-04
1.344315586798087016e-04
1.659396993409162975e-04
1.338903807320425258e-04
