3.391423815359477771e+02
7.213553268827125748e+02
4.971886830939953370e+02
5.601600368606974598e+02
3.391423815359477203e+02
7.213553268827126885e+02
4.971886830939956212e+02
5.601600368606978009e+02
1.108417075163398557e+01
1.602713356883225515e+01
1.321917836161880544e+01
1.436100957354222274e+01
1.108417075163397847e+01
1.602713356883225515e+01
1.321917836161882676e+01
1.436100957354223162e+01
1.694865397715409339e-01
1.257696340887030362e-01
1.503669072889882996e-01
1.325464792757450327e-01
1.694865397715408784e-01
1.257696340887028974e-01
1.503669072889884106e-01
1.325464792757450883e-01
1.307848396563197728e-02
1.109541023435740500e-02
1.223085196708955519e-02
1.146019580615701208e-02
1.307848396563197728e-02
1.109541023435740847e-02
1.223085196708956039e-02
1.146019580615701729e-02
9.536801655731597105e-01
9.015216408433565087e-01
9.321173704743701549e-01
9.235213885962447744e-01
9.536801655731591554e-01
9.015216408433567308e-01
9.321173704743710431e-01
9.235213885962435532e-01
1.710467428392927381e-04
1.231081282686830568e-04
1.495937398408584470e-04
1.313360879154587850e-04
1.710467428392927381e-04
1.231081282686831110e-04
1.495937398408585554e-04
1.313360879154588934e-04
