4.712191987597915386e+02
7.697240464854352240e+02
5.292601715686283796e+02
7.646503353299555101e+02
4.712191987597917091e+02
7.697240464854362472e+02
5.292601715686278112e+02
7.646503353299548280e+02
1.307439213446477311e+01
1.690082424614755396e+01
1.402354983660131715e+01
1.701294220037885196e+01
1.307439213446476423e+01
1.690082424614756462e+01
1.402354983660131005e+01
1.701294220037886262e+01
1.695997297876206122e-01
1.361420616199787714e-01
1.594473017455030339e-01
1.359082123717456070e-01
1.695997297876207233e-01
1.361420616199787714e-01
1.594473017455030894e-01
1.359082123717455792e-01
2.019609124986368118e-02
1.762286514220048894e-02
1.980128655570058058e-02
1.774379835312328221e-02
2.019609124986368118e-02
1.762286514220049588e-02
1.980128655570057711e-02
1.774379835312327527e-02
9.423036268156347317e-01
9.057433468127962239e-01
9.351652159310802626e-01
9.063820829247174471e-01
9.423036268156363970e-01
9.057433468127964460e-01
9.351652159310810397e-01
9.063820829247172250e-01
4.078821017728202964e-04
3.105653758201850365e-04
3.920909492609685990e-04
3.148423799963004496e-04
4.078821017728204048e-04
3.105653758201853075e-04
3.920909492609684906e-04
3.148423799963002870e-04
