5.648204452612553723e+02
8.090238468233053482e+02
6.394279638544277304e+02
1.091870168432853006e+03
5.648204452612557134e+02
8.090238468233031881e+02
6.394279638544226145e+02
1.091870168432869605e+03
1.287232434640013956e+01
1.606737316336338850e+01
1.450904658942549297e+01
1.841163159780747094e+01
1.287232434640011824e+01
1.606737316336333166e+01
1.450904658942547165e+01
1.841163159780747449e+01
2.198802555857808094e-01
1.782466819628089616e-01
1.976879994572846300e-01
1.723399345513271508e-01
2.198802555857813090e-01
1.782466819628087951e-01
1.976879994572837973e-01
1.723399345513282332e-01
3.032554185394093632e-02
2.581552135162206926e-02
2.833525675627724533e-02
2.541654420789681706e-02
3.032554185394090510e-02
2.581552135162215253e-02
2.833525675627729390e-02
2.541654420789694890e-02
9.497321558972869893e-01
9.279874980340192536e-01
9.430377806695111609e-01
9.028156234782551692e-01
9.497321558972912081e-01
9.279874980340113710e-01
9.430377806694998366e-01
9.028156234782446221e-01
9.196384887351234097e-04
6.664411426560549762e-04
8.028867754441553362e-04
6.460007194719731907e-04
9.196384887351215665e-04
6.664411426560593130e-04
8.028867754441579383e-04
6.460007194719799128e-04
