3.089774737167595617e+02
7.712878383057445717e+02
5.672054730217687393e+02
7.183308820109442649e+02
3.089774737167595617e+02
7.712878383057447991e+02
5.672054730217688530e+02
7.183308820109456292e+02
5.794140383426097607e+00
1.159155766636864549e+01
9.872882492520394848e+00
1.101765882346860081e+01
5.794140383426101160e+00
1.159155766636864726e+01
9.872882492520394848e+00
1.101765882346862213e+01
6.005478105934629607e-01
4.015132018034509032e-01
4.164976739642958781e-01
4.042226142606040740e-01
6.005478105934635158e-01
4.015132018034507921e-01
4.164976739642959336e-01
4.042226142606046291e-01
4.780234899676226445e-02
3.425455269923395607e-02
3.521942009712503846e-02
3.417528702777136024e-02
4.780234899676226445e-02
3.425455269923393525e-02
3.521942009712501070e-02
3.417528702777136024e-02
9.453221658121727655e-01
8.631540929512099281e-01
8.994531285683671218e-01
8.725572670595900249e-01
9.453221658121723214e-01
8.631540929512093729e-01
8.994531285683670108e-01
8.725572670595898028e-01
2.285064569608258409e-03
1.173374380624596543e-03
1.240407551977774914e-03
1.167950243430557243e-03
2.285064569608258409e-03
1.173374380624594808e-03
1.240407551977773179e-03
1.167950243430557243e-03
