3.316516472945888836e+02
8.061942680541815207e+02
5.454231004016065754e+02
7.485996410491666211e+02
3.316516472945889973e+02
8.061942680541806112e+02
5.454231004016056659e+02
7.485996410491668485e+02
6.879911823647291591e+00
1.406655882045215300e+01
1.141908433734938200e+01
1.348053536792460960e+01
6.879911823647292479e+00
1.406655882045214412e+01
1.141908433734939088e+01
1.348053536792461493e+01
4.762279083371634969e-01
2.793796648364938462e-01
3.072072413140625180e-01
2.839566319846424935e-01
4.762279083371634969e-01
2.793796648364936797e-01
3.072072413140624625e-01
2.839566319846424935e-01
4.784883217927806548e-02
3.735163690753237620e-02
3.951571482177079764e-02
3.711641974725553295e-02
4.784883217927809324e-02
3.735163690753234844e-02
3.951571482177080458e-02
3.711641974725553295e-02
9.614277387167333710e-01
9.062361231304455478e-01
9.365699169123451462e-01
9.129351968605142753e-01
9.614277387167339262e-01
9.062361231304458808e-01
9.365699169123453682e-01
9.129351968605149414e-01
2.289510740920716082e-03
1.395144779672134868e-03
1.561491717875516114e-03
1.377628614854460630e-03
2.289510740920718684e-03
1.395144779672132700e-03
1.561491717875516765e-03
1.377628614854460630e-03
