1.286830253218679445e+02
2.817891676400383290e+02
2.197247274340767831e+02
2.906156683256308497e+02
1.286830253218679161e+02
2.817891676400383858e+02
2.197247274340769536e+02
2.906156683256310771e+02
3.564764755253612805e+00
6.772834035853941614e+00
6.009907454361046675e+00
6.721871667259147642e+00
3.564764755253613249e+00
6.772834035853940726e+00
6.009907454361047563e+00
6.721871667259157412e+00
5.271585439565656950e-01
3.364538398362010296e-01
3.602760913897808392e-01
3.446064233439118385e-01
5.271585439565652509e-01
3.364538398362008631e-01
3.602760913897811723e-01
3.446064233439113389e-01
3.480054431925588831e-02
2.485885788118523398e-02
2.671435063006606658e-02
2.580904969487801681e-02
3.480054431925588831e-02
2.485885788118522705e-02
2.671435063006606658e-02
2.580904969487803069e-02
9.817001285579524117e-01
9.599875997428416463e-01
9.687942307654877627e-01
9.587339505151952768e-01
9.817001285579523007e-01
9.599875997428415353e-01
9.687942307654872076e-01
9.587339505151961649e-01
1.211077884916493238e-03
6.179628151569651522e-04
7.136565295861113049e-04
6.661070461526830046e-04
1.211077884916493454e-03
6.179628151569648269e-04
7.136565295861111964e-04
6.661070461526837636e-04
