4.236223694097852785e+02
7.696809559332274375e+02
5.172067928605190446e+02
6.606695296283857033e+02
4.236223694097851080e+02
7.696809559332267554e+02
5.172067928605192719e+02
6.606695296283861580e+02
9.070734022975063482e+00
1.344322118125905696e+01
1.129284926511961551e+01
1.248993606227448616e+01
9.070734022975065258e+00
1.344322118125906229e+01
1.129284926511962439e+01
1.248993606227448794e+01
3.328267507980847140e-01
2.579827691971461889e-01
2.977121599098546678e-01
2.602133758445729361e-01
3.328267507980849360e-01
2.579827691971459669e-01
2.977121599098546123e-01
2.602133758445731582e-01
6.403330315934604999e-02
6.003754964732437027e-02
6.135652930810894107e-02
6.015042888807178162e-02
6.403330315934600836e-02
6.003754964732434252e-02
6.135652930810893413e-02
6.015042888807183019e-02
9.561763805556712237e-01
9.202883732027824504e-01
9.464062801237034250e-01
9.315806300112924321e-01
9.561763805556717788e-01
9.202883732027830055e-01
9.464062801237030920e-01
9.315806300112924321e-01
4.100263913496716463e-03
3.604507367654938895e-03
3.764623688736831383e-03
3.618074095418980646e-03
4.100263913496712126e-03
3.604507367654935426e-03
3.764623688736830950e-03
3.618074095418985850e-03
