1.892102040593980234e+02
5.404969706249045203e+02
4.302333805888765141e+02
5.770154640302719145e+02
1.892102040593984214e+02
5.404969706249046340e+02
4.302333805888769689e+02
5.770154640302720281e+02
6.275387582119463126e+00
1.180443579255889297e+01
1.037244274809159528e+01
1.256250136704651865e+01
6.275387582119472007e+00
1.180443579255888764e+01
1.037244274809159350e+01
1.256250136704653286e+01
3.769326240129380889e-01
2.279778793437831630e-01
2.602435295579312857e-01
2.119420180597028081e-01
3.769326240129383665e-01
2.279778793437833295e-01
2.602435295579317853e-01
2.119420180597029746e-01
2.424436228168443119e-02
1.721113288462718799e-02
1.941724873636203538e-02
1.652728649000992714e-02
2.424436228168444854e-02
1.721113288462718105e-02
1.941724873636202844e-02
1.652728649000993061e-02
9.801374860233450503e-01
9.433051400551112353e-01
9.548016849495951641e-01
9.394611225477265126e-01
9.801374860233463826e-01
9.433051400551115684e-01
9.548016849495948311e-01
9.394611225477268457e-01
5.877891024455626865e-04
2.962230951722953642e-04
3.770295484897530987e-04
2.731511987228646757e-04
5.877891024455635539e-04
2.962230951722951474e-04
3.770295484897527734e-04
2.731511987228647841e-04
