1.630209326317960574e+02
8.039934659473344709e+02
7.270482651796772871e+02
8.321504696026757983e+02
1.630209326317962280e+02
8.039934659473341299e+02
7.270482651796774007e+02
8.321504696026759120e+02
5.375208913649022868e+00
1.814641041306397540e+01
1.722798430400658987e+01
1.874209648859389077e+01
5.375208913649028197e+00
1.814641041306396829e+01
1.722798430400660408e+01
1.874209648859389787e+01
4.672967567410434286e-01
1.496642329837604701e-01
1.598735474753629482e-01
1.425344585755717874e-01
4.672967567410436507e-01
1.496642329837606089e-01
1.598735474753626429e-01
1.425344585755718707e-01
4.237393671941903917e-02
2.027186085658207182e-02
2.089738787129727729e-02
2.004286596392299002e-02
4.237393671941906692e-02
2.027186085658206141e-02
2.089738787129726688e-02
2.004286596392299002e-02
9.798692692553621075e-01
9.008846567311566966e-01
9.102592263215923962e-01
8.974185677819168649e-01
9.798692692553626626e-01
9.008846567311578069e-01
9.102592263215918411e-01
8.974185677819156437e-01
1.795550513101328927e-03
4.109483425886244711e-04
4.367008198434425273e-04
4.017164760477826154e-04
1.795550513101331746e-03
4.109483425886239290e-04
4.367008198434420936e-04
4.017164760477826696e-04
