1.343908637793604441e+02
2.934983321267596352e+02
2.044432634383689731e+02
3.103474001026756355e+02
1.343908637793604441e+02
2.934983321267596921e+02
2.044432634383688594e+02
3.103474001026760334e+02
4.862972130546385330e+00
7.673437808636246693e+00
5.725427672227369591e+00
7.854773082790946326e+00
4.862972130546382665e+00
7.673437808636250246e+00
5.725427672227372256e+00
7.854773082790949879e+00
4.400405665669027133e-01
3.309627296567887456e-01
4.643968254664831430e-01
3.264741419550980517e-01
4.400405665669018807e-01
3.309627296567888011e-01
4.643968254664832540e-01
3.264741419550979962e-01
2.785950799497263070e-02
2.205596611715023372e-02
3.158734123324536541e-02
2.182308576212644777e-02
2.785950799497262723e-02
2.205596611715024760e-02
3.158734123324535847e-02
2.182308576212646165e-02
9.785880749625687214e-01
9.532643569791808824e-01
9.674446079047801517e-01
9.505822664435238378e-01
9.785880749625693875e-01
9.532643569791802163e-01
9.674446079047791525e-01
9.505822664435239489e-01
7.761521857219439054e-04
4.864656413608792261e-04
9.977601261854827323e-04
4.762470721811261571e-04
7.761521857219436885e-04
4.864656413608797682e-04
9.977601261854822986e-04
4.762470721811267534e-04
