1.292345841150720176e+01
1.017701420729445658e+02
8.037996871523907316e+01
8.111642148422849630e+01
1.292345841150720887e+01
1.017701420729445374e+02
8.037996871523913001e+01
8.111642148422841103e+01
1.430457230213328712e+00
3.771359463402110812e+00
3.353029060066738065e+00
3.716475327669336970e+00
1.430457230213328934e+00
3.771359463402109036e+00
3.353029060066739397e+00
3.716475327669333861e+00
6.737694854803665256e-01
5.046316624775920578e-01
5.338945728631695475e-01
4.943236891629637642e-01
6.737694854803667477e-01
5.046316624775916138e-01
5.338945728631701027e-01
4.943236891629635421e-01
5.332916666850011367e-02
4.183095829314439212e-02
4.416339600552175726e-02
4.144310137563765595e-02
5.332916666850010673e-02
4.183095829314438518e-02
4.416339600552177114e-02
4.144310137563762819e-02
9.988835817424435159e-01
9.912116296321806796e-01
9.930581282887102068e-01
9.929963891578327262e-01
9.988835817424442931e-01
9.912116296321801245e-01
9.930581282887116501e-01
9.929963891578328372e-01
2.844000017556663762e-03
1.749829071722785317e-03
1.950405546740535115e-03
1.717530651631379596e-03
2.844000017556662895e-03
1.749829071722784884e-03
1.950405546740536199e-03
1.717530651631377428e-03
