1.617301374586871887e+01
7.396828114469673210e+01
6.112354291195778444e+01
7.408746476612441256e+01
1.617301374586872598e+01
7.396828114469674631e+01
6.112354291195786260e+01
7.408746476612446941e+01
4.169171036937893704e-01
1.522096079761751763e+00
1.315143437843981244e+00
1.524225480865556870e+00
4.169171036937893704e-01
1.522096079761754206e+00
1.315143437843979912e+00
1.524225480865558868e+00
9.494768296287577902e-01
8.531512465976435200e-01
8.715387439327048069e-01
8.530163952491975898e-01
9.494768296287584564e-01
8.531512465976437420e-01
8.715387439327054730e-01
8.530163952491981449e-01
1.953748687519026028e-01
1.919362452723350765e-01
1.926343297546443678e-01
1.919404602671822557e-01
1.953748687519028249e-01
1.919362452723349932e-01
1.926343297546444788e-01
1.919404602671823390e-01
9.981382438668224832e-01
9.914873318758696819e-01
9.929646116158092894e-01
9.914736170492153278e-01
9.981382438668233714e-01
9.914873318758684606e-01
9.929646116158092894e-01
9.914736170492146616e-01
3.817133933982316818e-02
3.683952224924197383e-02
3.710798500002106953e-02
3.684114028757776854e-02
3.817133933982325839e-02
3.683952224924193219e-02
3.710798500002111117e-02
3.684114028757780324e-02
