1.051604988823801961e+02
2.609464102693957557e+02
2.160011318741873936e+02
2.587371485851770103e+02
1.051604988823803382e+02
2.609464102693958125e+02
2.160011318741873083e+02
2.587371485851767261e+02
4.427028736961105437e+00
7.587183191091374290e+00
6.929493636923027999e+00
7.569459014298152155e+00
4.427028736961108102e+00
7.587183191091367185e+00
6.929493636923029776e+00
7.569459014298151267e+00
5.082195302770901035e-01
3.815716242518272239e-01
4.095470673315436683e-01
3.784527492698594453e-01
5.082195302770895484e-01
3.815716242518270573e-01
4.095470673315435017e-01
3.784527492698592233e-01
3.893232106810126658e-02
3.013507738431231778e-02
3.240914837953431243e-02
2.978512472309314402e-02
3.893232106810127352e-02
3.013507738431231431e-02
3.240914837953429162e-02
2.978512472309314055e-02
9.894778674589167489e-01
9.738873608295017803e-01
9.784085519498171291e-01
9.741085092366232878e-01
9.894778674589166378e-01
9.738873608295017803e-01
9.784085519498165739e-01
9.741085092366232878e-01
1.515725623749721897e-03
9.081228889584917014e-04
1.050352898686671360e-03
8.871536547702145101e-04
1.515725623749722114e-03
9.081228889584914846e-04
1.050352898686670276e-03
8.871536547702142932e-04
