1.099265948246377356e+01
3.244600207722387353e+01
2.441175215163120882e+01
3.566484433040078983e+01
1.099265948246376823e+01
3.244600207722384511e+01
2.441175215163122303e+01
3.566484433040075430e+01
8.389101298726682199e-01
1.724376710654938805e+00
1.354909628435127411e+00
1.723604227761484475e+00
8.389101298726679978e-01
1.724376710654936584e+00
1.354909628435126967e+00
1.723604227761486696e+00
8.272316886957012949e-01
7.239247710484143505e-01
7.721782400905535804e-01
7.280842352707024290e-01
8.272316886957012949e-01
7.239247710484141285e-01
7.721782400905532473e-01
7.280842352707022069e-01
1.486429154098018457e-01
1.409703890259202119e-01
1.484400888058170220e-01
1.414732365665160030e-01
1.486429154098017902e-01
1.409703890259201287e-01
1.484400888058170498e-01
1.414732365665160030e-01
9.985825837180497544e-01
9.958173280380502312e-01
9.968527534464961537e-01
9.954023689111208828e-01
9.985825837180501985e-01
9.958173280380501202e-01
9.968527534464954876e-01
9.954023689111202167e-01
2.209471630152550631e-02
1.987265058211928545e-02
2.203445996467884652e-02
2.001467666460540057e-02
2.209471630152548896e-02
1.987265058211926116e-02
2.203445996467885346e-02
2.001467666460540404e-02
