3.507017545449738236e+02
6.283193451084321168e+02
4.828280207325916535e+02
5.881208626803169182e+02
3.507017545449738805e+02
6.283193451084324579e+02
4.828280207325914830e+02
5.881208626803174866e+02
9.811965347170295004e+00
1.452267735259948722e+01
1.285255530705995142e+01
1.410854602333236052e+01
9.811965347170282570e+00
1.452267735259947123e+01
1.285255530705995497e+01
1.410854602333235874e+01
3.083072244949171536e-01
1.856479828231999696e-01
2.056196147361882831e-01
1.927064684589777366e-01
3.083072244949167096e-01
1.856479828231999973e-01
2.056196147361883664e-01
1.927064684589776533e-01
1.926809091516233294e-02
1.304938528840559470e-02
1.384537493764964947e-02
1.330872456803736982e-02
1.926809091516232600e-02
1.304938528840559643e-02
1.384537493764964947e-02
1.330872456803736462e-02
9.421917951730841567e-01
8.964785388804769051e-01
9.204469191580634257e-01
9.031017830739602736e-01
9.421917951730836016e-01
8.964785388804764610e-01
9.204469191580636478e-01
9.031017830739598296e-01
3.712593275149612547e-04
1.702864564052563776e-04
1.916944071640970461e-04
1.771221496278814716e-04
3.712593275149609295e-04
1.702864564052564047e-04
1.916944071640970190e-04
1.771221496278813361e-04
