1.380099431818181301e+02
2.980363427350854408e+02
1.680635924258475598e+02
2.644527905118392255e+02
1.380099431818182723e+02
2.980363427350855545e+02
1.680635924258475313e+02
2.644527905118395097e+02
2.891986905343758352e+00
5.326535319974361471e+00
3.971306632985659668e+00
4.965827684253057761e+00
2.891986905343760128e+00
5.326535319974365024e+00
3.971306632985661000e+00
4.965827684253055985e+00
7.342352250927186574e-01
6.147182188047650708e-01
6.420917220819567506e-01
6.255666518918276964e-01
7.342352250927186574e-01
6.147182188047646267e-01
6.420917220819566396e-01
6.255666518918279184e-01
4.069078432563226766e-01
4.039951867865962942e-01
4.055318765465730779e-01
4.041581771743649187e-01
4.069078432563226766e-01
4.039951867865962942e-01
4.055318765465730779e-01
4.041581771743649742e-01
9.942514393955791396e-01
9.875851472517821472e-01
9.929995148587208442e-01
9.889840868971545573e-01
9.942514393955793617e-01
9.875851472517824803e-01
9.929995148587213993e-01
9.889840868971541132e-01
1.655739929035120461e-01
1.632121109467368492e-01
1.644561028953849813e-01
1.633438321769053458e-01
1.655739929035120461e-01
1.632121109467368492e-01
1.644561028953850090e-01
1.633438321769054014e-01
