1.818269138455207496e+02
3.519806797635007456e+02
2.087158923545966900e+02
3.382396860373562504e+02
1.818269138455208349e+02
3.519806797635011435e+02
2.087158923545965763e+02
3.382396860373567051e+02
5.590065956171061501e+00
8.221824850662997619e+00
5.272210365853661429e+00
8.054542179856779782e+00
5.590065956171059725e+00
8.221824850662994066e+00
5.272210365853656100e+00
8.054542179856772677e+00
3.754622213955318144e-01
2.935455505171675750e-01
5.027371865908445425e-01
2.952502411026278750e-01
3.754622213955318699e-01
2.935455505171675195e-01
5.027371865908443205e-01
2.952502411026277640e-01
2.977803454469450314e-02
2.686705285426805104e-02
4.975787916376903791e-02
2.693656723901949671e-02
2.977803454469450314e-02
2.686705285426805104e-02
4.975787916376903791e-02
2.693656723901948283e-02
9.847183240720960296e-01
9.704226867937313372e-01
9.824555289270988645e-01
9.715782259542774524e-01
9.847183240720959185e-01
9.704226867937310042e-01
9.824555289270980873e-01
9.715782259542765642e-01
8.867313413450190682e-04
7.218385290740329937e-04
2.475846538876240802e-03
7.255786546222183549e-04
8.867313413450190682e-04
7.218385290740331021e-04
2.475846538876241235e-03
7.255786546222177044e-04
