9.672201372600117963e+01
3.323013643960811692e+02
2.795425243393601704e+02
3.435448406428442922e+02
9.672201372600113700e+01
3.323013643960806576e+02
2.795425243393603409e+02
3.435448406428444059e+02
2.844157762140560486e+00
6.584513283478389489e+00
5.948909075104316990e+00
6.794906704103197193e+00
2.844157762140558265e+00
6.584513283478386825e+00
5.948909075104315214e+00
6.794906704103197193e+00
6.070824227350735125e-01
3.828109870815760152e-01
3.929221813783624895e-01
3.607006929358417269e-01
6.070824227350734015e-01
3.828109870815754046e-01
3.929221813783623785e-01
3.607006929358415603e-01
4.622208990939292994e-02
3.047925890135600585e-02
3.116751427559994597e-02
2.907331528437237522e-02
4.622208990939289525e-02
3.047925890135599544e-02
3.116751427559996679e-02
2.907331528437238910e-02
9.786551764624144001e-01
9.265717603671984604e-01
9.382191696679390569e-01
9.240835580189794563e-01
9.786551764624137340e-01
9.265717603671974612e-01
9.382191696679389459e-01
9.240835580189789011e-01
2.136481595592003638e-03
9.289852231758893462e-04
9.714139461197263646e-04
8.452576616245203360e-04
2.136481595592000602e-03
9.289852231758885873e-04
9.714139461197277741e-04
8.452576616245210950e-04
