4.337748196248198269e+02
8.676989317884645061e+02
5.289596048694937735e+02
8.549359796590192673e+02
4.337748196248195427e+02
8.676989317884658703e+02
5.289596048694938872e+02
8.549359796590185852e+02
8.279066171923322059e+00
1.474317445387877079e+01
1.054735891880739729e+01
1.439536229786924260e+01
8.279066171923318507e+00
1.474317445387878855e+01
1.054735891880739374e+01
1.439536229786924615e+01
4.278567073315855396e-01
2.754765724307087771e-01
3.377263063521819264e-01
2.805880788431067696e-01
4.278567073315855396e-01
2.754765724307089991e-01
3.377263063521818709e-01
2.805880788431067696e-01
5.623211018437151987e-02
5.222344260742018546e-02
5.400827564738822778e-02
5.216554103953619653e-02
5.623211018437149905e-02
5.222344260742019240e-02
5.400827564738822778e-02
5.216554103953619653e-02
9.600729101127271070e-01
9.201300721998010301e-01
9.512729576726829395e-01
9.213027855425695023e-01
9.600729101127275511e-01
9.201300721998003640e-01
9.512729576726819403e-01
9.213027855425695023e-01
3.162050215787299504e-03
2.727287957770510151e-03
2.916893838404268583e-03
2.721243671947534866e-03
3.162050215787296902e-03
2.727287957770511018e-03
2.916893838404268583e-03
2.721243671947534866e-03
