1.985449541758343059e+02
4.616071687353551738e+02
3.721141141917296977e+02
5.153582532677125982e+02
1.985449541758341923e+02
4.616071687353545485e+02
3.721141141917294135e+02
5.153582532677125982e+02
4.311439956606168522e+00
8.085670998522580533e+00
7.142131109022559876e+00
8.577281752566644712e+00
4.311439956606168522e+00
8.085670998522585862e+00
7.142131109022552771e+00
8.577281752566648265e+00
5.270309839159227350e-01
4.015905664771987071e-01
4.411622055811319498e-01
3.969832287171818352e-01
5.270309839159227350e-01
4.015905664771984296e-01
4.411622055811320608e-01
3.969832287171816687e-01
4.889628920375779786e-02
4.147472267914666111e-02
4.564052897973842893e-02
4.127861383607549922e-02
4.889628920375780480e-02
4.147472267914664723e-02
4.564052897973843587e-02
4.127861383607548534e-02
9.838598026521458983e-01
9.625252392701253434e-01
9.697832375076759215e-01
9.581612646094748165e-01
9.838598026521460094e-01
9.625252392701254545e-01
9.697832375076749223e-01
9.581612646094759267e-01
2.390847097897521450e-03
1.720152621312122376e-03
2.083057885550343262e-03
1.703923960227843402e-03
2.390847097897522318e-03
1.720152621312121292e-03
2.083057885550343696e-03
1.703923960227842751e-03
