2.745220267022698408e+02
5.864661793547029447e+02
4.214303326653304111e+02
6.326955031558429710e+02
2.745220267022701250e+02
5.864661793547026036e+02
4.214303326653304111e+02
6.326955031558428573e+02
8.808093457943932947e+00
1.383889006317038017e+01
1.121379826319304485e+01
1.433037771136394767e+01
8.808093457943936500e+00
1.383889006317036063e+01
1.121379826319303952e+01
1.433037771136395300e+01
2.758857163481088226e-01
1.778629810956113000e-01
2.175004474990033798e-01
1.737814918357019345e-01
2.758857163481089336e-01
1.778629810956110224e-01
2.175004474990034631e-01
1.737814918357018790e-01
1.979595594741226372e-02
1.516579495216325429e-02
1.706878461576583766e-02
1.501813346695426120e-02
1.979595594741227066e-02
1.516579495216324389e-02
1.706878461576582379e-02
1.501813346695426640e-02
9.631707385426373502e-01
9.214015377364321857e-01
9.435022042284070265e-01
9.152064559182578884e-01
9.631707385426375723e-01
9.214015377364318526e-01
9.435022042284061383e-01
9.152064559182585546e-01
3.918798718718869496e-04
2.300013365310604469e-04
2.913434082594045329e-04
2.255443328312515942e-04
3.918798718718872749e-04
2.300013365310601217e-04
2.913434082594040450e-04
2.255443328312517839e-04
