1.106200000000000000e+05
2.710000000000000000e+02
4.430000000000000000e+02
4.060000000000000000e+02
6.680000000000000000e+02
1.613000000000000000e+03
3.341000000000000000e+03
1.420000000000000000e+03
4.392000000000000000e+03
3.696000000000000000e+03
3.339000000000000000e+03
5.817000000000000000e+03
2.575000000000000000e+03
7.340000000000000000e+03
3.645000000000000000e+03
1.277200000000000000e+04
1.831400000000000000e+04
2.783900000000000000e+04
1.992300000000000000e+04
8.340400000000000000e+04
1.390660000000000000e+05
8.097800000000000000e+04
1.992000000000000000e+05
1.839600000000000000e+04
1.223810000000000000e+05
2.320500000000000000e+04
2.720600000000000000e+04
4.014000000000000000e+03
1.185400000000000000e+04
8.464000000000000000e+03
1.536210000000000000e+05
4.800000000000000000e+01
1.845500000000000000e+04
4.382000000000000000e+03
7.008000000000000000e+03
2.034600000000000000e+04
1.547400000000000000e+04
3.140000000000000000e+02
6.700000000000000000e+02
2.350000000000000000e+02
1.085000000000000000e+03
1.880000000000000000e+02
8.444000000000000000e+03
3.442000000000000000e+03
2.050000000000000000e+02
6.590000000000000000e+02
5.480000000000000000e+02
6.900000000000000000e+01
7.900000000000000000e+02
6.800000000000000000e+01
3.414100000000000000e+04
7.700000000000000000e+02
3.130000000000000000e+02
8.400000000000000000e+01
4.670000000000000000e+02
2.206000000000000000e+03
8.470000000000000000e+02
1.188000000000000000e+03
1.153000000000000000e+03
1.480000000000000000e+02
2.652000000000000000e+03
6.500000000000000000e+01
9.880000000000000000e+02
1.484000000000000000e+03
3.000000000000000000e+01
1.868000000000000000e+03
8.696000000000000000e+03
1.085000000000000000e+03
1.000000000000000000e+03
1.328000000000000000e+03
7.393000000000000000e+03
5.240000000000000000e+02
3.920000000000000000e+02
2.227000000000000000e+03
2.061000000000000000e+03
1.330450000000000000e+05
2.008000000000000000e+03
4.960000000000000000e+02
3.500000000000000000e+01
2.572000000000000000e+03
1.956800000000000000e+04
1.440000000000000000e+02
2.720000000000000000e+02
3.704700000000000000e+04
6.728000000000000000e+03
4.253000000000000000e+03
1.531000000000000000e+03
2.068100000000000000e+04
4.035000000000000000e+03
6.650000000000000000e+03
1.361280000000000000e+05
8.108000000000000000e+03
4.134500000000000000e+04
1.807600000000000000e+04
7.431000000000000000e+03
1.436960000000000000e+05
5.861700000000000000e+04
5.139900000000000000e+04
8.483600000000000000e+04
5.150300000000000000e+04
3.906500000000000000e+04
1.868110000000000000e+05
2.366400000000000000e+04
2.212810000000000000e+05
4.667500000000000000e+04
3.605500000000000000e+04
6.565100000000000000e+04
1.836200000000000000e+04
1.113700000000000000e+04
4.090200000000000000e+04
1.152010000000000000e+05
3.280900000000000000e+04
1.022600000000000000e+04
7.987000000000000000e+03
2.317600000000000000e+04
4.932000000000000000e+03
7.542000000000000000e+03
1.331000000000000000e+03
2.578000000000000000e+03
3.520000000000000000e+03
2.057100000000000000e+04
4.790000000000000000e+02
8.400000000000000000e+02
6.460000000000000000e+02
1.090000000000000000e+03
2.800000000000000000e+03
3.259000000000000000e+03
2.250000000000000000e+02
4.790000000000000000e+02
2.310000000000000000e+02
4.350000000000000000e+02
6.500000000000000000e+01
7.130000000000000000e+02
7.400000000000000000e+02
6.000000000000000000e+01
2.700000000000000000e+02
2.290000000000000000e+02
3.100000000000000000e+01
4.700000000000000000e+02
7.800000000000000000e+01
2.158000000000000000e+03
5.990000000000000000e+02
2.300000000000000000e+02
2.000000000000000000e+02
2.340000000000000000e+02
6.720000000000000000e+02
4.880000000000000000e+02
2.560000000000000000e+02
2.670000000000000000e+02
1.490000000000000000e+02
8.930000000000000000e+02
8.500000000000000000e+01
1.510000000000000000e+02
3.580000000000000000e+02
9.700000000000000000e+01
1.800000000000000000e+02
8.770000000000000000e+02
2.540000000000000000e+02
1.520000000000000000e+02
3.050000000000000000e+02
2.880000000000000000e+02
1.300000000000000000e+02
1.030000000000000000e+02
2.090000000000000000e+02
1.520000000000000000e+02
6.636000000000000000e+03
9.100000000000000000e+01
7.600000000000000000e+01
5.000000000000000000e+00
6.700000000000000000e+01
6.500000000000000000e+02
2.000000000000000000e+01
5.000000000000000000e+01
1.017000000000000000e+03
1.750000000000000000e+02
1.650000000000000000e+02
2.080000000000000000e+02
6.590000000000000000e+02
1.460000000000000000e+02
1.570000000000000000e+02
1.094690000000000000e+05
1.545000000000000000e+03
2.754700000000000000e+04
2.679000000000000000e+03
1.358500000000000000e+04
8.988000000000000000e+03
1.630800000000000000e+04
8.598000000000000000e+03
2.047900000000000000e+04
1.374700000000000000e+04
2.296500000000000000e+04
1.945600000000000000e+04
3.922100000000000000e+04
3.805400000000000000e+04
3.604400000000000000e+04
4.509700000000000000e+04
4.713900000000000000e+04
3.041800000000000000e+04
4.529500000000000000e+04
3.446900000000000000e+04
3.627900000000000000e+04
3.648900000000000000e+04
3.375500000000000000e+04
3.816900000000000000e+04
4.436100000000000000e+04
4.280300000000000000e+04
7.124900000000000000e+04
5.342400000000000000e+04
5.648000000000000000e+04
5.832600000000000000e+04
6.521800000000000000e+04
8.303800000000000000e+04
6.823700000000000000e+04
6.540700000000000000e+04
6.515800000000000000e+04
5.929000000000000000e+04
6.847900000000000000e+04
4.836000000000000000e+04
5.974600000000000000e+04
5.093600000000000000e+04
5.134800000000000000e+04
5.166500000000000000e+04
4.193000000000000000e+04
4.291800000000000000e+04
3.956800000000000000e+04
3.282200000000000000e+04
3.772600000000000000e+04
4.056600000000000000e+04
3.122500000000000000e+04
4.081300000000000000e+04
3.427800000000000000e+04
3.049800000000000000e+04
2.138000000000000000e+04
2.673100000000000000e+04
2.354900000000000000e+04
2.942900000000000000e+04
2.292300000000000000e+04
2.708100000000000000e+04
2.178900000000000000e+04
2.104100000000000000e+04
2.030000000000000000e+04
1.726000000000000000e+04
2.210200000000000000e+04
7.218000000000000000e+03
2.709200000000000000e+04
1.056800000000000000e+04
1.788200000000000000e+04
1.309800000000000000e+04
1.870000000000000000e+04
6.920000000000000000e+03
2.348900000000000000e+04
9.047000000000000000e+03
1.448000000000000000e+04
1.632000000000000000e+04
1.460100000000000000e+04
8.738000000000000000e+03
1.175500000000000000e+04
1.803400000000000000e+04
1.379500000000000000e+04
1.623600000000000000e+04
7.819000000000000000e+03
8.318000000000000000e+03
1.888200000000000000e+04
8.923000000000000000e+03
2.597000000000000000e+03
2.642100000000000000e+04
2.185000000000000000e+03
6.688000000000000000e+03
1.676200000000000000e+04
9.196000000000000000e+03
7.153000000000000000e+03
4.749000000000000000e+03
1.602800000000000000e+04
7.978000000000000000e+03
5.852000000000000000e+03
3.541000000000000000e+03
1.370700000000000000e+04
6.668000000000000000e+03
5.227000000000000000e+03
4.127000000000000000e+03
1.067500000000000000e+04
3.706000000000000000e+03
6.212000000000000000e+03
3.754000000000000000e+03
9.163000000000000000e+03
3.000000000000000000e+03
5.307000000000000000e+03
4.413000000000000000e+03
4.156000000000000000e+03
7.233000000000000000e+03
2.972000000000000000e+03
4.088000000000000000e+03
4.367000000000000000e+03
5.109000000000000000e+03
3.442000000000000000e+03
4.252000000000000000e+03
3.894000000000000000e+03
4.112000000000000000e+03
3.585000000000000000e+03
2.051000000000000000e+03
3.022000000000000000e+03
2.976000000000000000e+03
3.122000000000000000e+03
2.515000000000000000e+03
1.820000000000000000e+03
1.246000000000000000e+03
9.530000000000000000e+02
2.907000000000000000e+03
3.642000000000000000e+03
1.092000000000000000e+03
1.005000000000000000e+03
1.447000000000000000e+03
1.903000000000000000e+03
2.070000000000000000e+03
2.470000000000000000e+03
2.481000000000000000e+03
2.565000000000000000e+03
2.892000000000000000e+03
2.465000000000000000e+03
2.269000000000000000e+03
2.272000000000000000e+03
1.751000000000000000e+03
1.972000000000000000e+03
2.280000000000000000e+03
1.974000000000000000e+03
1.527000000000000000e+03
1.902000000000000000e+03
1.785000000000000000e+03
1.683000000000000000e+03
1.487000000000000000e+03
1.012000000000000000e+03
1.572000000000000000e+03
8.210000000000000000e+02
1.492000000000000000e+03
7.320000000000000000e+02
1.040000000000000000e+03
9.960000000000000000e+02
8.950000000000000000e+02
1.037000000000000000e+03
9.830000000000000000e+02
5.100000000000000000e+02
8.200000000000000000e+02
7.710000000000000000e+02
6.450000000000000000e+02
6.570000000000000000e+02
6.700000000000000000e+02
8.490000000000000000e+02
6.860000000000000000e+02
3.960000000000000000e+02
2.800000000000000000e+02
1.112000000000000000e+03
2.530000000000000000e+02
3.200000000000000000e+02
5.610000000000000000e+02
6.390000000000000000e+02
3.740000000000000000e+02
2.770000000000000000e+02
5.850000000000000000e+02
2.160000000000000000e+02
4.820000000000000000e+02
3.150000000000000000e+02
4.100000000000000000e+02
4.720000000000000000e+02
2.210000000000000000e+02
4.140000000000000000e+02
4.420000000000000000e+02
2.500000000000000000e+02
2.690000000000000000e+02
3.860000000000000000e+02
2.210000000000000000e+02
1.990000000000000000e+02
5.970000000000000000e+02
9.500000000000000000e+01
2.360000000000000000e+02
3.360000000000000000e+02
2.820000000000000000e+02
2.110000000000000000e+02
2.760000000000000000e+02
2.310000000000000000e+02
1.520000000000000000e+02
3.010000000000000000e+02
2.350000000000000000e+02
2.290000000000000000e+02
1.470000000000000000e+02
3.110000000000000000e+02
1.270000000000000000e+02
2.270000000000000000e+02
1.850000000000000000e+02
1.480000000000000000e+02
2.670000000000000000e+02
1.460000000000000000e+02
2.130000000000000000e+02
1.020000000000000000e+02
2.790000000000000000e+02
1.290000000000000000e+02
1.680000000000000000e+02
1.650000000000000000e+02
1.770000000000000000e+02
8.100000000000000000e+01
2.410000000000000000e+02
1.740000000000000000e+02
1.690000000000000000e+02
1.190000000000000000e+02
1.650000000000000000e+02
1.280000000000000000e+02
1.490000000000000000e+02
1.050000000000000000e+02
1.880000000000000000e+02
1.580000000000000000e+02
7.200000000000000000e+01
1.630000000000000000e+02
1.490000000000000000e+02
1.210000000000000000e+02
1.010000000000000000e+02
1.740000000000000000e+02
1.400000000000000000e+02
8.300000000000000000e+01
1.170000000000000000e+02
1.070000000000000000e+02
1.230000000000000000e+02
1.070000000000000000e+02
1.080000000000000000e+02
1.500000000000000000e+02
1.450000000000000000e+02
1.800000000000000000e+02
1.320000000000000000e+02
1.080000000000000000e+02
1.190000000000000000e+02
1.290000000000000000e+02
1.180000000000000000e+02
1.210000000000000000e+02
1.410000000000000000e+02
9.900000000000000000e+01
8.500000000000000000e+01
6.600000000000000000e+01
7.074000000000000000e+03
5.000000000000000000e+00
8.000000000000000000e+00
5.800000000000000000e+01
3.900000000000000000e+01
4.300000000000000000e+01
1.060000000000000000e+02
1.670000000000000000e+02
1.890000000000000000e+02
2.360000000000000000e+02
2.720000000000000000e+02
3.200000000000000000e+02
3.900000000000000000e+02
4.740000000000000000e+02
6.250000000000000000e+02
9.010000000000000000e+02
1.424000000000000000e+03
2.119000000000000000e+03
3.871000000000000000e+03
7.024000000000000000e+03
1.184800000000000000e+04
1.566600000000000000e+04
1.824300000000000000e+04
2.197700000000000000e+04
2.518800000000000000e+04
3.016900000000000000e+04
3.610000000000000000e+04
4.154300000000000000e+04
4.477700000000000000e+04
4.926900000000000000e+04
5.644400000000000000e+04
5.517500000000000000e+04
5.206200000000000000e+04
5.045100000000000000e+04
4.731800000000000000e+04
4.312500000000000000e+04
4.001000000000000000e+04
3.783600000000000000e+04
3.588700000000000000e+04
3.372100000000000000e+04
3.216500000000000000e+04
3.156000000000000000e+04
3.101300000000000000e+04
3.108800000000000000e+04
2.838800000000000000e+04
2.652400000000000000e+04
2.339400000000000000e+04
2.056500000000000000e+04
1.800400000000000000e+04
1.635400000000000000e+04
1.558300000000000000e+04
1.478600000000000000e+04
1.421400000000000000e+04
1.451200000000000000e+04
1.469700000000000000e+04
1.521700000000000000e+04
1.491700000000000000e+04
1.418200000000000000e+04
1.427000000000000000e+04
1.430800000000000000e+04
1.367500000000000000e+04
1.269700000000000000e+04
1.158100000000000000e+04
1.108800000000000000e+04
1.098100000000000000e+04
1.132300000000000000e+04
1.182700000000000000e+04
1.184800000000000000e+04
1.160500000000000000e+04
1.156600000000000000e+04
1.137300000000000000e+04
1.110800000000000000e+04
1.084700000000000000e+04
1.141900000000000000e+04
1.163000000000000000e+04
1.169300000000000000e+04
1.180800000000000000e+04
1.211600000000000000e+04
1.234700000000000000e+04
1.233300000000000000e+04
1.214800000000000000e+04
1.218900000000000000e+04
1.163000000000000000e+04
1.069400000000000000e+04
9.968000000000000000e+03
9.675000000000000000e+03
9.276000000000000000e+03
8.916000000000000000e+03
8.504000000000000000e+03
8.593000000000000000e+03
8.423000000000000000e+03
8.180000000000000000e+03
8.190000000000000000e+03
7.866000000000000000e+03
7.412000000000000000e+03
6.747000000000000000e+03
6.328000000000000000e+03
6.393000000000000000e+03
6.129000000000000000e+03
5.875000000000000000e+03
5.473000000000000000e+03
5.455000000000000000e+03
5.403000000000000000e+03
5.462000000000000000e+03
5.548000000000000000e+03
5.835000000000000000e+03
5.793000000000000000e+03
5.778000000000000000e+03
5.790000000000000000e+03
5.934000000000000000e+03
6.144000000000000000e+03
6.266000000000000000e+03
6.764000000000000000e+03
7.308000000000000000e+03
7.679000000000000000e+03
7.171000000000000000e+03
7.141000000000000000e+03
7.671000000000000000e+03
8.506000000000000000e+03
8.812000000000000000e+03
9.634000000000000000e+03
1.003000000000000000e+04
1.119500000000000000e+04
1.221700000000000000e+04
1.414700000000000000e+04
1.620500000000000000e+04
1.967000000000000000e+04
2.272700000000000000e+04
2.618000000000000000e+04
2.516700000000000000e+04
1.943400000000000000e+04
1.445500000000000000e+04
1.216400000000000000e+04
1.115300000000000000e+04
1.083400000000000000e+04
9.622000000000000000e+03
8.399000000000000000e+03
6.965000000000000000e+03
5.982000000000000000e+03
5.629000000000000000e+03
5.091000000000000000e+03
4.750000000000000000e+03
4.466000000000000000e+03
4.652000000000000000e+03
4.220000000000000000e+03
4.132000000000000000e+03
4.003000000000000000e+03
3.763000000000000000e+03
3.321000000000000000e+03
3.222000000000000000e+03
3.040000000000000000e+03
2.993000000000000000e+03
2.989000000000000000e+03
2.722000000000000000e+03
2.732000000000000000e+03
2.609000000000000000e+03
2.684000000000000000e+03
2.623000000000000000e+03
2.599000000000000000e+03
2.520000000000000000e+03
2.420000000000000000e+03
2.254000000000000000e+03
2.321000000000000000e+03
2.172000000000000000e+03
2.223000000000000000e+03
2.212000000000000000e+03
2.270000000000000000e+03
2.267000000000000000e+03
2.207000000000000000e+03
2.204000000000000000e+03
2.303000000000000000e+03
2.328000000000000000e+03
2.367000000000000000e+03
2.326000000000000000e+03
2.401000000000000000e+03
2.513000000000000000e+03
2.482000000000000000e+03
2.336000000000000000e+03
2.167000000000000000e+03
2.195000000000000000e+03
2.151000000000000000e+03
2.137000000000000000e+03
2.287000000000000000e+03
2.201000000000000000e+03
2.266000000000000000e+03
2.411000000000000000e+03
2.347000000000000000e+03
2.424000000000000000e+03
2.436000000000000000e+03
2.383000000000000000e+03
2.434000000000000000e+03
2.574000000000000000e+03
2.543000000000000000e+03
2.722000000000000000e+03
3.001000000000000000e+03
2.889000000000000000e+03
3.300000000000000000e+03
3.607000000000000000e+03
4.022000000000000000e+03
3.789000000000000000e+03
4.079000000000000000e+03
4.180000000000000000e+03
4.474000000000000000e+03
4.595000000000000000e+03
4.798000000000000000e+03
5.249000000000000000e+03
5.919000000000000000e+03
6.783000000000000000e+03
7.165000000000000000e+03
6.892000000000000000e+03
6.681000000000000000e+03
6.662000000000000000e+03
6.870000000000000000e+03
7.328000000000000000e+03
7.623000000000000000e+03
7.814000000000000000e+03
7.788000000000000000e+03
7.901000000000000000e+03
8.178000000000000000e+03
8.859000000000000000e+03
9.235000000000000000e+03
9.547000000000000000e+03
9.445000000000000000e+03
9.766000000000000000e+03
9.870000000000000000e+03
9.831000000000000000e+03
9.214000000000000000e+03
9.372000000000000000e+03
9.953000000000000000e+03
1.059100000000000000e+04
1.200500000000000000e+04
1.348400000000000000e+04
1.473900000000000000e+04
1.576200000000000000e+04
1.646300000000000000e+04
1.674200000000000000e+04
1.669800000000000000e+04
1.705700000000000000e+04
1.860700000000000000e+04
1.974500000000000000e+04
2.167000000000000000e+04
2.226700000000000000e+04
2.218200000000000000e+04
2.144000000000000000e+04
2.099100000000000000e+04
2.073300000000000000e+04
2.024700000000000000e+04
1.964900000000000000e+04
1.972600000000000000e+04
1.950400000000000000e+04
1.923100000000000000e+04
1.884900000000000000e+04
1.798400000000000000e+04
1.828100000000000000e+04
2.141600000000000000e+04
4.018800000000000000e+04
1.662830000000000000e+05
