6.070200000000000000e+04
8.800000000000000000e+01
1.330000000000000000e+02
1.660000000000000000e+02
6.300000000000000000e+01
4.620000000000000000e+02
4.431000000000000000e+03
4.800000000000000000e+01
7.470000000000000000e+02
2.690000000000000000e+02
3.770000000000000000e+02
1.872000000000000000e+03
5.660000000000000000e+02
5.537000000000000000e+03
1.073000000000000000e+03
2.119000000000000000e+03
2.464000000000000000e+03
2.171000000000000000e+03
1.831000000000000000e+03
4.573000000000000000e+03
2.289300000000000000e+04
6.171000000000000000e+03
6.926000000000000000e+03
6.828000000000000000e+03
1.163500000000000000e+04
3.233000000000000000e+03
2.199000000000000000e+03
6.390000000000000000e+02
7.590000000000000000e+02
1.028000000000000000e+03
1.822200000000000000e+04
1.118000000000000000e+03
2.329000000000000000e+03
2.286000000000000000e+03
4.181000000000000000e+03
7.477000000000000000e+03
7.892000000000000000e+03
4.505000000000000000e+03
6.343000000000000000e+03
5.765000000000000000e+03
7.495000000000000000e+03
6.008000000000000000e+03
9.682000000000000000e+03
1.038800000000000000e+04
7.299000000000000000e+03
9.153000000000000000e+03
1.042300000000000000e+04
7.074000000000000000e+03
1.281100000000000000e+04
6.696000000000000000e+03
1.540400000000000000e+04
1.125800000000000000e+04
8.059000000000000000e+03
8.078000000000000000e+03
8.386000000000000000e+03
1.199200000000000000e+04
1.079800000000000000e+04
7.267000000000000000e+03
5.615000000000000000e+03
2.044000000000000000e+03
6.146800000000000000e+04
3.850000000000000000e+02
1.623000000000000000e+03
3.135000000000000000e+03
1.780000000000000000e+02
1.237000000000000000e+03
4.361000000000000000e+03
5.050000000000000000e+02
4.450000000000000000e+02
3.600000000000000000e+02
1.328000000000000000e+03
1.580000000000000000e+02
7.100000000000000000e+01
4.680000000000000000e+02
2.810000000000000000e+02
5.008000000000000000e+03
1.740000000000000000e+02
6.500000000000000000e+01
2.800000000000000000e+02
1.170000000000000000e+02
1.430000000000000000e+03
5.000000000000000000e+00
4.480000000000000000e+02
1.203000000000000000e+03
4.560000000000000000e+02
4.890000000000000000e+02
2.250000000000000000e+02
6.610000000000000000e+02
3.340000000000000000e+02
1.280000000000000000e+02
4.704000000000000000e+03
2.230000000000000000e+02
2.220000000000000000e+02
4.550000000000000000e+02
3.870000000000000000e+02
1.362000000000000000e+03
2.419000000000000000e+03
3.550000000000000000e+02
2.352000000000000000e+03
1.299000000000000000e+03
1.384000000000000000e+03
6.033000000000000000e+03
3.170000000000000000e+03
9.126000000000000000e+03
6.684000000000000000e+03
1.436300000000000000e+04
1.200000000000000000e+04
9.127000000000000000e+03
3.007000000000000000e+03
9.230000000000000000e+03
8.544000000000000000e+03
8.311000000000000000e+03
5.977000000000000000e+03
4.017000000000000000e+03
5.506000000000000000e+03
5.138000000000000000e+03
4.412000000000000000e+03
3.140000000000000000e+02
4.330000000000000000e+02
1.700000000000000000e+02
2.720000000000000000e+04
1.200000000000000000e+01
3.490000000000000000e+02
8.700000000000000000e+01
1.218000000000000000e+03
4.330000000000000000e+03
8.177000000000000000e+03
1.100000000000000000e+01
4.370000000000000000e+02
3.300000000000000000e+01
3.480000000000000000e+02
6.000000000000000000e+00
2.737000000000000000e+03
8.800000000000000000e+02
3.000000000000000000e+00
1.130000000000000000e+03
2.700000000000000000e+01
1.000000000000000000e+01
2.560000000000000000e+02
6.000000000000000000e+00
8.096000000000000000e+03
3.330000000000000000e+02
4.200000000000000000e+01
1.140000000000000000e+02
7.400000000000000000e+01
6.170000000000000000e+02
1.250000000000000000e+02
2.500000000000000000e+01
8.000000000000000000e+00
3.000000000000000000e+00
7.560000000000000000e+02
2.000000000000000000e+00
5.000000000000000000e+00
6.900000000000000000e+01
4.000000000000000000e+00
2.800000000000000000e+01
1.053000000000000000e+03
1.100000000000000000e+01
9.500000000000000000e+01
1.700000000000000000e+01
4.700000000000000000e+02
9.000000000000000000e+00
1.900000000000000000e+01
1.110000000000000000e+02
6.100000000000000000e+01
2.419300000000000000e+04
3.600000000000000000e+01
4.400000000000000000e+01
5.000000000000000000e+01
1.200000000000000000e+02
6.900000000000000000e+02
9.400000000000000000e+01
9.600000000000000000e+01
2.265000000000000000e+03
2.130000000000000000e+02
1.830000000000000000e+02
1.880000000000000000e+02
5.570000000000000000e+02
1.770000000000000000e+02
1.610000000000000000e+02
5.601300000000000000e+04
1.738000000000000000e+03
1.775000000000000000e+03
4.087800000000000000e+04
2.047900000000000000e+04
1.114500000000000000e+04
5.756000000000000000e+03
1.534000000000000000e+04
9.417000000000000000e+03
6.496000000000000000e+03
5.155000000000000000e+03
5.699000000000000000e+03
4.562000000000000000e+03
5.204000000000000000e+03
4.559000000000000000e+03
4.157000000000000000e+03
3.292000000000000000e+03
3.025000000000000000e+03
2.979000000000000000e+03
2.657000000000000000e+03
2.478000000000000000e+03
2.327000000000000000e+03
2.508000000000000000e+03
2.809000000000000000e+03
2.585000000000000000e+03
2.410000000000000000e+03
2.750000000000000000e+03
2.337000000000000000e+03
2.589000000000000000e+03
2.998000000000000000e+03
3.169000000000000000e+03
3.128000000000000000e+03
3.119000000000000000e+03
2.671000000000000000e+03
3.177000000000000000e+03
3.013000000000000000e+03
3.548000000000000000e+03
2.839000000000000000e+03
3.487000000000000000e+03
3.775000000000000000e+03
3.812000000000000000e+03
3.761000000000000000e+03
3.959000000000000000e+03
3.775000000000000000e+03
3.896000000000000000e+03
3.772000000000000000e+03
3.618000000000000000e+03
3.013000000000000000e+03
2.889000000000000000e+03
2.837000000000000000e+03
2.476000000000000000e+03
2.885000000000000000e+03
2.145000000000000000e+03
2.415000000000000000e+03
1.855000000000000000e+03
1.836000000000000000e+03
1.276000000000000000e+03
1.503000000000000000e+03
1.127000000000000000e+03
1.066000000000000000e+03
9.180000000000000000e+02
1.112000000000000000e+03
9.040000000000000000e+02
7.450000000000000000e+02
1.708000000000000000e+03
8.470000000000000000e+02
8.410000000000000000e+02
1.087000000000000000e+03
8.210000000000000000e+02
7.110000000000000000e+02
1.125000000000000000e+03
9.700000000000000000e+02
6.630000000000000000e+02
1.410000000000000000e+03
7.410000000000000000e+02
9.410000000000000000e+02
7.920000000000000000e+02
1.225000000000000000e+03
9.330000000000000000e+02
7.150000000000000000e+02
9.660000000000000000e+02
1.041000000000000000e+03
7.930000000000000000e+02
8.330000000000000000e+02
5.120000000000000000e+02
2.703000000000000000e+03
5.430000000000000000e+02
7.590000000000000000e+02
8.010000000000000000e+02
9.440000000000000000e+02
1.035000000000000000e+03
9.670000000000000000e+02
6.860000000000000000e+02
8.520000000000000000e+02
9.650000000000000000e+02
5.700000000000000000e+02
1.518000000000000000e+03
7.460000000000000000e+02
1.102000000000000000e+03
8.710000000000000000e+02
8.510000000000000000e+02
6.150000000000000000e+02
2.334000000000000000e+03
6.880000000000000000e+02
8.000000000000000000e+02
9.100000000000000000e+02
1.412000000000000000e+03
8.970000000000000000e+02
8.880000000000000000e+02
1.676000000000000000e+03
6.010000000000000000e+02
9.010000000000000000e+02
1.127000000000000000e+03
1.274000000000000000e+03
7.830000000000000000e+02
8.930000000000000000e+02
1.409000000000000000e+03
9.280000000000000000e+02
1.335000000000000000e+03
1.121000000000000000e+03
1.148000000000000000e+03
1.035000000000000000e+03
1.020000000000000000e+03
9.670000000000000000e+02
9.490000000000000000e+02
8.220000000000000000e+02
6.020000000000000000e+02
1.142000000000000000e+03
5.523000000000000000e+03
6.640000000000000000e+02
9.090000000000000000e+02
1.077000000000000000e+03
1.153000000000000000e+03
1.052000000000000000e+03
1.389000000000000000e+03
1.138000000000000000e+03
1.266000000000000000e+03
1.505000000000000000e+03
1.033000000000000000e+03
1.560000000000000000e+03
1.256000000000000000e+03
8.290000000000000000e+02
1.958000000000000000e+03
1.309000000000000000e+03
8.240000000000000000e+02
9.170000000000000000e+02
1.654000000000000000e+03
9.490000000000000000e+02
1.261000000000000000e+03
1.802000000000000000e+03
1.111000000000000000e+03
1.078000000000000000e+03
7.730000000000000000e+02
3.060000000000000000e+03
8.650000000000000000e+02
1.420000000000000000e+03
1.266000000000000000e+03
1.283000000000000000e+03
1.141000000000000000e+03
2.526000000000000000e+03
7.810000000000000000e+02
1.323000000000000000e+03
2.044000000000000000e+03
9.940000000000000000e+02
1.076000000000000000e+03
1.428000000000000000e+03
1.209000000000000000e+03
1.386000000000000000e+03
1.101000000000000000e+03
6.120000000000000000e+02
6.852000000000000000e+03
6.730000000000000000e+02
9.180000000000000000e+02
1.539000000000000000e+03
1.415000000000000000e+03
1.399000000000000000e+03
9.070000000000000000e+02
1.449000000000000000e+03
8.480000000000000000e+02
2.575000000000000000e+03
1.306000000000000000e+03
1.468000000000000000e+03
3.010000000000000000e+03
1.032000000000000000e+03
1.358000000000000000e+03
1.977000000000000000e+03
9.900000000000000000e+02
1.579000000000000000e+03
1.999000000000000000e+03
1.213000000000000000e+03
9.050000000000000000e+02
4.826000000000000000e+03
5.450000000000000000e+02
1.222000000000000000e+03
1.287000000000000000e+03
1.361000000000000000e+03
1.720000000000000000e+03
1.409000000000000000e+03
2.424000000000000000e+03
8.560000000000000000e+02
1.943000000000000000e+03
1.273000000000000000e+03
1.174000000000000000e+03
8.980000000000000000e+02
2.732000000000000000e+03
7.900000000000000000e+02
1.456000000000000000e+03
1.152000000000000000e+03
9.050000000000000000e+02
1.559000000000000000e+03
1.427000000000000000e+03
1.254000000000000000e+03
6.840000000000000000e+02
3.467000000000000000e+03
1.075000000000000000e+03
1.087000000000000000e+03
1.700000000000000000e+03
1.336000000000000000e+03
6.540000000000000000e+02
2.818000000000000000e+03
1.031000000000000000e+03
1.243000000000000000e+03
9.180000000000000000e+02
2.451000000000000000e+03
9.840000000000000000e+02
9.290000000000000000e+02
8.200000000000000000e+02
1.752000000000000000e+03
1.276000000000000000e+03
7.420000000000000000e+02
1.318000000000000000e+03
1.010000000000000000e+03
1.318000000000000000e+03
8.170000000000000000e+02
1.461000000000000000e+03
1.398000000000000000e+03
5.910000000000000000e+02
1.042000000000000000e+03
1.227000000000000000e+03
8.820000000000000000e+02
8.130000000000000000e+02
1.029000000000000000e+03
1.149000000000000000e+03
8.310000000000000000e+02
7.890000000000000000e+02
6.440000000000000000e+02
8.110000000000000000e+02
6.780000000000000000e+02
7.000000000000000000e+02
4.870000000000000000e+02
3.310000000000000000e+02
3.430000000000000000e+02
2.620000000000000000e+02
2.200000000000000000e+01
0.000000000000000000e+00
1.347190000000000000e+05
1.277200000000000000e+04
1.713200000000000000e+04
1.802500000000000000e+04
1.281000000000000000e+04
1.286300000000000000e+04
1.107400000000000000e+04
9.628000000000000000e+03
9.338000000000000000e+03
8.591000000000000000e+03
8.268000000000000000e+03
7.756000000000000000e+03
7.329000000000000000e+03
6.979000000000000000e+03
6.692000000000000000e+03
6.482000000000000000e+03
6.387000000000000000e+03
6.070000000000000000e+03
5.831000000000000000e+03
5.656000000000000000e+03
5.507000000000000000e+03
5.238000000000000000e+03
5.028000000000000000e+03
4.806000000000000000e+03
4.700000000000000000e+03
4.606000000000000000e+03
4.358000000000000000e+03
4.232000000000000000e+03
4.143000000000000000e+03
4.047000000000000000e+03
4.015000000000000000e+03
3.952000000000000000e+03
3.716000000000000000e+03
3.707000000000000000e+03
3.498000000000000000e+03
3.387000000000000000e+03
3.377000000000000000e+03
3.209000000000000000e+03
3.134000000000000000e+03
3.067000000000000000e+03
2.963000000000000000e+03
2.874000000000000000e+03
2.870000000000000000e+03
2.685000000000000000e+03
2.616000000000000000e+03
2.565000000000000000e+03
2.457000000000000000e+03
2.475000000000000000e+03
2.355000000000000000e+03
2.275000000000000000e+03
2.306000000000000000e+03
2.356000000000000000e+03
2.226000000000000000e+03
2.255000000000000000e+03
2.185000000000000000e+03
2.080000000000000000e+03
2.099000000000000000e+03
2.153000000000000000e+03
1.966000000000000000e+03
1.988000000000000000e+03
1.911000000000000000e+03
1.887000000000000000e+03
1.813000000000000000e+03
1.773000000000000000e+03
1.796000000000000000e+03
1.709000000000000000e+03
1.678000000000000000e+03
1.692000000000000000e+03
1.632000000000000000e+03
1.659000000000000000e+03
1.584000000000000000e+03
1.520000000000000000e+03
1.518000000000000000e+03
1.537000000000000000e+03
1.480000000000000000e+03
1.493000000000000000e+03
1.450000000000000000e+03
1.408000000000000000e+03
1.392000000000000000e+03
1.362000000000000000e+03
1.334000000000000000e+03
1.326000000000000000e+03
1.341000000000000000e+03
1.432000000000000000e+03
1.246000000000000000e+03
1.376000000000000000e+03
1.350000000000000000e+03
1.376000000000000000e+03
1.356000000000000000e+03
1.396000000000000000e+03
1.358000000000000000e+03
1.399000000000000000e+03
1.418000000000000000e+03
1.379000000000000000e+03
1.459000000000000000e+03
1.388000000000000000e+03
1.445000000000000000e+03
1.400000000000000000e+03
1.353000000000000000e+03
1.430000000000000000e+03
1.355000000000000000e+03
1.364000000000000000e+03
1.338000000000000000e+03
1.402000000000000000e+03
1.296000000000000000e+03
1.278000000000000000e+03
1.285000000000000000e+03
1.321000000000000000e+03
1.282000000000000000e+03
1.321000000000000000e+03
1.231000000000000000e+03
1.211000000000000000e+03
1.271000000000000000e+03
1.178000000000000000e+03
1.139000000000000000e+03
1.165000000000000000e+03
1.116000000000000000e+03
1.126000000000000000e+03
1.116000000000000000e+03
1.096000000000000000e+03
1.094000000000000000e+03
1.082000000000000000e+03
1.057000000000000000e+03
1.017000000000000000e+03
1.037000000000000000e+03
9.730000000000000000e+02
8.940000000000000000e+02
9.210000000000000000e+02
9.380000000000000000e+02
1.009000000000000000e+03
9.250000000000000000e+02
9.020000000000000000e+02
9.650000000000000000e+02
9.140000000000000000e+02
8.880000000000000000e+02
8.990000000000000000e+02
9.630000000000000000e+02
1.022000000000000000e+03
1.085000000000000000e+03
1.094000000000000000e+03
1.086000000000000000e+03
1.108000000000000000e+03
1.134000000000000000e+03
1.110000000000000000e+03
1.211000000000000000e+03
1.300000000000000000e+03
1.369000000000000000e+03
1.395000000000000000e+03
1.428000000000000000e+03
1.520000000000000000e+03
1.587000000000000000e+03
1.656000000000000000e+03
1.774000000000000000e+03
1.793000000000000000e+03
1.898000000000000000e+03
2.022000000000000000e+03
2.144000000000000000e+03
2.320000000000000000e+03
2.309000000000000000e+03
2.521000000000000000e+03
2.835000000000000000e+03
2.930000000000000000e+03
3.271000000000000000e+03
3.360000000000000000e+03
3.778000000000000000e+03
4.160000000000000000e+03
4.472000000000000000e+03
4.669000000000000000e+03
4.735000000000000000e+03
5.202000000000000000e+03
5.475000000000000000e+03
5.924000000000000000e+03
6.391000000000000000e+03
6.807000000000000000e+03
7.094000000000000000e+03
7.318000000000000000e+03
7.397000000000000000e+03
7.204000000000000000e+03
7.246000000000000000e+03
6.902000000000000000e+03
6.680000000000000000e+03
6.305000000000000000e+03
6.125000000000000000e+03
5.453000000000000000e+03
5.284000000000000000e+03
4.760000000000000000e+03
4.381000000000000000e+03
4.043000000000000000e+03
3.704000000000000000e+03
3.216000000000000000e+03
2.962000000000000000e+03
2.629000000000000000e+03
2.391000000000000000e+03
2.052000000000000000e+03
1.789000000000000000e+03
1.693000000000000000e+03
1.457000000000000000e+03
1.338000000000000000e+03
1.202000000000000000e+03
1.121000000000000000e+03
9.800000000000000000e+02
9.620000000000000000e+02
9.110000000000000000e+02
8.340000000000000000e+02
8.510000000000000000e+02
8.240000000000000000e+02
7.800000000000000000e+02
7.540000000000000000e+02
7.640000000000000000e+02
6.840000000000000000e+02
7.130000000000000000e+02
7.820000000000000000e+02
7.340000000000000000e+02
7.160000000000000000e+02
7.310000000000000000e+02
7.050000000000000000e+02
6.460000000000000000e+02
7.160000000000000000e+02
6.700000000000000000e+02
6.650000000000000000e+02
6.870000000000000000e+02
6.890000000000000000e+02
7.120000000000000000e+02
6.630000000000000000e+02
6.920000000000000000e+02
7.310000000000000000e+02
7.000000000000000000e+02
7.100000000000000000e+02
7.740000000000000000e+02
8.360000000000000000e+02
8.150000000000000000e+02
8.510000000000000000e+02
8.530000000000000000e+02
8.610000000000000000e+02
7.990000000000000000e+02
7.900000000000000000e+02
7.990000000000000000e+02
8.550000000000000000e+02
8.210000000000000000e+02
8.510000000000000000e+02
9.290000000000000000e+02
8.650000000000000000e+02
9.440000000000000000e+02
1.054000000000000000e+03
1.050000000000000000e+03
1.178000000000000000e+03
1.319000000000000000e+03
1.392000000000000000e+03
1.424000000000000000e+03
1.467000000000000000e+03
1.621000000000000000e+03
1.720000000000000000e+03
1.849000000000000000e+03
2.081000000000000000e+03
2.457000000000000000e+03
2.784000000000000000e+03
1.720200000000000000e+04
