3.037900000000000000e+04
2.400000000000000000e+01
5.400000000000000000e+01
1.750000000000000000e+02
2.900000000000000000e+01
6.500000000000000000e+02
6.519000000000000000e+03
1.800000000000000000e+01
1.431000000000000000e+03
1.720000000000000000e+02
1.760000000000000000e+02
5.400000000000000000e+03
6.487000000000000000e+03
2.249500000000000000e+04
1.360600000000000000e+04
3.600600000000000000e+04
2.005200000000000000e+04
1.004500000000000000e+04
1.983000000000000000e+03
8.085000000000000000e+03
1.874300000000000000e+04
5.003000000000000000e+03
2.809000000000000000e+03
1.498000000000000000e+03
5.126000000000000000e+03
2.375000000000000000e+03
5.980000000000000000e+02
2.400000000000000000e+01
2.800000000000000000e+01
2.000000000000000000e+01
8.754000000000000000e+03
2.000000000000000000e+00
1.070000000000000000e+02
7.000000000000000000e+00
2.010000000000000000e+02
6.800000000000000000e+02
1.065000000000000000e+03
4.000000000000000000e+00
5.800000000000000000e+01
1.200000000000000000e+01
8.400000000000000000e+01
3.000000000000000000e+00
5.300000000000000000e+02
2.250000000000000000e+02
2.000000000000000000e+00
2.800000000000000000e+01
1.000000000000000000e+00
0.000000000000000000e+00
1.430000000000000000e+02
0.000000000000000000e+00
1.186000000000000000e+03
2.510000000000000000e+02
1.330000000000000000e+02
7.000000000000000000e+00
1.020000000000000000e+02
7.820000000000000000e+02
4.940000000000000000e+02
2.010000000000000000e+02
0.000000000000000000e+00
0.000000000000000000e+00
5.980000000000000000e+02
0.000000000000000000e+00
1.600000000000000000e+01
2.380000000000000000e+02
0.000000000000000000e+00
8.900000000000000000e+01
1.498000000000000000e+03
9.900000000000000000e+01
2.130000000000000000e+02
3.500000000000000000e+02
1.042000000000000000e+03
5.400000000000000000e+01
1.200000000000000000e+01
8.170000000000000000e+02
9.770000000000000000e+02
2.913000000000000000e+03
1.500000000000000000e+01
1.900000000000000000e+01
3.000000000000000000e+00
4.520000000000000000e+02
2.831000000000000000e+03
2.500000000000000000e+01
5.700000000000000000e+01
1.537000000000000000e+03
3.290000000000000000e+02
4.160000000000000000e+02
8.200000000000000000e+01
1.834000000000000000e+03
6.700000000000000000e+01
1.320000000000000000e+02
3.284000000000000000e+03
1.370000000000000000e+02
3.330000000000000000e+02
6.760000000000000000e+02
1.910000000000000000e+02
2.089000000000000000e+03
3.159000000000000000e+03
2.480000000000000000e+02
2.491000000000000000e+03
9.870000000000000000e+02
1.072000000000000000e+03
5.683000000000000000e+03
2.735000000000000000e+03
1.277900000000000000e+04
6.241000000000000000e+03
1.041100000000000000e+04
1.311900000000000000e+04
1.076000000000000000e+04
9.884000000000000000e+03
1.310300000000000000e+04
1.581400000000000000e+04
1.594100000000000000e+04
8.370000000000000000e+03
5.292000000000000000e+03
1.974200000000000000e+04
8.317000000000000000e+03
4.872000000000000000e+03
7.200000000000000000e+01
2.070000000000000000e+02
1.100000000000000000e+02
2.572200000000000000e+04
3.000000000000000000e+00
7.640000000000000000e+02
8.100000000000000000e+01
1.833000000000000000e+03
5.555000000000000000e+03
8.150000000000000000e+03
3.600000000000000000e+01
5.480000000000000000e+02
2.150000000000000000e+02
6.570000000000000000e+02
9.000000000000000000e+00
2.262000000000000000e+03
1.381000000000000000e+03
4.000000000000000000e+00
1.850000000000000000e+02
4.100000000000000000e+01
4.000000000000000000e+00
3.310000000000000000e+02
5.000000000000000000e+00
3.490000000000000000e+03
4.860000000000000000e+02
1.150000000000000000e+02
1.600000000000000000e+01
2.500000000000000000e+01
7.670000000000000000e+02
1.820000000000000000e+02
5.700000000000000000e+01
8.000000000000000000e+00
2.000000000000000000e+00
3.400000000000000000e+02
2.000000000000000000e+00
1.600000000000000000e+01
1.110000000000000000e+02
1.000000000000000000e+00
7.900000000000000000e+01
1.034000000000000000e+03
4.100000000000000000e+01
7.100000000000000000e+01
6.300000000000000000e+01
3.960000000000000000e+02
2.900000000000000000e+01
4.100000000000000000e+01
1.330000000000000000e+02
1.450000000000000000e+02
1.099000000000000000e+04
6.100000000000000000e+01
5.200000000000000000e+01
9.000000000000000000e+00
1.050000000000000000e+02
8.550000000000000000e+02
3.100000000000000000e+01
3.400000000000000000e+01
1.621000000000000000e+03
8.100000000000000000e+01
1.150000000000000000e+02
5.500000000000000000e+01
5.400000000000000000e+02
5.600000000000000000e+01
5.300000000000000000e+01
2.839600000000000000e+04
1.420000000000000000e+02
1.528600000000000000e+04
1.427000000000000000e+04
7.711000000000000000e+03
2.442000000000000000e+03
1.649900000000000000e+04
6.857000000000000000e+03
1.048600000000000000e+04
9.250000000000000000e+03
6.891000000000000000e+03
5.281000000000000000e+03
5.203000000000000000e+03
4.340000000000000000e+03
4.709000000000000000e+03
4.586000000000000000e+03
5.027000000000000000e+03
4.602000000000000000e+03
4.841000000000000000e+03
4.595000000000000000e+03
4.187000000000000000e+03
4.398000000000000000e+03
4.258000000000000000e+03
4.734000000000000000e+03
4.608000000000000000e+03
4.346000000000000000e+03
6.019000000000000000e+03
5.934000000000000000e+03
7.144000000000000000e+03
6.862000000000000000e+03
7.324000000000000000e+03
6.860000000000000000e+03
8.071000000000000000e+03
1.119400000000000000e+04
9.165000000000000000e+03
9.675000000000000000e+03
1.014400000000000000e+04
6.675000000000000000e+03
9.071000000000000000e+03
8.002000000000000000e+03
7.995000000000000000e+03
8.304000000000000000e+03
7.097000000000000000e+03
7.540000000000000000e+03
6.674000000000000000e+03
6.491000000000000000e+03
6.865000000000000000e+03
6.773000000000000000e+03
6.974000000000000000e+03
5.947000000000000000e+03
5.810000000000000000e+03
5.609000000000000000e+03
4.055000000000000000e+03
3.894000000000000000e+03
2.984000000000000000e+03
3.243000000000000000e+03
2.362000000000000000e+03
2.915000000000000000e+03
2.802000000000000000e+03
2.198000000000000000e+03
2.165000000000000000e+03
1.995000000000000000e+03
1.794000000000000000e+03
1.214000000000000000e+03
2.798000000000000000e+03
1.582000000000000000e+03
1.372000000000000000e+03
1.642000000000000000e+03
1.374000000000000000e+03
9.800000000000000000e+02
1.602000000000000000e+03
1.230000000000000000e+03
1.011000000000000000e+03
1.548000000000000000e+03
1.059000000000000000e+03
1.169000000000000000e+03
8.880000000000000000e+02
1.451000000000000000e+03
1.088000000000000000e+03
6.480000000000000000e+02
9.500000000000000000e+02
9.500000000000000000e+02
7.350000000000000000e+02
6.360000000000000000e+02
5.290000000000000000e+02
2.149000000000000000e+03
5.510000000000000000e+02
5.400000000000000000e+02
5.930000000000000000e+02
5.580000000000000000e+02
4.970000000000000000e+02
6.420000000000000000e+02
3.560000000000000000e+02
4.120000000000000000e+02
5.750000000000000000e+02
2.860000000000000000e+02
8.400000000000000000e+02
3.310000000000000000e+02
5.770000000000000000e+02
3.510000000000000000e+02
3.930000000000000000e+02
2.350000000000000000e+02
9.070000000000000000e+02
2.420000000000000000e+02
3.600000000000000000e+02
3.170000000000000000e+02
5.470000000000000000e+02
3.150000000000000000e+02
3.450000000000000000e+02
7.310000000000000000e+02
1.610000000000000000e+02
1.700000000000000000e+02
2.720000000000000000e+02
2.850000000000000000e+02
1.470000000000000000e+02
1.800000000000000000e+02
4.740000000000000000e+02
1.250000000000000000e+02
2.540000000000000000e+02
1.480000000000000000e+02
2.380000000000000000e+02
1.750000000000000000e+02
1.400000000000000000e+02
1.000000000000000000e+02
9.100000000000000000e+01
7.800000000000000000e+01
4.100000000000000000e+01
1.180000000000000000e+02
1.569000000000000000e+03
5.200000000000000000e+01
6.000000000000000000e+01
8.500000000000000000e+01
9.200000000000000000e+01
1.100000000000000000e+02
1.580000000000000000e+02
1.710000000000000000e+02
1.970000000000000000e+02
2.570000000000000000e+02
2.210000000000000000e+02
5.070000000000000000e+02
4.450000000000000000e+02
7.050000000000000000e+02
4.700000000000000000e+02
5.580000000000000000e+02
3.230000000000000000e+02
3.410000000000000000e+02
3.650000000000000000e+02
2.780000000000000000e+02
3.810000000000000000e+02
4.150000000000000000e+02
2.900000000000000000e+02
1.260000000000000000e+02
1.810000000000000000e+02
6.500000000000000000e+02
1.360000000000000000e+02
1.800000000000000000e+02
1.300000000000000000e+02
2.700000000000000000e+02
1.930000000000000000e+02
4.150000000000000000e+02
1.010000000000000000e+02
1.260000000000000000e+02
2.130000000000000000e+02
7.400000000000000000e+01
1.290000000000000000e+02
1.050000000000000000e+02
1.330000000000000000e+02
1.130000000000000000e+02
2.600000000000000000e+01
7.300000000000000000e+01
7.100000000000000000e+02
9.700000000000000000e+01
2.400000000000000000e+01
8.600000000000000000e+01
9.100000000000000000e+01
6.300000000000000000e+01
4.300000000000000000e+01
7.700000000000000000e+01
4.400000000000000000e+01
1.100000000000000000e+02
7.700000000000000000e+01
5.200000000000000000e+01
2.870000000000000000e+02
5.400000000000000000e+01
8.400000000000000000e+01
1.190000000000000000e+02
5.500000000000000000e+01
9.400000000000000000e+01
9.300000000000000000e+01
6.100000000000000000e+01
6.700000000000000000e+01
5.170000000000000000e+02
8.900000000000000000e+01
6.800000000000000000e+01
7.100000000000000000e+01
8.100000000000000000e+01
1.200000000000000000e+02
1.150000000000000000e+02
1.230000000000000000e+02
1.140000000000000000e+02
1.240000000000000000e+02
1.480000000000000000e+02
1.070000000000000000e+02
1.520000000000000000e+02
2.860000000000000000e+02
1.650000000000000000e+02
1.980000000000000000e+02
2.560000000000000000e+02
2.090000000000000000e+02
2.340000000000000000e+02
1.460000000000000000e+02
2.190000000000000000e+02
1.420000000000000000e+02
3.850000000000000000e+02
1.360000000000000000e+02
1.780000000000000000e+02
1.240000000000000000e+02
1.670000000000000000e+02
9.900000000000000000e+01
2.350000000000000000e+02
7.000000000000000000e+01
1.570000000000000000e+02
8.600000000000000000e+01
1.430000000000000000e+02
8.300000000000000000e+01
6.900000000000000000e+01
1.170000000000000000e+02
9.900000000000000000e+01
1.060000000000000000e+02
7.400000000000000000e+01
1.220000000000000000e+02
6.500000000000000000e+01
6.600000000000000000e+01
1.200000000000000000e+02
6.400000000000000000e+01
1.280000000000000000e+02
4.000000000000000000e+01
8.900000000000000000e+01
6.700000000000000000e+01
4.400000000000000000e+01
1.510000000000000000e+02
3.800000000000000000e+01
1.230000000000000000e+02
2.600000000000000000e+01
6.900000000000000000e+01
1.110000000000000000e+02
2.400000000000000000e+01
1.340000000000000000e+02
9.000000000000000000e+00
4.500000000000000000e+01
1.260000000000000000e+02
0.000000000000000000e+00
1.060000000000000000e+02
1.000000000000000000e+00
0.000000000000000000e+00
2.534000000000000000e+03
2.440000000000000000e+02
4.740000000000000000e+02
8.580000000000000000e+02
8.840000000000000000e+02
1.165000000000000000e+03
1.117000000000000000e+03
1.184000000000000000e+03
1.338000000000000000e+03
1.253000000000000000e+03
1.257000000000000000e+03
1.312000000000000000e+03
1.423000000000000000e+03
1.441000000000000000e+03
1.520000000000000000e+03
1.451000000000000000e+03
1.467000000000000000e+03
1.433000000000000000e+03
1.464000000000000000e+03
1.414000000000000000e+03
1.332000000000000000e+03
1.337000000000000000e+03
1.353000000000000000e+03
1.280000000000000000e+03
1.252000000000000000e+03
1.259000000000000000e+03
1.306000000000000000e+03
1.484000000000000000e+03
1.462000000000000000e+03
1.617000000000000000e+03
1.628000000000000000e+03
1.696000000000000000e+03
1.632000000000000000e+03
1.624000000000000000e+03
1.516000000000000000e+03
1.464000000000000000e+03
1.366000000000000000e+03
1.369000000000000000e+03
1.440000000000000000e+03
1.413000000000000000e+03
1.427000000000000000e+03
1.398000000000000000e+03
1.461000000000000000e+03
1.441000000000000000e+03
1.417000000000000000e+03
1.358000000000000000e+03
1.371000000000000000e+03
1.415000000000000000e+03
1.420000000000000000e+03
1.440000000000000000e+03
1.483000000000000000e+03
1.390000000000000000e+03
1.403000000000000000e+03
1.504000000000000000e+03
1.541000000000000000e+03
1.634000000000000000e+03
1.542000000000000000e+03
1.525000000000000000e+03
1.483000000000000000e+03
1.564000000000000000e+03
1.471000000000000000e+03
1.501000000000000000e+03
1.523000000000000000e+03
1.487000000000000000e+03
1.562000000000000000e+03
1.530000000000000000e+03
1.582000000000000000e+03
1.701000000000000000e+03
1.824000000000000000e+03
1.886000000000000000e+03
1.962000000000000000e+03
2.003000000000000000e+03
1.995000000000000000e+03
2.238000000000000000e+03
2.365000000000000000e+03
2.570000000000000000e+03
2.942000000000000000e+03
2.905000000000000000e+03
2.964000000000000000e+03
3.166000000000000000e+03
3.236000000000000000e+03
3.476000000000000000e+03
3.372000000000000000e+03
3.137000000000000000e+03
3.242000000000000000e+03
3.107000000000000000e+03
3.010000000000000000e+03
2.846000000000000000e+03
2.713000000000000000e+03
2.798000000000000000e+03
2.825000000000000000e+03
2.750000000000000000e+03
2.892000000000000000e+03
2.660000000000000000e+03
2.712000000000000000e+03
2.581000000000000000e+03
2.490000000000000000e+03
2.477000000000000000e+03
2.375000000000000000e+03
2.273000000000000000e+03
2.031000000000000000e+03
2.038000000000000000e+03
1.994000000000000000e+03
1.796000000000000000e+03
1.753000000000000000e+03
1.830000000000000000e+03
1.918000000000000000e+03
1.867000000000000000e+03
1.860000000000000000e+03
1.863000000000000000e+03
1.941000000000000000e+03
1.989000000000000000e+03
2.054000000000000000e+03
2.123000000000000000e+03
2.247000000000000000e+03
2.045000000000000000e+03
2.023000000000000000e+03
2.027000000000000000e+03
2.076000000000000000e+03
2.050000000000000000e+03
2.078000000000000000e+03
1.991000000000000000e+03
2.094000000000000000e+03
2.215000000000000000e+03
2.169000000000000000e+03
2.206000000000000000e+03
2.331000000000000000e+03
2.349000000000000000e+03
2.399000000000000000e+03
2.418000000000000000e+03
2.096000000000000000e+03
2.075000000000000000e+03
1.898000000000000000e+03
1.925000000000000000e+03
1.805000000000000000e+03
1.891000000000000000e+03
1.834000000000000000e+03
1.898000000000000000e+03
2.086000000000000000e+03
2.066000000000000000e+03
2.161000000000000000e+03
2.174000000000000000e+03
2.043000000000000000e+03
2.122000000000000000e+03
1.977000000000000000e+03
1.847000000000000000e+03
1.967000000000000000e+03
1.886000000000000000e+03
1.916000000000000000e+03
2.008000000000000000e+03
2.105000000000000000e+03
1.997000000000000000e+03
2.002000000000000000e+03
2.329000000000000000e+03
3.059000000000000000e+03
3.383000000000000000e+03
3.242000000000000000e+03
3.155000000000000000e+03
3.276000000000000000e+03
2.819000000000000000e+03
3.214000000000000000e+03
2.932000000000000000e+03
2.887000000000000000e+03
3.091000000000000000e+03
2.778000000000000000e+03
2.618000000000000000e+03
2.343000000000000000e+03
2.159000000000000000e+03
2.013000000000000000e+03
2.038000000000000000e+03
1.799000000000000000e+03
1.698000000000000000e+03
1.519000000000000000e+03
1.414000000000000000e+03
1.274000000000000000e+03
1.336000000000000000e+03
1.335000000000000000e+03
1.343000000000000000e+03
1.461000000000000000e+03
1.363000000000000000e+03
1.352000000000000000e+03
1.489000000000000000e+03
1.607000000000000000e+03
1.813000000000000000e+03
1.909000000000000000e+03
1.896000000000000000e+03
1.904000000000000000e+03
1.467000000000000000e+03
1.420000000000000000e+03
1.408000000000000000e+03
1.482000000000000000e+03
1.583000000000000000e+03
1.279000000000000000e+03
1.360000000000000000e+03
1.376000000000000000e+03
1.729000000000000000e+03
1.711000000000000000e+03
1.692000000000000000e+03
1.785000000000000000e+03
2.189000000000000000e+03
2.223000000000000000e+03
2.184000000000000000e+03
2.434000000000000000e+03
2.270000000000000000e+03
2.785000000000000000e+03
2.705000000000000000e+03
3.645000000000000000e+03
3.486000000000000000e+03
3.307000000000000000e+03
3.746000000000000000e+03
3.662000000000000000e+03
5.156000000000000000e+03
4.193000000000000000e+03
3.392000000000000000e+03
2.530000000000000000e+03
1.936000000000000000e+03
2.060000000000000000e+03
3.201000000000000000e+03
3.407000000000000000e+03
3.153000000000000000e+03
2.753000000000000000e+03
3.715000000000000000e+03
5.129000000000000000e+03
2.401000000000000000e+03
3.604000000000000000e+03
1.810000000000000000e+03
1.061000000000000000e+03
8.030000000000000000e+02
7.200000000000000000e+02
5.680000000000000000e+02
7.310000000000000000e+02
7.290000000000000000e+02
6.810000000000000000e+02
7.020000000000000000e+02
6.830000000000000000e+02
6.830000000000000000e+02
7.800000000000000000e+02
6.930000000000000000e+02
6.280000000000000000e+02
7.190000000000000000e+02
5.750000000000000000e+02
6.050000000000000000e+02
6.240000000000000000e+02
5.630000000000000000e+02
5.280000000000000000e+02
4.210000000000000000e+02
3.460000000000000000e+02
3.240000000000000000e+02
2.530000000000000000e+02
2.300000000000000000e+02
2.390000000000000000e+02
2.050000000000000000e+02
2.610000000000000000e+02
2.760000000000000000e+02
3.120000000000000000e+02
2.800000000000000000e+02
2.112000000000000000e+03
