1.867500000000000000e+04
1.640000000000000000e+02
1.970000000000000000e+02
1.850000000000000000e+02
1.100000000000000000e+02
2.420000000000000000e+02
1.384000000000000000e+03
4.400000000000000000e+01
2.370000000000000000e+02
5.200000000000000000e+01
4.400000000000000000e+01
4.270000000000000000e+02
4.400000000000000000e+01
1.627600000000000000e+04
2.510000000000000000e+02
7.200000000000000000e+01
8.550000000000000000e+02
8.300000000000000000e+01
1.660000000000000000e+02
3.854000000000000000e+03
2.928200000000000000e+04
6.404000000000000000e+03
5.200000000000000000e+02
1.147000000000000000e+03
2.329000000000000000e+04
2.143000000000000000e+03
1.140000000000000000e+03
1.220000000000000000e+02
2.120000000000000000e+02
1.330000000000000000e+02
2.424900000000000000e+04
5.200000000000000000e+01
3.910000000000000000e+02
1.790000000000000000e+02
1.177000000000000000e+03
2.891000000000000000e+03
8.614000000000000000e+03
6.730000000000000000e+02
8.460000000000000000e+02
4.350000000000000000e+02
3.780000000000000000e+02
9.400000000000000000e+01
9.020000000000000000e+02
8.510000000000000000e+02
1.500000000000000000e+01
6.100000000000000000e+01
7.400000000000000000e+01
0.000000000000000000e+00
8.100000000000000000e+01
2.000000000000000000e+01
1.370000000000000000e+03
7.700000000000000000e+01
3.800000000000000000e+01
0.000000000000000000e+00
1.900000000000000000e+01
2.240000000000000000e+02
5.400000000000000000e+01
2.100000000000000000e+01
0.000000000000000000e+00
0.000000000000000000e+00
1.270000000000000000e+02
0.000000000000000000e+00
0.000000000000000000e+00
2.300000000000000000e+01
0.000000000000000000e+00
1.000000000000000000e+00
6.910000000000000000e+02
0.000000000000000000e+00
5.000000000000000000e+00
2.000000000000000000e+00
1.960000000000000000e+02
1.000000000000000000e+00
1.000000000000000000e+00
3.700000000000000000e+01
1.100000000000000000e+01
1.376200000000000000e+04
8.000000000000000000e+00
2.000000000000000000e+00
0.000000000000000000e+00
5.100000000000000000e+01
6.710000000000000000e+02
0.000000000000000000e+00
0.000000000000000000e+00
1.028000000000000000e+03
4.800000000000000000e+01
1.100000000000000000e+02
2.000000000000000000e+00
4.740000000000000000e+02
3.000000000000000000e+01
4.000000000000000000e+00
6.590000000000000000e+02
3.000000000000000000e+00
2.500000000000000000e+01
3.200000000000000000e+02
3.000000000000000000e+00
1.480000000000000000e+02
3.469000000000000000e+03
6.000000000000000000e+00
1.950000000000000000e+02
5.600000000000000000e+01
5.500000000000000000e+01
1.250000000000000000e+03
1.887000000000000000e+03
1.585400000000000000e+04
5.760000000000000000e+02
4.049000000000000000e+03
8.820000000000000000e+02
4.820000000000000000e+02
7.306000000000000000e+03
6.781000000000000000e+03
3.275400000000000000e+04
1.428000000000000000e+03
3.400000000000000000e+02
2.904000000000000000e+03
3.161300000000000000e+04
4.769000000000000000e+03
2.130000000000000000e+02
0.000000000000000000e+00
2.000000000000000000e+00
3.000000000000000000e+00
6.749000000000000000e+03
0.000000000000000000e+00
1.400000000000000000e+01
1.000000000000000000e+00
3.100000000000000000e+01
2.440000000000000000e+02
2.877000000000000000e+03
0.000000000000000000e+00
1.200000000000000000e+01
2.000000000000000000e+00
3.000000000000000000e+01
0.000000000000000000e+00
2.680000000000000000e+02
6.800000000000000000e+01
0.000000000000000000e+00
2.000000000000000000e+00
0.000000000000000000e+00
0.000000000000000000e+00
2.700000000000000000e+01
0.000000000000000000e+00
4.590000000000000000e+02
4.500000000000000000e+01
9.000000000000000000e+00
0.000000000000000000e+00
0.000000000000000000e+00
8.600000000000000000e+01
3.200000000000000000e+01
6.000000000000000000e+00
1.000000000000000000e+00
0.000000000000000000e+00
4.500000000000000000e+01
0.000000000000000000e+00
2.000000000000000000e+00
1.600000000000000000e+01
1.000000000000000000e+00
7.000000000000000000e+00
2.080000000000000000e+02
1.100000000000000000e+01
4.900000000000000000e+01
4.600000000000000000e+01
1.070000000000000000e+02
1.200000000000000000e+01
1.600000000000000000e+01
1.140000000000000000e+02
1.900000000000000000e+02
2.643000000000000000e+03
5.000000000000000000e+01
8.900000000000000000e+01
6.600000000000000000e+01
1.290000000000000000e+02
7.150000000000000000e+02
1.350000000000000000e+02
4.350000000000000000e+02
1.079000000000000000e+03
7.040000000000000000e+02
7.510000000000000000e+02
4.480000000000000000e+02
7.270000000000000000e+02
3.260000000000000000e+02
2.580000000000000000e+02
1.802400000000000000e+04
0.000000000000000000e+00
1.196400000000000000e+04
2.003800000000000000e+04
1.255400000000000000e+04
9.317000000000000000e+03
2.538500000000000000e+04
1.226000000000000000e+04
1.768500000000000000e+04
1.847000000000000000e+04
8.226000000000000000e+03
8.909000000000000000e+03
8.736000000000000000e+03
8.252000000000000000e+03
1.255000000000000000e+04
5.939000000000000000e+03
5.188000000000000000e+03
5.390000000000000000e+03
6.026000000000000000e+03
5.610000000000000000e+03
8.266000000000000000e+03
7.849000000000000000e+03
4.698000000000000000e+03
2.955000000000000000e+03
2.372000000000000000e+03
4.286000000000000000e+03
2.634000000000000000e+03
2.060000000000000000e+03
3.024000000000000000e+03
1.686000000000000000e+03
1.110000000000000000e+03
1.846000000000000000e+03
1.522000000000000000e+03
1.525000000000000000e+03
1.178000000000000000e+03
2.235000000000000000e+03
2.278000000000000000e+03
2.250000000000000000e+02
1.791000000000000000e+03
9.280000000000000000e+02
1.917000000000000000e+03
1.236000000000000000e+03
2.520000000000000000e+02
1.718000000000000000e+03
8.590000000000000000e+02
6.510000000000000000e+02
8.090000000000000000e+02
6.240000000000000000e+02
5.620000000000000000e+02
6.260000000000000000e+02
2.310000000000000000e+02
1.022000000000000000e+03
1.510000000000000000e+02
6.240000000000000000e+02
3.420000000000000000e+02
8.080000000000000000e+02
4.220000000000000000e+02
2.020000000000000000e+02
9.110000000000000000e+02
3.080000000000000000e+02
6.060000000000000000e+02
4.510000000000000000e+02
5.120000000000000000e+02
9.400000000000000000e+01
8.210000000000000000e+02
1.310000000000000000e+02
3.120000000000000000e+02
4.320000000000000000e+02
1.530000000000000000e+02
2.510000000000000000e+02
2.410000000000000000e+02
5.740000000000000000e+02
1.350000000000000000e+02
1.960000000000000000e+02
2.260000000000000000e+02
3.850000000000000000e+02
1.420000000000000000e+02
2.140000000000000000e+02
2.310000000000000000e+02
1.070000000000000000e+02
2.990000000000000000e+02
1.930000000000000000e+02
1.430000000000000000e+02
9.800000000000000000e+01
7.700000000000000000e+01
3.910000000000000000e+02
7.000000000000000000e+01
1.150000000000000000e+02
1.210000000000000000e+02
1.970000000000000000e+02
9.100000000000000000e+01
1.430000000000000000e+02
8.900000000000000000e+01
6.000000000000000000e+01
2.300000000000000000e+02
8.300000000000000000e+01
1.150000000000000000e+02
7.400000000000000000e+01
1.200000000000000000e+02
2.750000000000000000e+02
9.200000000000000000e+01
6.500000000000000000e+01
1.210000000000000000e+02
7.700000000000000000e+01
8.600000000000000000e+01
5.540000000000000000e+02
9.500000000000000000e+01
9.400000000000000000e+01
7.700000000000000000e+01
1.040000000000000000e+02
7.400000000000000000e+01
7.400000000000000000e+01
4.130000000000000000e+02
1.150000000000000000e+02
6.900000000000000000e+01
8.600000000000000000e+01
9.100000000000000000e+01
6.900000000000000000e+01
7.900000000000000000e+01
2.590000000000000000e+02
9.300000000000000000e+01
9.100000000000000000e+01
8.500000000000000000e+01
6.600000000000000000e+01
6.400000000000000000e+01
9.600000000000000000e+01
5.900000000000000000e+01
7.600000000000000000e+01
2.070000000000000000e+02
5.900000000000000000e+01
6.600000000000000000e+01
7.100000000000000000e+01
7.400000000000000000e+01
7.100000000000000000e+01
6.800000000000000000e+01
7.500000000000000000e+01
7.200000000000000000e+01
1.220000000000000000e+02
7.000000000000000000e+01
7.900000000000000000e+01
6.700000000000000000e+01
7.400000000000000000e+01
7.300000000000000000e+01
9.500000000000000000e+01
5.100000000000000000e+01
6.700000000000000000e+01
9.200000000000000000e+01
6.900000000000000000e+01
8.100000000000000000e+01
9.300000000000000000e+01
7.900000000000000000e+01
5.700000000000000000e+01
6.900000000000000000e+01
8.700000000000000000e+01
5.700000000000000000e+01
5.000000000000000000e+01
6.000000000000000000e+01
4.200000000000000000e+01
6.000000000000000000e+01
9.700000000000000000e+01
4.000000000000000000e+01
5.100000000000000000e+01
6.600000000000000000e+01
5.400000000000000000e+01
4.500000000000000000e+01
4.900000000000000000e+01
3.800000000000000000e+01
4.000000000000000000e+01
5.600000000000000000e+01
2.900000000000000000e+01
8.200000000000000000e+01
3.300000000000000000e+01
5.100000000000000000e+01
4.300000000000000000e+01
6.000000000000000000e+01
4.400000000000000000e+01
4.500000000000000000e+01
5.600000000000000000e+01
4.700000000000000000e+01
4.800000000000000000e+01
4.100000000000000000e+01
4.600000000000000000e+01
5.900000000000000000e+01
4.500000000000000000e+01
9.200000000000000000e+01
4.700000000000000000e+01
5.100000000000000000e+01
3.700000000000000000e+01
5.000000000000000000e+01
4.100000000000000000e+01
4.000000000000000000e+01
5.600000000000000000e+01
2.500000000000000000e+01
4.800000000000000000e+01
3.400000000000000000e+01
2.700000000000000000e+01
4.400000000000000000e+01
4.500000000000000000e+01
3.400000000000000000e+01
2.800000000000000000e+01
3.200000000000000000e+01
3.300000000000000000e+01
2.200000000000000000e+01
2.900000000000000000e+01
3.500000000000000000e+01
2.700000000000000000e+01
1.600000000000000000e+01
1.900000000000000000e+01
3.000000000000000000e+01
3.600000000000000000e+01
3.300000000000000000e+01
2.800000000000000000e+01
1.700000000000000000e+01
3.800000000000000000e+01
2.800000000000000000e+01
1.800000000000000000e+01
2.300000000000000000e+01
1.800000000000000000e+01
2.400000000000000000e+01
2.900000000000000000e+01
2.000000000000000000e+01
2.200000000000000000e+01
2.000000000000000000e+01
2.900000000000000000e+01
1.700000000000000000e+01
1.500000000000000000e+01
2.800000000000000000e+01
2.100000000000000000e+01
2.100000000000000000e+01
1.400000000000000000e+01
2.100000000000000000e+01
1.300000000000000000e+01
1.100000000000000000e+01
1.400000000000000000e+01
1.500000000000000000e+01
1.500000000000000000e+01
1.000000000000000000e+01
1.400000000000000000e+01
1.100000000000000000e+01
1.100000000000000000e+01
1.600000000000000000e+01
8.000000000000000000e+00
1.400000000000000000e+01
7.000000000000000000e+00
7.000000000000000000e+00
1.000000000000000000e+01
4.000000000000000000e+00
5.000000000000000000e+00
7.000000000000000000e+00
2.000000000000000000e+00
8.000000000000000000e+00
3.000000000000000000e+00
8.000000000000000000e+00
6.000000000000000000e+00
0.000000000000000000e+00
1.090000000000000000e+02
2.000000000000000000e+00
3.000000000000000000e+00
1.300000000000000000e+01
1.700000000000000000e+01
1.700000000000000000e+01
1.500000000000000000e+01
2.600000000000000000e+01
3.300000000000000000e+01
4.700000000000000000e+01
7.800000000000000000e+01
1.130000000000000000e+02
1.280000000000000000e+02
2.220000000000000000e+02
3.200000000000000000e+02
4.770000000000000000e+02
7.640000000000000000e+02
1.031000000000000000e+03
1.281000000000000000e+03
1.366000000000000000e+03
1.316000000000000000e+03
1.356000000000000000e+03
1.747000000000000000e+03
2.059000000000000000e+03
1.608000000000000000e+03
1.612000000000000000e+03
1.865000000000000000e+03
1.950000000000000000e+03
1.974000000000000000e+03
2.223000000000000000e+03
2.442000000000000000e+03
2.690000000000000000e+03
2.731000000000000000e+03
2.675000000000000000e+03
1.933000000000000000e+03
1.952000000000000000e+03
1.766000000000000000e+03
1.575000000000000000e+03
1.271000000000000000e+03
1.289000000000000000e+03
1.105000000000000000e+03
9.650000000000000000e+02
9.360000000000000000e+02
8.970000000000000000e+02
8.900000000000000000e+02
8.720000000000000000e+02
8.670000000000000000e+02
8.840000000000000000e+02
9.060000000000000000e+02
8.970000000000000000e+02
9.600000000000000000e+02
9.600000000000000000e+02
8.950000000000000000e+02
9.850000000000000000e+02
9.380000000000000000e+02
1.007000000000000000e+03
9.070000000000000000e+02
9.410000000000000000e+02
1.002000000000000000e+03
9.800000000000000000e+02
9.420000000000000000e+02
9.150000000000000000e+02
9.230000000000000000e+02
8.650000000000000000e+02
8.150000000000000000e+02
8.380000000000000000e+02
8.380000000000000000e+02
8.030000000000000000e+02
8.520000000000000000e+02
8.090000000000000000e+02
8.450000000000000000e+02
8.070000000000000000e+02
8.130000000000000000e+02
7.860000000000000000e+02
8.240000000000000000e+02
8.330000000000000000e+02
7.950000000000000000e+02
8.320000000000000000e+02
8.680000000000000000e+02
9.110000000000000000e+02
9.600000000000000000e+02
9.570000000000000000e+02
9.870000000000000000e+02
9.470000000000000000e+02
1.053000000000000000e+03
1.091000000000000000e+03
1.150000000000000000e+03
1.202000000000000000e+03
1.284000000000000000e+03
1.297000000000000000e+03
1.400000000000000000e+03
1.404000000000000000e+03
1.505000000000000000e+03
1.538000000000000000e+03
1.544000000000000000e+03
1.541000000000000000e+03
1.554000000000000000e+03
1.426000000000000000e+03
1.421000000000000000e+03
1.350000000000000000e+03
1.293000000000000000e+03
1.351000000000000000e+03
1.267000000000000000e+03
1.331000000000000000e+03
1.296000000000000000e+03
1.307000000000000000e+03
1.253000000000000000e+03
1.100000000000000000e+03
1.303000000000000000e+03
1.327000000000000000e+03
1.432000000000000000e+03
1.271000000000000000e+03
1.411000000000000000e+03
1.238000000000000000e+03
1.105000000000000000e+03
9.290000000000000000e+02
7.950000000000000000e+02
7.390000000000000000e+02
7.050000000000000000e+02
6.820000000000000000e+02
7.570000000000000000e+02
8.130000000000000000e+02
8.700000000000000000e+02
9.360000000000000000e+02
9.110000000000000000e+02
8.340000000000000000e+02
9.010000000000000000e+02
8.710000000000000000e+02
1.008000000000000000e+03
9.550000000000000000e+02
1.011000000000000000e+03
9.290000000000000000e+02
9.120000000000000000e+02
1.029000000000000000e+03
1.109000000000000000e+03
1.321000000000000000e+03
1.393000000000000000e+03
1.419000000000000000e+03
1.443000000000000000e+03
1.388000000000000000e+03
1.515000000000000000e+03
1.727000000000000000e+03
1.569000000000000000e+03
1.415000000000000000e+03
1.440000000000000000e+03
1.303000000000000000e+03
1.058000000000000000e+03
1.008000000000000000e+03
1.010000000000000000e+03
9.250000000000000000e+02
9.680000000000000000e+02
1.004000000000000000e+03
1.144000000000000000e+03
1.123000000000000000e+03
9.850000000000000000e+02
1.043000000000000000e+03
1.010000000000000000e+03
9.120000000000000000e+02
9.310000000000000000e+02
9.260000000000000000e+02
8.720000000000000000e+02
8.720000000000000000e+02
9.000000000000000000e+02
1.022000000000000000e+03
8.890000000000000000e+02
8.420000000000000000e+02
7.510000000000000000e+02
8.200000000000000000e+02
7.420000000000000000e+02
7.330000000000000000e+02
8.240000000000000000e+02
8.140000000000000000e+02
9.690000000000000000e+02
9.950000000000000000e+02
1.113000000000000000e+03
1.372000000000000000e+03
1.487000000000000000e+03
2.638000000000000000e+03
3.217000000000000000e+03
2.683000000000000000e+03
1.813000000000000000e+03
1.663000000000000000e+03
1.568000000000000000e+03
1.358000000000000000e+03
1.409000000000000000e+03
9.950000000000000000e+02
7.060000000000000000e+02
6.500000000000000000e+02
5.410000000000000000e+02
6.000000000000000000e+02
5.500000000000000000e+02
5.840000000000000000e+02
6.040000000000000000e+02
6.280000000000000000e+02
7.190000000000000000e+02
8.120000000000000000e+02
8.250000000000000000e+02
7.590000000000000000e+02
9.240000000000000000e+02
7.420000000000000000e+02
8.860000000000000000e+02
7.840000000000000000e+02
1.179000000000000000e+03
9.630000000000000000e+02
8.620000000000000000e+02
1.498000000000000000e+03
1.031000000000000000e+03
8.920000000000000000e+02
6.880000000000000000e+02
1.590000000000000000e+03
1.883000000000000000e+03
2.140000000000000000e+03
2.317000000000000000e+03
2.165000000000000000e+03
2.235000000000000000e+03
2.128000000000000000e+03
2.240000000000000000e+03
3.352000000000000000e+03
2.961000000000000000e+03
3.813000000000000000e+03
4.410000000000000000e+03
3.766000000000000000e+03
4.243000000000000000e+03
5.332000000000000000e+03
7.023000000000000000e+03
5.086000000000000000e+03
5.989000000000000000e+03
4.305000000000000000e+03
4.642000000000000000e+03
3.763000000000000000e+03
2.464000000000000000e+03
2.299000000000000000e+03
1.080000000000000000e+03
8.330000000000000000e+02
1.790000000000000000e+02
1.100000000000000000e+02
3.000000000000000000e+01
4.100000000000000000e+01
2.600000000000000000e+01
3.400000000000000000e+01
2.300000000000000000e+01
2.300000000000000000e+01
2.000000000000000000e+01
2.400000000000000000e+01
1.900000000000000000e+01
1.800000000000000000e+01
2.100000000000000000e+01
2.000000000000000000e+01
2.100000000000000000e+01
3.500000000000000000e+01
2.700000000000000000e+01
1.800000000000000000e+01
2.200000000000000000e+01
3.000000000000000000e+01
2.600000000000000000e+01
2.600000000000000000e+01
2.930000000000000000e+02
