2.921300000000000000e+04
1.358600000000000000e+04
1.143000000000000000e+04
7.302000000000000000e+03
3.032000000000000000e+03
1.295700000000000000e+04
8.478000000000000000e+03
3.671000000000000000e+03
1.755100000000000000e+04
3.113200000000000000e+04
1.927300000000000000e+04
2.734100000000000000e+04
1.530100000000000000e+04
1.295300000000000000e+04
7.019000000000000000e+03
4.282000000000000000e+03
4.366000000000000000e+03
1.181000000000000000e+03
7.950000000000000000e+02
2.167000000000000000e+03
3.739000000000000000e+03
2.183000000000000000e+03
1.101000000000000000e+03
1.469000000000000000e+03
1.822000000000000000e+03
1.511000000000000000e+03
1.868000000000000000e+03
2.120000000000000000e+02
4.300000000000000000e+02
4.230000000000000000e+02
4.924000000000000000e+03
9.800000000000000000e+01
1.638000000000000000e+03
7.030000000000000000e+02
3.307000000000000000e+03
5.967000000000000000e+03
1.102000000000000000e+03
1.379000000000000000e+03
3.229000000000000000e+03
1.582000000000000000e+03
2.628000000000000000e+03
6.730000000000000000e+02
1.601000000000000000e+03
4.680000000000000000e+03
7.970000000000000000e+02
2.104000000000000000e+03
2.892000000000000000e+03
2.160000000000000000e+02
4.433000000000000000e+03
8.860000000000000000e+02
1.123000000000000000e+03
3.003000000000000000e+03
2.139000000000000000e+03
8.030000000000000000e+02
1.534000000000000000e+03
1.269000000000000000e+03
2.249000000000000000e+03
1.478000000000000000e+03
5.810000000000000000e+02
7.800000000000000000e+01
1.941000000000000000e+03
1.800000000000000000e+01
7.260000000000000000e+02
1.382000000000000000e+03
4.000000000000000000e+00
8.760000000000000000e+02
1.598000000000000000e+03
6.490000000000000000e+02
6.320000000000000000e+02
7.260000000000000000e+02
7.150000000000000000e+02
2.370000000000000000e+02
2.240000000000000000e+02
5.820000000000000000e+02
8.330000000000000000e+02
6.220000000000000000e+02
3.590000000000000000e+02
1.730000000000000000e+02
5.000000000000000000e+00
4.770000000000000000e+02
1.227000000000000000e+03
9.100000000000000000e+01
5.200000000000000000e+01
4.260000000000000000e+02
5.200000000000000000e+02
2.670000000000000000e+02
9.000000000000000000e+01
8.040000000000000000e+02
2.070000000000000000e+02
1.520000000000000000e+02
1.081000000000000000e+03
3.220000000000000000e+02
2.920000000000000000e+02
4.330000000000000000e+02
3.680000000000000000e+02
1.059000000000000000e+03
8.350000000000000000e+02
3.330000000000000000e+02
1.116000000000000000e+03
9.230000000000000000e+02
1.093000000000000000e+03
1.923000000000000000e+03
2.236000000000000000e+03
4.952000000000000000e+03
1.342100000000000000e+04
4.031300000000000000e+04
4.003600000000000000e+04
2.006200000000000000e+04
6.722000000000000000e+03
6.986000000000000000e+03
5.279000000000000000e+03
5.032000000000000000e+03
5.319000000000000000e+03
2.642000000000000000e+03
3.829000000000000000e+03
2.049000000000000000e+03
4.613000000000000000e+03
4.750000000000000000e+02
8.050000000000000000e+02
8.880000000000000000e+02
7.211000000000000000e+03
1.390000000000000000e+02
1.560000000000000000e+03
7.830000000000000000e+02
3.365000000000000000e+03
6.458000000000000000e+03
2.296000000000000000e+03
7.550000000000000000e+02
2.283000000000000000e+03
8.900000000000000000e+02
1.770000000000000000e+03
1.030000000000000000e+02
5.347000000000000000e+03
6.116000000000000000e+03
9.000000000000000000e+01
7.600000000000000000e+02
4.800000000000000000e+02
2.000000000000000000e+01
1.507000000000000000e+03
5.100000000000000000e+01
4.761000000000000000e+03
2.755000000000000000e+03
9.870000000000000000e+02
6.100000000000000000e+01
2.750000000000000000e+02
3.879000000000000000e+03
1.770000000000000000e+03
6.630000000000000000e+02
7.500000000000000000e+01
2.000000000000000000e+01
2.525000000000000000e+03
1.900000000000000000e+01
1.570000000000000000e+02
1.442000000000000000e+03
1.800000000000000000e+01
7.300000000000000000e+02
6.210000000000000000e+03
3.520000000000000000e+02
1.531000000000000000e+03
8.580000000000000000e+02
2.649000000000000000e+03
2.500000000000000000e+02
1.560000000000000000e+02
1.747000000000000000e+03
2.632000000000000000e+03
3.892000000000000000e+03
8.820000000000000000e+02
3.010000000000000000e+02
1.680000000000000000e+02
2.099000000000000000e+03
7.363000000000000000e+03
7.230000000000000000e+02
1.006000000000000000e+03
4.979000000000000000e+03
3.715000000000000000e+03
3.626000000000000000e+03
3.229000000000000000e+03
8.882000000000000000e+03
4.371000000000000000e+03
4.912000000000000000e+03
3.909000000000000000e+03
4.000000000000000000e+00
1.000000000000000000e+01
1.300000000000000000e+01
3.400000000000000000e+01
7.400000000000000000e+01
1.010000000000000000e+02
1.730000000000000000e+02
1.860000000000000000e+02
2.800000000000000000e+02
2.880000000000000000e+02
3.460000000000000000e+02
3.760000000000000000e+02
4.080000000000000000e+02
4.500000000000000000e+02
5.140000000000000000e+02
5.770000000000000000e+02
6.720000000000000000e+02
7.890000000000000000e+02
7.120000000000000000e+02
9.240000000000000000e+02
9.230000000000000000e+02
8.650000000000000000e+02
1.009000000000000000e+03
1.092000000000000000e+03
9.270000000000000000e+02
1.338000000000000000e+03
1.225000000000000000e+03
1.240000000000000000e+03
1.218000000000000000e+03
1.393000000000000000e+03
1.592000000000000000e+03
1.708000000000000000e+03
1.865000000000000000e+03
1.927000000000000000e+03
2.108000000000000000e+03
2.797000000000000000e+03
1.505000000000000000e+03
2.591000000000000000e+03
3.159000000000000000e+03
3.812000000000000000e+03
4.179000000000000000e+03
6.185000000000000000e+03
9.417000000000000000e+03
1.183600000000000000e+04
1.014500000000000000e+04
1.161000000000000000e+04
1.203500000000000000e+04
1.224900000000000000e+04
8.813000000000000000e+03
6.199000000000000000e+03
7.929000000000000000e+03
4.185000000000000000e+03
5.822000000000000000e+03
3.480000000000000000e+03
5.185000000000000000e+03
2.870000000000000000e+03
4.014000000000000000e+03
3.851000000000000000e+03
3.494000000000000000e+03
3.211000000000000000e+03
3.680000000000000000e+03
3.226000000000000000e+03
1.620000000000000000e+03
5.394000000000000000e+03
2.273000000000000000e+03
2.839000000000000000e+03
3.537000000000000000e+03
2.718000000000000000e+03
2.403000000000000000e+03
3.611000000000000000e+03
3.483000000000000000e+03
2.240000000000000000e+03
3.407000000000000000e+03
2.713000000000000000e+03
2.765000000000000000e+03
2.005000000000000000e+03
3.315000000000000000e+03
3.004000000000000000e+03
1.868000000000000000e+03
2.661000000000000000e+03
2.885000000000000000e+03
2.576000000000000000e+03
2.209000000000000000e+03
1.083000000000000000e+03
6.467000000000000000e+03
1.082000000000000000e+03
1.933000000000000000e+03
2.788000000000000000e+03
2.449000000000000000e+03
3.007000000000000000e+03
2.473000000000000000e+03
2.406000000000000000e+03
2.228000000000000000e+03
3.142000000000000000e+03
1.648000000000000000e+03
3.635000000000000000e+03
2.361000000000000000e+03
2.839000000000000000e+03
2.625000000000000000e+03
3.057000000000000000e+03
1.795000000000000000e+03
4.422000000000000000e+03
2.293000000000000000e+03
3.162000000000000000e+03
2.968000000000000000e+03
4.111000000000000000e+03
3.802000000000000000e+03
3.899000000000000000e+03
4.545000000000000000e+03
3.654000000000000000e+03
4.822000000000000000e+03
4.725000000000000000e+03
4.527000000000000000e+03
3.483000000000000000e+03
5.074000000000000000e+03
4.028000000000000000e+03
3.845000000000000000e+03
4.258000000000000000e+03
3.032000000000000000e+03
3.661000000000000000e+03
4.114000000000000000e+03
3.290000000000000000e+03
4.156000000000000000e+03
4.326000000000000000e+03
2.093000000000000000e+03
2.128000000000000000e+03
3.186000000000000000e+03
7.903000000000000000e+03
2.137000000000000000e+03
1.900000000000000000e+03
4.033000000000000000e+03
4.155000000000000000e+03
2.609000000000000000e+03
3.862000000000000000e+03
2.504000000000000000e+03
2.969000000000000000e+03
2.993000000000000000e+03
2.837000000000000000e+03
5.225000000000000000e+03
4.036000000000000000e+03
2.931000000000000000e+03
3.445000000000000000e+03
3.692000000000000000e+03
3.065000000000000000e+03
2.228000000000000000e+03
3.332000000000000000e+03
2.914000000000000000e+03
4.048000000000000000e+03
3.640000000000000000e+03
2.764000000000000000e+03
2.768000000000000000e+03
1.280000000000000000e+03
3.291000000000000000e+03
1.734000000000000000e+03
2.151000000000000000e+03
2.361000000000000000e+03
1.768000000000000000e+03
1.652000000000000000e+03
2.308000000000000000e+03
7.700000000000000000e+02
1.383000000000000000e+03
1.722000000000000000e+03
1.012000000000000000e+03
1.202000000000000000e+03
1.623000000000000000e+03
1.333000000000000000e+03
1.133000000000000000e+03
7.820000000000000000e+02
4.960000000000000000e+02
4.114000000000000000e+03
5.290000000000000000e+02
7.230000000000000000e+02
1.078000000000000000e+03
1.281000000000000000e+03
1.239000000000000000e+03
7.160000000000000000e+02
1.436000000000000000e+03
5.740000000000000000e+02
1.565000000000000000e+03
9.830000000000000000e+02
9.710000000000000000e+02
1.677000000000000000e+03
6.840000000000000000e+02
1.105000000000000000e+03
1.431000000000000000e+03
7.720000000000000000e+02
1.201000000000000000e+03
1.380000000000000000e+03
9.440000000000000000e+02
8.280000000000000000e+02
2.488000000000000000e+03
6.630000000000000000e+02
9.560000000000000000e+02
1.012000000000000000e+03
1.100000000000000000e+03
1.300000000000000000e+03
1.057000000000000000e+03
1.493000000000000000e+03
8.170000000000000000e+02
1.481000000000000000e+03
1.064000000000000000e+03
9.480000000000000000e+02
9.620000000000000000e+02
1.994000000000000000e+03
8.820000000000000000e+02
1.295000000000000000e+03
1.120000000000000000e+03
1.018000000000000000e+03
1.417000000000000000e+03
1.239000000000000000e+03
1.050000000000000000e+03
9.230000000000000000e+02
2.044000000000000000e+03
1.075000000000000000e+03
1.202000000000000000e+03
1.295000000000000000e+03
1.127000000000000000e+03
9.190000000000000000e+02
1.765000000000000000e+03
1.000000000000000000e+03
1.235000000000000000e+03
1.043000000000000000e+03
1.378000000000000000e+03
1.027000000000000000e+03
1.049000000000000000e+03
8.610000000000000000e+02
1.298000000000000000e+03
1.021000000000000000e+03
8.020000000000000000e+02
1.298000000000000000e+03
9.870000000000000000e+02
1.126000000000000000e+03
9.990000000000000000e+02
1.127000000000000000e+03
1.137000000000000000e+03
9.130000000000000000e+02
1.048000000000000000e+03
1.103000000000000000e+03
1.174000000000000000e+03
1.059000000000000000e+03
9.990000000000000000e+02
1.171000000000000000e+03
1.164000000000000000e+03
1.260000000000000000e+03
1.405000000000000000e+03
1.238000000000000000e+03
1.583000000000000000e+03
2.094000000000000000e+03
1.500000000000000000e+03
2.054000000000000000e+03
1.800000000000000000e+03
1.580000000000000000e+03
2.096000000000000000e+03
1.210000000000000000e+02
2.101500000000000000e+04
1.655000000000000000e+03
2.145000000000000000e+03
1.851000000000000000e+03
1.733000000000000000e+03
1.596000000000000000e+03
1.556000000000000000e+03
1.705000000000000000e+03
1.895000000000000000e+03
2.166000000000000000e+03
2.515000000000000000e+03
2.770000000000000000e+03
3.111000000000000000e+03
3.379000000000000000e+03
3.707000000000000000e+03
4.225000000000000000e+03
4.756000000000000000e+03
5.154000000000000000e+03
5.537000000000000000e+03
5.945000000000000000e+03
5.828000000000000000e+03
6.109000000000000000e+03
6.455000000000000000e+03
6.614000000000000000e+03
6.969000000000000000e+03
7.038000000000000000e+03
7.358000000000000000e+03
7.326000000000000000e+03
7.035000000000000000e+03
7.094000000000000000e+03
6.834000000000000000e+03
6.413000000000000000e+03
5.975000000000000000e+03
5.841000000000000000e+03
5.324000000000000000e+03
5.180000000000000000e+03
4.993000000000000000e+03
4.682000000000000000e+03
4.480000000000000000e+03
4.326000000000000000e+03
4.110000000000000000e+03
3.859000000000000000e+03
3.711000000000000000e+03
3.463000000000000000e+03
3.436000000000000000e+03
3.230000000000000000e+03
3.273000000000000000e+03
3.260000000000000000e+03
3.215000000000000000e+03
3.161000000000000000e+03
3.220000000000000000e+03
3.216000000000000000e+03
3.390000000000000000e+03
3.321000000000000000e+03
3.416000000000000000e+03
3.585000000000000000e+03
3.672000000000000000e+03
3.868000000000000000e+03
3.842000000000000000e+03
3.945000000000000000e+03
4.066000000000000000e+03
4.081000000000000000e+03
3.939000000000000000e+03
3.902000000000000000e+03
3.699000000000000000e+03
3.699000000000000000e+03
3.682000000000000000e+03
3.421000000000000000e+03
3.307000000000000000e+03
3.308000000000000000e+03
3.235000000000000000e+03
3.149000000000000000e+03
3.138000000000000000e+03
3.009000000000000000e+03
2.727000000000000000e+03
2.690000000000000000e+03
2.457000000000000000e+03
2.320000000000000000e+03
2.161000000000000000e+03
2.201000000000000000e+03
2.009000000000000000e+03
1.989000000000000000e+03
1.887000000000000000e+03
1.861000000000000000e+03
1.729000000000000000e+03
1.572000000000000000e+03
1.634000000000000000e+03
1.566000000000000000e+03
1.528000000000000000e+03
1.519000000000000000e+03
1.542000000000000000e+03
1.639000000000000000e+03
1.638000000000000000e+03
1.644000000000000000e+03
1.662000000000000000e+03
1.692000000000000000e+03
1.703000000000000000e+03
1.884000000000000000e+03
1.923000000000000000e+03
1.959000000000000000e+03
1.974000000000000000e+03
2.034000000000000000e+03
2.179000000000000000e+03
2.448000000000000000e+03
2.610000000000000000e+03
3.034000000000000000e+03
3.083000000000000000e+03
3.378000000000000000e+03
3.523000000000000000e+03
3.909000000000000000e+03
4.318000000000000000e+03
4.710000000000000000e+03
5.320000000000000000e+03
5.456000000000000000e+03
5.548000000000000000e+03
5.091000000000000000e+03
4.399000000000000000e+03
3.888000000000000000e+03
3.429000000000000000e+03
3.001000000000000000e+03
2.825000000000000000e+03
2.840000000000000000e+03
2.945000000000000000e+03
3.036000000000000000e+03
2.999000000000000000e+03
2.871000000000000000e+03
2.856000000000000000e+03
2.778000000000000000e+03
2.820000000000000000e+03
2.576000000000000000e+03
2.390000000000000000e+03
2.230000000000000000e+03
2.303000000000000000e+03
2.172000000000000000e+03
2.331000000000000000e+03
2.324000000000000000e+03
2.284000000000000000e+03
2.255000000000000000e+03
2.135000000000000000e+03
2.065000000000000000e+03
1.889000000000000000e+03
1.767000000000000000e+03
1.618000000000000000e+03
1.383000000000000000e+03
1.332000000000000000e+03
1.233000000000000000e+03
1.207000000000000000e+03
1.155000000000000000e+03
1.134000000000000000e+03
1.088000000000000000e+03
1.042000000000000000e+03
9.990000000000000000e+02
1.044000000000000000e+03
1.026000000000000000e+03
9.930000000000000000e+02
9.660000000000000000e+02
9.790000000000000000e+02
9.500000000000000000e+02
1.039000000000000000e+03
9.790000000000000000e+02
9.530000000000000000e+02
9.620000000000000000e+02
9.010000000000000000e+02
9.360000000000000000e+02
9.270000000000000000e+02
8.730000000000000000e+02
9.120000000000000000e+02
8.320000000000000000e+02
8.520000000000000000e+02
8.190000000000000000e+02
7.710000000000000000e+02
7.540000000000000000e+02
7.330000000000000000e+02
7.540000000000000000e+02
6.860000000000000000e+02
6.730000000000000000e+02
6.560000000000000000e+02
6.540000000000000000e+02
6.420000000000000000e+02
6.290000000000000000e+02
5.660000000000000000e+02
5.580000000000000000e+02
5.530000000000000000e+02
5.120000000000000000e+02
4.630000000000000000e+02
4.710000000000000000e+02
4.630000000000000000e+02
4.790000000000000000e+02
5.130000000000000000e+02
5.060000000000000000e+02
5.360000000000000000e+02
5.700000000000000000e+02
7.300000000000000000e+02
1.180000000000000000e+03
1.414000000000000000e+03
1.592000000000000000e+03
1.759000000000000000e+03
1.760000000000000000e+03
2.190000000000000000e+03
2.287000000000000000e+03
3.217000000000000000e+03
3.541000000000000000e+03
3.420000000000000000e+03
3.057000000000000000e+03
3.470000000000000000e+03
4.750000000000000000e+03
5.009000000000000000e+03
5.704000000000000000e+03
6.209000000000000000e+03
6.822000000000000000e+03
7.397000000000000000e+03
7.551000000000000000e+03
7.854000000000000000e+03
7.712000000000000000e+03
6.127000000000000000e+03
3.302000000000000000e+03
1.201000000000000000e+03
7.710000000000000000e+02
6.190000000000000000e+02
4.810000000000000000e+02
4.400000000000000000e+02
3.600000000000000000e+02
2.830000000000000000e+02
2.510000000000000000e+02
2.320000000000000000e+02
2.060000000000000000e+02
2.070000000000000000e+02
1.990000000000000000e+02
2.000000000000000000e+02
1.500000000000000000e+02
1.610000000000000000e+02
1.590000000000000000e+02
1.660000000000000000e+02
1.420000000000000000e+02
1.550000000000000000e+02
1.230000000000000000e+02
1.390000000000000000e+02
1.340000000000000000e+02
1.330000000000000000e+02
1.620000000000000000e+02
1.450000000000000000e+02
1.550000000000000000e+02
1.400000000000000000e+02
1.360000000000000000e+02
1.650000000000000000e+02
1.540000000000000000e+02
1.780000000000000000e+02
1.890000000000000000e+02
2.160000000000000000e+02
1.890000000000000000e+02
2.080000000000000000e+02
2.210000000000000000e+02
2.160000000000000000e+02
2.320000000000000000e+02
2.050000000000000000e+02
1.690000000000000000e+02
1.006000000000000000e+03
