8.630000000000000000e+03
1.320000000000000000e+02
1.410000000000000000e+02
2.621000000000000000e+03
5.500000000000000000e+01
2.494000000000000000e+04
1.436600000000000000e+04
3.500000000000000000e+01
2.955800000000000000e+04
3.790000000000000000e+02
1.950000000000000000e+02
2.786700000000000000e+04
1.000000000000000000e+03
8.426000000000000000e+03
6.699000000000000000e+03
3.414000000000000000e+03
2.321000000000000000e+03
1.141000000000000000e+03
9.310000000000000000e+02
2.855000000000000000e+03
4.736000000000000000e+03
2.949000000000000000e+03
1.593000000000000000e+03
2.103000000000000000e+03
3.222000000000000000e+03
2.233000000000000000e+03
2.546000000000000000e+03
1.692000000000000000e+03
2.229000000000000000e+03
2.190000000000000000e+03
5.101000000000000000e+03
1.585000000000000000e+03
2.260000000000000000e+03
2.135000000000000000e+03
3.122000000000000000e+03
5.934000000000000000e+03
4.310000000000000000e+03
5.022000000000000000e+03
6.098000000000000000e+03
7.957000000000000000e+03
7.868000000000000000e+03
7.606000000000000000e+03
7.755000000000000000e+03
7.697000000000000000e+03
5.687000000000000000e+03
4.477000000000000000e+03
4.849000000000000000e+03
3.099000000000000000e+03
3.883000000000000000e+03
1.968000000000000000e+03
2.922000000000000000e+03
2.186000000000000000e+03
1.139000000000000000e+03
1.181000000000000000e+03
1.097000000000000000e+03
1.936000000000000000e+03
9.560000000000000000e+02
7.680000000000000000e+02
8.190000000000000000e+02
5.050000000000000000e+02
9.200000000000000000e+02
1.540000000000000000e+02
8.660000000000000000e+02
5.610000000000000000e+02
6.500000000000000000e+01
3.930000000000000000e+02
2.018000000000000000e+03
5.700000000000000000e+02
3.550000000000000000e+02
6.970000000000000000e+02
5.290000000000000000e+02
2.710000000000000000e+02
2.240000000000000000e+02
4.360000000000000000e+02
1.038000000000000000e+03
3.213000000000000000e+03
3.960000000000000000e+02
1.790000000000000000e+02
2.200000000000000000e+01
5.330000000000000000e+02
1.680000000000000000e+03
9.100000000000000000e+01
7.700000000000000000e+01
2.033000000000000000e+03
6.650000000000000000e+02
4.280000000000000000e+02
7.700000000000000000e+01
1.063000000000000000e+03
2.770000000000000000e+02
1.020000000000000000e+02
3.159000000000000000e+03
1.550000000000000000e+02
3.770000000000000000e+02
5.420000000000000000e+02
3.000000000000000000e+02
3.195000000000000000e+03
1.002000000000000000e+04
1.082000000000000000e+03
5.150000000000000000e+03
1.729000000000000000e+03
2.067000000000000000e+03
9.958000000000000000e+03
5.285000000000000000e+03
1.233000000000000000e+04
7.177000000000000000e+03
1.110800000000000000e+04
1.260800000000000000e+04
1.072000000000000000e+04
1.144400000000000000e+04
1.339300000000000000e+04
2.155700000000000000e+04
1.712100000000000000e+04
1.575200000000000000e+04
1.498500000000000000e+04
1.827400000000000000e+04
9.427000000000000000e+03
1.799300000000000000e+04
5.369000000000000000e+03
3.891000000000000000e+03
3.154000000000000000e+03
8.232000000000000000e+03
6.300000000000000000e+01
7.030000000000000000e+02
1.170000000000000000e+02
6.130000000000000000e+02
1.560000000000000000e+03
1.518000000000000000e+03
5.300000000000000000e+01
1.430000000000000000e+02
5.900000000000000000e+01
2.250000000000000000e+02
1.300000000000000000e+01
8.560000000000000000e+02
4.210000000000000000e+02
8.000000000000000000e+00
7.200000000000000000e+01
1.600000000000000000e+01
2.000000000000000000e+00
7.700000000000000000e+01
6.000000000000000000e+00
4.214000000000000000e+03
2.280000000000000000e+02
2.500000000000000000e+01
1.200000000000000000e+01
6.000000000000000000e+00
1.500000000000000000e+03
4.300000000000000000e+01
1.100000000000000000e+01
3.000000000000000000e+00
8.000000000000000000e+00
4.870000000000000000e+02
7.000000000000000000e+00
1.200000000000000000e+01
3.200000000000000000e+01
7.000000000000000000e+00
1.500000000000000000e+01
4.521000000000000000e+03
8.000000000000000000e+00
1.100000000000000000e+01
1.300000000000000000e+01
4.970000000000000000e+02
7.000000000000000000e+00
8.000000000000000000e+00
4.000000000000000000e+01
4.200000000000000000e+01
3.736000000000000000e+03
1.600000000000000000e+01
1.900000000000000000e+01
1.800000000000000000e+01
5.100000000000000000e+01
8.820000000000000000e+02
2.500000000000000000e+01
3.000000000000000000e+01
3.600000000000000000e+03
5.100000000000000000e+01
5.000000000000000000e+01
2.600000000000000000e+01
5.630000000000000000e+02
6.900000000000000000e+01
9.400000000000000000e+01
6.389000000000000000e+03
2.220000000000000000e+02
5.274000000000000000e+03
6.659000000000000000e+03
6.457000000000000000e+03
7.168000000000000000e+03
6.430000000000000000e+03
5.141000000000000000e+03
4.752000000000000000e+03
4.634000000000000000e+03
3.649000000000000000e+03
3.335000000000000000e+03
4.399000000000000000e+03
3.918000000000000000e+03
8.923000000000000000e+03
1.152300000000000000e+04
2.245300000000000000e+04
2.222800000000000000e+04
1.152000000000000000e+04
7.585000000000000000e+03
1.485300000000000000e+04
1.127300000000000000e+04
6.914000000000000000e+03
6.321000000000000000e+03
6.892000000000000000e+03
5.337000000000000000e+03
3.661000000000000000e+03
3.661000000000000000e+03
4.093000000000000000e+03
3.066000000000000000e+03
2.749000000000000000e+03
2.332000000000000000e+03
2.877000000000000000e+03
2.299000000000000000e+03
2.457000000000000000e+03
2.323000000000000000e+03
2.844000000000000000e+03
1.712000000000000000e+03
2.543000000000000000e+03
2.015000000000000000e+03
2.778000000000000000e+03
2.179000000000000000e+03
1.977000000000000000e+03
2.720000000000000000e+03
2.117000000000000000e+03
2.422000000000000000e+03
2.182000000000000000e+03
2.142000000000000000e+03
2.589000000000000000e+03
2.250000000000000000e+03
1.912000000000000000e+03
2.463000000000000000e+03
1.784000000000000000e+03
2.443000000000000000e+03
1.923000000000000000e+03
2.740000000000000000e+03
2.053000000000000000e+03
2.288000000000000000e+03
2.564000000000000000e+03
2.622000000000000000e+03
2.178000000000000000e+03
2.555000000000000000e+03
2.379000000000000000e+03
1.978000000000000000e+03
3.564000000000000000e+03
2.208000000000000000e+03
2.297000000000000000e+03
3.102000000000000000e+03
2.510000000000000000e+03
2.536000000000000000e+03
2.918000000000000000e+03
3.686000000000000000e+03
2.293000000000000000e+03
3.384000000000000000e+03
2.279000000000000000e+03
2.820000000000000000e+03
1.970000000000000000e+03
2.519000000000000000e+03
2.542000000000000000e+03
2.022000000000000000e+03
2.631000000000000000e+03
2.526000000000000000e+03
2.077000000000000000e+03
2.308000000000000000e+03
2.011000000000000000e+03
3.336000000000000000e+03
1.792000000000000000e+03
1.966000000000000000e+03
1.907000000000000000e+03
2.155000000000000000e+03
2.015000000000000000e+03
2.346000000000000000e+03
1.710000000000000000e+03
1.903000000000000000e+03
2.013000000000000000e+03
1.523000000000000000e+03
2.167000000000000000e+03
1.568000000000000000e+03
2.395000000000000000e+03
1.927000000000000000e+03
1.718000000000000000e+03
1.808000000000000000e+03
2.159000000000000000e+03
1.920000000000000000e+03
1.851000000000000000e+03
1.901000000000000000e+03
2.178000000000000000e+03
1.909000000000000000e+03
1.839000000000000000e+03
2.338000000000000000e+03
2.116000000000000000e+03
1.913000000000000000e+03
2.870000000000000000e+03
2.120000000000000000e+03
2.494000000000000000e+03
2.278000000000000000e+03
2.145000000000000000e+03
2.556000000000000000e+03
2.419000000000000000e+03
2.167000000000000000e+03
2.569000000000000000e+03
1.902000000000000000e+03
1.967000000000000000e+03
2.442000000000000000e+03
1.918000000000000000e+03
2.487000000000000000e+03
1.955000000000000000e+03
2.690000000000000000e+03
2.655000000000000000e+03
2.039000000000000000e+03
2.655000000000000000e+03
2.260000000000000000e+03
2.735000000000000000e+03
2.351000000000000000e+03
2.921000000000000000e+03
2.256000000000000000e+03
2.510000000000000000e+03
2.081000000000000000e+03
2.250000000000000000e+03
2.215000000000000000e+03
2.094000000000000000e+03
1.974000000000000000e+03
2.016000000000000000e+03
1.969000000000000000e+03
1.887000000000000000e+03
1.917000000000000000e+03
1.861000000000000000e+03
1.913000000000000000e+03
1.768000000000000000e+03
1.833000000000000000e+03
1.780000000000000000e+03
1.705000000000000000e+03
1.732000000000000000e+03
1.883000000000000000e+03
1.816000000000000000e+03
2.196000000000000000e+03
2.190000000000000000e+03
2.215000000000000000e+03
2.363000000000000000e+03
2.887000000000000000e+03
2.183000000000000000e+03
2.604000000000000000e+03
2.742000000000000000e+03
2.803000000000000000e+03
2.719000000000000000e+03
2.673000000000000000e+03
3.056000000000000000e+03
2.483000000000000000e+03
2.497000000000000000e+03
2.475000000000000000e+03
2.073000000000000000e+03
2.253000000000000000e+03
2.048000000000000000e+03
2.052000000000000000e+03
2.215000000000000000e+03
2.067000000000000000e+03
2.096000000000000000e+03
2.136000000000000000e+03
1.625000000000000000e+03
1.798000000000000000e+03
1.568000000000000000e+03
1.488000000000000000e+03
1.212000000000000000e+03
1.181000000000000000e+03
1.004000000000000000e+03
9.900000000000000000e+02
7.990000000000000000e+02
7.370000000000000000e+02
7.650000000000000000e+02
6.720000000000000000e+02
5.920000000000000000e+02
6.440000000000000000e+02
4.320000000000000000e+02
4.290000000000000000e+02
4.190000000000000000e+02
3.540000000000000000e+02
2.930000000000000000e+02
2.760000000000000000e+02
3.010000000000000000e+02
2.310000000000000000e+02
2.210000000000000000e+02
2.140000000000000000e+02
1.790000000000000000e+02
1.620000000000000000e+02
1.530000000000000000e+02
1.440000000000000000e+02
1.430000000000000000e+02
1.300000000000000000e+02
9.800000000000000000e+01
1.160000000000000000e+02
9.200000000000000000e+01
1.150000000000000000e+02
6.300000000000000000e+01
1.250000000000000000e+02
5.900000000000000000e+01
6.600000000000000000e+01
6.900000000000000000e+01
5.900000000000000000e+01
5.800000000000000000e+01
7.500000000000000000e+01
5.000000000000000000e+01
4.400000000000000000e+01
5.500000000000000000e+01
4.500000000000000000e+01
3.300000000000000000e+01
4.400000000000000000e+01
2.100000000000000000e+01
4.700000000000000000e+01
3.100000000000000000e+01
2.900000000000000000e+01
4.300000000000000000e+01
3.500000000000000000e+01
4.200000000000000000e+01
2.500000000000000000e+01
3.200000000000000000e+01
2.900000000000000000e+01
2.500000000000000000e+01
2.400000000000000000e+01
1.900000000000000000e+01
2.500000000000000000e+01
2.600000000000000000e+01
1.900000000000000000e+01
3.100000000000000000e+01
2.400000000000000000e+01
3.400000000000000000e+01
2.000000000000000000e+01
2.400000000000000000e+01
3.600000000000000000e+01
3.600000000000000000e+01
3.800000000000000000e+01
4.800000000000000000e+01
4.700000000000000000e+01
3.500000000000000000e+01
5.100000000000000000e+01
5.300000000000000000e+01
9.730000000000000000e+02
4.100000000000000000e+01
6.200000000000000000e+01
9.900000000000000000e+01
7.300000000000000000e+01
1.150000000000000000e+02
1.170000000000000000e+02
1.400000000000000000e+02
1.650000000000000000e+02
2.000000000000000000e+02
2.920000000000000000e+02
3.220000000000000000e+02
4.570000000000000000e+02
8.300000000000000000e+02
1.521000000000000000e+03
1.588000000000000000e+03
1.729000000000000000e+03
2.003000000000000000e+03
1.708000000000000000e+03
2.106000000000000000e+03
1.992000000000000000e+03
1.680000000000000000e+03
1.360000000000000000e+03
1.271000000000000000e+03
1.335000000000000000e+03
1.173000000000000000e+03
1.114000000000000000e+03
1.052000000000000000e+03
9.890000000000000000e+02
9.230000000000000000e+02
1.021000000000000000e+03
1.017000000000000000e+03
1.005000000000000000e+03
9.750000000000000000e+02
1.037000000000000000e+03
1.103000000000000000e+03
1.225000000000000000e+03
1.114000000000000000e+03
1.047000000000000000e+03
1.057000000000000000e+03
9.390000000000000000e+02
1.000000000000000000e+03
9.740000000000000000e+02
1.006000000000000000e+03
1.139000000000000000e+03
1.127000000000000000e+03
1.285000000000000000e+03
1.172000000000000000e+03
1.321000000000000000e+03
1.582000000000000000e+03
2.420000000000000000e+03
2.763000000000000000e+03
2.358000000000000000e+03
2.333000000000000000e+03
2.478000000000000000e+03
2.487000000000000000e+03
2.431000000000000000e+03
2.431000000000000000e+03
2.543000000000000000e+03
2.426000000000000000e+03
2.700000000000000000e+03
2.382000000000000000e+03
2.315000000000000000e+03
2.392000000000000000e+03
2.321000000000000000e+03
2.346000000000000000e+03
2.300000000000000000e+03
2.348000000000000000e+03
2.371000000000000000e+03
2.279000000000000000e+03
2.273000000000000000e+03
2.312000000000000000e+03
2.299000000000000000e+03
2.271000000000000000e+03
2.285000000000000000e+03
2.454000000000000000e+03
2.337000000000000000e+03
2.535000000000000000e+03
2.755000000000000000e+03
3.059000000000000000e+03
2.822000000000000000e+03
2.754000000000000000e+03
2.532000000000000000e+03
2.514000000000000000e+03
2.281000000000000000e+03
2.191000000000000000e+03
2.323000000000000000e+03
2.391000000000000000e+03
2.127000000000000000e+03
2.046000000000000000e+03
2.036000000000000000e+03
1.928000000000000000e+03
1.924000000000000000e+03
1.953000000000000000e+03
1.989000000000000000e+03
1.978000000000000000e+03
2.040000000000000000e+03
2.164000000000000000e+03
2.266000000000000000e+03
2.254000000000000000e+03
2.266000000000000000e+03
2.397000000000000000e+03
2.495000000000000000e+03
2.359000000000000000e+03
2.243000000000000000e+03
2.217000000000000000e+03
2.246000000000000000e+03
2.351000000000000000e+03
2.206000000000000000e+03
2.221000000000000000e+03
2.269000000000000000e+03
2.198000000000000000e+03
2.497000000000000000e+03
2.481000000000000000e+03
2.522000000000000000e+03
2.491000000000000000e+03
2.399000000000000000e+03
2.303000000000000000e+03
2.284000000000000000e+03
2.369000000000000000e+03
2.369000000000000000e+03
2.410000000000000000e+03
2.393000000000000000e+03
2.400000000000000000e+03
2.382000000000000000e+03
2.342000000000000000e+03
2.583000000000000000e+03
2.534000000000000000e+03
2.600000000000000000e+03
2.694000000000000000e+03
2.748000000000000000e+03
2.861000000000000000e+03
2.949000000000000000e+03
3.053000000000000000e+03
3.131000000000000000e+03
3.231000000000000000e+03
3.375000000000000000e+03
3.340000000000000000e+03
3.406000000000000000e+03
3.350000000000000000e+03
3.415000000000000000e+03
3.478000000000000000e+03
3.302000000000000000e+03
3.287000000000000000e+03
3.506000000000000000e+03
3.353000000000000000e+03
3.313000000000000000e+03
3.227000000000000000e+03
3.114000000000000000e+03
3.035000000000000000e+03
2.939000000000000000e+03
2.946000000000000000e+03
3.094000000000000000e+03
3.068000000000000000e+03
3.189000000000000000e+03
3.055000000000000000e+03
3.282000000000000000e+03
3.105000000000000000e+03
3.258000000000000000e+03
3.189000000000000000e+03
3.135000000000000000e+03
3.149000000000000000e+03
3.223000000000000000e+03
3.049000000000000000e+03
2.983000000000000000e+03
2.953000000000000000e+03
3.030000000000000000e+03
3.319000000000000000e+03
3.679000000000000000e+03
4.178000000000000000e+03
4.587000000000000000e+03
5.293000000000000000e+03
6.342000000000000000e+03
7.521000000000000000e+03
8.379000000000000000e+03
9.399000000000000000e+03
1.009500000000000000e+04
1.063900000000000000e+04
1.021100000000000000e+04
9.743000000000000000e+03
9.066000000000000000e+03
7.691000000000000000e+03
6.265000000000000000e+03
4.996000000000000000e+03
3.800000000000000000e+03
3.019000000000000000e+03
2.424000000000000000e+03
2.067000000000000000e+03
1.807000000000000000e+03
1.642000000000000000e+03
1.473000000000000000e+03
1.491000000000000000e+03
1.481000000000000000e+03
1.492000000000000000e+03
1.528000000000000000e+03
1.426000000000000000e+03
1.482000000000000000e+03
1.463000000000000000e+03
1.512000000000000000e+03
1.463000000000000000e+03
1.355000000000000000e+03
1.360000000000000000e+03
1.306000000000000000e+03
1.304000000000000000e+03
1.322000000000000000e+03
1.406000000000000000e+03
1.352000000000000000e+03
1.300000000000000000e+03
1.424000000000000000e+03
1.550000000000000000e+03
1.624000000000000000e+03
1.494000000000000000e+03
1.494000000000000000e+03
1.335000000000000000e+03
1.356000000000000000e+03
1.330000000000000000e+03
1.314000000000000000e+03
1.190000000000000000e+03
1.084000000000000000e+03
1.104000000000000000e+03
1.080000000000000000e+03
1.066000000000000000e+03
1.109000000000000000e+03
1.188000000000000000e+03
1.185000000000000000e+03
1.107000000000000000e+03
1.110000000000000000e+03
1.110000000000000000e+03
1.075000000000000000e+03
1.024000000000000000e+03
9.730000000000000000e+02
1.083000000000000000e+03
1.194000000000000000e+03
1.187000000000000000e+03
9.650000000000000000e+02
1.137000000000000000e+03
1.290000000000000000e+03
8.900000000000000000e+02
1.409000000000000000e+03
1.544000000000000000e+03
8.580000000000000000e+02
9.780000000000000000e+02
9.490000000000000000e+02
9.890000000000000000e+02
9.370000000000000000e+02
9.770000000000000000e+02
9.610000000000000000e+02
9.420000000000000000e+02
9.540000000000000000e+02
9.260000000000000000e+02
9.160000000000000000e+02
1.009000000000000000e+03
1.273000000000000000e+03
1.680000000000000000e+03
2.607000000000000000e+03
2.718000000000000000e+03
2.981000000000000000e+03
