4.197000000000000000e+03
1.440000000000000000e+02
9.200000000000000000e+01
1.290000000000000000e+02
6.000000000000000000e+01
1.870000000000000000e+02
5.090000000000000000e+02
2.900000000000000000e+01
2.600000000000000000e+02
8.400000000000000000e+01
6.100000000000000000e+01
6.090000000000000000e+02
6.900000000000000000e+01
1.281000000000000000e+03
3.460000000000000000e+02
4.320000000000000000e+02
1.354000000000000000e+03
5.120000000000000000e+02
5.380000000000000000e+02
1.642000000000000000e+03
2.270000000000000000e+03
4.282000000000000000e+03
4.444000000000000000e+03
4.503000000000000000e+03
6.213000000000000000e+03
5.105000000000000000e+03
1.427700000000000000e+04
6.265000000000000000e+03
7.920000000000000000e+03
1.217400000000000000e+04
2.147700000000000000e+04
1.045000000000000000e+04
2.016900000000000000e+04
2.329500000000000000e+04
3.342300000000000000e+04
7.123600000000000000e+04
3.542600000000000000e+04
2.276400000000000000e+04
2.294800000000000000e+04
1.471300000000000000e+04
1.043200000000000000e+04
4.379000000000000000e+03
4.990000000000000000e+03
5.932000000000000000e+03
1.411000000000000000e+03
1.437000000000000000e+03
2.234000000000000000e+03
3.530000000000000000e+02
2.626000000000000000e+03
3.920000000000000000e+02
3.502000000000000000e+03
1.262000000000000000e+03
1.824000000000000000e+03
4.740000000000000000e+02
6.070000000000000000e+02
1.145000000000000000e+03
3.895000000000000000e+03
8.140000000000000000e+02
4.680000000000000000e+02
5.670000000000000000e+02
3.693000000000000000e+03
5.300000000000000000e+02
6.960000000000000000e+02
1.671000000000000000e+03
6.930000000000000000e+02
1.226000000000000000e+03
3.171000000000000000e+03
1.357000000000000000e+03
1.167000000000000000e+03
2.035000000000000000e+03
1.561300000000000000e+04
1.262000000000000000e+03
1.344000000000000000e+03
6.955000000000000000e+03
3.073000000000000000e+03
1.146000000000000000e+04
1.605000000000000000e+03
3.042000000000000000e+03
1.649000000000000000e+03
1.956000000000000000e+03
5.489000000000000000e+04
6.870000000000000000e+02
3.567000000000000000e+03
4.372000000000000000e+03
4.854000000000000000e+03
4.756000000000000000e+03
3.041000000000000000e+03
1.794600000000000000e+04
3.852000000000000000e+03
5.156000000000000000e+03
2.702200000000000000e+04
7.369000000000000000e+03
1.052400000000000000e+04
1.063200000000000000e+04
1.653900000000000000e+04
5.178800000000000000e+04
2.909200000000000000e+04
2.117400000000000000e+04
5.809000000000000000e+04
3.641900000000000000e+04
3.444200000000000000e+04
1.079900000000000000e+05
3.020100000000000000e+04
3.197600000000000000e+04
1.213100000000000000e+04
8.161000000000000000e+03
3.644000000000000000e+03
7.960000000000000000e+02
1.588000000000000000e+03
1.717000000000000000e+03
7.502000000000000000e+03
1.264000000000000000e+03
7.440000000000000000e+02
4.210000000000000000e+02
1.140000000000000000e+03
1.274000000000000000e+03
3.570000000000000000e+02
3.000000000000000000e+01
2.300000000000000000e+01
1.500000000000000000e+01
1.273000000000000000e+03
3.000000000000000000e+00
6.100000000000000000e+01
1.800000000000000000e+01
1.410000000000000000e+02
2.870000000000000000e+02
3.090000000000000000e+02
5.000000000000000000e+00
4.100000000000000000e+01
1.200000000000000000e+01
3.700000000000000000e+01
5.000000000000000000e+00
1.370000000000000000e+02
1.290000000000000000e+02
3.000000000000000000e+00
1.900000000000000000e+01
1.100000000000000000e+01
0.000000000000000000e+00
6.700000000000000000e+01
2.000000000000000000e+00
3.230000000000000000e+02
4.500000000000000000e+01
1.100000000000000000e+01
6.000000000000000000e+00
7.000000000000000000e+00
5.900000000000000000e+01
2.500000000000000000e+01
1.000000000000000000e+01
3.000000000000000000e+00
1.000000000000000000e+00
5.100000000000000000e+01
0.000000000000000000e+00
1.200000000000000000e+01
1.800000000000000000e+01
0.000000000000000000e+00
1.100000000000000000e+01
1.710000000000000000e+02
7.000000000000000000e+00
2.300000000000000000e+01
2.200000000000000000e+01
1.000000000000000000e+02
5.000000000000000000e+00
9.000000000000000000e+00
3.000000000000000000e+01
5.600000000000000000e+01
5.780000000000000000e+02
2.600000000000000000e+01
2.400000000000000000e+01
1.100000000000000000e+01
5.400000000000000000e+01
2.150000000000000000e+02
4.900000000000000000e+01
5.800000000000000000e+01
3.580000000000000000e+02
1.260000000000000000e+02
1.370000000000000000e+02
1.120000000000000000e+02
2.440000000000000000e+02
1.300000000000000000e+02
1.360000000000000000e+02
3.648000000000000000e+03
1.000000000000000000e+00
7.852000000000000000e+03
5.673000000000000000e+03
1.463000000000000000e+03
1.930000000000000000e+03
6.731000000000000000e+03
1.195500000000000000e+04
3.514000000000000000e+03
6.695000000000000000e+03
1.021600000000000000e+04
5.354000000000000000e+03
1.140100000000000000e+04
1.019600000000000000e+04
1.057200000000000000e+04
1.038400000000000000e+04
1.205800000000000000e+04
1.078100000000000000e+04
1.059000000000000000e+04
1.084800000000000000e+04
1.294900000000000000e+04
1.024900000000000000e+04
9.778000000000000000e+03
1.116600000000000000e+04
1.410500000000000000e+04
1.511500000000000000e+04
1.855800000000000000e+04
1.681300000000000000e+04
1.740600000000000000e+04
1.739500000000000000e+04
1.642600000000000000e+04
1.771800000000000000e+04
1.704000000000000000e+04
1.888500000000000000e+04
1.872300000000000000e+04
1.701600000000000000e+04
1.647900000000000000e+04
1.194800000000000000e+04
1.402000000000000000e+04
1.381500000000000000e+04
1.742200000000000000e+04
1.404400000000000000e+04
1.457400000000000000e+04
1.333600000000000000e+04
1.440600000000000000e+04
1.350200000000000000e+04
1.169100000000000000e+04
1.007400000000000000e+04
1.046200000000000000e+04
9.791000000000000000e+03
8.611000000000000000e+03
9.446000000000000000e+03
8.775000000000000000e+03
9.428000000000000000e+03
7.625000000000000000e+03
8.635000000000000000e+03
8.106000000000000000e+03
8.377000000000000000e+03
7.408000000000000000e+03
8.319000000000000000e+03
7.548000000000000000e+03
7.713000000000000000e+03
6.981000000000000000e+03
6.278000000000000000e+03
7.906000000000000000e+03
6.912000000000000000e+03
6.723000000000000000e+03
7.199000000000000000e+03
7.058000000000000000e+03
6.032000000000000000e+03
7.742000000000000000e+03
6.242000000000000000e+03
6.216000000000000000e+03
6.993000000000000000e+03
6.049000000000000000e+03
5.935000000000000000e+03
5.604000000000000000e+03
6.626000000000000000e+03
6.043000000000000000e+03
5.435000000000000000e+03
5.317000000000000000e+03
6.434000000000000000e+03
5.565000000000000000e+03
5.707000000000000000e+03
6.001000000000000000e+03
5.457000000000000000e+03
6.086000000000000000e+03
5.228000000000000000e+03
5.471000000000000000e+03
5.375000000000000000e+03
6.115000000000000000e+03
5.098000000000000000e+03
5.095000000000000000e+03
5.173000000000000000e+03
5.248000000000000000e+03
4.991000000000000000e+03
6.145000000000000000e+03
5.091000000000000000e+03
5.271000000000000000e+03
4.948000000000000000e+03
5.248000000000000000e+03
4.597000000000000000e+03
6.168000000000000000e+03
4.331000000000000000e+03
4.920000000000000000e+03
4.776000000000000000e+03
4.732000000000000000e+03
4.571000000000000000e+03
4.588000000000000000e+03
4.887000000000000000e+03
4.277000000000000000e+03
4.299000000000000000e+03
4.218000000000000000e+03
3.982000000000000000e+03
4.139000000000000000e+03
3.754000000000000000e+03
3.829000000000000000e+03
3.628000000000000000e+03
4.247000000000000000e+03
3.462000000000000000e+03
3.420000000000000000e+03
3.250000000000000000e+03
3.496000000000000000e+03
3.176000000000000000e+03
3.145000000000000000e+03
2.998000000000000000e+03
2.946000000000000000e+03
2.131000000000000000e+03
3.751000000000000000e+03
2.658000000000000000e+03
2.452000000000000000e+03
2.427000000000000000e+03
2.159000000000000000e+03
2.321000000000000000e+03
2.039000000000000000e+03
2.131000000000000000e+03
1.842000000000000000e+03
1.883000000000000000e+03
1.669000000000000000e+03
2.012000000000000000e+03
1.476000000000000000e+03
1.478000000000000000e+03
1.418000000000000000e+03
1.437000000000000000e+03
1.199000000000000000e+03
1.239000000000000000e+03
1.087000000000000000e+03
1.005000000000000000e+03
1.039000000000000000e+03
1.101000000000000000e+03
8.510000000000000000e+02
8.030000000000000000e+02
7.350000000000000000e+02
1.634000000000000000e+03
6.920000000000000000e+02
6.710000000000000000e+02
6.840000000000000000e+02
5.980000000000000000e+02
5.800000000000000000e+02
7.090000000000000000e+02
4.410000000000000000e+02
4.460000000000000000e+02
4.280000000000000000e+02
3.650000000000000000e+02
3.870000000000000000e+02
3.980000000000000000e+02
3.310000000000000000e+02
2.860000000000000000e+02
2.950000000000000000e+02
2.440000000000000000e+02
9.020000000000000000e+02
2.320000000000000000e+02
1.950000000000000000e+02
2.210000000000000000e+02
2.320000000000000000e+02
2.030000000000000000e+02
1.530000000000000000e+02
2.380000000000000000e+02
1.290000000000000000e+02
1.990000000000000000e+02
1.740000000000000000e+02
1.450000000000000000e+02
2.420000000000000000e+02
1.000000000000000000e+02
1.120000000000000000e+02
1.710000000000000000e+02
9.500000000000000000e+01
1.330000000000000000e+02
1.150000000000000000e+02
7.300000000000000000e+01
6.100000000000000000e+01
9.120000000000000000e+02
5.300000000000000000e+01
8.100000000000000000e+01
6.300000000000000000e+01
8.200000000000000000e+01
7.900000000000000000e+01
6.000000000000000000e+01
1.030000000000000000e+02
4.700000000000000000e+01
1.080000000000000000e+02
5.600000000000000000e+01
3.900000000000000000e+01
2.600000000000000000e+01
1.430000000000000000e+02
4.900000000000000000e+01
5.100000000000000000e+01
5.600000000000000000e+01
5.400000000000000000e+01
1.110000000000000000e+02
3.600000000000000000e+01
2.500000000000000000e+01
1.600000000000000000e+01
1.590000000000000000e+02
3.900000000000000000e+01
3.000000000000000000e+01
9.200000000000000000e+01
2.900000000000000000e+01
2.800000000000000000e+01
4.700000000000000000e+02
2.100000000000000000e+01
3.400000000000000000e+01
1.700000000000000000e+01
5.800000000000000000e+01
2.500000000000000000e+01
3.000000000000000000e+01
1.400000000000000000e+01
7.900000000000000000e+01
1.800000000000000000e+01
1.700000000000000000e+01
7.700000000000000000e+01
1.900000000000000000e+01
3.300000000000000000e+01
2.100000000000000000e+01
7.700000000000000000e+01
3.300000000000000000e+01
1.300000000000000000e+01
2.300000000000000000e+01
2.100000000000000000e+01
2.100000000000000000e+01
1.300000000000000000e+01
1.100000000000000000e+01
2.000000000000000000e+01
9.000000000000000000e+00
1.900000000000000000e+01
1.400000000000000000e+01
9.000000000000000000e+00
1.000000000000000000e+01
1.000000000000000000e+01
5.000000000000000000e+00
2.000000000000000000e+00
1.300000000000000000e+01
1.000000000000000000e+00
2.000000000000000000e+00
0.000000000000000000e+00
4.664000000000000000e+03
2.000000000000000000e+01
2.940000000000000000e+02
7.730000000000000000e+02
5.760000000000000000e+02
8.570000000000000000e+02
1.098000000000000000e+03
1.321000000000000000e+03
1.144000000000000000e+03
1.121000000000000000e+03
1.015000000000000000e+03
9.370000000000000000e+02
1.012000000000000000e+03
1.075000000000000000e+03
1.164000000000000000e+03
1.175000000000000000e+03
1.301000000000000000e+03
1.420000000000000000e+03
1.383000000000000000e+03
1.463000000000000000e+03
1.537000000000000000e+03
1.495000000000000000e+03
1.435000000000000000e+03
1.513000000000000000e+03
1.536000000000000000e+03
1.497000000000000000e+03
1.552000000000000000e+03
1.648000000000000000e+03
1.688000000000000000e+03
1.664000000000000000e+03
1.689000000000000000e+03
1.715000000000000000e+03
1.789000000000000000e+03
1.800000000000000000e+03
1.869000000000000000e+03
1.904000000000000000e+03
2.074000000000000000e+03
2.139000000000000000e+03
2.238000000000000000e+03
2.342000000000000000e+03
2.286000000000000000e+03
2.400000000000000000e+03
2.555000000000000000e+03
2.494000000000000000e+03
2.701000000000000000e+03
2.722000000000000000e+03
2.805000000000000000e+03
2.818000000000000000e+03
2.913000000000000000e+03
3.333000000000000000e+03
3.465000000000000000e+03
3.936000000000000000e+03
4.057000000000000000e+03
4.174000000000000000e+03
4.084000000000000000e+03
3.950000000000000000e+03
3.791000000000000000e+03
3.821000000000000000e+03
3.667000000000000000e+03
3.402000000000000000e+03
3.345000000000000000e+03
3.238000000000000000e+03
3.097000000000000000e+03
2.823000000000000000e+03
2.689000000000000000e+03
2.405000000000000000e+03
2.354000000000000000e+03
2.198000000000000000e+03
1.975000000000000000e+03
1.891000000000000000e+03
1.837000000000000000e+03
1.746000000000000000e+03
1.724000000000000000e+03
1.700000000000000000e+03
1.636000000000000000e+03
1.718000000000000000e+03
1.704000000000000000e+03
1.681000000000000000e+03
1.780000000000000000e+03
1.636000000000000000e+03
1.814000000000000000e+03
1.740000000000000000e+03
1.752000000000000000e+03
1.852000000000000000e+03
1.961000000000000000e+03
1.922000000000000000e+03
1.951000000000000000e+03
1.979000000000000000e+03
2.019000000000000000e+03
2.173000000000000000e+03
2.272000000000000000e+03
2.332000000000000000e+03
2.435000000000000000e+03
2.599000000000000000e+03
2.777000000000000000e+03
2.928000000000000000e+03
3.091000000000000000e+03
3.246000000000000000e+03
3.529000000000000000e+03
3.503000000000000000e+03
3.782000000000000000e+03
3.904000000000000000e+03
4.005000000000000000e+03
4.185000000000000000e+03
4.058000000000000000e+03
4.290000000000000000e+03
4.366000000000000000e+03
4.787000000000000000e+03
5.052000000000000000e+03
5.066000000000000000e+03
5.589000000000000000e+03
5.563000000000000000e+03
5.843000000000000000e+03
6.092000000000000000e+03
6.441000000000000000e+03
6.840000000000000000e+03
7.191000000000000000e+03
7.663000000000000000e+03
7.850000000000000000e+03
8.167000000000000000e+03
8.848000000000000000e+03
9.062000000000000000e+03
9.309000000000000000e+03
9.709000000000000000e+03
9.716000000000000000e+03
9.902000000000000000e+03
1.029600000000000000e+04
1.023500000000000000e+04
1.038200000000000000e+04
1.049700000000000000e+04
1.058100000000000000e+04
1.043100000000000000e+04
1.020300000000000000e+04
1.033800000000000000e+04
1.001500000000000000e+04
9.907000000000000000e+03
9.598000000000000000e+03
9.430000000000000000e+03
9.016000000000000000e+03
8.676000000000000000e+03
8.523000000000000000e+03
8.040000000000000000e+03
7.759000000000000000e+03
7.694000000000000000e+03
7.296000000000000000e+03
7.163000000000000000e+03
6.764000000000000000e+03
6.742000000000000000e+03
6.636000000000000000e+03
6.452000000000000000e+03
6.134000000000000000e+03
6.108000000000000000e+03
5.876000000000000000e+03
5.853000000000000000e+03
5.559000000000000000e+03
5.471000000000000000e+03
5.410000000000000000e+03
5.284000000000000000e+03
5.233000000000000000e+03
5.064000000000000000e+03
5.005000000000000000e+03
4.831000000000000000e+03
4.623000000000000000e+03
4.601000000000000000e+03
4.397000000000000000e+03
4.444000000000000000e+03
4.398000000000000000e+03
4.284000000000000000e+03
4.217000000000000000e+03
4.215000000000000000e+03
4.060000000000000000e+03
3.981000000000000000e+03
3.864000000000000000e+03
3.831000000000000000e+03
3.762000000000000000e+03
3.778000000000000000e+03
3.605000000000000000e+03
3.554000000000000000e+03
3.544000000000000000e+03
3.514000000000000000e+03
3.347000000000000000e+03
3.550000000000000000e+03
3.367000000000000000e+03
3.315000000000000000e+03
3.398000000000000000e+03
3.259000000000000000e+03
3.207000000000000000e+03
3.191000000000000000e+03
3.329000000000000000e+03
3.211000000000000000e+03
3.237000000000000000e+03
3.290000000000000000e+03
3.312000000000000000e+03
3.536000000000000000e+03
3.734000000000000000e+03
3.847000000000000000e+03
4.151000000000000000e+03
4.531000000000000000e+03
4.970000000000000000e+03
5.120000000000000000e+03
5.705000000000000000e+03
6.043000000000000000e+03
6.331000000000000000e+03
6.584000000000000000e+03
7.143000000000000000e+03
7.552000000000000000e+03
7.905000000000000000e+03
8.642000000000000000e+03
9.086000000000000000e+03
9.718000000000000000e+03
1.020200000000000000e+04
1.074900000000000000e+04
1.104400000000000000e+04
1.147900000000000000e+04
1.124200000000000000e+04
1.076900000000000000e+04
9.655000000000000000e+03
8.923000000000000000e+03
8.443000000000000000e+03
8.077000000000000000e+03
8.172000000000000000e+03
8.099000000000000000e+03
7.349000000000000000e+03
7.329000000000000000e+03
7.214000000000000000e+03
7.459000000000000000e+03
7.163000000000000000e+03
7.305000000000000000e+03
7.346000000000000000e+03
7.377000000000000000e+03
6.659000000000000000e+03
5.594000000000000000e+03
4.277000000000000000e+03
3.485000000000000000e+03
2.790000000000000000e+03
2.962000000000000000e+03
1.904000000000000000e+03
1.385000000000000000e+03
1.048000000000000000e+03
7.910000000000000000e+02
6.930000000000000000e+02
6.780000000000000000e+02
7.570000000000000000e+02
9.920000000000000000e+02
2.024000000000000000e+03
1.428000000000000000e+03
6.940000000000000000e+02
4.620000000000000000e+02
3.520000000000000000e+02
1.190000000000000000e+02
9.400000000000000000e+01
8.400000000000000000e+01
6.400000000000000000e+01
4.800000000000000000e+01
7.400000000000000000e+01
4.500000000000000000e+01
1.770000000000000000e+02
