2.649037000000000000e+06
1.526700000000000000e+04
3.129500000000000000e+04
3.464900000000000000e+04
2.723700000000000000e+04
1.514920000000000000e+05
2.814380000000000000e+05
5.025200000000000000e+04
2.442300000000000000e+05
2.100150000000000000e+05
3.299880000000000000e+05
7.709060000000000000e+05
5.190930000000000000e+05
2.107168000000000000e+06
7.457820000000000000e+05
1.145013000000000000e+06
1.039554000000000000e+06
8.418610000000000000e+05
5.974060000000000000e+05
1.580624000000000000e+06
1.723393000000000000e+06
1.617932000000000000e+06
1.864239000000000000e+06
1.423437000000000000e+06
1.470198000000000000e+06
6.313070000000000000e+05
7.818060000000000000e+05
2.206520000000000000e+05
1.837090000000000000e+05
1.559140000000000000e+05
5.072610000000000000e+05
3.723200000000000000e+04
7.149100000000000000e+04
4.012900000000000000e+04
7.476600000000000000e+04
2.773730000000000000e+05
3.636860000000000000e+05
1.557500000000000000e+04
1.439200000000000000e+04
5.881000000000000000e+03
7.824000000000000000e+03
1.328000000000000000e+03
1.977000000000000000e+04
1.969400000000000000e+04
6.190000000000000000e+02
4.251000000000000000e+03
2.467000000000000000e+03
5.800000000000000000e+01
3.224000000000000000e+03
1.550000000000000000e+02
1.125610000000000000e+05
3.546000000000000000e+03
9.380000000000000000e+02
3.210000000000000000e+02
1.021000000000000000e+03
5.952000000000000000e+03
2.094000000000000000e+03
8.670000000000000000e+02
2.730000000000000000e+02
0.000000000000000000e+00
8.763000000000000000e+03
0.000000000000000000e+00
4.890000000000000000e+02
1.310000000000000000e+03
1.900000000000000000e+01
3.628000000000000000e+03
2.229500000000000000e+04
9.070000000000000000e+02
3.074000000000000000e+03
3.035000000000000000e+03
4.028000000000000000e+03
5.730000000000000000e+02
2.360000000000000000e+02
1.930000000000000000e+03
3.182000000000000000e+03
3.981700000000000000e+05
9.240000000000000000e+02
3.690000000000000000e+02
1.630000000000000000e+02
2.099000000000000000e+03
1.557600000000000000e+04
4.180000000000000000e+02
3.100000000000000000e+02
1.037650000000000000e+05
1.767000000000000000e+03
1.436000000000000000e+03
4.820000000000000000e+02
6.639000000000000000e+03
4.240000000000000000e+02
1.500000000000000000e+02
3.245400000000000000e+04
9.620000000000000000e+02
1.828000000000000000e+03
3.841000000000000000e+03
3.190000000000000000e+02
1.651500000000000000e+04
1.797630000000000000e+05
9.250000000000000000e+02
4.761200000000000000e+04
7.926000000000000000e+03
8.718000000000000000e+03
1.099720000000000000e+05
1.388970000000000000e+05
1.091025000000000000e+06
9.095850000000000000e+05
2.301565000000000000e+06
1.569596000000000000e+06
8.813650000000000000e+05
3.573630000000000000e+05
6.344520000000000000e+05
3.312930000000000000e+05
6.363350000000000000e+05
1.828540000000000000e+05
4.245320000000000000e+05
2.682940000000000000e+05
2.370040000000000000e+05
1.861330000000000000e+05
4.170000000000000000e+02
8.670000000000000000e+02
4.190000000000000000e+02
1.576163000000000000e+06
2.700000000000000000e+01
5.725000000000000000e+03
1.180000000000000000e+02
1.094200000000000000e+05
2.324540000000000000e+05
3.018480000000000000e+05
2.700000000000000000e+02
3.366000000000000000e+03
8.500000000000000000e+02
6.148000000000000000e+03
6.700000000000000000e+01
8.622200000000000000e+04
1.848500000000000000e+04
5.900000000000000000e+01
3.310000000000000000e+03
2.060000000000000000e+02
4.100000000000000000e+01
1.439000000000000000e+03
5.200000000000000000e+01
7.970400000000000000e+04
5.343000000000000000e+03
4.570000000000000000e+02
2.630000000000000000e+02
2.430000000000000000e+02
1.878800000000000000e+04
1.140000000000000000e+03
2.630000000000000000e+02
1.440000000000000000e+02
4.300000000000000000e+01
1.377600000000000000e+04
3.000000000000000000e+01
2.980000000000000000e+02
1.079000000000000000e+03
2.130000000000000000e+02
1.017000000000000000e+03
3.240000000000000000e+04
1.133000000000000000e+03
3.504000000000000000e+03
3.490000000000000000e+03
1.414100000000000000e+04
2.571000000000000000e+03
3.287000000000000000e+03
9.353000000000000000e+03
1.449600000000000000e+04
3.388390000000000000e+05
9.557000000000000000e+03
1.066700000000000000e+04
6.225000000000000000e+03
1.402800000000000000e+04
7.433500000000000000e+04
5.311000000000000000e+03
6.477000000000000000e+03
1.727560000000000000e+05
2.056600000000000000e+04
1.803000000000000000e+04
1.127800000000000000e+04
4.966900000000000000e+04
2.218800000000000000e+04
2.933800000000000000e+04
2.492139000000000000e+06
8.750000000000000000e+03
3.919270000000000000e+05
3.003040000000000000e+05
3.124020000000000000e+05
6.057150000000000000e+05
3.878600000000000000e+05
4.690100000000000000e+05
4.953960000000000000e+05
5.583310000000000000e+05
6.386940000000000000e+05
3.576030000000000000e+05
4.497180000000000000e+05
5.090200000000000000e+05
2.863100000000000000e+05
3.526090000000000000e+05
3.145810000000000000e+05
3.604530000000000000e+05
3.790450000000000000e+05
3.303300000000000000e+05
3.331550000000000000e+05
3.872600000000000000e+05
3.451590000000000000e+05
4.248800000000000000e+05
2.717300000000000000e+05
2.474040000000000000e+05
2.413580000000000000e+05
2.604700000000000000e+05
3.393780000000000000e+05
2.726470000000000000e+05
2.929470000000000000e+05
3.336700000000000000e+05
2.830790000000000000e+05
2.772750000000000000e+05
3.006240000000000000e+05
2.893710000000000000e+05
3.342960000000000000e+05
3.634100000000000000e+05
3.875700000000000000e+05
3.402790000000000000e+05
3.268520000000000000e+05
3.784240000000000000e+05
3.812120000000000000e+05
3.828020000000000000e+05
3.632230000000000000e+05
3.542350000000000000e+05
3.497400000000000000e+05
3.420200000000000000e+05
3.483590000000000000e+05
3.555120000000000000e+05
3.255600000000000000e+05
3.905580000000000000e+05
3.154870000000000000e+05
3.797390000000000000e+05
5.071620000000000000e+05
5.669960000000000000e+05
4.773080000000000000e+05
4.735650000000000000e+05
2.958400000000000000e+05
2.717950000000000000e+05
2.675910000000000000e+05
2.419760000000000000e+05
1.977920000000000000e+05
1.752370000000000000e+05
2.622500000000000000e+05
1.788660000000000000e+05
1.656510000000000000e+05
1.913550000000000000e+05
1.807260000000000000e+05
1.535330000000000000e+05
1.986380000000000000e+05
1.789320000000000000e+05
1.617020000000000000e+05
2.472960000000000000e+05
1.650070000000000000e+05
1.764010000000000000e+05
1.609650000000000000e+05
1.946000000000000000e+05
1.908780000000000000e+05
1.519170000000000000e+05
1.798470000000000000e+05
1.926720000000000000e+05
1.769540000000000000e+05
1.922530000000000000e+05
1.589350000000000000e+05
3.247620000000000000e+05
1.642940000000000000e+05
1.954300000000000000e+05
1.884190000000000000e+05
1.906290000000000000e+05
2.013460000000000000e+05
1.918150000000000000e+05
1.776570000000000000e+05
1.910900000000000000e+05
1.878080000000000000e+05
1.622310000000000000e+05
2.051110000000000000e+05
1.684070000000000000e+05
1.958980000000000000e+05
1.708490000000000000e+05
1.804760000000000000e+05
1.626140000000000000e+05
3.296150000000000000e+05
1.603230000000000000e+05
1.622950000000000000e+05
1.495690000000000000e+05
1.813640000000000000e+05
1.490060000000000000e+05
1.465500000000000000e+05
1.622800000000000000e+05
1.347480000000000000e+05
1.381060000000000000e+05
1.369280000000000000e+05
1.556890000000000000e+05
1.297920000000000000e+05
1.301020000000000000e+05
1.442730000000000000e+05
1.229750000000000000e+05
1.296300000000000000e+05
1.223230000000000000e+05
1.358630000000000000e+05
1.229480000000000000e+05
1.096090000000000000e+05
1.160190000000000000e+05
1.125670000000000000e+05
1.042580000000000000e+05
1.016440000000000000e+05
9.645300000000000000e+04
2.433940000000000000e+05
9.602300000000000000e+04
9.616000000000000000e+04
9.240200000000000000e+04
9.464100000000000000e+04
8.936100000000000000e+04
8.892600000000000000e+04
8.532900000000000000e+04
9.540400000000000000e+04
7.917100000000000000e+04
8.131400000000000000e+04
8.225000000000000000e+04
7.413500000000000000e+04
6.841200000000000000e+04
9.238500000000000000e+04
7.714000000000000000e+04
5.587700000000000000e+04
6.023900000000000000e+04
8.274600000000000000e+04
5.706900000000000000e+04
6.077300000000000000e+04
5.851100000000000000e+04
5.909700000000000000e+04
4.989600000000000000e+04
5.232800000000000000e+04
6.389200000000000000e+04
4.199400000000000000e+04
5.190100000000000000e+04
4.440900000000000000e+04
5.002600000000000000e+04
3.521300000000000000e+04
8.214700000000000000e+04
3.060900000000000000e+04
3.830300000000000000e+04
3.947700000000000000e+04
3.122900000000000000e+04
3.242000000000000000e+04
3.840500000000000000e+04
3.021100000000000000e+04
2.621800000000000000e+04
3.152500000000000000e+04
1.233400000000000000e+04
1.998060000000000000e+05
1.131200000000000000e+04
2.594200000000000000e+04
2.213500000000000000e+04
2.409300000000000000e+04
2.177100000000000000e+04
1.698200000000000000e+04
2.777200000000000000e+04
1.045200000000000000e+04
2.384600000000000000e+04
3.328300000000000000e+04
1.526500000000000000e+04
5.461800000000000000e+04
1.252400000000000000e+04
1.451400000000000000e+04
2.535500000000000000e+04
1.082600000000000000e+04
1.177200000000000000e+04
1.512300000000000000e+04
1.085900000000000000e+04
1.127400000000000000e+04
5.714300000000000000e+04
5.814000000000000000e+03
1.053200000000000000e+04
1.134100000000000000e+04
8.828000000000000000e+03
2.900700000000000000e+04
8.765000000000000000e+03
1.228000000000000000e+04
5.904000000000000000e+03
1.157200000000000000e+04
1.279200000000000000e+04
7.404000000000000000e+03
5.626000000000000000e+03
1.574500000000000000e+04
4.663000000000000000e+03
8.317000000000000000e+03
5.757000000000000000e+03
4.437000000000000000e+03
1.092900000000000000e+04
4.080000000000000000e+03
4.231000000000000000e+03
2.717000000000000000e+03
2.338600000000000000e+04
3.945000000000000000e+03
3.330000000000000000e+03
3.551000000000000000e+03
3.461000000000000000e+03
1.827000000000000000e+03
8.208000000000000000e+03
2.572000000000000000e+03
2.642000000000000000e+03
2.331000000000000000e+03
3.184000000000000000e+03
1.976000000000000000e+03
2.187000000000000000e+03
1.408000000000000000e+03
3.226000000000000000e+03
1.736000000000000000e+03
1.181000000000000000e+03
2.802000000000000000e+03
1.424000000000000000e+03
2.505000000000000000e+03
1.666000000000000000e+03
2.096000000000000000e+03
2.212000000000000000e+03
1.146000000000000000e+03
1.828000000000000000e+03
1.231000000000000000e+03
1.880000000000000000e+03
2.051000000000000000e+03
1.570000000000000000e+03
1.877000000000000000e+03
1.990000000000000000e+03
1.914000000000000000e+03
1.905000000000000000e+03
1.918000000000000000e+03
2.392000000000000000e+03
2.792000000000000000e+03
3.279000000000000000e+03
3.793000000000000000e+03
5.431000000000000000e+03
5.410000000000000000e+03
5.241000000000000000e+03
5.237000000000000000e+03
1.966130000000000000e+05
9.587000000000000000e+04
5.904800000000000000e+04
1.111560000000000000e+05
1.698400000000000000e+05
1.615000000000000000e+05
1.961970000000000000e+05
1.412170000000000000e+05
1.137370000000000000e+05
9.495300000000000000e+04
8.626300000000000000e+04
7.909200000000000000e+04
7.045600000000000000e+04
7.302900000000000000e+04
8.610000000000000000e+04
8.761600000000000000e+04
8.879100000000000000e+04
1.003510000000000000e+05
9.079800000000000000e+04
8.188700000000000000e+04
8.718900000000000000e+04
9.112900000000000000e+04
8.586100000000000000e+04
8.896500000000000000e+04
8.553100000000000000e+04
8.668300000000000000e+04
9.050800000000000000e+04
9.531600000000000000e+04
9.805500000000000000e+04
9.815400000000000000e+04
9.884700000000000000e+04
1.003550000000000000e+05
9.974600000000000000e+04
1.012760000000000000e+05
1.026950000000000000e+05
1.030640000000000000e+05
1.018410000000000000e+05
1.025240000000000000e+05
1.025270000000000000e+05
1.021110000000000000e+05
1.018480000000000000e+05
1.032640000000000000e+05
1.024620000000000000e+05
1.028960000000000000e+05
1.043330000000000000e+05
1.044440000000000000e+05
1.048970000000000000e+05
1.074830000000000000e+05
1.092570000000000000e+05
1.125900000000000000e+05
1.143140000000000000e+05
1.163150000000000000e+05
1.168550000000000000e+05
1.183310000000000000e+05
1.200460000000000000e+05
1.193190000000000000e+05
1.208440000000000000e+05
1.201970000000000000e+05
1.224350000000000000e+05
1.230560000000000000e+05
1.239030000000000000e+05
1.253370000000000000e+05
1.274410000000000000e+05
1.294020000000000000e+05
1.303740000000000000e+05
1.318190000000000000e+05
1.323550000000000000e+05
1.333640000000000000e+05
1.352620000000000000e+05
1.383340000000000000e+05
1.412180000000000000e+05
1.443470000000000000e+05
1.477220000000000000e+05
1.505160000000000000e+05
1.527120000000000000e+05
1.546960000000000000e+05
1.578150000000000000e+05
1.619100000000000000e+05
1.651330000000000000e+05
1.672370000000000000e+05
1.717000000000000000e+05
1.757050000000000000e+05
1.802650000000000000e+05
1.851120000000000000e+05
1.910710000000000000e+05
1.982760000000000000e+05
2.067270000000000000e+05
2.161930000000000000e+05
2.283040000000000000e+05
2.406920000000000000e+05
2.528120000000000000e+05
2.630250000000000000e+05
2.749200000000000000e+05
2.854370000000000000e+05
2.938750000000000000e+05
3.033920000000000000e+05
3.097570000000000000e+05
3.131920000000000000e+05
3.162920000000000000e+05
3.182370000000000000e+05
3.194740000000000000e+05
3.196810000000000000e+05
3.199820000000000000e+05
3.176330000000000000e+05
3.181750000000000000e+05
3.165590000000000000e+05
3.158110000000000000e+05
3.162070000000000000e+05
3.112990000000000000e+05
3.061310000000000000e+05
2.965550000000000000e+05
2.880450000000000000e+05
2.791320000000000000e+05
2.675810000000000000e+05
2.585570000000000000e+05
2.477400000000000000e+05
2.387680000000000000e+05
2.304220000000000000e+05
2.229840000000000000e+05
2.156860000000000000e+05
2.092210000000000000e+05
2.025500000000000000e+05
1.964010000000000000e+05
1.908940000000000000e+05
1.836310000000000000e+05
1.768390000000000000e+05
1.697790000000000000e+05
1.618080000000000000e+05
1.557560000000000000e+05
1.489710000000000000e+05
1.434830000000000000e+05
1.390430000000000000e+05
1.357700000000000000e+05
1.317140000000000000e+05
1.277360000000000000e+05
1.248320000000000000e+05
1.220600000000000000e+05
1.190810000000000000e+05
1.157450000000000000e+05
1.140630000000000000e+05
1.122350000000000000e+05
1.113520000000000000e+05
1.093180000000000000e+05
1.082680000000000000e+05
1.068030000000000000e+05
1.053260000000000000e+05
1.038220000000000000e+05
1.023010000000000000e+05
1.007890000000000000e+05
9.971500000000000000e+04
9.862800000000000000e+04
9.756500000000000000e+04
9.670800000000000000e+04
9.708400000000000000e+04
9.671600000000000000e+04
9.673100000000000000e+04
9.721800000000000000e+04
9.747500000000000000e+04
9.858700000000000000e+04
9.889800000000000000e+04
9.879700000000000000e+04
9.951300000000000000e+04
1.001650000000000000e+05
1.001550000000000000e+05
1.006490000000000000e+05
1.014530000000000000e+05
1.016940000000000000e+05
1.022230000000000000e+05
1.027630000000000000e+05
1.023630000000000000e+05
1.017840000000000000e+05
1.023200000000000000e+05
1.031030000000000000e+05
1.077420000000000000e+05
1.108550000000000000e+05
1.134990000000000000e+05
1.154260000000000000e+05
1.162750000000000000e+05
1.173200000000000000e+05
1.186730000000000000e+05
1.200730000000000000e+05
1.228060000000000000e+05
1.256690000000000000e+05
1.294220000000000000e+05
1.312720000000000000e+05
1.304460000000000000e+05
1.260880000000000000e+05
1.231920000000000000e+05
1.201200000000000000e+05
1.173330000000000000e+05
1.165770000000000000e+05
1.162290000000000000e+05
1.139390000000000000e+05
1.130020000000000000e+05
1.114030000000000000e+05
1.100970000000000000e+05
1.103770000000000000e+05
1.078490000000000000e+05
1.054910000000000000e+05
1.022490000000000000e+05
9.931300000000000000e+04
9.845900000000000000e+04
1.005170000000000000e+05
1.083160000000000000e+05
1.103030000000000000e+05
1.137470000000000000e+05
1.210350000000000000e+05
1.351850000000000000e+05
1.602180000000000000e+05
1.921020000000000000e+05
2.266920000000000000e+05
2.550510000000000000e+05
2.925440000000000000e+05
3.285010000000000000e+05
3.573240000000000000e+05
3.852780000000000000e+05
4.145550000000000000e+05
4.306750000000000000e+05
4.550720000000000000e+05
4.885350000000000000e+05
5.259880000000000000e+05
5.266920000000000000e+05
4.946480000000000000e+05
4.393280000000000000e+05
3.864240000000000000e+05
3.354120000000000000e+05
2.779120000000000000e+05
2.272580000000000000e+05
1.784160000000000000e+05
1.316490000000000000e+05
1.074940000000000000e+05
9.099400000000000000e+04
7.798000000000000000e+04
6.597000000000000000e+04
5.758400000000000000e+04
5.030500000000000000e+04
4.610200000000000000e+04
4.577600000000000000e+04
4.620800000000000000e+04
4.652200000000000000e+04
4.659000000000000000e+04
4.654100000000000000e+04
4.625600000000000000e+04
4.562400000000000000e+04
4.291700000000000000e+04
4.280900000000000000e+04
4.308700000000000000e+04
4.129300000000000000e+04
4.105400000000000000e+04
4.487900000000000000e+04
4.512500000000000000e+04
6.718100000000000000e+04
9.750100000000000000e+04
7.443300000000000000e+04
1.743700000000000000e+05
1.653060000000000000e+05
2.212060000000000000e+05
