7.918500000000000000e+04
5.342000000000000000e+03
7.312000000000000000e+03
1.068100000000000000e+04
4.195000000000000000e+03
5.690100000000000000e+04
2.024100000000000000e+05
3.828000000000000000e+03
6.321100000000000000e+04
4.167000000000000000e+04
4.284100000000000000e+04
1.104670000000000000e+05
3.008700000000000000e+04
1.663910000000000000e+05
8.700800000000000000e+04
1.594420000000000000e+05
8.968200000000000000e+04
6.238500000000000000e+04
2.964000000000000000e+04
3.232900000000000000e+04
2.813020000000000000e+05
1.434100000000000000e+04
9.750000000000000000e+03
7.197000000000000000e+03
4.049500000000000000e+04
9.975000000000000000e+03
9.431000000000000000e+03
1.109000000000000000e+03
1.630000000000000000e+03
1.817000000000000000e+03
4.910600000000000000e+04
3.770000000000000000e+02
4.405000000000000000e+03
2.737000000000000000e+03
6.703000000000000000e+03
1.216800000000000000e+04
4.587000000000000000e+03
4.129000000000000000e+03
3.738000000000000000e+03
1.524000000000000000e+03
4.905000000000000000e+03
1.563000000000000000e+03
3.704000000000000000e+03
7.250000000000000000e+03
1.296000000000000000e+03
2.599000000000000000e+03
4.557000000000000000e+03
9.330000000000000000e+02
5.028000000000000000e+03
9.270000000000000000e+02
5.185000000000000000e+03
3.989000000000000000e+03
2.106000000000000000e+03
1.800000000000000000e+03
1.661000000000000000e+03
3.625000000000000000e+03
2.563000000000000000e+03
1.692000000000000000e+03
1.512000000000000000e+03
1.877000000000000000e+03
3.028000000000000000e+03
1.154000000000000000e+03
1.264000000000000000e+03
3.514000000000000000e+03
1.196000000000000000e+03
8.070000000000000000e+02
4.543000000000000000e+03
2.343000000000000000e+03
8.390000000000000000e+02
4.003000000000000000e+03
2.484000000000000000e+03
1.285000000000000000e+03
9.805000000000000000e+03
8.139000000000000000e+03
1.495500000000000000e+04
1.261300000000000000e+04
2.383000000000000000e+03
7.162000000000000000e+03
2.734000000000000000e+03
2.158000000000000000e+03
1.864000000000000000e+04
1.879000000000000000e+03
4.449000000000000000e+03
5.253000000000000000e+03
7.424000000000000000e+03
4.038000000000000000e+03
3.099000000000000000e+03
9.344000000000000000e+03
3.831000000000000000e+03
6.245000000000000000e+03
1.051800000000000000e+04
3.630000000000000000e+03
3.235000000000000000e+03
4.471000000000000000e+03
3.094000000000000000e+03
8.972000000000000000e+03
1.101800000000000000e+04
2.578000000000000000e+03
2.038400000000000000e+04
1.718100000000000000e+04
4.627000000000000000e+04
1.579620000000000000e+05
2.111100000000000000e+04
3.615700000000000000e+04
1.855300000000000000e+04
9.689000000000000000e+03
2.894400000000000000e+04
2.906000000000000000e+03
9.716000000000000000e+03
5.700000000000000000e+03
1.143400000000000000e+04
2.220100000000000000e+04
1.933900000000000000e+04
2.216000000000000000e+04
9.872000000000000000e+03
2.062200000000000000e+04
1.691500000000000000e+04
1.280000000000000000e+02
4.350000000000000000e+02
3.870000000000000000e+02
5.663900000000000000e+04
5.100000000000000000e+01
1.818000000000000000e+03
6.090000000000000000e+02
5.416000000000000000e+03
5.730200000000000000e+04
1.471700000000000000e+04
1.162000000000000000e+03
2.579600000000000000e+04
6.594000000000000000e+03
4.291000000000000000e+03
6.220000000000000000e+02
1.125800000000000000e+04
1.374500000000000000e+04
9.850000000000000000e+02
9.832000000000000000e+03
3.657000000000000000e+03
7.020000000000000000e+02
1.317600000000000000e+04
9.880000000000000000e+02
1.141400000000000000e+04
9.486000000000000000e+03
3.660000000000000000e+03
2.747000000000000000e+03
5.698000000000000000e+03
2.324300000000000000e+04
2.045500000000000000e+04
3.339000000000000000e+03
2.012900000000000000e+04
1.422000000000000000e+03
1.681400000000000000e+04
1.085000000000000000e+03
9.913000000000000000e+03
1.406500000000000000e+04
1.967000000000000000e+03
5.538000000000000000e+03
2.257500000000000000e+04
1.200600000000000000e+04
8.327000000000000000e+03
1.828200000000000000e+04
1.606100000000000000e+04
1.067000000000000000e+04
2.436700000000000000e+04
1.084200000000000000e+04
4.548000000000000000e+04
8.770800000000000000e+04
2.987300000000000000e+04
1.913900000000000000e+04
9.883000000000000000e+03
1.279800000000000000e+04
4.087500000000000000e+04
5.140000000000000000e+03
7.225000000000000000e+03
1.288800000000000000e+04
1.529700000000000000e+04
1.064400000000000000e+04
5.090000000000000000e+03
1.982200000000000000e+04
6.985000000000000000e+03
4.808000000000000000e+03
1.818900000000000000e+04
5.720000000000000000e+02
7.310500000000000000e+04
2.269410000000000000e+05
1.310000000000000000e+04
2.168050000000000000e+05
7.614100000000000000e+04
7.374900000000000000e+04
3.734100000000000000e+04
4.449700000000000000e+04
1.211900000000000000e+04
2.005100000000000000e+04
4.474300000000000000e+04
4.805700000000000000e+04
4.708400000000000000e+04
2.492800000000000000e+04
2.912000000000000000e+04
1.667700000000000000e+04
1.905300000000000000e+04
4.137200000000000000e+04
3.807800000000000000e+04
2.000200000000000000e+04
1.459500000000000000e+04
1.680000000000000000e+04
1.608300000000000000e+04
1.315800000000000000e+04
1.634100000000000000e+04
1.482600000000000000e+04
1.466100000000000000e+04
1.552100000000000000e+04
1.540500000000000000e+04
1.729200000000000000e+04
2.026100000000000000e+04
2.166900000000000000e+04
2.058600000000000000e+04
1.873800000000000000e+04
2.705900000000000000e+04
2.227000000000000000e+04
2.389000000000000000e+04
2.208900000000000000e+04
2.770500000000000000e+04
2.359700000000000000e+04
1.989500000000000000e+04
2.148500000000000000e+04
1.920100000000000000e+04
1.845100000000000000e+04
2.115800000000000000e+04
2.245400000000000000e+04
1.882700000000000000e+04
2.178300000000000000e+04
2.021400000000000000e+04
2.764800000000000000e+04
2.374800000000000000e+04
2.752800000000000000e+04
2.541600000000000000e+04
2.825500000000000000e+04
2.296100000000000000e+04
2.837300000000000000e+04
3.001300000000000000e+04
2.267700000000000000e+04
2.816600000000000000e+04
2.857200000000000000e+04
2.596700000000000000e+04
2.110000000000000000e+04
3.104300000000000000e+04
2.500100000000000000e+04
2.579400000000000000e+04
2.673600000000000000e+04
2.514300000000000000e+04
2.089600000000000000e+04
3.233000000000000000e+04
2.761100000000000000e+04
2.396200000000000000e+04
2.469100000000000000e+04
2.264000000000000000e+04
2.602200000000000000e+04
2.498600000000000000e+04
3.059200000000000000e+04
2.917400000000000000e+04
2.272100000000000000e+04
2.332600000000000000e+04
2.529200000000000000e+04
1.656000000000000000e+04
2.143800000000000000e+04
1.296400000000000000e+04
2.535900000000000000e+04
1.295700000000000000e+04
1.776800000000000000e+04
1.858000000000000000e+04
1.838200000000000000e+04
2.206400000000000000e+04
2.056500000000000000e+04
1.763600000000000000e+04
1.841400000000000000e+04
1.574300000000000000e+04
1.350600000000000000e+04
2.343800000000000000e+04
1.347500000000000000e+04
1.881000000000000000e+04
1.499300000000000000e+04
1.525000000000000000e+04
1.777700000000000000e+04
1.387100000000000000e+04
1.492000000000000000e+04
1.188700000000000000e+04
1.149100000000000000e+04
1.191300000000000000e+04
1.090800000000000000e+04
1.140400000000000000e+04
1.297800000000000000e+04
8.565000000000000000e+03
1.173800000000000000e+04
9.272000000000000000e+03
1.067100000000000000e+04
8.298000000000000000e+03
8.081000000000000000e+03
8.991000000000000000e+03
9.821000000000000000e+03
1.112600000000000000e+04
8.235000000000000000e+03
8.950000000000000000e+03
7.621000000000000000e+03
7.696000000000000000e+03
7.007000000000000000e+03
7.793000000000000000e+03
6.537000000000000000e+03
4.813000000000000000e+03
5.719000000000000000e+03
1.167800000000000000e+04
3.276000000000000000e+03
4.206000000000000000e+03
4.696000000000000000e+03
3.518000000000000000e+03
4.230000000000000000e+03
4.826000000000000000e+03
4.548000000000000000e+03
3.514000000000000000e+03
4.903000000000000000e+03
3.843000000000000000e+03
5.457000000000000000e+03
4.062000000000000000e+03
3.291000000000000000e+03
5.064000000000000000e+03
3.698000000000000000e+03
3.321000000000000000e+03
3.295000000000000000e+03
4.144000000000000000e+03
3.158000000000000000e+03
3.545000000000000000e+03
4.281000000000000000e+03
2.973000000000000000e+03
2.874000000000000000e+03
2.360000000000000000e+03
5.804000000000000000e+03
2.056000000000000000e+03
2.859000000000000000e+03
2.865000000000000000e+03
2.532000000000000000e+03
2.556000000000000000e+03
4.058000000000000000e+03
1.595000000000000000e+03
2.142000000000000000e+03
2.858000000000000000e+03
1.823000000000000000e+03
2.157000000000000000e+03
2.884000000000000000e+03
2.856000000000000000e+03
1.902000000000000000e+03
1.475000000000000000e+03
1.321000000000000000e+03
5.805000000000000000e+03
1.044000000000000000e+03
1.361000000000000000e+03
1.626000000000000000e+03
2.628000000000000000e+03
2.193000000000000000e+03
1.231000000000000000e+03
1.805000000000000000e+03
9.880000000000000000e+02
2.102000000000000000e+03
1.120000000000000000e+03
1.319000000000000000e+03
3.115000000000000000e+03
9.160000000000000000e+02
1.830000000000000000e+03
1.572000000000000000e+03
7.960000000000000000e+02
1.258000000000000000e+03
9.340000000000000000e+02
6.500000000000000000e+02
4.600000000000000000e+02
3.530000000000000000e+03
2.890000000000000000e+02
4.620000000000000000e+02
6.230000000000000000e+02
9.200000000000000000e+02
8.450000000000000000e+02
6.240000000000000000e+02
1.018000000000000000e+03
2.320000000000000000e+02
7.480000000000000000e+02
7.930000000000000000e+02
2.860000000000000000e+02
2.430000000000000000e+02
1.114000000000000000e+03
2.050000000000000000e+02
5.470000000000000000e+02
6.920000000000000000e+02
2.190000000000000000e+02
4.800000000000000000e+02
2.660000000000000000e+02
2.470000000000000000e+02
1.610000000000000000e+02
1.214000000000000000e+03
2.350000000000000000e+02
4.920000000000000000e+02
5.060000000000000000e+02
4.220000000000000000e+02
1.250000000000000000e+02
1.343000000000000000e+03
2.230000000000000000e+02
5.190000000000000000e+02
2.510000000000000000e+02
6.520000000000000000e+02
2.010000000000000000e+02
3.020000000000000000e+02
1.630000000000000000e+02
5.170000000000000000e+02
3.090000000000000000e+02
1.540000000000000000e+02
3.330000000000000000e+02
1.760000000000000000e+02
4.800000000000000000e+02
2.410000000000000000e+02
3.730000000000000000e+02
3.100000000000000000e+02
1.970000000000000000e+02
3.560000000000000000e+02
2.220000000000000000e+02
3.260000000000000000e+02
3.120000000000000000e+02
2.920000000000000000e+02
2.540000000000000000e+02
2.810000000000000000e+02
2.640000000000000000e+02
2.780000000000000000e+02
3.040000000000000000e+02
2.840000000000000000e+02
2.990000000000000000e+02
3.590000000000000000e+02
3.490000000000000000e+02
4.070000000000000000e+02
3.170000000000000000e+02
4.000000000000000000e+02
1.070000000000000000e+02
8.556000000000000000e+03
2.100000000000000000e+01
4.000000000000000000e+01
7.000000000000000000e+01
1.170000000000000000e+02
4.440000000000000000e+02
8.540000000000000000e+02
1.503000000000000000e+03
2.849000000000000000e+03
4.311000000000000000e+03
4.922000000000000000e+03
5.314000000000000000e+03
5.988000000000000000e+03
6.537000000000000000e+03
7.153000000000000000e+03
7.980000000000000000e+03
8.516000000000000000e+03
9.767000000000000000e+03
9.875000000000000000e+03
9.893000000000000000e+03
9.999000000000000000e+03
9.448000000000000000e+03
9.042000000000000000e+03
8.137000000000000000e+03
7.551000000000000000e+03
7.184000000000000000e+03
6.969000000000000000e+03
6.846000000000000000e+03
6.780000000000000000e+03
7.432000000000000000e+03
7.945000000000000000e+03
8.621000000000000000e+03
1.109300000000000000e+04
1.303000000000000000e+04
1.465300000000000000e+04
1.488600000000000000e+04
1.611600000000000000e+04
1.909900000000000000e+04
2.455800000000000000e+04
3.269800000000000000e+04
3.738800000000000000e+04
3.276800000000000000e+04
2.665300000000000000e+04
2.209300000000000000e+04
1.949700000000000000e+04
1.807700000000000000e+04
1.886100000000000000e+04
2.158000000000000000e+04
2.259000000000000000e+04
2.069300000000000000e+04
1.854600000000000000e+04
1.710900000000000000e+04
1.684100000000000000e+04
1.710900000000000000e+04
1.708100000000000000e+04
1.635900000000000000e+04
1.705400000000000000e+04
1.705200000000000000e+04
1.641300000000000000e+04
1.418200000000000000e+04
1.455500000000000000e+04
1.325600000000000000e+04
1.387900000000000000e+04
1.333400000000000000e+04
1.317100000000000000e+04
1.293300000000000000e+04
1.290700000000000000e+04
1.320000000000000000e+04
1.320900000000000000e+04
1.326100000000000000e+04
1.293000000000000000e+04
1.370000000000000000e+04
1.366800000000000000e+04
1.318700000000000000e+04
1.334800000000000000e+04
1.393000000000000000e+04
1.419200000000000000e+04
1.570800000000000000e+04
1.494500000000000000e+04
1.517300000000000000e+04
1.483800000000000000e+04
1.486300000000000000e+04
1.419700000000000000e+04
1.436500000000000000e+04
1.456700000000000000e+04
1.404000000000000000e+04
1.389400000000000000e+04
1.390700000000000000e+04
1.381400000000000000e+04
1.360700000000000000e+04
1.419000000000000000e+04
1.436800000000000000e+04
1.422800000000000000e+04
1.469400000000000000e+04
1.537800000000000000e+04
1.567900000000000000e+04
1.487100000000000000e+04
1.571800000000000000e+04
1.585000000000000000e+04
1.543000000000000000e+04
1.499000000000000000e+04
1.496400000000000000e+04
1.483900000000000000e+04
1.456700000000000000e+04
1.361300000000000000e+04
1.361400000000000000e+04
1.331300000000000000e+04
1.381900000000000000e+04
1.390400000000000000e+04
1.372700000000000000e+04
1.280600000000000000e+04
1.268900000000000000e+04
1.242600000000000000e+04
1.196100000000000000e+04
1.201600000000000000e+04
1.166300000000000000e+04
1.119600000000000000e+04
1.119600000000000000e+04
1.093400000000000000e+04
1.045000000000000000e+04
1.030100000000000000e+04
1.043100000000000000e+04
1.050200000000000000e+04
1.029500000000000000e+04
1.034400000000000000e+04
9.889000000000000000e+03
9.742000000000000000e+03
9.544000000000000000e+03
9.046000000000000000e+03
9.324000000000000000e+03
9.330000000000000000e+03
8.873000000000000000e+03
9.135000000000000000e+03
8.686000000000000000e+03
9.184000000000000000e+03
9.074000000000000000e+03
9.153000000000000000e+03
9.243000000000000000e+03
9.477000000000000000e+03
9.304000000000000000e+03
9.220000000000000000e+03
9.456000000000000000e+03
8.658000000000000000e+03
8.370000000000000000e+03
8.347000000000000000e+03
8.650000000000000000e+03
8.886000000000000000e+03
9.288000000000000000e+03
9.561000000000000000e+03
9.880000000000000000e+03
1.013800000000000000e+04
1.008700000000000000e+04
1.088100000000000000e+04
1.159700000000000000e+04
1.208400000000000000e+04
1.250000000000000000e+04
1.164700000000000000e+04
1.067300000000000000e+04
9.919000000000000000e+03
9.780000000000000000e+03
8.769000000000000000e+03
8.611000000000000000e+03
7.841000000000000000e+03
7.706000000000000000e+03
7.414000000000000000e+03
7.085000000000000000e+03
6.655000000000000000e+03
6.838000000000000000e+03
6.756000000000000000e+03
7.045000000000000000e+03
6.794000000000000000e+03
6.587000000000000000e+03
6.695000000000000000e+03
6.222000000000000000e+03
6.236000000000000000e+03
6.307000000000000000e+03
6.757000000000000000e+03
6.665000000000000000e+03
6.717000000000000000e+03
6.487000000000000000e+03
6.552000000000000000e+03
6.806000000000000000e+03
6.970000000000000000e+03
7.078000000000000000e+03
7.700000000000000000e+03
7.946000000000000000e+03
8.317000000000000000e+03
7.907000000000000000e+03
7.862000000000000000e+03
7.140000000000000000e+03
6.711000000000000000e+03
6.306000000000000000e+03
5.975000000000000000e+03
5.828000000000000000e+03
5.599000000000000000e+03
5.513000000000000000e+03
5.683000000000000000e+03
5.850000000000000000e+03
5.826000000000000000e+03
5.689000000000000000e+03
5.386000000000000000e+03
5.656000000000000000e+03
5.670000000000000000e+03
5.129000000000000000e+03
5.347000000000000000e+03
5.212000000000000000e+03
5.534000000000000000e+03
5.117000000000000000e+03
5.309000000000000000e+03
5.584000000000000000e+03
5.178000000000000000e+03
4.831000000000000000e+03
4.758000000000000000e+03
4.991000000000000000e+03
5.017000000000000000e+03
4.823000000000000000e+03
4.813000000000000000e+03
5.467000000000000000e+03
4.966000000000000000e+03
5.384000000000000000e+03
5.447000000000000000e+03
5.096000000000000000e+03
5.526000000000000000e+03
5.929000000000000000e+03
6.351000000000000000e+03
5.992000000000000000e+03
5.653000000000000000e+03
6.200000000000000000e+03
6.110000000000000000e+03
6.724000000000000000e+03
6.654000000000000000e+03
7.031000000000000000e+03
6.202000000000000000e+03
6.184000000000000000e+03
6.048000000000000000e+03
7.758000000000000000e+03
7.808000000000000000e+03
6.400000000000000000e+03
7.376000000000000000e+03
8.261000000000000000e+03
9.083000000000000000e+03
8.550000000000000000e+03
8.561000000000000000e+03
7.688000000000000000e+03
7.493000000000000000e+03
8.139000000000000000e+03
1.383200000000000000e+04
2.722100000000000000e+04
2.922600000000000000e+04
3.065200000000000000e+04
4.314800000000000000e+04
2.588600000000000000e+04
2.361500000000000000e+04
9.117900000000000000e+04
8.825200000000000000e+04
3.024520000000000000e+05
1.599120000000000000e+05
