2.460000000000000000e+02
1.000000000000000000e+01
3.500000000000000000e+01
8.400000000000000000e+01
1.300000000000000000e+01
2.730000000000000000e+02
2.580000000000000000e+02
1.000000000000000000e+01
3.480000000000000000e+02
7.500000000000000000e+01
3.900000000000000000e+01
4.600000000000000000e+02
6.500000000000000000e+01
6.350000000000000000e+02
2.980000000000000000e+02
3.930000000000000000e+02
6.250000000000000000e+02
2.690000000000000000e+02
2.900000000000000000e+02
5.470000000000000000e+02
4.700000000000000000e+02
7.320000000000000000e+02
3.800000000000000000e+02
4.050000000000000000e+02
1.740000000000000000e+02
2.070000000000000000e+02
6.480000000000000000e+02
1.100000000000000000e+01
4.200000000000000000e+01
3.800000000000000000e+01
7.420000000000000000e+02
3.000000000000000000e+00
4.410000000000000000e+02
1.220000000000000000e+02
2.436000000000000000e+03
4.576000000000000000e+03
1.570000000000000000e+02
5.230000000000000000e+03
2.024000000000000000e+03
3.430000000000000000e+02
1.557000000000000000e+03
1.932000000000000000e+03
1.023000000000000000e+03
2.007000000000000000e+03
1.062000000000000000e+03
5.310000000000000000e+02
1.313000000000000000e+03
1.080000000000000000e+02
9.920000000000000000e+02
7.930000000000000000e+02
5.500000000000000000e+02
6.920000000000000000e+02
1.065000000000000000e+03
6.800000000000000000e+02
7.260000000000000000e+02
6.490000000000000000e+02
1.280000000000000000e+02
1.690000000000000000e+02
6.080000000000000000e+02
5.000000000000000000e+00
1.160000000000000000e+02
0.000000000000000000e+00
6.290000000000000000e+02
6.700000000000000000e+01
0.000000000000000000e+00
2.900000000000000000e+01
2.970000000000000000e+02
1.020000000000000000e+02
4.300000000000000000e+01
1.510000000000000000e+02
2.140000000000000000e+02
5.900000000000000000e+01
1.730000000000000000e+02
5.100000000000000000e+01
2.160000000000000000e+02
5.700000000000000000e+01
9.700000000000000000e+01
1.590000000000000000e+02
0.000000000000000000e+00
7.000000000000000000e+01
3.490000000000000000e+02
2.100000000000000000e+01
4.200000000000000000e+01
1.520000000000000000e+02
1.080000000000000000e+02
1.580000000000000000e+02
8.000000000000000000e+01
2.260000000000000000e+02
6.800000000000000000e+01
5.600000000000000000e+01
3.420000000000000000e+02
8.300000000000000000e+01
2.260000000000000000e+02
2.800000000000000000e+02
3.720000000000000000e+02
5.370000000000000000e+02
5.320000000000000000e+02
2.240000000000000000e+02
5.840000000000000000e+02
5.340000000000000000e+02
4.710000000000000000e+02
7.150000000000000000e+02
4.150000000000000000e+02
6.770000000000000000e+02
1.413000000000000000e+03
9.716000000000000000e+03
1.802300000000000000e+04
8.270000000000000000e+03
3.550000000000000000e+03
2.345000000000000000e+03
2.096000000000000000e+03
5.890000000000000000e+02
1.670000000000000000e+02
2.600000000000000000e+01
6.300000000000000000e+01
3.800000000000000000e+01
2.500000000000000000e+01
1.000000000000000000e+00
0.000000000000000000e+00
0.000000000000000000e+00
1.010000000000000000e+02
0.000000000000000000e+00
8.000000000000000000e+00
0.000000000000000000e+00
1.500000000000000000e+01
6.200000000000000000e+01
5.800000000000000000e+01
1.000000000000000000e+00
6.000000000000000000e+00
3.000000000000000000e+00
1.400000000000000000e+01
0.000000000000000000e+00
6.200000000000000000e+01
3.200000000000000000e+01
0.000000000000000000e+00
0.000000000000000000e+00
0.000000000000000000e+00
0.000000000000000000e+00
1.300000000000000000e+01
1.000000000000000000e+00
5.800000000000000000e+01
2.100000000000000000e+01
7.000000000000000000e+00
0.000000000000000000e+00
3.000000000000000000e+00
3.200000000000000000e+01
2.100000000000000000e+01
8.000000000000000000e+00
0.000000000000000000e+00
0.000000000000000000e+00
2.800000000000000000e+01
0.000000000000000000e+00
1.000000000000000000e+00
2.100000000000000000e+01
0.000000000000000000e+00
4.000000000000000000e+00
7.300000000000000000e+01
3.000000000000000000e+00
1.700000000000000000e+01
9.000000000000000000e+00
2.900000000000000000e+01
2.000000000000000000e+00
3.000000000000000000e+00
2.500000000000000000e+01
3.500000000000000000e+01
7.500000000000000000e+01
8.000000000000000000e+00
8.000000000000000000e+00
4.000000000000000000e+00
3.400000000000000000e+01
1.390000000000000000e+02
8.000000000000000000e+00
7.000000000000000000e+00
8.900000000000000000e+01
7.200000000000000000e+01
2.700000000000000000e+01
1.600000000000000000e+01
1.560000000000000000e+02
1.900000000000000000e+01
1.800000000000000000e+01
7.700000000000000000e+01
0.000000000000000000e+00
0.000000000000000000e+00
2.300000000000000000e+01
4.600000000000000000e+01
8.000000000000000000e+01
9.000000000000000000e+01
1.120000000000000000e+02
1.300000000000000000e+02
2.110000000000000000e+02
1.920000000000000000e+02
2.470000000000000000e+02
2.620000000000000000e+02
2.610000000000000000e+02
2.750000000000000000e+02
3.070000000000000000e+02
2.750000000000000000e+02
2.940000000000000000e+02
3.900000000000000000e+02
4.480000000000000000e+02
4.410000000000000000e+02
4.200000000000000000e+02
4.480000000000000000e+02
5.030000000000000000e+02
5.990000000000000000e+02
7.180000000000000000e+02
1.133000000000000000e+03
9.980000000000000000e+02
8.540000000000000000e+02
1.024000000000000000e+03
1.090000000000000000e+03
1.816000000000000000e+03
1.798000000000000000e+03
1.969000000000000000e+03
1.932000000000000000e+03
1.909000000000000000e+03
1.691000000000000000e+03
1.447000000000000000e+03
1.914000000000000000e+03
1.793000000000000000e+03
2.033000000000000000e+03
1.954000000000000000e+03
1.679000000000000000e+03
2.020000000000000000e+03
1.278000000000000000e+03
1.063000000000000000e+03
8.740000000000000000e+02
8.930000000000000000e+02
7.100000000000000000e+02
6.060000000000000000e+02
5.270000000000000000e+02
5.520000000000000000e+02
4.440000000000000000e+02
4.560000000000000000e+02
4.290000000000000000e+02
3.930000000000000000e+02
3.930000000000000000e+02
3.640000000000000000e+02
3.340000000000000000e+02
4.120000000000000000e+02
3.900000000000000000e+02
4.530000000000000000e+02
4.320000000000000000e+02
5.300000000000000000e+02
6.320000000000000000e+02
1.009000000000000000e+03
1.094000000000000000e+03
8.370000000000000000e+02
9.080000000000000000e+02
7.520000000000000000e+02
8.610000000000000000e+02
6.140000000000000000e+02
5.860000000000000000e+02
5.450000000000000000e+02
7.730000000000000000e+02
6.960000000000000000e+02
7.120000000000000000e+02
7.040000000000000000e+02
4.400000000000000000e+02
2.970000000000000000e+02
3.700000000000000000e+02
2.480000000000000000e+02
3.020000000000000000e+02
3.180000000000000000e+02
2.870000000000000000e+02
2.740000000000000000e+02
3.430000000000000000e+02
3.860000000000000000e+02
3.910000000000000000e+02
3.950000000000000000e+02
4.410000000000000000e+02
3.550000000000000000e+02
3.740000000000000000e+02
3.570000000000000000e+02
4.510000000000000000e+02
3.950000000000000000e+02
4.360000000000000000e+02
3.390000000000000000e+02
2.710000000000000000e+02
3.390000000000000000e+02
3.930000000000000000e+02
2.910000000000000000e+02
4.390000000000000000e+02
3.850000000000000000e+02
4.690000000000000000e+02
3.380000000000000000e+02
3.910000000000000000e+02
3.650000000000000000e+02
3.220000000000000000e+02
2.930000000000000000e+02
4.800000000000000000e+02
5.180000000000000000e+02
4.740000000000000000e+02
4.770000000000000000e+02
4.550000000000000000e+02
4.690000000000000000e+02
4.910000000000000000e+02
4.330000000000000000e+02
3.840000000000000000e+02
4.720000000000000000e+02
4.250000000000000000e+02
2.690000000000000000e+02
3.700000000000000000e+02
4.350000000000000000e+02
2.580000000000000000e+02
3.000000000000000000e+02
4.250000000000000000e+02
7.150000000000000000e+02
5.340000000000000000e+02
4.100000000000000000e+02
4.710000000000000000e+02
3.910000000000000000e+02
4.070000000000000000e+02
5.010000000000000000e+02
3.900000000000000000e+02
2.920000000000000000e+02
3.580000000000000000e+02
4.500000000000000000e+02
4.760000000000000000e+02
3.450000000000000000e+02
4.310000000000000000e+02
4.360000000000000000e+02
3.640000000000000000e+02
3.450000000000000000e+02
4.250000000000000000e+02
4.130000000000000000e+02
3.870000000000000000e+02
4.290000000000000000e+02
3.640000000000000000e+02
3.610000000000000000e+02
1.040000000000000000e+02
3.150000000000000000e+02
4.170000000000000000e+02
4.850000000000000000e+02
5.230000000000000000e+02
4.580000000000000000e+02
5.120000000000000000e+02
4.050000000000000000e+02
4.500000000000000000e+02
2.780000000000000000e+02
1.840000000000000000e+02
3.150000000000000000e+02
2.320000000000000000e+02
2.770000000000000000e+02
2.890000000000000000e+02
1.630000000000000000e+02
2.140000000000000000e+02
1.800000000000000000e+02
1.100000000000000000e+02
1.820000000000000000e+02
9.400000000000000000e+01
1.560000000000000000e+02
1.520000000000000000e+02
1.860000000000000000e+02
6.300000000000000000e+01
1.390000000000000000e+02
7.300000000000000000e+01
1.500000000000000000e+02
1.750000000000000000e+02
1.230000000000000000e+02
1.030000000000000000e+02
8.400000000000000000e+01
1.070000000000000000e+02
7.400000000000000000e+01
1.610000000000000000e+02
1.870000000000000000e+02
7.300000000000000000e+01
1.220000000000000000e+02
1.080000000000000000e+02
7.800000000000000000e+01
6.200000000000000000e+01
1.300000000000000000e+02
4.200000000000000000e+01
7.500000000000000000e+01
7.200000000000000000e+01
8.200000000000000000e+01
6.000000000000000000e+01
1.050000000000000000e+02
5.900000000000000000e+01
1.040000000000000000e+02
8.100000000000000000e+01
2.500000000000000000e+01
1.310000000000000000e+02
2.100000000000000000e+01
1.390000000000000000e+02
3.700000000000000000e+01
1.580000000000000000e+02
1.800000000000000000e+01
1.110000000000000000e+02
5.600000000000000000e+01
1.350000000000000000e+02
8.200000000000000000e+01
1.040000000000000000e+02
6.900000000000000000e+01
9.000000000000000000e+01
9.700000000000000000e+01
4.300000000000000000e+01
8.500000000000000000e+01
7.200000000000000000e+01
1.740000000000000000e+02
4.600000000000000000e+01
1.680000000000000000e+02
4.700000000000000000e+01
1.620000000000000000e+02
4.900000000000000000e+01
2.800000000000000000e+01
2.700000000000000000e+01
1.000000000000000000e+01
1.000000000000000000e+01
2.000000000000000000e+00
8.000000000000000000e+00
1.000000000000000000e+00
7.000000000000000000e+00
3.000000000000000000e+00
1.000000000000000000e+00
7.000000000000000000e+00
1.000000000000000000e+00
2.000000000000000000e+00
1.000000000000000000e+00
4.000000000000000000e+00
5.000000000000000000e+00
5.000000000000000000e+00
7.000000000000000000e+00
3.000000000000000000e+00
5.000000000000000000e+00
4.000000000000000000e+00
1.000000000000000000e+00
0.000000000000000000e+00
0.000000000000000000e+00
1.000000000000000000e+00
0.000000000000000000e+00
0.000000000000000000e+00
0.000000000000000000e+00
0.000000000000000000e+00
0.000000000000000000e+00
1.850000000000000000e+02
0.000000000000000000e+00
0.000000000000000000e+00
1.000000000000000000e+00
1.000000000000000000e+00
1.000000000000000000e+00
3.000000000000000000e+00
5.000000000000000000e+00
7.000000000000000000e+00
1.400000000000000000e+01
1.100000000000000000e+01
1.400000000000000000e+01
2.300000000000000000e+01
2.700000000000000000e+01
2.600000000000000000e+01
3.900000000000000000e+01
3.400000000000000000e+01
4.900000000000000000e+01
4.900000000000000000e+01
6.400000000000000000e+01
7.100000000000000000e+01
6.200000000000000000e+01
8.300000000000000000e+01
8.700000000000000000e+01
9.200000000000000000e+01
9.400000000000000000e+01
1.150000000000000000e+02
1.000000000000000000e+02
9.800000000000000000e+01
9.600000000000000000e+01
1.020000000000000000e+02
9.800000000000000000e+01
1.010000000000000000e+02
9.900000000000000000e+01
1.110000000000000000e+02
9.700000000000000000e+01
1.220000000000000000e+02
9.000000000000000000e+01
1.000000000000000000e+02
1.060000000000000000e+02
1.100000000000000000e+02
9.400000000000000000e+01
9.800000000000000000e+01
1.170000000000000000e+02
1.090000000000000000e+02
1.200000000000000000e+02
1.050000000000000000e+02
9.500000000000000000e+01
1.110000000000000000e+02
9.500000000000000000e+01
1.040000000000000000e+02
1.090000000000000000e+02
1.110000000000000000e+02
1.080000000000000000e+02
1.130000000000000000e+02
1.190000000000000000e+02
1.040000000000000000e+02
1.120000000000000000e+02
1.200000000000000000e+02
1.260000000000000000e+02
9.900000000000000000e+01
1.130000000000000000e+02
1.130000000000000000e+02
9.900000000000000000e+01
1.310000000000000000e+02
1.100000000000000000e+02
1.260000000000000000e+02
1.230000000000000000e+02
1.200000000000000000e+02
1.130000000000000000e+02
1.060000000000000000e+02
1.250000000000000000e+02
1.170000000000000000e+02
1.330000000000000000e+02
1.130000000000000000e+02
1.050000000000000000e+02
1.310000000000000000e+02
1.190000000000000000e+02
1.110000000000000000e+02
1.330000000000000000e+02
1.170000000000000000e+02
1.300000000000000000e+02
1.110000000000000000e+02
1.210000000000000000e+02
1.160000000000000000e+02
1.520000000000000000e+02
1.070000000000000000e+02
1.400000000000000000e+02
1.400000000000000000e+02
1.490000000000000000e+02
1.280000000000000000e+02
1.300000000000000000e+02
1.320000000000000000e+02
1.360000000000000000e+02
1.660000000000000000e+02
1.440000000000000000e+02
1.430000000000000000e+02
1.550000000000000000e+02
1.490000000000000000e+02
1.560000000000000000e+02
1.930000000000000000e+02
1.640000000000000000e+02
1.750000000000000000e+02
1.970000000000000000e+02
1.980000000000000000e+02
1.770000000000000000e+02
1.970000000000000000e+02
1.860000000000000000e+02
2.160000000000000000e+02
2.080000000000000000e+02
2.490000000000000000e+02
2.240000000000000000e+02
2.580000000000000000e+02
2.630000000000000000e+02
2.980000000000000000e+02
3.060000000000000000e+02
3.490000000000000000e+02
3.640000000000000000e+02
4.600000000000000000e+02
4.600000000000000000e+02
5.430000000000000000e+02
6.670000000000000000e+02
7.270000000000000000e+02
8.220000000000000000e+02
8.570000000000000000e+02
1.269000000000000000e+03
1.325000000000000000e+03
1.185000000000000000e+03
1.354000000000000000e+03
1.449000000000000000e+03
1.624000000000000000e+03
1.522000000000000000e+03
1.665000000000000000e+03
1.843000000000000000e+03
1.975000000000000000e+03
2.098000000000000000e+03
2.261000000000000000e+03
2.553000000000000000e+03
2.717000000000000000e+03
2.721000000000000000e+03
2.698000000000000000e+03
2.757000000000000000e+03
2.634000000000000000e+03
2.494000000000000000e+03
2.163000000000000000e+03
1.910000000000000000e+03
1.547000000000000000e+03
1.481000000000000000e+03
1.548000000000000000e+03
1.448000000000000000e+03
1.542000000000000000e+03
1.496000000000000000e+03
1.521000000000000000e+03
1.554000000000000000e+03
1.460000000000000000e+03
1.366000000000000000e+03
1.345000000000000000e+03
1.346000000000000000e+03
1.215000000000000000e+03
1.232000000000000000e+03
1.199000000000000000e+03
1.088000000000000000e+03
1.063000000000000000e+03
9.980000000000000000e+02
8.830000000000000000e+02
8.360000000000000000e+02
7.740000000000000000e+02
6.810000000000000000e+02
5.610000000000000000e+02
5.530000000000000000e+02
4.830000000000000000e+02
5.960000000000000000e+02
4.820000000000000000e+02
4.340000000000000000e+02
4.080000000000000000e+02
3.650000000000000000e+02
3.850000000000000000e+02
3.730000000000000000e+02
3.330000000000000000e+02
3.200000000000000000e+02
3.840000000000000000e+02
3.480000000000000000e+02
2.590000000000000000e+02
2.360000000000000000e+02
2.130000000000000000e+02
2.080000000000000000e+02
1.860000000000000000e+02
1.730000000000000000e+02
1.700000000000000000e+02
2.250000000000000000e+02
1.800000000000000000e+02
1.350000000000000000e+02
1.160000000000000000e+02
9.000000000000000000e+01
8.800000000000000000e+01
7.900000000000000000e+01
8.200000000000000000e+01
6.300000000000000000e+01
7.000000000000000000e+01
6.200000000000000000e+01
5.700000000000000000e+01
5.300000000000000000e+01
5.100000000000000000e+01
5.000000000000000000e+01
5.100000000000000000e+01
5.700000000000000000e+01
4.800000000000000000e+01
3.800000000000000000e+01
4.400000000000000000e+01
3.800000000000000000e+01
3.900000000000000000e+01
4.600000000000000000e+01
4.000000000000000000e+01
4.000000000000000000e+01
3.400000000000000000e+01
4.100000000000000000e+01
3.700000000000000000e+01
3.900000000000000000e+01
4.000000000000000000e+01
3.000000000000000000e+01
2.300000000000000000e+01
4.300000000000000000e+01
2.500000000000000000e+01
2.400000000000000000e+01
2.500000000000000000e+01
3.300000000000000000e+01
2.600000000000000000e+01
2.100000000000000000e+01
2.600000000000000000e+01
2.400000000000000000e+01
2.100000000000000000e+01
3.400000000000000000e+01
1.900000000000000000e+01
2.100000000000000000e+01
2.300000000000000000e+01
3.300000000000000000e+01
2.600000000000000000e+01
2.600000000000000000e+01
2.200000000000000000e+01
2.100000000000000000e+01
1.000000000000000000e+01
1.000000000000000000e+01
2.000000000000000000e+01
1.800000000000000000e+01
1.300000000000000000e+01
6.000000000000000000e+00
4.000000000000000000e+00
5.000000000000000000e+00
8.000000000000000000e+00
7.000000000000000000e+00
4.000000000000000000e+00
4.000000000000000000e+00
3.000000000000000000e+00
5.000000000000000000e+00
1.000000000000000000e+00
3.000000000000000000e+00
2.000000000000000000e+00
