2.453000000000000000e+03
2.679000000000000000e+03
1.630000000000000000e+03
1.069000000000000000e+03
3.601000000000000000e+03
2.129000000000000000e+03
1.879000000000000000e+03
6.460000000000000000e+02
9.800000000000000000e+02
4.030000000000000000e+02
2.490000000000000000e+02
4.010000000000000000e+02
6.700000000000000000e+01
2.640000000000000000e+02
1.320000000000000000e+02
8.800000000000000000e+01
1.350000000000000000e+02
2.200000000000000000e+01
6.400000000000000000e+01
3.200000000000000000e+01
1.310000000000000000e+02
1.100000000000000000e+02
7.300000000000000000e+01
4.700000000000000000e+01
2.900000000000000000e+01
2.000000000000000000e+01
4.500000000000000000e+01
0.000000000000000000e+00
0.000000000000000000e+00
0.000000000000000000e+00
7.500000000000000000e+01
0.000000000000000000e+00
3.000000000000000000e+00
0.000000000000000000e+00
0.000000000000000000e+00
1.000000000000000000e+00
1.000000000000000000e+00
0.000000000000000000e+00
0.000000000000000000e+00
0.000000000000000000e+00
3.000000000000000000e+00
0.000000000000000000e+00
0.000000000000000000e+00
0.000000000000000000e+00
0.000000000000000000e+00
0.000000000000000000e+00
0.000000000000000000e+00
0.000000000000000000e+00
0.000000000000000000e+00
0.000000000000000000e+00
4.300000000000000000e+01
0.000000000000000000e+00
0.000000000000000000e+00
0.000000000000000000e+00
0.000000000000000000e+00
0.000000000000000000e+00
0.000000000000000000e+00
0.000000000000000000e+00
0.000000000000000000e+00
0.000000000000000000e+00
1.800000000000000000e+01
0.000000000000000000e+00
0.000000000000000000e+00
0.000000000000000000e+00
0.000000000000000000e+00
0.000000000000000000e+00
2.000000000000000000e+00
0.000000000000000000e+00
0.000000000000000000e+00
0.000000000000000000e+00
0.000000000000000000e+00
0.000000000000000000e+00
0.000000000000000000e+00
0.000000000000000000e+00
0.000000000000000000e+00
2.170000000000000000e+02
0.000000000000000000e+00
0.000000000000000000e+00
0.000000000000000000e+00
0.000000000000000000e+00
0.000000000000000000e+00
0.000000000000000000e+00
0.000000000000000000e+00
0.000000000000000000e+00
0.000000000000000000e+00
0.000000000000000000e+00
0.000000000000000000e+00
0.000000000000000000e+00
0.000000000000000000e+00
0.000000000000000000e+00
0.000000000000000000e+00
0.000000000000000000e+00
0.000000000000000000e+00
0.000000000000000000e+00
0.000000000000000000e+00
0.000000000000000000e+00
0.000000000000000000e+00
0.000000000000000000e+00
0.000000000000000000e+00
0.000000000000000000e+00
0.000000000000000000e+00
0.000000000000000000e+00
0.000000000000000000e+00
1.100000000000000000e+01
0.000000000000000000e+00
2.600000000000000000e+01
3.800000000000000000e+01
1.460000000000000000e+02
1.480000000000000000e+02
3.820000000000000000e+02
5.900000000000000000e+02
1.903000000000000000e+03
4.909000000000000000e+03
9.341000000000000000e+03
1.395000000000000000e+04
8.846000000000000000e+03
7.992000000000000000e+03
3.229000000000000000e+03
1.902000000000000000e+03
1.474000000000000000e+03
1.124000000000000000e+03
2.060000000000000000e+02
1.037000000000000000e+03
5.300000000000000000e+02
6.520000000000000000e+02
1.325000000000000000e+03
1.870000000000000000e+02
2.170000000000000000e+02
6.520000000000000000e+02
2.900000000000000000e+02
3.390000000000000000e+02
6.700000000000000000e+01
2.660000000000000000e+02
5.030000000000000000e+02
5.800000000000000000e+01
2.710000000000000000e+02
1.900000000000000000e+02
3.000000000000000000e+00
3.930000000000000000e+02
4.000000000000000000e+01
1.890000000000000000e+02
2.640000000000000000e+02
2.050000000000000000e+02
4.400000000000000000e+01
1.430000000000000000e+02
1.770000000000000000e+02
2.230000000000000000e+02
1.670000000000000000e+02
5.300000000000000000e+01
1.000000000000000000e+00
2.400000000000000000e+02
0.000000000000000000e+00
6.900000000000000000e+01
2.700000000000000000e+02
0.000000000000000000e+00
1.370000000000000000e+02
4.080000000000000000e+02
6.800000000000000000e+01
2.260000000000000000e+02
2.070000000000000000e+02
1.660000000000000000e+02
7.600000000000000000e+01
9.400000000000000000e+01
1.660000000000000000e+02
5.110000000000000000e+02
2.150000000000000000e+02
3.380000000000000000e+02
4.680000000000000000e+02
0.000000000000000000e+00
6.540000000000000000e+02
1.465000000000000000e+03
1.008000000000000000e+03
2.160000000000000000e+02
1.206000000000000000e+03
1.737000000000000000e+03
2.240000000000000000e+02
5.040000000000000000e+02
1.582000000000000000e+03
6.790000000000000000e+02
9.260000000000000000e+02
3.810000000000000000e+02
0.000000000000000000e+00
1.000000000000000000e+00
2.700000000000000000e+01
5.500000000000000000e+01
4.700000000000000000e+01
8.000000000000000000e+01
1.390000000000000000e+02
1.940000000000000000e+02
1.460000000000000000e+02
2.100000000000000000e+02
2.040000000000000000e+02
2.370000000000000000e+02
2.530000000000000000e+02
2.940000000000000000e+02
3.150000000000000000e+02
3.450000000000000000e+02
3.780000000000000000e+02
4.810000000000000000e+02
5.310000000000000000e+02
5.890000000000000000e+02
6.560000000000000000e+02
6.170000000000000000e+02
6.080000000000000000e+02
6.160000000000000000e+02
6.520000000000000000e+02
7.410000000000000000e+02
7.370000000000000000e+02
7.030000000000000000e+02
6.970000000000000000e+02
7.290000000000000000e+02
7.800000000000000000e+02
7.640000000000000000e+02
7.750000000000000000e+02
7.340000000000000000e+02
7.740000000000000000e+02
8.580000000000000000e+02
8.100000000000000000e+02
8.430000000000000000e+02
8.650000000000000000e+02
8.520000000000000000e+02
9.690000000000000000e+02
8.630000000000000000e+02
9.050000000000000000e+02
9.290000000000000000e+02
9.220000000000000000e+02
9.830000000000000000e+02
1.030000000000000000e+03
1.036000000000000000e+03
1.084000000000000000e+03
1.223000000000000000e+03
1.105000000000000000e+03
1.016000000000000000e+03
1.190000000000000000e+03
1.105000000000000000e+03
1.003000000000000000e+03
1.326000000000000000e+03
1.102000000000000000e+03
8.420000000000000000e+02
1.125000000000000000e+03
9.060000000000000000e+02
7.600000000000000000e+02
8.780000000000000000e+02
8.350000000000000000e+02
8.610000000000000000e+02
6.680000000000000000e+02
5.500000000000000000e+02
7.940000000000000000e+02
7.720000000000000000e+02
5.820000000000000000e+02
8.010000000000000000e+02
7.640000000000000000e+02
5.820000000000000000e+02
9.050000000000000000e+02
8.180000000000000000e+02
7.250000000000000000e+02
1.016000000000000000e+03
9.170000000000000000e+02
9.650000000000000000e+02
8.130000000000000000e+02
7.880000000000000000e+02
8.490000000000000000e+02
7.280000000000000000e+02
6.530000000000000000e+02
6.590000000000000000e+02
1.000000000000000000e+03
6.240000000000000000e+02
5.980000000000000000e+02
5.520000000000000000e+02
6.300000000000000000e+02
6.310000000000000000e+02
5.410000000000000000e+02
7.060000000000000000e+02
7.490000000000000000e+02
7.580000000000000000e+02
6.870000000000000000e+02
6.350000000000000000e+02
6.230000000000000000e+02
6.380000000000000000e+02
5.650000000000000000e+02
6.090000000000000000e+02
7.370000000000000000e+02
7.180000000000000000e+02
6.350000000000000000e+02
8.210000000000000000e+02
4.690000000000000000e+02
6.460000000000000000e+02
6.700000000000000000e+02
6.750000000000000000e+02
6.590000000000000000e+02
6.270000000000000000e+02
9.790000000000000000e+02
4.460000000000000000e+02
6.370000000000000000e+02
4.410000000000000000e+02
5.010000000000000000e+02
8.090000000000000000e+02
5.430000000000000000e+02
5.020000000000000000e+02
8.640000000000000000e+02
4.050000000000000000e+02
6.630000000000000000e+02
4.410000000000000000e+02
3.590000000000000000e+02
4.610000000000000000e+02
3.800000000000000000e+02
2.790000000000000000e+02
5.030000000000000000e+02
7.220000000000000000e+02
3.860000000000000000e+02
3.820000000000000000e+02
7.580000000000000000e+02
4.810000000000000000e+02
4.210000000000000000e+02
5.810000000000000000e+02
4.260000000000000000e+02
3.000000000000000000e+02
3.180000000000000000e+02
4.070000000000000000e+02
3.960000000000000000e+02
2.920000000000000000e+02
4.970000000000000000e+02
3.700000000000000000e+02
4.360000000000000000e+02
3.270000000000000000e+02
3.290000000000000000e+02
4.350000000000000000e+02
2.230000000000000000e+02
1.540000000000000000e+02
1.250000000000000000e+02
2.000000000000000000e+02
2.140000000000000000e+02
1.630000000000000000e+02
2.450000000000000000e+02
1.020000000000000000e+02
1.030000000000000000e+02
1.240000000000000000e+02
1.340000000000000000e+02
7.700000000000000000e+01
1.780000000000000000e+02
9.500000000000000000e+01
6.100000000000000000e+01
4.100000000000000000e+01
3.500000000000000000e+01
4.200000000000000000e+01
6.100000000000000000e+01
4.100000000000000000e+01
5.100000000000000000e+01
2.500000000000000000e+01
9.000000000000000000e+00
3.400000000000000000e+02
5.000000000000000000e+00
6.000000000000000000e+00
8.000000000000000000e+00
2.300000000000000000e+01
3.100000000000000000e+01
1.100000000000000000e+01
2.300000000000000000e+01
4.000000000000000000e+00
3.200000000000000000e+01
1.700000000000000000e+01
3.000000000000000000e+00
1.210000000000000000e+02
9.000000000000000000e+00
1.000000000000000000e+01
4.100000000000000000e+01
8.000000000000000000e+00
2.400000000000000000e+01
1.100000000000000000e+01
8.000000000000000000e+00
3.000000000000000000e+00
1.700000000000000000e+02
3.000000000000000000e+00
5.000000000000000000e+00
6.000000000000000000e+00
1.800000000000000000e+01
2.100000000000000000e+01
2.000000000000000000e+00
2.700000000000000000e+01
4.000000000000000000e+00
3.400000000000000000e+01
1.100000000000000000e+01
7.000000000000000000e+00
3.000000000000000000e+00
6.300000000000000000e+01
6.000000000000000000e+00
1.000000000000000000e+01
1.100000000000000000e+01
4.000000000000000000e+00
2.400000000000000000e+01
1.100000000000000000e+01
8.000000000000000000e+00
2.000000000000000000e+00
8.200000000000000000e+01
2.000000000000000000e+00
7.000000000000000000e+00
2.500000000000000000e+01
4.000000000000000000e+00
3.000000000000000000e+00
4.000000000000000000e+01
1.000000000000000000e+00
9.000000000000000000e+00
3.000000000000000000e+00
2.200000000000000000e+01
9.000000000000000000e+00
7.000000000000000000e+00
2.000000000000000000e+00
1.900000000000000000e+01
2.000000000000000000e+00
4.000000000000000000e+00
1.600000000000000000e+01
4.000000000000000000e+00
8.000000000000000000e+00
4.000000000000000000e+00
1.700000000000000000e+01
1.800000000000000000e+01
0.000000000000000000e+00
8.000000000000000000e+00
9.000000000000000000e+00
1.000000000000000000e+01
2.000000000000000000e+00
2.000000000000000000e+00
4.000000000000000000e+00
1.000000000000000000e+00
4.000000000000000000e+00
6.000000000000000000e+00
4.000000000000000000e+00
3.000000000000000000e+00
3.000000000000000000e+00
0.000000000000000000e+00
1.000000000000000000e+00
0.000000000000000000e+00
0.000000000000000000e+00
0.000000000000000000e+00
0.000000000000000000e+00
5.030000000000000000e+02
6.000000000000000000e+00
4.300000000000000000e+01
3.140000000000000000e+02
3.840000000000000000e+02
3.130000000000000000e+02
2.390000000000000000e+02
1.970000000000000000e+02
2.150000000000000000e+02
1.620000000000000000e+02
1.320000000000000000e+02
1.140000000000000000e+02
1.250000000000000000e+02
1.340000000000000000e+02
1.170000000000000000e+02
9.800000000000000000e+01
1.260000000000000000e+02
9.600000000000000000e+01
1.070000000000000000e+02
7.400000000000000000e+01
8.500000000000000000e+01
8.000000000000000000e+01
8.300000000000000000e+01
8.400000000000000000e+01
8.000000000000000000e+01
6.700000000000000000e+01
7.600000000000000000e+01
8.000000000000000000e+01
7.600000000000000000e+01
6.000000000000000000e+01
7.000000000000000000e+01
6.400000000000000000e+01
6.300000000000000000e+01
8.200000000000000000e+01
9.400000000000000000e+01
5.100000000000000000e+01
7.500000000000000000e+01
6.700000000000000000e+01
5.800000000000000000e+01
7.800000000000000000e+01
8.100000000000000000e+01
7.400000000000000000e+01
7.600000000000000000e+01
7.900000000000000000e+01
5.200000000000000000e+01
7.400000000000000000e+01
6.200000000000000000e+01
7.400000000000000000e+01
6.900000000000000000e+01
7.400000000000000000e+01
7.900000000000000000e+01
7.200000000000000000e+01
8.100000000000000000e+01
6.800000000000000000e+01
8.800000000000000000e+01
7.300000000000000000e+01
8.700000000000000000e+01
8.100000000000000000e+01
1.000000000000000000e+02
1.100000000000000000e+02
8.700000000000000000e+01
1.070000000000000000e+02
8.900000000000000000e+01
9.800000000000000000e+01
1.080000000000000000e+02
1.150000000000000000e+02
9.000000000000000000e+01
8.700000000000000000e+01
1.120000000000000000e+02
1.200000000000000000e+02
1.230000000000000000e+02
1.160000000000000000e+02
1.000000000000000000e+02
1.430000000000000000e+02
1.150000000000000000e+02
1.280000000000000000e+02
1.360000000000000000e+02
1.070000000000000000e+02
1.180000000000000000e+02
1.630000000000000000e+02
1.480000000000000000e+02
1.550000000000000000e+02
1.560000000000000000e+02
1.500000000000000000e+02
1.620000000000000000e+02
1.670000000000000000e+02
1.860000000000000000e+02
1.750000000000000000e+02
1.770000000000000000e+02
1.850000000000000000e+02
1.920000000000000000e+02
2.030000000000000000e+02
2.060000000000000000e+02
2.120000000000000000e+02
2.070000000000000000e+02
2.190000000000000000e+02
2.040000000000000000e+02
2.130000000000000000e+02
2.350000000000000000e+02
2.290000000000000000e+02
2.600000000000000000e+02
2.290000000000000000e+02
2.510000000000000000e+02
3.020000000000000000e+02
2.820000000000000000e+02
2.700000000000000000e+02
3.090000000000000000e+02
3.150000000000000000e+02
3.120000000000000000e+02
2.960000000000000000e+02
3.200000000000000000e+02
3.370000000000000000e+02
3.530000000000000000e+02
3.510000000000000000e+02
3.600000000000000000e+02
3.520000000000000000e+02
3.480000000000000000e+02
3.720000000000000000e+02
3.880000000000000000e+02
4.100000000000000000e+02
4.270000000000000000e+02
4.170000000000000000e+02
4.190000000000000000e+02
5.060000000000000000e+02
4.470000000000000000e+02
4.620000000000000000e+02
4.610000000000000000e+02
4.740000000000000000e+02
4.510000000000000000e+02
4.850000000000000000e+02
5.230000000000000000e+02
5.570000000000000000e+02
6.070000000000000000e+02
6.090000000000000000e+02
6.750000000000000000e+02
6.590000000000000000e+02
6.430000000000000000e+02
6.450000000000000000e+02
6.430000000000000000e+02
6.320000000000000000e+02
6.250000000000000000e+02
6.400000000000000000e+02
5.780000000000000000e+02
5.730000000000000000e+02
6.110000000000000000e+02
6.260000000000000000e+02
6.770000000000000000e+02
7.750000000000000000e+02
8.940000000000000000e+02
9.250000000000000000e+02
9.720000000000000000e+02
9.080000000000000000e+02
7.520000000000000000e+02
7.000000000000000000e+02
6.040000000000000000e+02
5.590000000000000000e+02
6.470000000000000000e+02
6.980000000000000000e+02
7.360000000000000000e+02
8.000000000000000000e+02
8.240000000000000000e+02
9.360000000000000000e+02
9.840000000000000000e+02
1.062000000000000000e+03
1.106000000000000000e+03
1.453000000000000000e+03
1.924000000000000000e+03
2.364000000000000000e+03
2.158000000000000000e+03
2.062000000000000000e+03
2.015000000000000000e+03
2.231000000000000000e+03
2.264000000000000000e+03
2.163000000000000000e+03
2.129000000000000000e+03
2.066000000000000000e+03
1.960000000000000000e+03
2.414000000000000000e+03
2.381000000000000000e+03
2.420000000000000000e+03
2.347000000000000000e+03
2.513000000000000000e+03
2.532000000000000000e+03
2.359000000000000000e+03
1.591000000000000000e+03
7.270000000000000000e+02
4.580000000000000000e+02
3.840000000000000000e+02
3.670000000000000000e+02
3.260000000000000000e+02
2.880000000000000000e+02
2.860000000000000000e+02
2.590000000000000000e+02
2.190000000000000000e+02
2.060000000000000000e+02
2.020000000000000000e+02
1.640000000000000000e+02
1.780000000000000000e+02
1.530000000000000000e+02
1.450000000000000000e+02
1.500000000000000000e+02
1.470000000000000000e+02
1.140000000000000000e+02
1.050000000000000000e+02
1.140000000000000000e+02
1.180000000000000000e+02
1.210000000000000000e+02
1.040000000000000000e+02
9.500000000000000000e+01
6.900000000000000000e+01
9.000000000000000000e+01
8.900000000000000000e+01
7.900000000000000000e+01
7.700000000000000000e+01
6.700000000000000000e+01
6.100000000000000000e+01
6.000000000000000000e+01
5.700000000000000000e+01
4.800000000000000000e+01
5.700000000000000000e+01
4.600000000000000000e+01
4.600000000000000000e+01
3.000000000000000000e+01
2.700000000000000000e+01
3.100000000000000000e+01
1.700000000000000000e+01
1.600000000000000000e+01
1.700000000000000000e+01
1.600000000000000000e+01
2.200000000000000000e+01
1.000000000000000000e+01
1.300000000000000000e+01
8.000000000000000000e+00
1.300000000000000000e+01
3.000000000000000000e+00
4.000000000000000000e+00
1.000000000000000000e+00
4.000000000000000000e+00
1.000000000000000000e+00
1.000000000000000000e+00
2.000000000000000000e+00
2.000000000000000000e+00
2.000000000000000000e+00
0.000000000000000000e+00
0.000000000000000000e+00
4.000000000000000000e+00
0.000000000000000000e+00
0.000000000000000000e+00
0.000000000000000000e+00
0.000000000000000000e+00
0.000000000000000000e+00
0.000000000000000000e+00
0.000000000000000000e+00
0.000000000000000000e+00
0.000000000000000000e+00
0.000000000000000000e+00
1.000000000000000000e+00
