4.727300000000000000e+04
1.250000000000000000e+02
2.270000000000000000e+02
4.550000000000000000e+02
6.880000000000000000e+02
1.241000000000000000e+03
1.481800000000000000e+04
1.448000000000000000e+03
4.942000000000000000e+03
4.780000000000000000e+02
3.930000000000000000e+02
9.971000000000000000e+03
3.410000000000000000e+02
6.767000000000000000e+03
2.019000000000000000e+03
1.119000000000000000e+03
2.236000000000000000e+03
1.099000000000000000e+03
8.250000000000000000e+02
1.560000000000000000e+03
4.870000000000000000e+03
1.939000000000000000e+03
1.974000000000000000e+03
2.039000000000000000e+03
3.475000000000000000e+03
2.519000000000000000e+03
5.727000000000000000e+03
4.146000000000000000e+03
8.900000000000000000e+03
1.509100000000000000e+04
3.210900000000000000e+04
2.174100000000000000e+04
3.113900000000000000e+04
4.326300000000000000e+04
5.121500000000000000e+04
8.957300000000000000e+04
8.005700000000000000e+04
5.453000000000000000e+04
7.472600000000000000e+04
3.102500000000000000e+04
1.401900000000000000e+04
3.746000000000000000e+03
4.341000000000000000e+03
6.462000000000000000e+03
3.140000000000000000e+02
1.167000000000000000e+03
8.650000000000000000e+02
0.000000000000000000e+00
1.182000000000000000e+03
8.000000000000000000e+01
2.126000000000000000e+03
9.360000000000000000e+02
2.800000000000000000e+02
0.000000000000000000e+00
1.630000000000000000e+02
9.780000000000000000e+02
2.950000000000000000e+02
1.790000000000000000e+02
0.000000000000000000e+00
0.000000000000000000e+00
3.610000000000000000e+02
0.000000000000000000e+00
0.000000000000000000e+00
1.470000000000000000e+02
0.000000000000000000e+00
1.300000000000000000e+01
7.640000000000000000e+02
5.000000000000000000e+00
1.390000000000000000e+02
5.600000000000000000e+01
2.400000000000000000e+02
7.000000000000000000e+00
0.000000000000000000e+00
1.760000000000000000e+02
1.922000000000000000e+03
9.222000000000000000e+03
7.600000000000000000e+01
1.600000000000000000e+01
0.000000000000000000e+00
9.930000000000000000e+02
9.640000000000000000e+02
7.000000000000000000e+00
1.420000000000000000e+02
7.280000000000000000e+02
4.410000000000000000e+02
1.850000000000000000e+02
1.520000000000000000e+02
1.189000000000000000e+03
2.000000000000000000e+02
2.240000000000000000e+02
8.850000000000000000e+02
1.840000000000000000e+02
1.080000000000000000e+02
3.340000000000000000e+02
5.100000000000000000e+01
7.540000000000000000e+02
1.405000000000000000e+03
7.100000000000000000e+01
1.021000000000000000e+03
1.770000000000000000e+02
1.560000000000000000e+02
1.216000000000000000e+03
2.040000000000000000e+02
3.104000000000000000e+03
9.800000000000000000e+02
1.775000000000000000e+03
3.355000000000000000e+03
3.300000000000000000e+03
2.515000000000000000e+03
7.832000000000000000e+03
4.295600000000000000e+04
5.498700000000000000e+04
1.087750000000000000e+05
2.875400000000000000e+04
5.588300000000000000e+04
6.466900000000000000e+04
1.074090000000000000e+05
6.020000000000000000e+02
3.034000000000000000e+03
5.290000000000000000e+02
1.021590000000000000e+05
1.000000000000000000e+01
1.228600000000000000e+04
1.340000000000000000e+02
1.197400000000000000e+04
4.626600000000000000e+04
3.776100000000000000e+04
2.600000000000000000e+01
5.550000000000000000e+02
2.380000000000000000e+02
8.870000000000000000e+02
3.000000000000000000e+00
1.393400000000000000e+04
4.555000000000000000e+03
1.000000000000000000e+00
1.630000000000000000e+02
1.200000000000000000e+01
1.000000000000000000e+00
1.110000000000000000e+02
0.000000000000000000e+00
1.952500000000000000e+04
2.140000000000000000e+02
2.700000000000000000e+01
7.000000000000000000e+00
1.000000000000000000e+01
9.910000000000000000e+02
3.700000000000000000e+01
8.000000000000000000e+00
1.000000000000000000e+00
0.000000000000000000e+00
2.890000000000000000e+02
0.000000000000000000e+00
5.000000000000000000e+00
1.600000000000000000e+01
0.000000000000000000e+00
1.200000000000000000e+01
5.172000000000000000e+03
5.000000000000000000e+00
2.900000000000000000e+01
2.600000000000000000e+01
3.710000000000000000e+02
1.000000000000000000e+01
7.000000000000000000e+00
5.600000000000000000e+01
5.200000000000000000e+01
1.752400000000000000e+04
2.600000000000000000e+01
3.300000000000000000e+01
4.000000000000000000e+00
7.700000000000000000e+01
1.430000000000000000e+03
2.300000000000000000e+01
2.100000000000000000e+01
1.092600000000000000e+04
7.200000000000000000e+01
9.400000000000000000e+01
4.400000000000000000e+01
9.970000000000000000e+02
1.070000000000000000e+02
6.600000000000000000e+01
3.949000000000000000e+04
2.710000000000000000e+02
6.689100000000000000e+04
2.282100000000000000e+04
3.100500000000000000e+04
5.270200000000000000e+04
5.890000000000000000e+04
3.545200000000000000e+04
1.167100000000000000e+04
1.630200000000000000e+04
2.193100000000000000e+04
7.323000000000000000e+03
1.633100000000000000e+04
7.572000000000000000e+03
1.070200000000000000e+04
2.562900000000000000e+04
7.950000000000000000e+03
1.396800000000000000e+04
2.092900000000000000e+04
4.829800000000000000e+04
1.781800000000000000e+04
1.580200000000000000e+04
1.814100000000000000e+04
5.165600000000000000e+04
5.696000000000000000e+03
3.800800000000000000e+04
1.096700000000000000e+04
1.039200000000000000e+04
4.887400000000000000e+04
1.917600000000000000e+04
2.484600000000000000e+04
2.649300000000000000e+04
2.720900000000000000e+04
2.231300000000000000e+04
1.073400000000000000e+04
5.201000000000000000e+03
6.141000000000000000e+03
3.784000000000000000e+03
3.095000000000000000e+03
3.277000000000000000e+03
2.794000000000000000e+03
2.747000000000000000e+03
2.664000000000000000e+03
2.682000000000000000e+03
2.695000000000000000e+03
2.995000000000000000e+03
3.151000000000000000e+03
2.579000000000000000e+03
3.180000000000000000e+03
3.286000000000000000e+03
3.107000000000000000e+03
3.032000000000000000e+03
2.884000000000000000e+03
3.467000000000000000e+03
2.980000000000000000e+03
3.250000000000000000e+03
2.944000000000000000e+03
3.239000000000000000e+03
3.457000000000000000e+03
3.295000000000000000e+03
3.019000000000000000e+03
2.792000000000000000e+03
3.147000000000000000e+03
2.144000000000000000e+03
3.803000000000000000e+03
2.334000000000000000e+03
2.869000000000000000e+03
2.941000000000000000e+03
3.325000000000000000e+03
2.682000000000000000e+03
4.412000000000000000e+03
3.657000000000000000e+03
4.020000000000000000e+03
5.062000000000000000e+03
4.365000000000000000e+03
4.823000000000000000e+03
4.420000000000000000e+03
4.495000000000000000e+03
5.356000000000000000e+03
4.630000000000000000e+03
4.431000000000000000e+03
5.132000000000000000e+03
4.862000000000000000e+03
5.103000000000000000e+03
5.579000000000000000e+03
5.208000000000000000e+03
6.727000000000000000e+03
6.191000000000000000e+03
6.196000000000000000e+03
8.576000000000000000e+03
8.599000000000000000e+03
9.322000000000000000e+03
9.550000000000000000e+03
9.857000000000000000e+03
1.113400000000000000e+04
1.154200000000000000e+04
1.019100000000000000e+04
1.008300000000000000e+04
1.061500000000000000e+04
9.761000000000000000e+03
9.058000000000000000e+03
7.869000000000000000e+03
1.011400000000000000e+04
7.012000000000000000e+03
6.858000000000000000e+03
5.875000000000000000e+03
7.388000000000000000e+03
5.030000000000000000e+03
4.644000000000000000e+03
4.843000000000000000e+03
4.113000000000000000e+03
5.108000000000000000e+03
3.793000000000000000e+03
4.426000000000000000e+03
4.610000000000000000e+03
4.120000000000000000e+03
4.656000000000000000e+03
4.160000000000000000e+03
5.201000000000000000e+03
4.366000000000000000e+03
4.974000000000000000e+03
4.261000000000000000e+03
5.215000000000000000e+03
5.241000000000000000e+03
5.300000000000000000e+03
5.062000000000000000e+03
5.950000000000000000e+03
4.333000000000000000e+03
5.754000000000000000e+03
5.954000000000000000e+03
5.633000000000000000e+03
6.404000000000000000e+03
5.821000000000000000e+03
6.494000000000000000e+03
5.878000000000000000e+03
6.271000000000000000e+03
5.873000000000000000e+03
6.356000000000000000e+03
5.975000000000000000e+03
5.937000000000000000e+03
5.783000000000000000e+03
5.880000000000000000e+03
5.323000000000000000e+03
5.695000000000000000e+03
5.390000000000000000e+03
5.487000000000000000e+03
4.870000000000000000e+03
4.638000000000000000e+03
4.635000000000000000e+03
4.783000000000000000e+03
4.343000000000000000e+03
3.893000000000000000e+03
3.167000000000000000e+03
3.704000000000000000e+03
2.937000000000000000e+03
2.976000000000000000e+03
2.660000000000000000e+03
2.131000000000000000e+03
2.284000000000000000e+03
1.935000000000000000e+03
1.584000000000000000e+03
1.548000000000000000e+03
1.104000000000000000e+03
1.081000000000000000e+03
9.100000000000000000e+02
8.320000000000000000e+02
6.380000000000000000e+02
5.450000000000000000e+02
4.640000000000000000e+02
3.680000000000000000e+02
3.470000000000000000e+02
2.400000000000000000e+02
1.970000000000000000e+02
1.840000000000000000e+02
1.440000000000000000e+02
1.490000000000000000e+02
9.800000000000000000e+01
1.150000000000000000e+02
6.900000000000000000e+01
6.400000000000000000e+01
3.900000000000000000e+01
4.000000000000000000e+01
5.400000000000000000e+01
3.600000000000000000e+01
2.400000000000000000e+01
3.400000000000000000e+01
1.600000000000000000e+01
1.500000000000000000e+01
2.200000000000000000e+01
4.000000000000000000e+00
5.000000000000000000e+00
4.400000000000000000e+01
3.000000000000000000e+00
3.000000000000000000e+00
9.000000000000000000e+00
2.000000000000000000e+00
4.000000000000000000e+00
1.000000000000000000e+00
1.000000000000000000e+01
3.000000000000000000e+00
1.200000000000000000e+01
5.000000000000000000e+00
4.000000000000000000e+00
2.000000000000000000e+00
1.600000000000000000e+01
0.000000000000000000e+00
2.000000000000000000e+00
3.000000000000000000e+00
5.000000000000000000e+00
9.000000000000000000e+00
2.000000000000000000e+00
1.000000000000000000e+00
1.000000000000000000e+00
3.000000000000000000e+01
1.000000000000000000e+00
5.000000000000000000e+00
8.000000000000000000e+00
1.000000000000000000e+00
0.000000000000000000e+00
3.300000000000000000e+01
4.000000000000000000e+00
1.000000000000000000e+00
2.000000000000000000e+00
1.000000000000000000e+01
0.000000000000000000e+00
2.000000000000000000e+00
0.000000000000000000e+00
1.200000000000000000e+01
0.000000000000000000e+00
0.000000000000000000e+00
6.000000000000000000e+00
0.000000000000000000e+00
8.000000000000000000e+00
3.000000000000000000e+00
4.000000000000000000e+00
3.000000000000000000e+00
1.000000000000000000e+00
2.000000000000000000e+00
4.000000000000000000e+00
1.000000000000000000e+00
2.000000000000000000e+00
3.000000000000000000e+00
2.000000000000000000e+00
5.000000000000000000e+00
5.000000000000000000e+00
3.000000000000000000e+00
0.000000000000000000e+00
3.000000000000000000e+00
0.000000000000000000e+00
5.000000000000000000e+00
1.000000000000000000e+00
0.000000000000000000e+00
6.000000000000000000e+00
0.000000000000000000e+00
0.000000000000000000e+00
1.125000000000000000e+03
2.970000000000000000e+02
3.710000000000000000e+02
3.410000000000000000e+02
2.290000000000000000e+02
2.660000000000000000e+02
2.920000000000000000e+02
3.520000000000000000e+02
6.460000000000000000e+02
8.530000000000000000e+02
7.400000000000000000e+02
6.230000000000000000e+02
5.870000000000000000e+02
5.070000000000000000e+02
5.470000000000000000e+02
5.910000000000000000e+02
5.960000000000000000e+02
6.450000000000000000e+02
6.630000000000000000e+02
7.000000000000000000e+02
6.650000000000000000e+02
5.980000000000000000e+02
6.220000000000000000e+02
9.550000000000000000e+02
2.374000000000000000e+03
2.059000000000000000e+03
1.644000000000000000e+03
2.116000000000000000e+03
2.100000000000000000e+03
2.792000000000000000e+03
2.456000000000000000e+03
2.108000000000000000e+03
2.231000000000000000e+03
2.208000000000000000e+03
2.096000000000000000e+03
1.744000000000000000e+03
1.797000000000000000e+03
1.869000000000000000e+03
1.791000000000000000e+03
1.691000000000000000e+03
1.577000000000000000e+03
1.566000000000000000e+03
1.326000000000000000e+03
1.268000000000000000e+03
1.356000000000000000e+03
1.303000000000000000e+03
1.208000000000000000e+03
1.247000000000000000e+03
1.143000000000000000e+03
1.167000000000000000e+03
1.223000000000000000e+03
1.316000000000000000e+03
1.414000000000000000e+03
1.503000000000000000e+03
1.568000000000000000e+03
1.600000000000000000e+03
1.564000000000000000e+03
1.671000000000000000e+03
1.567000000000000000e+03
1.387000000000000000e+03
1.604000000000000000e+03
1.480000000000000000e+03
1.588000000000000000e+03
1.667000000000000000e+03
1.759000000000000000e+03
1.755000000000000000e+03
1.931000000000000000e+03
1.879000000000000000e+03
2.085000000000000000e+03
2.178000000000000000e+03
2.284000000000000000e+03
2.381000000000000000e+03
2.482000000000000000e+03
2.621000000000000000e+03
2.559000000000000000e+03
2.750000000000000000e+03
2.772000000000000000e+03
2.923000000000000000e+03
3.069000000000000000e+03
3.196000000000000000e+03
3.282000000000000000e+03
3.258000000000000000e+03
3.349000000000000000e+03
3.503000000000000000e+03
3.523000000000000000e+03
3.594000000000000000e+03
3.634000000000000000e+03
3.865000000000000000e+03
4.217000000000000000e+03
4.422000000000000000e+03
4.455000000000000000e+03
4.509000000000000000e+03
4.738000000000000000e+03
4.837000000000000000e+03
4.972000000000000000e+03
4.964000000000000000e+03
5.108000000000000000e+03
5.221000000000000000e+03
5.448000000000000000e+03
5.598000000000000000e+03
5.891000000000000000e+03
5.648000000000000000e+03
5.778000000000000000e+03
5.780000000000000000e+03
5.869000000000000000e+03
6.106000000000000000e+03
6.443000000000000000e+03
6.536000000000000000e+03
6.842000000000000000e+03
6.714000000000000000e+03
6.901000000000000000e+03
7.145000000000000000e+03
7.198000000000000000e+03
7.496000000000000000e+03
8.111000000000000000e+03
8.482000000000000000e+03
8.888000000000000000e+03
9.284000000000000000e+03
9.742000000000000000e+03
9.958000000000000000e+03
1.019500000000000000e+04
1.031400000000000000e+04
1.063400000000000000e+04
1.050200000000000000e+04
1.071400000000000000e+04
1.095800000000000000e+04
1.122600000000000000e+04
1.114200000000000000e+04
1.118900000000000000e+04
1.150400000000000000e+04
1.161100000000000000e+04
1.103300000000000000e+04
1.115200000000000000e+04
1.101700000000000000e+04
1.128400000000000000e+04
1.115000000000000000e+04
1.122600000000000000e+04
1.130900000000000000e+04
1.136900000000000000e+04
1.131800000000000000e+04
1.079900000000000000e+04
1.082200000000000000e+04
1.001900000000000000e+04
9.190000000000000000e+03
8.874000000000000000e+03
7.941000000000000000e+03
7.176000000000000000e+03
6.326000000000000000e+03
5.868000000000000000e+03
5.070000000000000000e+03
4.664000000000000000e+03
4.397000000000000000e+03
4.107000000000000000e+03
3.941000000000000000e+03
3.671000000000000000e+03
3.280000000000000000e+03
2.955000000000000000e+03
2.624000000000000000e+03
2.159000000000000000e+03
1.904000000000000000e+03
1.751000000000000000e+03
1.650000000000000000e+03
1.557000000000000000e+03
1.535000000000000000e+03
1.622000000000000000e+03
1.683000000000000000e+03
1.647000000000000000e+03
1.760000000000000000e+03
1.806000000000000000e+03
1.856000000000000000e+03
1.854000000000000000e+03
1.698000000000000000e+03
1.670000000000000000e+03
1.717000000000000000e+03
1.719000000000000000e+03
1.641000000000000000e+03
1.474000000000000000e+03
1.469000000000000000e+03
1.443000000000000000e+03
1.521000000000000000e+03
1.383000000000000000e+03
1.305000000000000000e+03
1.287000000000000000e+03
1.205000000000000000e+03
1.188000000000000000e+03
1.158000000000000000e+03
1.231000000000000000e+03
1.173000000000000000e+03
1.111000000000000000e+03
1.180000000000000000e+03
1.150000000000000000e+03
1.182000000000000000e+03
1.244000000000000000e+03
1.283000000000000000e+03
1.453000000000000000e+03
1.616000000000000000e+03
1.738000000000000000e+03
2.169000000000000000e+03
5.475000000000000000e+03
1.874300000000000000e+04
4.295600000000000000e+04
6.301400000000000000e+04
6.333100000000000000e+04
6.302100000000000000e+04
5.923100000000000000e+04
4.535600000000000000e+04
3.611200000000000000e+04
2.851400000000000000e+04
2.283800000000000000e+04
1.811900000000000000e+04
1.654500000000000000e+04
1.517200000000000000e+04
1.382400000000000000e+04
1.157100000000000000e+04
1.044700000000000000e+04
9.856000000000000000e+03
9.737000000000000000e+03
8.902000000000000000e+03
7.295000000000000000e+03
6.653000000000000000e+03
5.871000000000000000e+03
5.218000000000000000e+03
5.323000000000000000e+03
5.175000000000000000e+03
5.184000000000000000e+03
4.717000000000000000e+03
4.954000000000000000e+03
5.189000000000000000e+03
5.245000000000000000e+03
5.205000000000000000e+03
5.462000000000000000e+03
4.182000000000000000e+03
3.268000000000000000e+03
2.894000000000000000e+03
2.304000000000000000e+03
2.444000000000000000e+03
2.437000000000000000e+03
2.096000000000000000e+03
2.448000000000000000e+03
3.184000000000000000e+03
3.536000000000000000e+03
3.709000000000000000e+03
3.858000000000000000e+03
4.002000000000000000e+03
5.385000000000000000e+03
6.072000000000000000e+03
6.897000000000000000e+03
6.341000000000000000e+03
6.409000000000000000e+03
6.448000000000000000e+03
7.406000000000000000e+03
9.863000000000000000e+03
9.572000000000000000e+03
6.866000000000000000e+03
6.345000000000000000e+03
1.922000000000000000e+03
2.086000000000000000e+03
