9.694000000000000000e+03
2.730000000000000000e+02
4.240000000000000000e+02
6.750000000000000000e+02
7.750000000000000000e+02
3.347000000000000000e+03
2.479000000000000000e+03
7.230000000000000000e+02
1.804000000000000000e+03
1.484000000000000000e+03
9.910000000000000000e+02
3.270000000000000000e+03
7.870000000000000000e+02
4.332000000000000000e+03
2.645000000000000000e+03
6.717000000000000000e+03
6.312000000000000000e+03
2.434100000000000000e+04
2.175400000000000000e+04
3.073200000000000000e+04
3.201200000000000000e+04
2.410300000000000000e+04
3.958700000000000000e+04
8.642000000000000000e+03
1.045600000000000000e+04
9.811000000000000000e+03
1.437600000000000000e+04
6.880000000000000000e+02
6.680000000000000000e+02
2.100000000000000000e+02
1.588300000000000000e+04
5.000000000000000000e+00
7.650000000000000000e+02
4.400000000000000000e+01
2.282000000000000000e+03
4.795000000000000000e+03
6.227000000000000000e+03
1.200000000000000000e+01
1.610000000000000000e+02
5.800000000000000000e+01
4.930000000000000000e+02
3.000000000000000000e+00
2.390000000000000000e+03
1.146000000000000000e+03
0.000000000000000000e+00
1.010000000000000000e+02
3.000000000000000000e+00
6.000000000000000000e+00
1.340000000000000000e+02
6.000000000000000000e+00
5.957000000000000000e+03
2.670000000000000000e+02
2.700000000000000000e+01
1.100000000000000000e+01
1.800000000000000000e+01
6.530000000000000000e+02
7.800000000000000000e+01
1.200000000000000000e+01
6.000000000000000000e+00
0.000000000000000000e+00
3.530000000000000000e+02
0.000000000000000000e+00
6.000000000000000000e+00
4.500000000000000000e+01
0.000000000000000000e+00
2.100000000000000000e+01
1.430000000000000000e+03
9.000000000000000000e+00
4.800000000000000000e+01
4.000000000000000000e+01
4.200000000000000000e+02
1.000000000000000000e+01
1.000000000000000000e+01
1.870000000000000000e+02
1.190000000000000000e+02
7.810000000000000000e+03
2.800000000000000000e+01
3.600000000000000000e+01
1.000000000000000000e+00
1.490000000000000000e+02
1.215000000000000000e+03
2.100000000000000000e+01
2.000000000000000000e+00
3.946000000000000000e+03
8.400000000000000000e+01
1.270000000000000000e+02
1.200000000000000000e+01
1.325000000000000000e+03
5.000000000000000000e+01
2.300000000000000000e+01
3.123000000000000000e+03
3.200000000000000000e+01
2.560000000000000000e+02
5.240000000000000000e+02
9.600000000000000000e+01
1.675000000000000000e+03
3.191000000000000000e+03
1.320000000000000000e+02
2.129000000000000000e+03
5.810000000000000000e+02
3.130000000000000000e+02
2.946000000000000000e+03
5.160000000000000000e+02
4.462000000000000000e+03
2.158000000000000000e+03
2.005000000000000000e+03
2.222000000000000000e+03
1.119000000000000000e+03
8.740000000000000000e+02
1.816000000000000000e+03
3.321000000000000000e+03
1.809000000000000000e+03
6.730000000000000000e+02
6.130000000000000000e+02
1.722000000000000000e+03
5.850000000000000000e+02
4.150000000000000000e+02
3.000000000000000000e+01
3.100000000000000000e+01
2.800000000000000000e+01
2.622000000000000000e+03
4.000000000000000000e+00
4.700000000000000000e+01
1.100000000000000000e+01
1.490000000000000000e+02
6.000000000000000000e+02
1.732000000000000000e+03
3.000000000000000000e+00
7.200000000000000000e+01
2.100000000000000000e+01
8.600000000000000000e+01
1.000000000000000000e+00
2.580000000000000000e+02
1.580000000000000000e+02
8.000000000000000000e+00
7.400000000000000000e+01
2.100000000000000000e+01
1.000000000000000000e+00
5.000000000000000000e+01
7.000000000000000000e+00
1.322000000000000000e+03
6.900000000000000000e+01
3.100000000000000000e+01
3.000000000000000000e+00
8.000000000000000000e+00
8.500000000000000000e+01
2.900000000000000000e+01
2.000000000000000000e+01
8.000000000000000000e+00
1.000000000000000000e+00
2.650000000000000000e+02
1.000000000000000000e+00
1.700000000000000000e+01
2.400000000000000000e+01
2.000000000000000000e+00
1.000000000000000000e+01
4.180000000000000000e+02
1.800000000000000000e+01
3.900000000000000000e+01
3.500000000000000000e+01
1.270000000000000000e+02
1.900000000000000000e+01
1.700000000000000000e+01
1.320000000000000000e+02
1.250000000000000000e+02
2.623000000000000000e+03
4.300000000000000000e+01
6.600000000000000000e+01
5.000000000000000000e+01
1.520000000000000000e+02
7.410000000000000000e+02
1.090000000000000000e+02
1.700000000000000000e+02
1.029000000000000000e+03
3.880000000000000000e+02
3.420000000000000000e+02
1.560000000000000000e+02
7.180000000000000000e+02
3.120000000000000000e+02
2.020000000000000000e+02
8.438000000000000000e+03
4.830000000000000000e+02
4.792000000000000000e+03
3.840000000000000000e+03
3.524000000000000000e+03
3.101000000000000000e+03
3.993000000000000000e+03
2.858000000000000000e+03
3.814000000000000000e+03
3.022000000000000000e+03
2.481000000000000000e+03
3.173000000000000000e+03
2.664000000000000000e+03
2.675000000000000000e+03
3.350000000000000000e+03
3.569000000000000000e+03
2.823000000000000000e+03
3.152000000000000000e+03
3.575000000000000000e+03
2.709000000000000000e+03
3.113000000000000000e+03
3.131000000000000000e+03
3.103000000000000000e+03
3.606000000000000000e+03
3.593000000000000000e+03
3.167000000000000000e+03
4.288000000000000000e+03
3.475000000000000000e+03
3.640000000000000000e+03
2.869000000000000000e+03
3.407000000000000000e+03
3.639000000000000000e+03
3.646000000000000000e+03
3.469000000000000000e+03
4.122000000000000000e+03
3.222000000000000000e+03
3.994000000000000000e+03
2.589000000000000000e+03
3.429000000000000000e+03
3.650000000000000000e+03
3.255000000000000000e+03
3.123000000000000000e+03
3.130000000000000000e+03
4.584000000000000000e+03
3.423000000000000000e+03
4.593000000000000000e+03
5.633000000000000000e+03
5.300000000000000000e+03
6.379000000000000000e+03
5.083000000000000000e+03
3.330000000000000000e+03
4.360000000000000000e+03
2.700000000000000000e+03
3.885000000000000000e+03
3.059000000000000000e+03
3.699000000000000000e+03
3.962000000000000000e+03
3.603000000000000000e+03
3.409000000000000000e+03
3.552000000000000000e+03
2.995000000000000000e+03
3.750000000000000000e+03
4.231000000000000000e+03
3.746000000000000000e+03
4.203000000000000000e+03
3.636000000000000000e+03
3.683000000000000000e+03
4.012000000000000000e+03
3.749000000000000000e+03
3.246000000000000000e+03
3.774000000000000000e+03
3.953000000000000000e+03
2.782000000000000000e+03
4.320000000000000000e+03
3.082000000000000000e+03
3.423000000000000000e+03
2.576000000000000000e+03
3.506000000000000000e+03
2.659000000000000000e+03
2.289000000000000000e+03
2.470000000000000000e+03
2.258000000000000000e+03
1.798000000000000000e+03
1.609000000000000000e+03
1.725000000000000000e+03
2.402000000000000000e+03
1.499000000000000000e+03
1.543000000000000000e+03
1.759000000000000000e+03
1.883000000000000000e+03
1.798000000000000000e+03
2.117000000000000000e+03
1.385000000000000000e+03
1.619000000000000000e+03
1.788000000000000000e+03
1.385000000000000000e+03
1.845000000000000000e+03
1.564000000000000000e+03
2.309000000000000000e+03
1.586000000000000000e+03
1.956000000000000000e+03
1.928000000000000000e+03
3.064000000000000000e+03
2.038000000000000000e+03
2.285000000000000000e+03
2.413000000000000000e+03
2.766000000000000000e+03
2.464000000000000000e+03
2.015000000000000000e+03
2.563000000000000000e+03
1.729000000000000000e+03
2.122000000000000000e+03
1.797000000000000000e+03
1.821000000000000000e+03
1.342000000000000000e+03
1.308000000000000000e+03
1.513000000000000000e+03
8.860000000000000000e+02
1.103000000000000000e+03
8.080000000000000000e+02
8.700000000000000000e+02
7.070000000000000000e+02
5.890000000000000000e+02
8.020000000000000000e+02
4.680000000000000000e+02
4.070000000000000000e+02
1.680000000000000000e+02
4.640000000000000000e+02
1.242000000000000000e+03
1.110000000000000000e+02
2.930000000000000000e+02
2.180000000000000000e+02
5.030000000000000000e+02
3.040000000000000000e+02
2.610000000000000000e+02
1.580000000000000000e+02
2.470000000000000000e+02
4.000000000000000000e+02
1.470000000000000000e+02
2.430000000000000000e+02
1.500000000000000000e+02
1.100000000000000000e+02
3.240000000000000000e+02
1.820000000000000000e+02
1.020000000000000000e+02
1.240000000000000000e+02
2.140000000000000000e+02
1.510000000000000000e+02
1.130000000000000000e+02
1.030000000000000000e+02
1.320000000000000000e+02
1.160000000000000000e+02
7.900000000000000000e+01
1.970000000000000000e+02
9.200000000000000000e+01
1.180000000000000000e+02
1.010000000000000000e+02
1.440000000000000000e+02
1.060000000000000000e+02
1.970000000000000000e+02
6.200000000000000000e+01
9.900000000000000000e+01
1.420000000000000000e+02
7.100000000000000000e+01
7.600000000000000000e+01
8.700000000000000000e+01
9.800000000000000000e+01
6.600000000000000000e+01
6.500000000000000000e+01
2.800000000000000000e+01
3.460000000000000000e+02
3.300000000000000000e+01
5.700000000000000000e+01
5.300000000000000000e+01
6.900000000000000000e+01
5.400000000000000000e+01
4.700000000000000000e+01
8.400000000000000000e+01
3.700000000000000000e+01
8.700000000000000000e+01
5.500000000000000000e+01
3.500000000000000000e+01
1.270000000000000000e+02
3.600000000000000000e+01
6.800000000000000000e+01
8.400000000000000000e+01
2.800000000000000000e+01
3.400000000000000000e+01
5.900000000000000000e+01
4.200000000000000000e+01
3.100000000000000000e+01
1.630000000000000000e+02
1.800000000000000000e+01
2.900000000000000000e+01
3.600000000000000000e+01
3.700000000000000000e+01
5.800000000000000000e+01
3.200000000000000000e+01
5.400000000000000000e+01
2.100000000000000000e+01
3.600000000000000000e+01
4.100000000000000000e+01
1.500000000000000000e+01
2.400000000000000000e+01
9.600000000000000000e+01
1.800000000000000000e+01
2.900000000000000000e+01
3.500000000000000000e+01
1.500000000000000000e+01
2.500000000000000000e+01
3.500000000000000000e+01
3.100000000000000000e+01
8.000000000000000000e+00
8.800000000000000000e+01
1.400000000000000000e+01
1.300000000000000000e+01
2.400000000000000000e+01
2.000000000000000000e+01
1.500000000000000000e+01
8.500000000000000000e+01
1.400000000000000000e+01
2.200000000000000000e+01
1.200000000000000000e+01
2.800000000000000000e+01
1.200000000000000000e+01
1.700000000000000000e+01
1.000000000000000000e+01
4.500000000000000000e+01
1.600000000000000000e+01
7.000000000000000000e+00
2.700000000000000000e+01
1.400000000000000000e+01
3.100000000000000000e+01
1.000000000000000000e+01
1.900000000000000000e+01
2.500000000000000000e+01
5.000000000000000000e+00
1.700000000000000000e+01
1.600000000000000000e+01
1.100000000000000000e+01
1.500000000000000000e+01
7.000000000000000000e+00
2.100000000000000000e+01
5.000000000000000000e+00
7.000000000000000000e+00
3.000000000000000000e+00
1.300000000000000000e+01
1.400000000000000000e+01
7.000000000000000000e+00
6.000000000000000000e+00
6.000000000000000000e+00
1.000000000000000000e+00
0.000000000000000000e+00
0.000000000000000000e+00
0.000000000000000000e+00
2.007000000000000000e+03
2.081000000000000000e+03
3.770000000000000000e+02
4.150000000000000000e+02
2.050000000000000000e+02
2.370000000000000000e+02
1.750000000000000000e+02
1.330000000000000000e+02
1.640000000000000000e+02
1.740000000000000000e+02
2.060000000000000000e+02
3.890000000000000000e+02
5.530000000000000000e+02
1.177000000000000000e+03
1.517000000000000000e+03
1.963000000000000000e+03
1.931000000000000000e+03
2.085000000000000000e+03
2.396000000000000000e+03
1.941000000000000000e+03
2.071000000000000000e+03
2.294000000000000000e+03
1.925000000000000000e+03
2.057000000000000000e+03
1.890000000000000000e+03
1.945000000000000000e+03
1.944000000000000000e+03
2.006000000000000000e+03
1.828000000000000000e+03
1.908000000000000000e+03
1.964000000000000000e+03
1.928000000000000000e+03
1.802000000000000000e+03
1.617000000000000000e+03
1.559000000000000000e+03
1.505000000000000000e+03
1.474000000000000000e+03
1.484000000000000000e+03
1.442000000000000000e+03
1.393000000000000000e+03
1.311000000000000000e+03
1.347000000000000000e+03
1.299000000000000000e+03
1.309000000000000000e+03
1.260000000000000000e+03
1.216000000000000000e+03
1.215000000000000000e+03
1.190000000000000000e+03
1.129000000000000000e+03
1.090000000000000000e+03
9.880000000000000000e+02
9.650000000000000000e+02
9.230000000000000000e+02
9.100000000000000000e+02
9.960000000000000000e+02
1.058000000000000000e+03
1.134000000000000000e+03
1.081000000000000000e+03
1.130000000000000000e+03
1.072000000000000000e+03
1.108000000000000000e+03
9.790000000000000000e+02
9.920000000000000000e+02
9.730000000000000000e+02
9.910000000000000000e+02
9.770000000000000000e+02
1.030000000000000000e+03
8.920000000000000000e+02
9.740000000000000000e+02
8.850000000000000000e+02
8.660000000000000000e+02
9.480000000000000000e+02
8.440000000000000000e+02
8.730000000000000000e+02
8.440000000000000000e+02
9.200000000000000000e+02
7.960000000000000000e+02
7.760000000000000000e+02
8.520000000000000000e+02
8.380000000000000000e+02
8.480000000000000000e+02
9.050000000000000000e+02
8.830000000000000000e+02
1.004000000000000000e+03
9.650000000000000000e+02
9.680000000000000000e+02
9.700000000000000000e+02
9.630000000000000000e+02
9.460000000000000000e+02
9.410000000000000000e+02
9.450000000000000000e+02
1.074000000000000000e+03
1.113000000000000000e+03
1.099000000000000000e+03
1.080000000000000000e+03
1.118000000000000000e+03
1.110000000000000000e+03
1.083000000000000000e+03
1.135000000000000000e+03
1.052000000000000000e+03
1.144000000000000000e+03
1.151000000000000000e+03
1.169000000000000000e+03
1.180000000000000000e+03
1.273000000000000000e+03
1.318000000000000000e+03
1.417000000000000000e+03
1.422000000000000000e+03
1.523000000000000000e+03
1.621000000000000000e+03
1.675000000000000000e+03
1.621000000000000000e+03
1.968000000000000000e+03
1.946000000000000000e+03
2.141000000000000000e+03
2.249000000000000000e+03
2.486000000000000000e+03
2.587000000000000000e+03
2.647000000000000000e+03
2.772000000000000000e+03
3.461000000000000000e+03
3.241000000000000000e+03
3.205000000000000000e+03
3.630000000000000000e+03
3.130000000000000000e+03
3.309000000000000000e+03
3.158000000000000000e+03
3.067000000000000000e+03
2.995000000000000000e+03
3.427000000000000000e+03
3.785000000000000000e+03
3.741000000000000000e+03
4.005000000000000000e+03
4.170000000000000000e+03
4.442000000000000000e+03
4.774000000000000000e+03
4.678000000000000000e+03
4.870000000000000000e+03
4.613000000000000000e+03
4.383000000000000000e+03
3.878000000000000000e+03
4.099000000000000000e+03
3.371000000000000000e+03
3.188000000000000000e+03
2.891000000000000000e+03
2.417000000000000000e+03
2.343000000000000000e+03
2.394000000000000000e+03
2.199000000000000000e+03
2.025000000000000000e+03
1.856000000000000000e+03
1.815000000000000000e+03
1.681000000000000000e+03
1.718000000000000000e+03
1.722000000000000000e+03
1.870000000000000000e+03
1.841000000000000000e+03
1.966000000000000000e+03
1.866000000000000000e+03
2.179000000000000000e+03
2.131000000000000000e+03
2.391000000000000000e+03
2.389000000000000000e+03
2.269000000000000000e+03
2.349000000000000000e+03
2.385000000000000000e+03
2.345000000000000000e+03
2.509000000000000000e+03
2.533000000000000000e+03
2.668000000000000000e+03
3.269000000000000000e+03
2.994000000000000000e+03
2.899000000000000000e+03
2.098000000000000000e+03
1.749000000000000000e+03
1.697000000000000000e+03
1.565000000000000000e+03
1.399000000000000000e+03
1.448000000000000000e+03
1.175000000000000000e+03
1.030000000000000000e+03
1.049000000000000000e+03
9.690000000000000000e+02
9.090000000000000000e+02
9.240000000000000000e+02
9.760000000000000000e+02
9.850000000000000000e+02
9.580000000000000000e+02
1.012000000000000000e+03
1.042000000000000000e+03
1.089000000000000000e+03
1.091000000000000000e+03
9.200000000000000000e+02
9.580000000000000000e+02
1.003000000000000000e+03
9.040000000000000000e+02
8.880000000000000000e+02
1.088000000000000000e+03
1.037000000000000000e+03
1.003000000000000000e+03
9.690000000000000000e+02
8.210000000000000000e+02
8.070000000000000000e+02
7.610000000000000000e+02
7.580000000000000000e+02
7.440000000000000000e+02
7.650000000000000000e+02
7.660000000000000000e+02
7.420000000000000000e+02
7.430000000000000000e+02
6.680000000000000000e+02
8.060000000000000000e+02
6.910000000000000000e+02
7.490000000000000000e+02
7.640000000000000000e+02
7.980000000000000000e+02
9.150000000000000000e+02
8.200000000000000000e+02
7.600000000000000000e+02
7.350000000000000000e+02
8.060000000000000000e+02
6.120000000000000000e+02
6.230000000000000000e+02
6.430000000000000000e+02
6.270000000000000000e+02
6.190000000000000000e+02
5.470000000000000000e+02
5.780000000000000000e+02
5.920000000000000000e+02
6.300000000000000000e+02
7.210000000000000000e+02
6.200000000000000000e+02
5.630000000000000000e+02
5.010000000000000000e+02
5.130000000000000000e+02
5.120000000000000000e+02
5.110000000000000000e+02
5.610000000000000000e+02
5.430000000000000000e+02
5.360000000000000000e+02
4.820000000000000000e+02
4.860000000000000000e+02
4.500000000000000000e+02
4.590000000000000000e+02
4.870000000000000000e+02
4.400000000000000000e+02
4.580000000000000000e+02
4.520000000000000000e+02
5.040000000000000000e+02
4.960000000000000000e+02
5.000000000000000000e+02
4.780000000000000000e+02
4.800000000000000000e+02
5.430000000000000000e+02
6.810000000000000000e+02
8.320000000000000000e+02
4.614000000000000000e+03
