5.519000000000000000e+03
4.410000000000000000e+02
1.089000000000000000e+03
1.523000000000000000e+03
5.050000000000000000e+02
5.559000000000000000e+03
4.457000000000000000e+03
1.083000000000000000e+03
6.614000000000000000e+03
4.473000000000000000e+03
6.975000000000000000e+03
1.219300000000000000e+04
6.686000000000000000e+03
1.664500000000000000e+04
2.518300000000000000e+04
3.138600000000000000e+04
1.882400000000000000e+04
7.107000000000000000e+03
5.643000000000000000e+03
5.164000000000000000e+03
4.372000000000000000e+03
3.146000000000000000e+03
1.430000000000000000e+03
1.043000000000000000e+03
1.629000000000000000e+03
1.066000000000000000e+03
8.620000000000000000e+02
4.800000000000000000e+01
1.100000000000000000e+02
9.100000000000000000e+01
2.201000000000000000e+03
4.700000000000000000e+01
1.820000000000000000e+02
4.700000000000000000e+01
5.130000000000000000e+02
1.000000000000000000e+03
8.690000000000000000e+02
1.100000000000000000e+02
1.720000000000000000e+02
1.560000000000000000e+02
2.520000000000000000e+02
7.300000000000000000e+01
6.130000000000000000e+02
4.200000000000000000e+02
2.500000000000000000e+01
6.000000000000000000e+01
4.800000000000000000e+01
0.000000000000000000e+00
1.090000000000000000e+02
1.600000000000000000e+01
7.420000000000000000e+02
1.630000000000000000e+02
2.600000000000000000e+01
1.000000000000000000e+00
7.000000000000000000e+00
2.570000000000000000e+02
9.200000000000000000e+01
1.200000000000000000e+01
2.000000000000000000e+00
0.000000000000000000e+00
8.600000000000000000e+01
0.000000000000000000e+00
5.000000000000000000e+00
4.200000000000000000e+01
0.000000000000000000e+00
2.900000000000000000e+01
4.360000000000000000e+02
1.000000000000000000e+00
3.000000000000000000e+00
4.000000000000000000e+00
1.780000000000000000e+02
2.000000000000000000e+00
2.000000000000000000e+00
4.700000000000000000e+01
1.700000000000000000e+01
1.048000000000000000e+03
6.000000000000000000e+00
0.000000000000000000e+00
0.000000000000000000e+00
3.600000000000000000e+01
4.930000000000000000e+02
1.000000000000000000e+00
0.000000000000000000e+00
7.140000000000000000e+02
2.800000000000000000e+01
4.100000000000000000e+01
0.000000000000000000e+00
5.300000000000000000e+02
2.800000000000000000e+01
0.000000000000000000e+00
1.389000000000000000e+03
1.000000000000000000e+00
2.530000000000000000e+02
6.220000000000000000e+02
6.000000000000000000e+00
1.176000000000000000e+04
2.089000000000000000e+03
3.800000000000000000e+01
5.955000000000000000e+03
3.220000000000000000e+02
4.310000000000000000e+02
4.867000000000000000e+03
1.372000000000000000e+03
5.126000000000000000e+03
2.387000000000000000e+03
2.561000000000000000e+03
2.228000000000000000e+03
8.680000000000000000e+02
4.580000000000000000e+02
1.095000000000000000e+03
1.493000000000000000e+03
9.780000000000000000e+02
2.780000000000000000e+02
3.530000000000000000e+02
1.076000000000000000e+03
5.230000000000000000e+02
1.360000000000000000e+02
1.000000000000000000e+00
5.000000000000000000e+00
2.000000000000000000e+00
1.863000000000000000e+03
0.000000000000000000e+00
2.100000000000000000e+01
4.000000000000000000e+00
1.320000000000000000e+02
3.860000000000000000e+02
7.040000000000000000e+02
3.000000000000000000e+00
2.800000000000000000e+01
1.700000000000000000e+01
4.800000000000000000e+01
1.000000000000000000e+00
3.480000000000000000e+02
1.480000000000000000e+02
0.000000000000000000e+00
1.300000000000000000e+01
1.100000000000000000e+01
0.000000000000000000e+00
3.500000000000000000e+01
1.000000000000000000e+00
9.040000000000000000e+02
6.600000000000000000e+01
2.200000000000000000e+01
7.000000000000000000e+00
1.300000000000000000e+01
2.010000000000000000e+02
4.500000000000000000e+01
8.000000000000000000e+00
8.000000000000000000e+00
1.000000000000000000e+00
6.100000000000000000e+01
0.000000000000000000e+00
9.000000000000000000e+00
2.300000000000000000e+01
1.000000000000000000e+00
1.300000000000000000e+01
4.090000000000000000e+02
1.800000000000000000e+01
1.700000000000000000e+01
2.800000000000000000e+01
2.020000000000000000e+02
2.100000000000000000e+01
2.000000000000000000e+01
7.800000000000000000e+01
9.000000000000000000e+01
1.991000000000000000e+03
2.100000000000000000e+01
3.700000000000000000e+01
1.200000000000000000e+01
1.070000000000000000e+02
9.680000000000000000e+02
5.500000000000000000e+01
8.300000000000000000e+01
1.107000000000000000e+03
3.390000000000000000e+02
4.840000000000000000e+02
4.030000000000000000e+02
1.742000000000000000e+03
5.530000000000000000e+02
5.990000000000000000e+02
1.351000000000000000e+03
0.000000000000000000e+00
1.400000000000000000e+01
2.940000000000000000e+02
1.144000000000000000e+03
1.517000000000000000e+03
1.008000000000000000e+03
1.113000000000000000e+03
1.136000000000000000e+03
1.184000000000000000e+03
1.384000000000000000e+03
1.617000000000000000e+03
1.605000000000000000e+03
1.840000000000000000e+03
1.681000000000000000e+03
1.588000000000000000e+03
1.596000000000000000e+03
1.667000000000000000e+03
1.709000000000000000e+03
1.704000000000000000e+03
1.823000000000000000e+03
1.947000000000000000e+03
2.002000000000000000e+03
2.623000000000000000e+03
3.492000000000000000e+03
4.070000000000000000e+03
4.118000000000000000e+03
3.364000000000000000e+03
2.956000000000000000e+03
3.014000000000000000e+03
3.012000000000000000e+03
2.909000000000000000e+03
2.585000000000000000e+03
2.322000000000000000e+03
2.298000000000000000e+03
2.213000000000000000e+03
2.203000000000000000e+03
1.327000000000000000e+03
1.672000000000000000e+03
1.360000000000000000e+03
1.472000000000000000e+03
1.415000000000000000e+03
1.333000000000000000e+03
1.370000000000000000e+03
1.261000000000000000e+03
1.270000000000000000e+03
1.410000000000000000e+03
1.349000000000000000e+03
1.368000000000000000e+03
1.322000000000000000e+03
1.277000000000000000e+03
1.283000000000000000e+03
1.191000000000000000e+03
1.353000000000000000e+03
1.257000000000000000e+03
1.290000000000000000e+03
1.264000000000000000e+03
1.367000000000000000e+03
1.394000000000000000e+03
1.230000000000000000e+03
1.302000000000000000e+03
1.467000000000000000e+03
1.436000000000000000e+03
1.482000000000000000e+03
1.475000000000000000e+03
1.384000000000000000e+03
1.252000000000000000e+03
1.269000000000000000e+03
1.189000000000000000e+03
1.050000000000000000e+03
1.243000000000000000e+03
1.108000000000000000e+03
1.081000000000000000e+03
9.790000000000000000e+02
1.012000000000000000e+03
1.014000000000000000e+03
8.670000000000000000e+02
9.500000000000000000e+02
9.510000000000000000e+02
8.720000000000000000e+02
9.890000000000000000e+02
1.033000000000000000e+03
9.230000000000000000e+02
1.001000000000000000e+03
8.300000000000000000e+02
1.011000000000000000e+03
6.710000000000000000e+02
7.350000000000000000e+02
7.430000000000000000e+02
6.390000000000000000e+02
6.960000000000000000e+02
7.030000000000000000e+02
6.280000000000000000e+02
5.930000000000000000e+02
6.370000000000000000e+02
5.730000000000000000e+02
6.470000000000000000e+02
5.260000000000000000e+02
5.830000000000000000e+02
4.850000000000000000e+02
6.180000000000000000e+02
4.960000000000000000e+02
6.010000000000000000e+02
4.130000000000000000e+02
4.980000000000000000e+02
4.400000000000000000e+02
4.810000000000000000e+02
3.990000000000000000e+02
4.310000000000000000e+02
4.500000000000000000e+02
3.430000000000000000e+02
3.780000000000000000e+02
3.980000000000000000e+02
4.060000000000000000e+02
3.350000000000000000e+02
3.420000000000000000e+02
3.550000000000000000e+02
3.430000000000000000e+02
3.940000000000000000e+02
3.180000000000000000e+02
3.390000000000000000e+02
3.400000000000000000e+02
3.260000000000000000e+02
3.550000000000000000e+02
3.600000000000000000e+02
2.950000000000000000e+02
3.440000000000000000e+02
4.230000000000000000e+02
7.950000000000000000e+02
3.810000000000000000e+02
5.560000000000000000e+02
7.080000000000000000e+02
1.011000000000000000e+03
1.160000000000000000e+03
1.426000000000000000e+03
1.730000000000000000e+03
2.023000000000000000e+03
2.145000000000000000e+03
2.198000000000000000e+03
2.047000000000000000e+03
2.076000000000000000e+03
2.130000000000000000e+03
2.294000000000000000e+03
2.447000000000000000e+03
2.085000000000000000e+03
1.717000000000000000e+03
1.993000000000000000e+03
1.889000000000000000e+03
1.961000000000000000e+03
1.947000000000000000e+03
1.951000000000000000e+03
1.772000000000000000e+03
1.640000000000000000e+03
1.939000000000000000e+03
1.536000000000000000e+03
1.486000000000000000e+03
1.560000000000000000e+03
1.587000000000000000e+03
1.657000000000000000e+03
1.793000000000000000e+03
1.651000000000000000e+03
1.607000000000000000e+03
1.628000000000000000e+03
1.468000000000000000e+03
1.461000000000000000e+03
1.520000000000000000e+03
1.537000000000000000e+03
1.359000000000000000e+03
1.574000000000000000e+03
1.398000000000000000e+03
1.754000000000000000e+03
1.285000000000000000e+03
1.408000000000000000e+03
1.288000000000000000e+03
1.304000000000000000e+03
1.290000000000000000e+03
1.080000000000000000e+03
1.248000000000000000e+03
1.171000000000000000e+03
1.052000000000000000e+03
1.024000000000000000e+03
9.480000000000000000e+02
1.015000000000000000e+03
8.520000000000000000e+02
8.520000000000000000e+02
8.860000000000000000e+02
8.800000000000000000e+02
8.740000000000000000e+02
7.830000000000000000e+02
5.290000000000000000e+02
3.320000000000000000e+02
4.440000000000000000e+02
1.380000000000000000e+02
1.200000000000000000e+02
1.470000000000000000e+02
1.410000000000000000e+02
1.350000000000000000e+02
9.600000000000000000e+01
1.640000000000000000e+02
7.000000000000000000e+01
1.950000000000000000e+02
1.540000000000000000e+02
9.300000000000000000e+01
8.700000000000000000e+01
2.660000000000000000e+02
9.400000000000000000e+01
1.250000000000000000e+02
1.400000000000000000e+02
8.700000000000000000e+01
1.510000000000000000e+02
1.270000000000000000e+02
1.130000000000000000e+02
9.000000000000000000e+01
2.710000000000000000e+02
8.600000000000000000e+01
1.180000000000000000e+02
1.720000000000000000e+02
1.330000000000000000e+02
7.500000000000000000e+01
2.900000000000000000e+02
1.250000000000000000e+02
1.750000000000000000e+02
9.600000000000000000e+01
1.850000000000000000e+02
1.120000000000000000e+02
1.700000000000000000e+02
1.180000000000000000e+02
2.050000000000000000e+02
1.520000000000000000e+02
9.800000000000000000e+01
2.600000000000000000e+02
1.300000000000000000e+02
2.590000000000000000e+02
1.390000000000000000e+02
2.180000000000000000e+02
2.540000000000000000e+02
9.000000000000000000e+01
2.090000000000000000e+02
1.550000000000000000e+02
1.720000000000000000e+02
1.900000000000000000e+02
1.210000000000000000e+02
1.770000000000000000e+02
1.110000000000000000e+02
1.220000000000000000e+02
1.010000000000000000e+02
9.000000000000000000e+01
6.700000000000000000e+01
7.100000000000000000e+01
8.100000000000000000e+01
6.900000000000000000e+01
5.700000000000000000e+01
3.600000000000000000e+01
5.300000000000000000e+01
2.400000000000000000e+01
4.160000000000000000e+03
2.400000000000000000e+01
6.800000000000000000e+01
4.200000000000000000e+01
1.070000000000000000e+02
1.530000000000000000e+02
1.420000000000000000e+02
2.040000000000000000e+02
2.830000000000000000e+02
3.690000000000000000e+02
4.610000000000000000e+02
6.130000000000000000e+02
6.920000000000000000e+02
5.990000000000000000e+02
6.770000000000000000e+02
6.650000000000000000e+02
7.100000000000000000e+02
6.660000000000000000e+02
6.710000000000000000e+02
6.670000000000000000e+02
6.080000000000000000e+02
6.260000000000000000e+02
5.760000000000000000e+02
5.910000000000000000e+02
5.620000000000000000e+02
5.130000000000000000e+02
5.530000000000000000e+02
5.830000000000000000e+02
5.840000000000000000e+02
6.870000000000000000e+02
6.150000000000000000e+02
5.730000000000000000e+02
6.250000000000000000e+02
6.660000000000000000e+02
7.230000000000000000e+02
7.640000000000000000e+02
7.590000000000000000e+02
8.400000000000000000e+02
8.060000000000000000e+02
7.930000000000000000e+02
7.660000000000000000e+02
7.300000000000000000e+02
7.110000000000000000e+02
7.120000000000000000e+02
7.570000000000000000e+02
7.160000000000000000e+02
7.350000000000000000e+02
7.690000000000000000e+02
7.590000000000000000e+02
7.820000000000000000e+02
8.410000000000000000e+02
8.350000000000000000e+02
7.870000000000000000e+02
8.520000000000000000e+02
8.600000000000000000e+02
8.340000000000000000e+02
7.790000000000000000e+02
8.120000000000000000e+02
7.880000000000000000e+02
8.180000000000000000e+02
7.950000000000000000e+02
7.720000000000000000e+02
7.280000000000000000e+02
7.560000000000000000e+02
6.520000000000000000e+02
6.600000000000000000e+02
6.580000000000000000e+02
6.740000000000000000e+02
6.150000000000000000e+02
6.400000000000000000e+02
5.720000000000000000e+02
5.790000000000000000e+02
6.160000000000000000e+02
6.350000000000000000e+02
5.880000000000000000e+02
6.290000000000000000e+02
5.340000000000000000e+02
5.980000000000000000e+02
5.940000000000000000e+02
5.900000000000000000e+02
5.760000000000000000e+02
5.870000000000000000e+02
6.250000000000000000e+02
6.210000000000000000e+02
6.390000000000000000e+02
6.730000000000000000e+02
6.700000000000000000e+02
7.280000000000000000e+02
7.430000000000000000e+02
7.980000000000000000e+02
8.220000000000000000e+02
8.490000000000000000e+02
9.150000000000000000e+02
8.900000000000000000e+02
9.920000000000000000e+02
9.910000000000000000e+02
1.078000000000000000e+03
1.105000000000000000e+03
1.147000000000000000e+03
1.175000000000000000e+03
1.208000000000000000e+03
1.258000000000000000e+03
1.238000000000000000e+03
1.302000000000000000e+03
1.400000000000000000e+03
1.432000000000000000e+03
1.501000000000000000e+03
1.590000000000000000e+03
1.617000000000000000e+03
1.675000000000000000e+03
1.668000000000000000e+03
1.770000000000000000e+03
1.813000000000000000e+03
1.831000000000000000e+03
1.861000000000000000e+03
1.807000000000000000e+03
1.840000000000000000e+03
1.821000000000000000e+03
1.832000000000000000e+03
1.933000000000000000e+03
1.924000000000000000e+03
1.862000000000000000e+03
1.879000000000000000e+03
1.926000000000000000e+03
1.931000000000000000e+03
1.867000000000000000e+03
1.836000000000000000e+03
1.868000000000000000e+03
1.947000000000000000e+03
1.786000000000000000e+03
1.747000000000000000e+03
1.677000000000000000e+03
1.529000000000000000e+03
1.591000000000000000e+03
1.374000000000000000e+03
1.254000000000000000e+03
1.112000000000000000e+03
9.670000000000000000e+02
8.750000000000000000e+02
7.640000000000000000e+02
7.330000000000000000e+02
6.980000000000000000e+02
5.930000000000000000e+02
6.200000000000000000e+02
5.890000000000000000e+02
5.370000000000000000e+02
4.810000000000000000e+02
5.350000000000000000e+02
5.390000000000000000e+02
4.890000000000000000e+02
5.020000000000000000e+02
5.100000000000000000e+02
5.140000000000000000e+02
5.190000000000000000e+02
5.810000000000000000e+02
6.030000000000000000e+02
5.880000000000000000e+02
6.400000000000000000e+02
5.370000000000000000e+02
5.520000000000000000e+02
5.920000000000000000e+02
5.780000000000000000e+02
6.260000000000000000e+02
5.470000000000000000e+02
5.340000000000000000e+02
5.750000000000000000e+02
5.730000000000000000e+02
5.600000000000000000e+02
6.200000000000000000e+02
5.650000000000000000e+02
5.820000000000000000e+02
5.580000000000000000e+02
5.520000000000000000e+02
5.910000000000000000e+02
5.320000000000000000e+02
5.320000000000000000e+02
4.670000000000000000e+02
5.350000000000000000e+02
5.480000000000000000e+02
6.350000000000000000e+02
6.000000000000000000e+02
5.940000000000000000e+02
6.080000000000000000e+02
6.010000000000000000e+02
6.300000000000000000e+02
5.540000000000000000e+02
6.080000000000000000e+02
5.680000000000000000e+02
6.320000000000000000e+02
5.540000000000000000e+02
6.190000000000000000e+02
6.340000000000000000e+02
6.460000000000000000e+02
7.160000000000000000e+02
7.560000000000000000e+02
8.100000000000000000e+02
7.990000000000000000e+02
7.830000000000000000e+02
8.100000000000000000e+02
8.380000000000000000e+02
7.360000000000000000e+02
7.760000000000000000e+02
8.520000000000000000e+02
8.400000000000000000e+02
8.620000000000000000e+02
9.750000000000000000e+02
8.730000000000000000e+02
8.100000000000000000e+02
9.050000000000000000e+02
9.740000000000000000e+02
9.960000000000000000e+02
1.105000000000000000e+03
1.073000000000000000e+03
1.013000000000000000e+03
1.013000000000000000e+03
1.085000000000000000e+03
1.190000000000000000e+03
1.261000000000000000e+03
1.416000000000000000e+03
1.356000000000000000e+03
1.317000000000000000e+03
1.360000000000000000e+03
1.403000000000000000e+03
1.387000000000000000e+03
1.517000000000000000e+03
1.448000000000000000e+03
1.521000000000000000e+03
1.589000000000000000e+03
1.567000000000000000e+03
1.483000000000000000e+03
1.384000000000000000e+03
1.340000000000000000e+03
1.363000000000000000e+03
1.418000000000000000e+03
1.325000000000000000e+03
1.271000000000000000e+03
1.270000000000000000e+03
1.328000000000000000e+03
1.451000000000000000e+03
1.343000000000000000e+03
1.315000000000000000e+03
1.355000000000000000e+03
1.454000000000000000e+03
1.520000000000000000e+03
1.339000000000000000e+03
1.493000000000000000e+03
1.499000000000000000e+03
1.549000000000000000e+03
1.610000000000000000e+03
1.482000000000000000e+03
1.583000000000000000e+03
1.923000000000000000e+03
2.038000000000000000e+03
2.981000000000000000e+03
4.570000000000000000e+03
5.222000000000000000e+03
8.784000000000000000e+03
