3.645800000000000000e+04
3.471000000000000000e+03
3.256000000000000000e+03
2.571000000000000000e+03
1.527000000000000000e+03
5.338000000000000000e+03
3.619000000000000000e+03
6.690000000000000000e+02
5.812000000000000000e+03
4.061000000000000000e+03
4.335000000000000000e+03
1.228800000000000000e+04
8.282000000000000000e+03
1.556200000000000000e+04
8.780000000000000000e+03
1.220000000000000000e+04
8.211000000000000000e+03
8.122000000000000000e+03
3.706000000000000000e+03
4.823000000000000000e+03
4.574000000000000000e+03
2.457000000000000000e+03
1.486000000000000000e+03
7.950000000000000000e+02
1.848000000000000000e+03
8.290000000000000000e+02
8.450000000000000000e+02
2.390000000000000000e+02
3.020000000000000000e+02
2.990000000000000000e+02
5.114000000000000000e+03
2.080000000000000000e+02
4.280000000000000000e+02
2.360000000000000000e+02
4.470000000000000000e+02
8.290000000000000000e+02
1.090000000000000000e+03
1.050000000000000000e+02
1.470000000000000000e+02
5.900000000000000000e+01
1.530000000000000000e+02
2.200000000000000000e+01
6.190000000000000000e+02
2.730000000000000000e+02
1.500000000000000000e+01
7.400000000000000000e+01
4.000000000000000000e+01
7.000000000000000000e+00
1.090000000000000000e+02
1.400000000000000000e+01
1.545000000000000000e+03
1.680000000000000000e+02
5.600000000000000000e+01
2.000000000000000000e+01
2.100000000000000000e+01
3.560000000000000000e+02
9.500000000000000000e+01
3.900000000000000000e+01
2.900000000000000000e+01
1.400000000000000000e+01
2.580000000000000000e+02
1.700000000000000000e+01
4.100000000000000000e+01
6.700000000000000000e+01
1.900000000000000000e+01
6.500000000000000000e+01
9.650000000000000000e+02
7.300000000000000000e+01
8.600000000000000000e+01
1.060000000000000000e+02
3.740000000000000000e+02
4.000000000000000000e+01
6.800000000000000000e+01
2.590000000000000000e+02
2.760000000000000000e+02
5.491000000000000000e+03
1.070000000000000000e+02
1.000000000000000000e+02
2.000000000000000000e+01
3.510000000000000000e+02
1.860000000000000000e+03
3.400000000000000000e+01
5.800000000000000000e+01
1.575000000000000000e+03
1.770000000000000000e+02
1.480000000000000000e+02
5.500000000000000000e+01
1.566000000000000000e+03
7.400000000000000000e+01
6.100000000000000000e+01
2.393000000000000000e+03
1.190000000000000000e+02
1.570000000000000000e+02
4.740000000000000000e+02
1.720000000000000000e+02
1.028000000000000000e+03
4.460000000000000000e+03
2.950000000000000000e+02
2.051000000000000000e+03
2.880000000000000000e+03
9.189000000000000000e+03
1.583700000000000000e+04
8.146000000000000000e+03
1.309500000000000000e+04
6.154000000000000000e+03
7.467000000000000000e+03
8.083000000000000000e+03
3.221000000000000000e+03
2.423000000000000000e+03
2.663000000000000000e+03
5.473000000000000000e+03
2.515000000000000000e+03
1.442000000000000000e+03
7.630000000000000000e+02
2.015000000000000000e+03
1.568000000000000000e+03
9.790000000000000000e+02
1.390000000000000000e+02
1.380000000000000000e+02
1.910000000000000000e+02
4.701000000000000000e+03
2.900000000000000000e+01
2.880000000000000000e+02
1.360000000000000000e+02
5.050000000000000000e+02
1.265000000000000000e+03
1.275000000000000000e+03
7.500000000000000000e+01
2.970000000000000000e+02
1.400000000000000000e+02
3.360000000000000000e+02
3.800000000000000000e+01
7.740000000000000000e+02
4.880000000000000000e+02
3.700000000000000000e+01
1.440000000000000000e+02
9.000000000000000000e+01
2.400000000000000000e+01
3.330000000000000000e+02
2.300000000000000000e+01
1.363000000000000000e+03
3.910000000000000000e+02
1.220000000000000000e+02
2.800000000000000000e+01
6.100000000000000000e+01
6.000000000000000000e+02
2.490000000000000000e+02
6.600000000000000000e+01
3.700000000000000000e+01
1.000000000000000000e+01
8.670000000000000000e+02
1.000000000000000000e+01
4.200000000000000000e+01
1.350000000000000000e+02
1.500000000000000000e+01
8.300000000000000000e+01
9.760000000000000000e+02
9.300000000000000000e+01
1.110000000000000000e+02
1.390000000000000000e+02
5.780000000000000000e+02
8.100000000000000000e+01
8.400000000000000000e+01
4.430000000000000000e+02
3.980000000000000000e+02
2.814000000000000000e+03
2.480000000000000000e+02
2.790000000000000000e+02
3.260000000000000000e+02
6.480000000000000000e+02
2.818000000000000000e+03
1.854000000000000000e+03
2.907000000000000000e+03
4.805000000000000000e+03
4.044000000000000000e+03
5.675000000000000000e+03
9.496000000000000000e+03
1.465800000000000000e+04
1.082300000000000000e+04
5.607000000000000000e+03
2.979300000000000000e+04
4.510000000000000000e+02
2.618000000000000000e+03
1.963000000000000000e+03
1.204000000000000000e+03
2.351000000000000000e+03
2.130000000000000000e+03
2.515000000000000000e+03
3.005000000000000000e+03
3.676000000000000000e+03
3.213000000000000000e+03
4.586000000000000000e+03
3.921000000000000000e+03
3.405000000000000000e+03
5.880000000000000000e+03
3.852000000000000000e+03
6.826000000000000000e+03
4.886000000000000000e+03
5.176000000000000000e+03
4.348000000000000000e+03
4.365000000000000000e+03
4.189000000000000000e+03
3.698000000000000000e+03
4.162000000000000000e+03
3.674000000000000000e+03
3.519000000000000000e+03
4.329000000000000000e+03
3.895000000000000000e+03
4.280000000000000000e+03
3.585000000000000000e+03
4.158000000000000000e+03
4.520000000000000000e+03
4.026000000000000000e+03
4.582000000000000000e+03
4.619000000000000000e+03
4.136000000000000000e+03
4.869000000000000000e+03
3.689000000000000000e+03
4.756000000000000000e+03
4.094000000000000000e+03
4.699000000000000000e+03
3.897000000000000000e+03
3.111000000000000000e+03
3.543000000000000000e+03
3.295000000000000000e+03
3.187000000000000000e+03
2.872000000000000000e+03
2.929000000000000000e+03
2.848000000000000000e+03
2.616000000000000000e+03
2.554000000000000000e+03
2.471000000000000000e+03
2.066000000000000000e+03
2.437000000000000000e+03
1.832000000000000000e+03
2.016000000000000000e+03
1.644000000000000000e+03
1.674000000000000000e+03
1.587000000000000000e+03
1.530000000000000000e+03
1.383000000000000000e+03
1.505000000000000000e+03
1.317000000000000000e+03
1.115000000000000000e+03
1.444000000000000000e+03
1.335000000000000000e+03
1.146000000000000000e+03
1.263000000000000000e+03
1.222000000000000000e+03
1.107000000000000000e+03
1.325000000000000000e+03
1.389000000000000000e+03
1.329000000000000000e+03
1.220000000000000000e+03
1.274000000000000000e+03
1.183000000000000000e+03
1.021000000000000000e+03
1.222000000000000000e+03
1.154000000000000000e+03
9.640000000000000000e+02
1.045000000000000000e+03
1.072000000000000000e+03
1.067000000000000000e+03
1.026000000000000000e+03
9.420000000000000000e+02
1.347000000000000000e+03
9.550000000000000000e+02
9.840000000000000000e+02
1.090000000000000000e+03
1.086000000000000000e+03
1.029000000000000000e+03
1.020000000000000000e+03
9.690000000000000000e+02
9.050000000000000000e+02
1.077000000000000000e+03
9.100000000000000000e+02
1.030000000000000000e+03
1.019000000000000000e+03
9.790000000000000000e+02
9.130000000000000000e+02
1.018000000000000000e+03
9.720000000000000000e+02
8.920000000000000000e+02
1.011000000000000000e+03
9.500000000000000000e+02
9.800000000000000000e+02
9.580000000000000000e+02
9.740000000000000000e+02
9.530000000000000000e+02
1.090000000000000000e+03
9.770000000000000000e+02
1.077000000000000000e+03
1.058000000000000000e+03
1.213000000000000000e+03
1.107000000000000000e+03
1.098000000000000000e+03
1.262000000000000000e+03
1.160000000000000000e+03
1.130000000000000000e+03
1.174000000000000000e+03
1.327000000000000000e+03
1.110000000000000000e+03
1.302000000000000000e+03
1.245000000000000000e+03
1.092000000000000000e+03
1.462000000000000000e+03
1.214000000000000000e+03
1.049000000000000000e+03
1.525000000000000000e+03
1.233000000000000000e+03
1.424000000000000000e+03
1.266000000000000000e+03
1.380000000000000000e+03
1.411000000000000000e+03
1.514000000000000000e+03
1.453000000000000000e+03
1.501000000000000000e+03
1.498000000000000000e+03
1.574000000000000000e+03
1.493000000000000000e+03
1.534000000000000000e+03
1.519000000000000000e+03
1.364000000000000000e+03
1.379000000000000000e+03
1.366000000000000000e+03
1.348000000000000000e+03
1.335000000000000000e+03
1.210000000000000000e+03
1.302000000000000000e+03
1.260000000000000000e+03
1.083000000000000000e+03
1.077000000000000000e+03
9.910000000000000000e+02
1.067000000000000000e+03
9.360000000000000000e+02
8.100000000000000000e+02
9.370000000000000000e+02
8.170000000000000000e+02
7.510000000000000000e+02
8.690000000000000000e+02
7.070000000000000000e+02
7.300000000000000000e+02
8.820000000000000000e+02
5.980000000000000000e+02
7.310000000000000000e+02
7.950000000000000000e+02
6.280000000000000000e+02
6.800000000000000000e+02
7.630000000000000000e+02
8.820000000000000000e+02
6.220000000000000000e+02
8.320000000000000000e+02
6.850000000000000000e+02
8.030000000000000000e+02
8.130000000000000000e+02
6.600000000000000000e+02
6.750000000000000000e+02
6.740000000000000000e+02
6.710000000000000000e+02
6.230000000000000000e+02
7.130000000000000000e+02
6.030000000000000000e+02
5.750000000000000000e+02
6.320000000000000000e+02
6.410000000000000000e+02
6.500000000000000000e+02
6.100000000000000000e+02
5.940000000000000000e+02
6.360000000000000000e+02
6.350000000000000000e+02
6.820000000000000000e+02
6.580000000000000000e+02
7.790000000000000000e+02
6.660000000000000000e+02
8.090000000000000000e+02
7.300000000000000000e+02
7.830000000000000000e+02
1.020000000000000000e+03
9.020000000000000000e+02
8.540000000000000000e+02
7.630000000000000000e+02
6.730000000000000000e+02
6.230000000000000000e+02
5.480000000000000000e+02
4.570000000000000000e+02
5.250000000000000000e+02
3.930000000000000000e+02
3.520000000000000000e+02
3.190000000000000000e+02
2.940000000000000000e+02
2.440000000000000000e+02
1.890000000000000000e+02
1.880000000000000000e+02
2.120000000000000000e+02
1.510000000000000000e+02
1.310000000000000000e+02
1.390000000000000000e+02
9.100000000000000000e+01
6.500000000000000000e+01
5.700000000000000000e+01
4.900000000000000000e+01
2.800000000000000000e+01
3.900000000000000000e+01
2.900000000000000000e+01
2.800000000000000000e+01
3.000000000000000000e+01
1.000000000000000000e+01
3.400000000000000000e+01
1.800000000000000000e+01
1.600000000000000000e+01
1.600000000000000000e+01
1.200000000000000000e+01
1.400000000000000000e+01
7.000000000000000000e+00
1.900000000000000000e+01
9.000000000000000000e+00
1.000000000000000000e+01
1.000000000000000000e+01
6.000000000000000000e+00
6.000000000000000000e+00
6.000000000000000000e+00
6.000000000000000000e+00
4.000000000000000000e+00
2.000000000000000000e+00
2.000000000000000000e+00
7.000000000000000000e+00
4.000000000000000000e+00
6.000000000000000000e+00
1.000000000000000000e+00
1.000000000000000000e+00
1.000000000000000000e+00
2.000000000000000000e+00
1.000000000000000000e+00
2.000000000000000000e+00
1.000000000000000000e+00
3.070000000000000000e+02
3.100000000000000000e+01
5.000000000000000000e+01
4.800000000000000000e+01
6.000000000000000000e+01
8.400000000000000000e+01
8.100000000000000000e+01
8.600000000000000000e+01
9.400000000000000000e+01
1.160000000000000000e+02
9.300000000000000000e+01
1.190000000000000000e+02
1.270000000000000000e+02
1.180000000000000000e+02
1.380000000000000000e+02
1.390000000000000000e+02
1.660000000000000000e+02
1.980000000000000000e+02
1.980000000000000000e+02
2.450000000000000000e+02
2.570000000000000000e+02
2.970000000000000000e+02
4.180000000000000000e+02
4.430000000000000000e+02
5.380000000000000000e+02
7.460000000000000000e+02
1.010000000000000000e+03
2.218000000000000000e+03
1.572800000000000000e+04
3.353000000000000000e+03
2.852000000000000000e+03
2.562000000000000000e+03
2.315000000000000000e+03
2.303000000000000000e+03
2.095000000000000000e+03
1.966000000000000000e+03
1.727000000000000000e+03
1.471000000000000000e+03
1.441000000000000000e+03
1.334000000000000000e+03
1.363000000000000000e+03
1.366000000000000000e+03
1.330000000000000000e+03
1.185000000000000000e+03
1.179000000000000000e+03
1.177000000000000000e+03
1.109000000000000000e+03
1.053000000000000000e+03
1.011000000000000000e+03
1.054000000000000000e+03
1.050000000000000000e+03
1.126000000000000000e+03
1.106000000000000000e+03
1.054000000000000000e+03
1.119000000000000000e+03
1.138000000000000000e+03
1.115000000000000000e+03
1.095000000000000000e+03
1.137000000000000000e+03
1.094000000000000000e+03
1.156000000000000000e+03
1.138000000000000000e+03
1.136000000000000000e+03
1.093000000000000000e+03
1.085000000000000000e+03
1.093000000000000000e+03
1.154000000000000000e+03
1.164000000000000000e+03
1.158000000000000000e+03
1.214000000000000000e+03
1.219000000000000000e+03
1.124000000000000000e+03
1.111000000000000000e+03
1.063000000000000000e+03
1.046000000000000000e+03
1.070000000000000000e+03
1.004000000000000000e+03
9.330000000000000000e+02
9.180000000000000000e+02
9.580000000000000000e+02
8.940000000000000000e+02
9.060000000000000000e+02
9.050000000000000000e+02
9.200000000000000000e+02
9.680000000000000000e+02
9.260000000000000000e+02
9.230000000000000000e+02
9.570000000000000000e+02
9.300000000000000000e+02
9.780000000000000000e+02
9.470000000000000000e+02
8.820000000000000000e+02
8.800000000000000000e+02
9.090000000000000000e+02
8.980000000000000000e+02
8.660000000000000000e+02
8.220000000000000000e+02
9.120000000000000000e+02
9.290000000000000000e+02
8.980000000000000000e+02
8.760000000000000000e+02
9.350000000000000000e+02
9.440000000000000000e+02
9.490000000000000000e+02
8.840000000000000000e+02
9.230000000000000000e+02
8.480000000000000000e+02
8.240000000000000000e+02
9.240000000000000000e+02
9.040000000000000000e+02
8.740000000000000000e+02
8.450000000000000000e+02
9.140000000000000000e+02
9.100000000000000000e+02
9.110000000000000000e+02
9.350000000000000000e+02
9.070000000000000000e+02
9.310000000000000000e+02
9.440000000000000000e+02
9.520000000000000000e+02
9.670000000000000000e+02
1.012000000000000000e+03
1.034000000000000000e+03
9.670000000000000000e+02
9.700000000000000000e+02
1.093000000000000000e+03
1.043000000000000000e+03
1.082000000000000000e+03
1.052000000000000000e+03
1.057000000000000000e+03
1.181000000000000000e+03
1.127000000000000000e+03
1.186000000000000000e+03
1.128000000000000000e+03
1.220000000000000000e+03
1.235000000000000000e+03
1.341000000000000000e+03
1.340000000000000000e+03
1.299000000000000000e+03
1.329000000000000000e+03
1.332000000000000000e+03
1.326000000000000000e+03
1.308000000000000000e+03
1.348000000000000000e+03
1.382000000000000000e+03
1.316000000000000000e+03
1.344000000000000000e+03
1.458000000000000000e+03
1.469000000000000000e+03
1.535000000000000000e+03
1.445000000000000000e+03
1.499000000000000000e+03
1.485000000000000000e+03
1.570000000000000000e+03
1.522000000000000000e+03
1.642000000000000000e+03
1.556000000000000000e+03
1.660000000000000000e+03
1.730000000000000000e+03
1.718000000000000000e+03
1.713000000000000000e+03
1.772000000000000000e+03
1.941000000000000000e+03
1.810000000000000000e+03
1.795000000000000000e+03
1.852000000000000000e+03
1.909000000000000000e+03
1.961000000000000000e+03
1.999000000000000000e+03
1.951000000000000000e+03
2.007000000000000000e+03
2.084000000000000000e+03
2.059000000000000000e+03
2.137000000000000000e+03
2.030000000000000000e+03
2.073000000000000000e+03
2.035000000000000000e+03
2.090000000000000000e+03
2.047000000000000000e+03
2.017000000000000000e+03
1.917000000000000000e+03
1.932000000000000000e+03
1.832000000000000000e+03
1.903000000000000000e+03
1.834000000000000000e+03
1.923000000000000000e+03
1.900000000000000000e+03
1.766000000000000000e+03
1.838000000000000000e+03
1.825000000000000000e+03
1.859000000000000000e+03
1.878000000000000000e+03
1.712000000000000000e+03
1.784000000000000000e+03
1.849000000000000000e+03
1.774000000000000000e+03
1.813000000000000000e+03
1.771000000000000000e+03
1.811000000000000000e+03
1.711000000000000000e+03
1.703000000000000000e+03
1.647000000000000000e+03
1.705000000000000000e+03
1.726000000000000000e+03
1.684000000000000000e+03
1.728000000000000000e+03
1.785000000000000000e+03
1.854000000000000000e+03
2.085000000000000000e+03
2.077000000000000000e+03
2.004000000000000000e+03
1.883000000000000000e+03
1.922000000000000000e+03
2.023000000000000000e+03
2.011000000000000000e+03
2.044000000000000000e+03
2.053000000000000000e+03
2.106000000000000000e+03
2.001000000000000000e+03
1.975000000000000000e+03
2.079000000000000000e+03
2.326000000000000000e+03
2.297000000000000000e+03
2.167000000000000000e+03
1.978000000000000000e+03
1.895000000000000000e+03
2.160000000000000000e+03
2.126000000000000000e+03
2.137000000000000000e+03
2.101000000000000000e+03
2.013000000000000000e+03
2.056000000000000000e+03
2.203000000000000000e+03
2.297000000000000000e+03
2.491000000000000000e+03
2.489000000000000000e+03
2.597000000000000000e+03
2.714000000000000000e+03
2.761000000000000000e+03
2.839000000000000000e+03
2.843000000000000000e+03
3.265000000000000000e+03
3.101000000000000000e+03
3.009000000000000000e+03
2.803000000000000000e+03
2.608000000000000000e+03
2.774000000000000000e+03
2.553000000000000000e+03
1.846000000000000000e+03
1.827000000000000000e+03
1.704000000000000000e+03
1.710000000000000000e+03
1.691000000000000000e+03
1.714000000000000000e+03
1.670000000000000000e+03
1.796000000000000000e+03
6.775000000000000000e+03
