2.979000000000000000e+03
0.000000000000000000e+00
0.000000000000000000e+00
0.000000000000000000e+00
0.000000000000000000e+00
0.000000000000000000e+00
0.000000000000000000e+00
0.000000000000000000e+00
1.395000000000000000e+03
1.665000000000000000e+03
0.000000000000000000e+00
4.010000000000000000e+02
3.930000000000000000e+02
2.702000000000000000e+03
1.935000000000000000e+03
1.657000000000000000e+03
2.912000000000000000e+03
0.000000000000000000e+00
9.450000000000000000e+02
1.254000000000000000e+03
3.378000000000000000e+03
0.000000000000000000e+00
0.000000000000000000e+00
0.000000000000000000e+00
1.476000000000000000e+03
1.092500000000000000e+04
4.268000000000000000e+03
4.672000000000000000e+03
2.108000000000000000e+03
1.674000000000000000e+03
5.181000000000000000e+03
2.490000000000000000e+02
0.000000000000000000e+00
2.150000000000000000e+02
1.660000000000000000e+02
0.000000000000000000e+00
0.000000000000000000e+00
0.000000000000000000e+00
0.000000000000000000e+00
0.000000000000000000e+00
0.000000000000000000e+00
0.000000000000000000e+00
0.000000000000000000e+00
0.000000000000000000e+00
0.000000000000000000e+00
0.000000000000000000e+00
0.000000000000000000e+00
0.000000000000000000e+00
0.000000000000000000e+00
0.000000000000000000e+00
0.000000000000000000e+00
0.000000000000000000e+00
0.000000000000000000e+00
0.000000000000000000e+00
0.000000000000000000e+00
0.000000000000000000e+00
0.000000000000000000e+00
0.000000000000000000e+00
0.000000000000000000e+00
0.000000000000000000e+00
4.808000000000000000e+03
7.390000000000000000e+02
3.502000000000000000e+03
0.000000000000000000e+00
0.000000000000000000e+00
0.000000000000000000e+00
0.000000000000000000e+00
0.000000000000000000e+00
2.430000000000000000e+02
0.000000000000000000e+00
0.000000000000000000e+00
0.000000000000000000e+00
0.000000000000000000e+00
0.000000000000000000e+00
0.000000000000000000e+00
0.000000000000000000e+00
0.000000000000000000e+00
0.000000000000000000e+00
0.000000000000000000e+00
0.000000000000000000e+00
0.000000000000000000e+00
0.000000000000000000e+00
0.000000000000000000e+00
0.000000000000000000e+00
0.000000000000000000e+00
0.000000000000000000e+00
4.160000000000000000e+02
0.000000000000000000e+00
4.410000000000000000e+02
4.920000000000000000e+02
9.446000000000000000e+03
0.000000000000000000e+00
5.160000000000000000e+02
3.150000000000000000e+02
0.000000000000000000e+00
1.598000000000000000e+03
0.000000000000000000e+00
0.000000000000000000e+00
0.000000000000000000e+00
3.570000000000000000e+03
2.845000000000000000e+03
7.620000000000000000e+03
1.179000000000000000e+03
3.241000000000000000e+03
1.071000000000000000e+03
3.654100000000000000e+04
4.962000000000000000e+03
1.536300000000000000e+04
4.157400000000000000e+04
6.471000000000000000e+03
3.113900000000000000e+04
6.006000000000000000e+03
0.000000000000000000e+00
2.687800000000000000e+04
9.270000000000000000e+03
4.819000000000000000e+03
0.000000000000000000e+00
0.000000000000000000e+00
4.210000000000000000e+02
2.540000000000000000e+02
5.946000000000000000e+03
6.970000000000000000e+03
1.395000000000000000e+03
0.000000000000000000e+00
2.896000000000000000e+03
0.000000000000000000e+00
1.025000000000000000e+03
3.022000000000000000e+03
0.000000000000000000e+00
0.000000000000000000e+00
0.000000000000000000e+00
3.550000000000000000e+02
7.670000000000000000e+02
0.000000000000000000e+00
0.000000000000000000e+00
0.000000000000000000e+00
0.000000000000000000e+00
0.000000000000000000e+00
0.000000000000000000e+00
0.000000000000000000e+00
2.546000000000000000e+03
2.048000000000000000e+03
1.959000000000000000e+03
3.210000000000000000e+02
0.000000000000000000e+00
0.000000000000000000e+00
0.000000000000000000e+00
0.000000000000000000e+00
0.000000000000000000e+00
0.000000000000000000e+00
6.594000000000000000e+03
0.000000000000000000e+00
6.370000000000000000e+02
0.000000000000000000e+00
0.000000000000000000e+00
0.000000000000000000e+00
0.000000000000000000e+00
5.650000000000000000e+02
4.159000000000000000e+03
1.502000000000000000e+03
2.874000000000000000e+03
0.000000000000000000e+00
0.000000000000000000e+00
0.000000000000000000e+00
0.000000000000000000e+00
0.000000000000000000e+00
0.000000000000000000e+00
0.000000000000000000e+00
0.000000000000000000e+00
3.000000000000000000e+02
6.530000000000000000e+02
7.310000000000000000e+02
0.000000000000000000e+00
0.000000000000000000e+00
2.100000000000000000e+02
1.323000000000000000e+03
1.635000000000000000e+03
1.273000000000000000e+03
1.366000000000000000e+03
0.000000000000000000e+00
2.979000000000000000e+03
1.213300000000000000e+04
5.395000000000000000e+03
1.681000000000000000e+04
2.090300000000000000e+04
1.868600000000000000e+04
2.515200000000000000e+04
1.191000000000000000e+03
1.285300000000000000e+04
4.944000000000000000e+03
9.383000000000000000e+03
5.012000000000000000e+03
1.974000000000000000e+03
7.143000000000000000e+03
5.630000000000000000e+03
7.205000000000000000e+03
4.393000000000000000e+03
1.892000000000000000e+03
3.665000000000000000e+03
2.468000000000000000e+03
1.769000000000000000e+03
0.000000000000000000e+00
4.714000000000000000e+03
9.222000000000000000e+03
3.161000000000000000e+03
1.716000000000000000e+03
6.007000000000000000e+03
4.571000000000000000e+03
9.614000000000000000e+03
0.000000000000000000e+00
7.305000000000000000e+03
2.835000000000000000e+03
4.047000000000000000e+03
3.415000000000000000e+03
6.761000000000000000e+03
5.416000000000000000e+03
6.083000000000000000e+03
0.000000000000000000e+00
4.540000000000000000e+03
1.145800000000000000e+04
1.614000000000000000e+03
2.583000000000000000e+03
1.917000000000000000e+03
6.535000000000000000e+03
1.395000000000000000e+03
1.361000000000000000e+03
0.000000000000000000e+00
0.000000000000000000e+00
1.794000000000000000e+03
0.000000000000000000e+00
0.000000000000000000e+00
8.820000000000000000e+02
2.710000000000000000e+02
4.710000000000000000e+02
1.360000000000000000e+02
6.280000000000000000e+02
1.189000000000000000e+03
0.000000000000000000e+00
3.440000000000000000e+02
1.219000000000000000e+03
0.000000000000000000e+00
0.000000000000000000e+00
2.274000000000000000e+03
0.000000000000000000e+00
3.173000000000000000e+03
2.928000000000000000e+03
7.710000000000000000e+02
7.900000000000000000e+01
8.260000000000000000e+02
3.170000000000000000e+02
5.650000000000000000e+02
1.698000000000000000e+03
1.143000000000000000e+03
0.000000000000000000e+00
0.000000000000000000e+00
6.550000000000000000e+02
1.031000000000000000e+03
0.000000000000000000e+00
9.470000000000000000e+02
4.160000000000000000e+02
0.000000000000000000e+00
0.000000000000000000e+00
0.000000000000000000e+00
1.118000000000000000e+03
1.191000000000000000e+03
6.551000000000000000e+03
0.000000000000000000e+00
9.000000000000000000e+02
1.230000000000000000e+03
4.126000000000000000e+03
3.240000000000000000e+02
3.920000000000000000e+02
0.000000000000000000e+00
0.000000000000000000e+00
3.210000000000000000e+02
1.007000000000000000e+03
9.160000000000000000e+02
0.000000000000000000e+00
7.140000000000000000e+02
4.790000000000000000e+02
0.000000000000000000e+00
0.000000000000000000e+00
0.000000000000000000e+00
2.890000000000000000e+02
0.000000000000000000e+00
0.000000000000000000e+00
0.000000000000000000e+00
0.000000000000000000e+00
2.240000000000000000e+02
7.120000000000000000e+02
3.550000000000000000e+02
6.910000000000000000e+02
0.000000000000000000e+00
0.000000000000000000e+00
0.000000000000000000e+00
0.000000000000000000e+00
0.000000000000000000e+00
0.000000000000000000e+00
0.000000000000000000e+00
5.510000000000000000e+02
0.000000000000000000e+00
0.000000000000000000e+00
0.000000000000000000e+00
1.460000000000000000e+02
1.920000000000000000e+02
0.000000000000000000e+00
3.260000000000000000e+02
0.000000000000000000e+00
0.000000000000000000e+00
0.000000000000000000e+00
0.000000000000000000e+00
2.200000000000000000e+02
0.000000000000000000e+00
5.540000000000000000e+02
0.000000000000000000e+00
8.000000000000000000e+01
0.000000000000000000e+00
2.970000000000000000e+02
0.000000000000000000e+00
0.000000000000000000e+00
0.000000000000000000e+00
8.080000000000000000e+02
2.140000000000000000e+02
2.540000000000000000e+02
0.000000000000000000e+00
6.200000000000000000e+02
0.000000000000000000e+00
0.000000000000000000e+00
2.810000000000000000e+02
0.000000000000000000e+00
0.000000000000000000e+00
0.000000000000000000e+00
0.000000000000000000e+00
1.310000000000000000e+02
2.580000000000000000e+02
0.000000000000000000e+00
0.000000000000000000e+00
0.000000000000000000e+00
0.000000000000000000e+00
0.000000000000000000e+00
0.000000000000000000e+00
3.000000000000000000e+02
0.000000000000000000e+00
0.000000000000000000e+00
0.000000000000000000e+00
0.000000000000000000e+00
0.000000000000000000e+00
0.000000000000000000e+00
0.000000000000000000e+00
0.000000000000000000e+00
0.000000000000000000e+00
2.590000000000000000e+02
0.000000000000000000e+00
0.000000000000000000e+00
0.000000000000000000e+00
0.000000000000000000e+00
0.000000000000000000e+00
0.000000000000000000e+00
0.000000000000000000e+00
0.000000000000000000e+00
0.000000000000000000e+00
0.000000000000000000e+00
0.000000000000000000e+00
0.000000000000000000e+00
0.000000000000000000e+00
0.000000000000000000e+00
0.000000000000000000e+00
0.000000000000000000e+00
0.000000000000000000e+00
0.000000000000000000e+00
0.000000000000000000e+00
0.000000000000000000e+00
0.000000000000000000e+00
0.000000000000000000e+00
0.000000000000000000e+00
0.000000000000000000e+00
0.000000000000000000e+00
7.750000000000000000e+02
0.000000000000000000e+00
0.000000000000000000e+00
0.000000000000000000e+00
0.000000000000000000e+00
0.000000000000000000e+00
3.720000000000000000e+02
0.000000000000000000e+00
0.000000000000000000e+00
0.000000000000000000e+00
0.000000000000000000e+00
3.920000000000000000e+02
0.000000000000000000e+00
0.000000000000000000e+00
0.000000000000000000e+00
0.000000000000000000e+00
0.000000000000000000e+00
0.000000000000000000e+00
0.000000000000000000e+00
0.000000000000000000e+00
0.000000000000000000e+00
0.000000000000000000e+00
0.000000000000000000e+00
0.000000000000000000e+00
7.700000000000000000e+02
0.000000000000000000e+00
0.000000000000000000e+00
0.000000000000000000e+00
0.000000000000000000e+00
0.000000000000000000e+00
0.000000000000000000e+00
0.000000000000000000e+00
0.000000000000000000e+00
0.000000000000000000e+00
0.000000000000000000e+00
0.000000000000000000e+00
0.000000000000000000e+00
0.000000000000000000e+00
0.000000000000000000e+00
0.000000000000000000e+00
0.000000000000000000e+00
0.000000000000000000e+00
0.000000000000000000e+00
0.000000000000000000e+00
0.000000000000000000e+00
0.000000000000000000e+00
0.000000000000000000e+00
0.000000000000000000e+00
0.000000000000000000e+00
0.000000000000000000e+00
0.000000000000000000e+00
4.150000000000000000e+02
0.000000000000000000e+00
0.000000000000000000e+00
0.000000000000000000e+00
0.000000000000000000e+00
0.000000000000000000e+00
0.000000000000000000e+00
0.000000000000000000e+00
0.000000000000000000e+00
0.000000000000000000e+00
0.000000000000000000e+00
4.489000000000000000e+03
0.000000000000000000e+00
0.000000000000000000e+00
6.535000000000000000e+03
0.000000000000000000e+00
0.000000000000000000e+00
5.121000000000000000e+03
0.000000000000000000e+00
0.000000000000000000e+00
0.000000000000000000e+00
3.906000000000000000e+03
0.000000000000000000e+00
0.000000000000000000e+00
0.000000000000000000e+00
3.331000000000000000e+03
0.000000000000000000e+00
0.000000000000000000e+00
0.000000000000000000e+00
2.506000000000000000e+03
7.750000000000000000e+02
1.395000000000000000e+03
0.000000000000000000e+00
0.000000000000000000e+00
2.897000000000000000e+03
2.979000000000000000e+03
0.000000000000000000e+00
0.000000000000000000e+00
0.000000000000000000e+00
0.000000000000000000e+00
0.000000000000000000e+00
2.765000000000000000e+03
0.000000000000000000e+00
0.000000000000000000e+00
0.000000000000000000e+00
1.665000000000000000e+03
3.681000000000000000e+03
0.000000000000000000e+00
0.000000000000000000e+00
0.000000000000000000e+00
2.887000000000000000e+03
1.319000000000000000e+03
0.000000000000000000e+00
0.000000000000000000e+00
0.000000000000000000e+00
2.664000000000000000e+03
0.000000000000000000e+00
0.000000000000000000e+00
0.000000000000000000e+00
3.693000000000000000e+03
0.000000000000000000e+00
0.000000000000000000e+00
0.000000000000000000e+00
2.288000000000000000e+03
4.850000000000000000e+02
0.000000000000000000e+00
0.000000000000000000e+00
3.528000000000000000e+03
0.000000000000000000e+00
2.590000000000000000e+02
0.000000000000000000e+00
0.000000000000000000e+00
2.258000000000000000e+03
0.000000000000000000e+00
1.326000000000000000e+03
2.150000000000000000e+02
1.917000000000000000e+03
0.000000000000000000e+00
0.000000000000000000e+00
0.000000000000000000e+00
0.000000000000000000e+00
3.297000000000000000e+03
0.000000000000000000e+00
0.000000000000000000e+00
1.959000000000000000e+03
0.000000000000000000e+00
1.471000000000000000e+03
2.810000000000000000e+02
0.000000000000000000e+00
1.415000000000000000e+03
2.540000000000000000e+02
0.000000000000000000e+00
9.450000000000000000e+02
1.084000000000000000e+03
0.000000000000000000e+00
1.805000000000000000e+03
0.000000000000000000e+00
3.720000000000000000e+02
0.000000000000000000e+00
0.000000000000000000e+00
7.520000000000000000e+02
1.426000000000000000e+03
1.179000000000000000e+03
0.000000000000000000e+00
0.000000000000000000e+00
0.000000000000000000e+00
2.580000000000000000e+02
0.000000000000000000e+00
1.274000000000000000e+03
2.830000000000000000e+02
1.071000000000000000e+03
5.980000000000000000e+02
3.550000000000000000e+02
0.000000000000000000e+00
0.000000000000000000e+00
0.000000000000000000e+00
2.463000000000000000e+03
0.000000000000000000e+00
0.000000000000000000e+00
5.850000000000000000e+02
0.000000000000000000e+00
0.000000000000000000e+00
0.000000000000000000e+00
1.481000000000000000e+03
1.540000000000000000e+03
0.000000000000000000e+00
2.110000000000000000e+02
1.459000000000000000e+03
0.000000000000000000e+00
0.000000000000000000e+00
1.245000000000000000e+03
0.000000000000000000e+00
1.163000000000000000e+03
4.840000000000000000e+02
0.000000000000000000e+00
0.000000000000000000e+00
0.000000000000000000e+00
1.202000000000000000e+03
3.260000000000000000e+02
1.123000000000000000e+03
0.000000000000000000e+00
0.000000000000000000e+00
8.500000000000000000e+02
9.620000000000000000e+02
3.230000000000000000e+02
0.000000000000000000e+00
4.150000000000000000e+02
1.742000000000000000e+03
0.000000000000000000e+00
3.930000000000000000e+02
1.178000000000000000e+03
0.000000000000000000e+00
0.000000000000000000e+00
1.090000000000000000e+03
1.176000000000000000e+03
0.000000000000000000e+00
5.990000000000000000e+02
7.560000000000000000e+02
0.000000000000000000e+00
7.360000000000000000e+02
1.172000000000000000e+03
1.249000000000000000e+03
0.000000000000000000e+00
7.850000000000000000e+02
4.590000000000000000e+02
2.770000000000000000e+02
1.194000000000000000e+03
9.030000000000000000e+02
8.000000000000000000e+01
7.160000000000000000e+02
0.000000000000000000e+00
1.974000000000000000e+03
1.219000000000000000e+03
5.690000000000000000e+02
9.930000000000000000e+02
1.691000000000000000e+03
7.210000000000000000e+02
9.200000000000000000e+02
9.430000000000000000e+02
1.062000000000000000e+03
2.169000000000000000e+03
1.756000000000000000e+03
1.019000000000000000e+03
1.011000000000000000e+03
1.188000000000000000e+03
2.515000000000000000e+03
6.990000000000000000e+02
0.000000000000000000e+00
1.923000000000000000e+03
0.000000000000000000e+00
2.134000000000000000e+03
1.646000000000000000e+03
0.000000000000000000e+00
3.039000000000000000e+03
1.818000000000000000e+03
3.096000000000000000e+03
6.720000000000000000e+02
0.000000000000000000e+00
3.917000000000000000e+03
0.000000000000000000e+00
2.089000000000000000e+03
1.632000000000000000e+03
2.548000000000000000e+03
4.110000000000000000e+02
6.920000000000000000e+02
1.493000000000000000e+03
3.575000000000000000e+03
0.000000000000000000e+00
5.159000000000000000e+03
6.280000000000000000e+02
1.420000000000000000e+03
1.898000000000000000e+03
2.207000000000000000e+03
2.658000000000000000e+03
1.695000000000000000e+03
5.001000000000000000e+03
3.230000000000000000e+02
2.744000000000000000e+03
2.613000000000000000e+03
3.170000000000000000e+02
2.573000000000000000e+03
3.546000000000000000e+03
4.418000000000000000e+03
0.000000000000000000e+00
3.390000000000000000e+02
4.953000000000000000e+03
2.599000000000000000e+03
0.000000000000000000e+00
3.221000000000000000e+03
1.373000000000000000e+03
1.332000000000000000e+03
6.350000000000000000e+03
1.330000000000000000e+02
2.655000000000000000e+03
1.412000000000000000e+03
5.116000000000000000e+03
9.000000000000000000e+02
5.532000000000000000e+03
1.575000000000000000e+03
3.494000000000000000e+03
5.675000000000000000e+03
2.312000000000000000e+03
3.989000000000000000e+03
4.421000000000000000e+03
8.986000000000000000e+03
2.490000000000000000e+02
5.750000000000000000e+03
5.298000000000000000e+03
6.002000000000000000e+03
7.687000000000000000e+03
2.332000000000000000e+03
6.367000000000000000e+03
4.080000000000000000e+03
1.878000000000000000e+03
1.158000000000000000e+03
7.787000000000000000e+03
4.440000000000000000e+02
1.230000000000000000e+03
3.716000000000000000e+03
3.590000000000000000e+03
0.000000000000000000e+00
2.493000000000000000e+03
1.300000000000000000e+03
0.000000000000000000e+00
