1.315600000000000000e+04
6.260000000000000000e+02
4.960000000000000000e+02
5.060000000000000000e+02
4.220000000000000000e+02
1.175000000000000000e+03
2.253000000000000000e+03
4.450000000000000000e+02
2.539000000000000000e+03
1.033000000000000000e+03
1.271000000000000000e+03
5.236000000000000000e+03
2.081000000000000000e+03
1.764500000000000000e+04
5.951000000000000000e+03
5.196000000000000000e+03
1.276100000000000000e+04
3.573000000000000000e+03
3.560000000000000000e+03
8.379000000000000000e+03
6.327000000000000000e+03
6.736000000000000000e+03
2.621000000000000000e+03
3.071000000000000000e+03
6.892000000000000000e+03
5.218000000000000000e+03
3.454000000000000000e+03
1.430000000000000000e+02
2.700000000000000000e+02
2.440000000000000000e+02
1.434700000000000000e+04
1.230000000000000000e+02
1.746000000000000000e+03
4.880000000000000000e+02
3.975000000000000000e+03
1.009300000000000000e+04
7.537000000000000000e+03
4.170000000000000000e+02
2.082000000000000000e+03
1.600000000000000000e+03
1.795000000000000000e+03
1.600000000000000000e+02
3.244000000000000000e+03
3.542000000000000000e+03
1.620000000000000000e+02
1.346000000000000000e+03
5.630000000000000000e+02
5.300000000000000000e+01
2.506000000000000000e+03
4.590000000000000000e+02
3.906000000000000000e+03
2.402000000000000000e+03
1.483000000000000000e+03
6.860000000000000000e+02
6.370000000000000000e+02
2.911000000000000000e+03
2.300000000000000000e+03
6.930000000000000000e+02
4.670000000000000000e+02
8.500000000000000000e+01
3.403000000000000000e+03
3.500000000000000000e+01
8.410000000000000000e+02
1.375000000000000000e+03
2.300000000000000000e+01
8.740000000000000000e+02
6.181000000000000000e+03
7.860000000000000000e+02
1.233000000000000000e+03
2.192000000000000000e+03
2.840000000000000000e+03
1.275000000000000000e+03
1.775000000000000000e+03
2.074000000000000000e+03
2.628000000000000000e+03
7.296000000000000000e+03
1.228000000000000000e+03
8.180000000000000000e+02
7.000000000000000000e+00
2.515000000000000000e+03
6.268000000000000000e+03
9.740000000000000000e+02
2.820000000000000000e+02
6.061000000000000000e+03
2.784000000000000000e+03
2.174000000000000000e+03
8.860000000000000000e+02
8.474000000000000000e+03
1.318000000000000000e+03
2.108000000000000000e+03
1.498700000000000000e+04
3.256000000000000000e+03
4.795000000000000000e+03
6.271000000000000000e+03
5.987000000000000000e+03
2.339500000000000000e+04
2.446500000000000000e+04
4.948000000000000000e+03
4.400100000000000000e+04
9.398000000000000000e+03
9.506000000000000000e+03
3.403000000000000000e+04
8.850000000000000000e+03
6.424000000000000000e+04
1.912100000000000000e+04
1.086300000000000000e+04
2.159300000000000000e+04
2.584000000000000000e+03
2.409000000000000000e+03
3.367300000000000000e+04
1.102700000000000000e+04
8.078000000000000000e+03
1.127000000000000000e+03
1.352000000000000000e+03
1.048200000000000000e+04
4.421000000000000000e+03
5.820000000000000000e+02
4.600000000000000000e+01
6.500000000000000000e+01
6.100000000000000000e+01
2.145600000000000000e+04
1.400000000000000000e+01
1.420000000000000000e+02
4.300000000000000000e+01
5.300000000000000000e+02
1.608000000000000000e+03
5.184000000000000000e+03
3.500000000000000000e+01
1.580000000000000000e+02
5.600000000000000000e+01
2.360000000000000000e+02
1.100000000000000000e+01
6.350000000000000000e+02
6.080000000000000000e+02
1.100000000000000000e+01
1.030000000000000000e+02
3.500000000000000000e+01
6.000000000000000000e+00
1.160000000000000000e+02
4.000000000000000000e+00
1.089000000000000000e+03
1.680000000000000000e+02
4.600000000000000000e+01
2.000000000000000000e+01
1.800000000000000000e+01
2.980000000000000000e+02
7.000000000000000000e+01
2.600000000000000000e+01
1.100000000000000000e+01
1.000000000000000000e+00
4.240000000000000000e+02
2.000000000000000000e+00
9.000000000000000000e+00
3.500000000000000000e+01
1.000000000000000000e+00
3.400000000000000000e+01
3.280000000000000000e+02
1.500000000000000000e+01
5.000000000000000000e+01
3.800000000000000000e+01
1.510000000000000000e+02
1.100000000000000000e+01
2.200000000000000000e+01
1.020000000000000000e+02
8.800000000000000000e+01
2.236000000000000000e+03
2.900000000000000000e+01
2.500000000000000000e+01
1.600000000000000000e+01
7.900000000000000000e+01
4.560000000000000000e+02
2.100000000000000000e+01
3.600000000000000000e+01
5.030000000000000000e+02
1.330000000000000000e+02
1.350000000000000000e+02
1.250000000000000000e+02
6.190000000000000000e+02
5.500000000000000000e+02
7.600000000000000000e+02
1.143200000000000000e+04
5.320000000000000000e+02
3.600000000000000000e+03
7.963000000000000000e+03
5.287000000000000000e+03
7.616000000000000000e+03
1.022100000000000000e+04
1.287900000000000000e+04
1.381500000000000000e+04
1.536700000000000000e+04
1.457700000000000000e+04
1.585200000000000000e+04
1.574600000000000000e+04
1.589700000000000000e+04
1.612300000000000000e+04
1.407800000000000000e+04
1.323400000000000000e+04
1.662100000000000000e+04
1.673100000000000000e+04
1.264000000000000000e+04
1.155200000000000000e+04
1.148400000000000000e+04
1.119600000000000000e+04
1.176200000000000000e+04
1.103100000000000000e+04
1.008600000000000000e+04
9.892000000000000000e+03
8.803000000000000000e+03
8.541000000000000000e+03
7.626000000000000000e+03
7.832000000000000000e+03
6.737000000000000000e+03
7.158000000000000000e+03
6.739000000000000000e+03
6.846000000000000000e+03
6.589000000000000000e+03
7.991000000000000000e+03
5.284000000000000000e+03
7.091000000000000000e+03
6.366000000000000000e+03
6.615000000000000000e+03
6.089000000000000000e+03
5.634000000000000000e+03
6.985000000000000000e+03
5.798000000000000000e+03
5.422000000000000000e+03
6.072000000000000000e+03
5.041000000000000000e+03
4.473000000000000000e+03
4.865000000000000000e+03
4.521000000000000000e+03
5.392000000000000000e+03
4.051000000000000000e+03
4.139000000000000000e+03
3.834000000000000000e+03
4.390000000000000000e+03
3.273000000000000000e+03
4.456000000000000000e+03
3.991000000000000000e+03
3.140000000000000000e+03
3.578000000000000000e+03
3.276000000000000000e+03
3.400000000000000000e+03
2.064000000000000000e+03
5.259000000000000000e+03
2.590000000000000000e+03
2.942000000000000000e+03
2.902000000000000000e+03
3.240000000000000000e+03
2.084000000000000000e+03
3.536000000000000000e+03
2.712000000000000000e+03
2.570000000000000000e+03
3.545000000000000000e+03
2.880000000000000000e+03
2.380000000000000000e+03
2.799000000000000000e+03
2.764000000000000000e+03
3.303000000000000000e+03
1.986000000000000000e+03
2.610000000000000000e+03
2.569000000000000000e+03
2.810000000000000000e+03
2.464000000000000000e+03
1.464000000000000000e+03
5.366000000000000000e+03
1.482000000000000000e+03
1.952000000000000000e+03
2.307000000000000000e+03
2.237000000000000000e+03
2.417000000000000000e+03
2.271000000000000000e+03
1.964000000000000000e+03
1.998000000000000000e+03
2.170000000000000000e+03
1.487000000000000000e+03
2.149000000000000000e+03
2.043000000000000000e+03
2.246000000000000000e+03
1.564000000000000000e+03
2.297000000000000000e+03
1.477000000000000000e+03
8.285000000000000000e+03
1.459000000000000000e+03
2.093000000000000000e+03
1.419000000000000000e+03
2.122000000000000000e+03
1.793000000000000000e+03
1.759000000000000000e+03
1.680000000000000000e+03
1.241000000000000000e+03
1.548000000000000000e+03
1.651000000000000000e+03
1.787000000000000000e+03
1.449000000000000000e+03
1.334000000000000000e+03
1.555000000000000000e+03
1.255000000000000000e+03
1.296000000000000000e+03
1.175000000000000000e+03
1.276000000000000000e+03
1.062000000000000000e+03
1.058000000000000000e+03
1.101000000000000000e+03
8.370000000000000000e+02
7.770000000000000000e+02
6.120000000000000000e+02
9.240000000000000000e+02
3.220000000000000000e+03
5.550000000000000000e+02
6.730000000000000000e+02
6.800000000000000000e+02
7.400000000000000000e+02
5.920000000000000000e+02
6.850000000000000000e+02
6.460000000000000000e+02
6.230000000000000000e+02
6.510000000000000000e+02
5.340000000000000000e+02
4.930000000000000000e+02
4.870000000000000000e+02
3.830000000000000000e+02
6.230000000000000000e+02
4.780000000000000000e+02
3.170000000000000000e+02
2.910000000000000000e+02
4.690000000000000000e+02
3.000000000000000000e+02
3.810000000000000000e+02
3.320000000000000000e+02
2.480000000000000000e+02
3.150000000000000000e+02
2.030000000000000000e+02
5.460000000000000000e+02
1.820000000000000000e+02
2.280000000000000000e+02
2.470000000000000000e+02
2.170000000000000000e+02
2.420000000000000000e+02
3.500000000000000000e+02
1.180000000000000000e+02
1.850000000000000000e+02
2.590000000000000000e+02
1.190000000000000000e+02
1.880000000000000000e+02
1.990000000000000000e+02
1.670000000000000000e+02
1.550000000000000000e+02
1.380000000000000000e+02
8.000000000000000000e+01
7.910000000000000000e+02
9.000000000000000000e+01
9.000000000000000000e+01
1.550000000000000000e+02
1.530000000000000000e+02
1.540000000000000000e+02
9.500000000000000000e+01
1.610000000000000000e+02
7.500000000000000000e+01
1.750000000000000000e+02
1.110000000000000000e+02
8.600000000000000000e+01
2.960000000000000000e+02
6.600000000000000000e+01
1.130000000000000000e+02
1.490000000000000000e+02
7.300000000000000000e+01
1.250000000000000000e+02
1.140000000000000000e+02
8.900000000000000000e+01
7.900000000000000000e+01
4.260000000000000000e+02
4.900000000000000000e+01
8.000000000000000000e+01
8.000000000000000000e+01
8.700000000000000000e+01
1.020000000000000000e+02
9.400000000000000000e+01
1.390000000000000000e+02
6.400000000000000000e+01
1.040000000000000000e+02
8.100000000000000000e+01
7.100000000000000000e+01
8.000000000000000000e+01
1.770000000000000000e+02
5.600000000000000000e+01
7.100000000000000000e+01
6.300000000000000000e+01
7.800000000000000000e+01
9.100000000000000000e+01
7.400000000000000000e+01
8.100000000000000000e+01
3.600000000000000000e+01
2.920000000000000000e+02
6.400000000000000000e+01
6.200000000000000000e+01
1.040000000000000000e+02
5.700000000000000000e+01
5.600000000000000000e+01
1.240000000000000000e+02
5.900000000000000000e+01
9.700000000000000000e+01
6.400000000000000000e+01
1.030000000000000000e+02
4.300000000000000000e+01
7.000000000000000000e+01
5.900000000000000000e+01
1.270000000000000000e+02
4.400000000000000000e+01
4.000000000000000000e+01
8.000000000000000000e+01
5.200000000000000000e+01
4.800000000000000000e+01
4.600000000000000000e+01
6.500000000000000000e+01
4.600000000000000000e+01
4.900000000000000000e+01
6.600000000000000000e+01
4.200000000000000000e+01
4.200000000000000000e+01
3.000000000000000000e+01
3.500000000000000000e+01
4.200000000000000000e+01
3.800000000000000000e+01
2.700000000000000000e+01
1.800000000000000000e+01
2.300000000000000000e+01
3.400000000000000000e+01
3.000000000000000000e+01
2.600000000000000000e+01
1.900000000000000000e+01
2.100000000000000000e+01
1.200000000000000000e+01
3.500000000000000000e+01
1.100000000000000000e+01
4.135000000000000000e+03
2.220000000000000000e+02
3.550000000000000000e+02
1.378000000000000000e+03
1.113000000000000000e+03
2.712000000000000000e+03
7.307000000000000000e+03
1.526000000000000000e+03
1.593000000000000000e+03
1.276000000000000000e+03
1.414000000000000000e+03
1.407000000000000000e+03
1.413000000000000000e+03
1.423000000000000000e+03
1.486000000000000000e+03
1.557000000000000000e+03
1.691000000000000000e+03
1.812000000000000000e+03
1.884000000000000000e+03
1.945000000000000000e+03
1.971000000000000000e+03
1.941000000000000000e+03
1.983000000000000000e+03
2.278000000000000000e+03
2.396000000000000000e+03
2.663000000000000000e+03
2.949000000000000000e+03
3.377000000000000000e+03
3.739000000000000000e+03
3.833000000000000000e+03
3.840000000000000000e+03
3.956000000000000000e+03
4.040000000000000000e+03
3.817000000000000000e+03
3.712000000000000000e+03
3.858000000000000000e+03
3.827000000000000000e+03
3.914000000000000000e+03
3.889000000000000000e+03
3.715000000000000000e+03
3.554000000000000000e+03
3.400000000000000000e+03
3.207000000000000000e+03
3.138000000000000000e+03
3.047000000000000000e+03
2.994000000000000000e+03
2.905000000000000000e+03
2.817000000000000000e+03
2.820000000000000000e+03
2.823000000000000000e+03
2.817000000000000000e+03
2.774000000000000000e+03
2.747000000000000000e+03
2.744000000000000000e+03
2.759000000000000000e+03
2.680000000000000000e+03
2.751000000000000000e+03
2.781000000000000000e+03
2.650000000000000000e+03
2.638000000000000000e+03
2.615000000000000000e+03
2.664000000000000000e+03
2.673000000000000000e+03
2.683000000000000000e+03
2.647000000000000000e+03
2.816000000000000000e+03
2.772000000000000000e+03
2.863000000000000000e+03
2.830000000000000000e+03
2.840000000000000000e+03
2.864000000000000000e+03
2.707000000000000000e+03
2.795000000000000000e+03
2.784000000000000000e+03
2.883000000000000000e+03
2.844000000000000000e+03
2.807000000000000000e+03
2.956000000000000000e+03
2.769000000000000000e+03
2.846000000000000000e+03
2.864000000000000000e+03
2.980000000000000000e+03
2.982000000000000000e+03
2.972000000000000000e+03
3.007000000000000000e+03
3.081000000000000000e+03
2.996000000000000000e+03
2.952000000000000000e+03
3.071000000000000000e+03
3.091000000000000000e+03
2.997000000000000000e+03
3.119000000000000000e+03
3.075000000000000000e+03
3.112000000000000000e+03
3.131000000000000000e+03
3.205000000000000000e+03
3.120000000000000000e+03
3.142000000000000000e+03
3.126000000000000000e+03
3.068000000000000000e+03
3.034000000000000000e+03
3.092000000000000000e+03
3.130000000000000000e+03
3.158000000000000000e+03
3.154000000000000000e+03
3.145000000000000000e+03
3.201000000000000000e+03
3.288000000000000000e+03
3.357000000000000000e+03
3.327000000000000000e+03
3.372000000000000000e+03
3.569000000000000000e+03
3.497000000000000000e+03
3.517000000000000000e+03
3.597000000000000000e+03
3.612000000000000000e+03
3.794000000000000000e+03
3.775000000000000000e+03
3.838000000000000000e+03
3.816000000000000000e+03
3.915000000000000000e+03
3.976000000000000000e+03
3.926000000000000000e+03
3.963000000000000000e+03
3.988000000000000000e+03
3.861000000000000000e+03
3.863000000000000000e+03
4.067000000000000000e+03
3.946000000000000000e+03
3.796000000000000000e+03
3.864000000000000000e+03
3.721000000000000000e+03
3.632000000000000000e+03
3.506000000000000000e+03
3.534000000000000000e+03
3.220000000000000000e+03
3.238000000000000000e+03
3.366000000000000000e+03
3.161000000000000000e+03
3.112000000000000000e+03
2.976000000000000000e+03
3.084000000000000000e+03
3.070000000000000000e+03
2.944000000000000000e+03
2.975000000000000000e+03
3.000000000000000000e+03
3.068000000000000000e+03
3.046000000000000000e+03
3.021000000000000000e+03
3.125000000000000000e+03
3.453000000000000000e+03
3.391000000000000000e+03
3.444000000000000000e+03
3.467000000000000000e+03
3.546000000000000000e+03
3.576000000000000000e+03
3.407000000000000000e+03
3.447000000000000000e+03
3.601000000000000000e+03
3.741000000000000000e+03
3.803000000000000000e+03
3.975000000000000000e+03
3.843000000000000000e+03
3.936000000000000000e+03
3.824000000000000000e+03
4.202000000000000000e+03
3.941000000000000000e+03
3.557000000000000000e+03
3.457000000000000000e+03
3.461000000000000000e+03
3.504000000000000000e+03
3.469000000000000000e+03
3.564000000000000000e+03
3.534000000000000000e+03
3.427000000000000000e+03
3.417000000000000000e+03
3.250000000000000000e+03
3.185000000000000000e+03
3.050000000000000000e+03
3.049000000000000000e+03
3.031000000000000000e+03
3.101000000000000000e+03
3.160000000000000000e+03
2.939000000000000000e+03
2.988000000000000000e+03
2.902000000000000000e+03
2.831000000000000000e+03
2.801000000000000000e+03
2.715000000000000000e+03
2.868000000000000000e+03
2.824000000000000000e+03
2.942000000000000000e+03
2.740000000000000000e+03
2.723000000000000000e+03
2.805000000000000000e+03
2.520000000000000000e+03
2.641000000000000000e+03
2.539000000000000000e+03
2.461000000000000000e+03
2.485000000000000000e+03
2.371000000000000000e+03
2.392000000000000000e+03
2.375000000000000000e+03
2.232000000000000000e+03
2.130000000000000000e+03
2.022000000000000000e+03
1.949000000000000000e+03
1.903000000000000000e+03
1.921000000000000000e+03
1.841000000000000000e+03
1.667000000000000000e+03
1.529000000000000000e+03
1.608000000000000000e+03
1.536000000000000000e+03
1.575000000000000000e+03
1.528000000000000000e+03
1.467000000000000000e+03
1.379000000000000000e+03
1.472000000000000000e+03
1.472000000000000000e+03
1.439000000000000000e+03
1.448000000000000000e+03
1.481000000000000000e+03
1.502000000000000000e+03
1.448000000000000000e+03
1.482000000000000000e+03
1.540000000000000000e+03
1.497000000000000000e+03
1.398000000000000000e+03
1.341000000000000000e+03
1.370000000000000000e+03
1.356000000000000000e+03
1.356000000000000000e+03
1.341000000000000000e+03
1.339000000000000000e+03
1.251000000000000000e+03
1.169000000000000000e+03
1.178000000000000000e+03
1.240000000000000000e+03
1.227000000000000000e+03
1.387000000000000000e+03
1.269000000000000000e+03
1.085000000000000000e+03
9.470000000000000000e+02
9.360000000000000000e+02
9.070000000000000000e+02
9.450000000000000000e+02
9.490000000000000000e+02
9.180000000000000000e+02
7.820000000000000000e+02
6.940000000000000000e+02
6.550000000000000000e+02
5.440000000000000000e+02
5.290000000000000000e+02
6.040000000000000000e+02
9.300000000000000000e+02
4.566000000000000000e+03
