4.025500000000000000e+04
1.708900000000000000e+04
9.356000000000000000e+03
6.173000000000000000e+03
4.353000000000000000e+03
5.572000000000000000e+03
5.027000000000000000e+03
7.260000000000000000e+02
3.963000000000000000e+03
3.918000000000000000e+03
3.442000000000000000e+03
1.025200000000000000e+04
3.609000000000000000e+03
2.756200000000000000e+04
2.137700000000000000e+04
8.513000000000000000e+03
3.890000000000000000e+03
3.584000000000000000e+03
1.509000000000000000e+03
2.865000000000000000e+03
2.331000000000000000e+03
2.651000000000000000e+03
9.060000000000000000e+02
8.660000000000000000e+02
1.722000000000000000e+03
1.120000000000000000e+03
1.614000000000000000e+03
3.580000000000000000e+02
5.880000000000000000e+02
6.300000000000000000e+02
4.343000000000000000e+03
3.040000000000000000e+02
1.106000000000000000e+03
6.640000000000000000e+02
2.285000000000000000e+03
3.490000000000000000e+03
2.610000000000000000e+03
6.460000000000000000e+02
1.595000000000000000e+03
1.158000000000000000e+03
1.465000000000000000e+03
8.870000000000000000e+02
1.383000000000000000e+03
1.796000000000000000e+03
4.660000000000000000e+02
8.400000000000000000e+02
1.065000000000000000e+03
2.950000000000000000e+02
1.164000000000000000e+03
2.530000000000000000e+02
9.710000000000000000e+02
7.030000000000000000e+02
5.160000000000000000e+02
3.770000000000000000e+02
3.770000000000000000e+02
9.020000000000000000e+02
5.900000000000000000e+02
4.600000000000000000e+02
3.420000000000000000e+02
4.300000000000000000e+01
1.186000000000000000e+03
3.000000000000000000e+01
4.470000000000000000e+02
4.280000000000000000e+02
3.100000000000000000e+01
4.090000000000000000e+02
1.219000000000000000e+03
4.310000000000000000e+02
4.450000000000000000e+02
7.530000000000000000e+02
6.280000000000000000e+02
3.650000000000000000e+02
5.060000000000000000e+02
3.900000000000000000e+02
1.205000000000000000e+03
1.841000000000000000e+03
3.890000000000000000e+02
6.370000000000000000e+02
5.100000000000000000e+01
8.860000000000000000e+02
2.690000000000000000e+03
3.700000000000000000e+02
2.060000000000000000e+02
1.499000000000000000e+03
9.760000000000000000e+02
4.490000000000000000e+02
1.320000000000000000e+02
1.513000000000000000e+03
2.000000000000000000e+02
1.310000000000000000e+02
3.235000000000000000e+03
2.060000000000000000e+02
3.800000000000000000e+02
1.012000000000000000e+03
2.640000000000000000e+02
2.189000000000000000e+03
1.886000000000000000e+03
2.280000000000000000e+02
1.678000000000000000e+03
1.012000000000000000e+03
1.067000000000000000e+03
3.286000000000000000e+03
1.971000000000000000e+03
5.137000000000000000e+03
2.593000000000000000e+03
7.808000000000000000e+03
6.673000000000000000e+03
6.158000000000000000e+03
2.717000000000000000e+03
5.726000000000000000e+03
3.114000000000000000e+03
5.154000000000000000e+03
1.896000000000000000e+03
1.735000000000000000e+03
1.686000000000000000e+03
1.451000000000000000e+03
1.640000000000000000e+03
1.110000000000000000e+02
2.330000000000000000e+02
2.130000000000000000e+02
3.744000000000000000e+03
8.600000000000000000e+01
4.820000000000000000e+02
1.520000000000000000e+02
1.676000000000000000e+03
2.134000000000000000e+03
4.520000000000000000e+03
1.100000000000000000e+02
2.660000000000000000e+02
1.650000000000000000e+02
4.400000000000000000e+02
5.300000000000000000e+01
1.141000000000000000e+03
6.980000000000000000e+02
5.500000000000000000e+01
1.760000000000000000e+02
1.700000000000000000e+02
5.100000000000000000e+01
3.940000000000000000e+02
7.600000000000000000e+01
1.287000000000000000e+03
4.560000000000000000e+02
2.620000000000000000e+02
1.140000000000000000e+02
1.440000000000000000e+02
1.305000000000000000e+03
3.360000000000000000e+02
1.770000000000000000e+02
1.420000000000000000e+02
9.600000000000000000e+01
1.151000000000000000e+03
1.160000000000000000e+02
1.880000000000000000e+02
3.030000000000000000e+02
1.730000000000000000e+02
2.890000000000000000e+02
1.472000000000000000e+03
3.610000000000000000e+02
5.280000000000000000e+02
7.570000000000000000e+02
1.013000000000000000e+03
6.920000000000000000e+02
7.140000000000000000e+02
1.362000000000000000e+03
1.332000000000000000e+03
3.880000000000000000e+03
1.034000000000000000e+03
1.393000000000000000e+03
1.232000000000000000e+03
1.458000000000000000e+03
4.655000000000000000e+03
1.539000000000000000e+03
2.458000000000000000e+03
7.730000000000000000e+03
3.042000000000000000e+03
4.198000000000000000e+03
4.236000000000000000e+03
7.772000000000000000e+03
1.173000000000000000e+04
1.686500000000000000e+04
2.159900000000000000e+04
9.280000000000000000e+02
2.436000000000000000e+03
2.222000000000000000e+03
2.971000000000000000e+03
3.443000000000000000e+03
3.445000000000000000e+03
4.127000000000000000e+03
4.428000000000000000e+03
3.318000000000000000e+03
3.598000000000000000e+03
4.054000000000000000e+03
4.105000000000000000e+03
3.972000000000000000e+03
3.878000000000000000e+03
4.081000000000000000e+03
4.104000000000000000e+03
4.108000000000000000e+03
4.419000000000000000e+03
4.541000000000000000e+03
5.202000000000000000e+03
4.959000000000000000e+03
4.583000000000000000e+03
4.841000000000000000e+03
4.793000000000000000e+03
5.003000000000000000e+03
5.106000000000000000e+03
5.182000000000000000e+03
5.087000000000000000e+03
5.946000000000000000e+03
5.385000000000000000e+03
5.025000000000000000e+03
4.948000000000000000e+03
5.027000000000000000e+03
4.715000000000000000e+03
4.513000000000000000e+03
6.575000000000000000e+03
3.938000000000000000e+03
4.152000000000000000e+03
4.133000000000000000e+03
3.614000000000000000e+03
3.712000000000000000e+03
3.161000000000000000e+03
3.613000000000000000e+03
3.737000000000000000e+03
4.110000000000000000e+03
4.006000000000000000e+03
3.396000000000000000e+03
4.217000000000000000e+03
6.882000000000000000e+03
9.479000000000000000e+03
5.845000000000000000e+03
3.745000000000000000e+03
3.360000000000000000e+03
2.875000000000000000e+03
2.976000000000000000e+03
2.620000000000000000e+03
2.555000000000000000e+03
2.674000000000000000e+03
2.810000000000000000e+03
2.724000000000000000e+03
3.419000000000000000e+03
3.054000000000000000e+03
2.538000000000000000e+03
2.525000000000000000e+03
2.146000000000000000e+03
1.770000000000000000e+03
1.888000000000000000e+03
1.568000000000000000e+03
1.315000000000000000e+03
1.430000000000000000e+03
1.555000000000000000e+03
1.444000000000000000e+03
1.590000000000000000e+03
1.485000000000000000e+03
1.792000000000000000e+03
1.203000000000000000e+03
1.356000000000000000e+03
1.155000000000000000e+03
1.006000000000000000e+03
1.006000000000000000e+03
1.048000000000000000e+03
8.810000000000000000e+02
8.360000000000000000e+02
7.280000000000000000e+02
1.008000000000000000e+03
6.500000000000000000e+02
6.640000000000000000e+02
6.720000000000000000e+02
6.160000000000000000e+02
6.680000000000000000e+02
6.090000000000000000e+02
5.760000000000000000e+02
5.390000000000000000e+02
5.560000000000000000e+02
5.020000000000000000e+02
6.920000000000000000e+02
5.270000000000000000e+02
6.030000000000000000e+02
5.980000000000000000e+02
6.490000000000000000e+02
5.550000000000000000e+02
7.080000000000000000e+02
6.020000000000000000e+02
6.500000000000000000e+02
5.730000000000000000e+02
6.280000000000000000e+02
5.430000000000000000e+02
5.760000000000000000e+02
5.970000000000000000e+02
5.190000000000000000e+02
5.340000000000000000e+02
5.580000000000000000e+02
5.630000000000000000e+02
5.440000000000000000e+02
5.370000000000000000e+02
5.600000000000000000e+02
5.110000000000000000e+02
5.700000000000000000e+02
5.560000000000000000e+02
5.770000000000000000e+02
5.770000000000000000e+02
5.930000000000000000e+02
5.380000000000000000e+02
6.230000000000000000e+02
5.590000000000000000e+02
5.800000000000000000e+02
5.000000000000000000e+02
7.040000000000000000e+02
6.140000000000000000e+02
5.880000000000000000e+02
6.450000000000000000e+02
6.030000000000000000e+02
7.070000000000000000e+02
6.780000000000000000e+02
7.160000000000000000e+02
7.390000000000000000e+02
8.080000000000000000e+02
7.920000000000000000e+02
8.160000000000000000e+02
8.270000000000000000e+02
7.960000000000000000e+02
8.640000000000000000e+02
1.015000000000000000e+03
8.910000000000000000e+02
8.920000000000000000e+02
1.002000000000000000e+03
8.850000000000000000e+02
9.440000000000000000e+02
1.014000000000000000e+03
8.350000000000000000e+02
9.760000000000000000e+02
8.920000000000000000e+02
1.131000000000000000e+03
9.430000000000000000e+02
1.067000000000000000e+03
1.134000000000000000e+03
1.072000000000000000e+03
1.068000000000000000e+03
1.240000000000000000e+03
1.291000000000000000e+03
9.300000000000000000e+02
1.580000000000000000e+03
2.385000000000000000e+03
9.090000000000000000e+02
1.468000000000000000e+03
9.530000000000000000e+02
1.540000000000000000e+03
1.494000000000000000e+03
9.160000000000000000e+02
1.439000000000000000e+03
9.330000000000000000e+02
1.189000000000000000e+03
1.020000000000000000e+03
1.198000000000000000e+03
9.820000000000000000e+02
9.080000000000000000e+02
1.058000000000000000e+03
9.090000000000000000e+02
1.142000000000000000e+03
9.700000000000000000e+02
1.033000000000000000e+03
8.420000000000000000e+02
9.930000000000000000e+02
8.350000000000000000e+02
1.017000000000000000e+03
6.680000000000000000e+02
9.000000000000000000e+02
8.690000000000000000e+02
9.040000000000000000e+02
6.330000000000000000e+02
9.260000000000000000e+02
6.490000000000000000e+02
8.980000000000000000e+02
6.210000000000000000e+02
6.390000000000000000e+02
8.280000000000000000e+02
5.360000000000000000e+02
6.910000000000000000e+02
5.780000000000000000e+02
6.460000000000000000e+02
7.500000000000000000e+02
5.000000000000000000e+02
7.520000000000000000e+02
5.780000000000000000e+02
6.750000000000000000e+02
7.720000000000000000e+02
6.470000000000000000e+02
8.480000000000000000e+02
6.370000000000000000e+02
7.860000000000000000e+02
7.770000000000000000e+02
7.390000000000000000e+02
8.230000000000000000e+02
6.700000000000000000e+02
6.150000000000000000e+02
7.260000000000000000e+02
5.980000000000000000e+02
4.650000000000000000e+02
8.440000000000000000e+02
5.570000000000000000e+02
7.030000000000000000e+02
4.330000000000000000e+02
4.900000000000000000e+02
6.030000000000000000e+02
4.540000000000000000e+02
4.020000000000000000e+02
6.000000000000000000e+02
3.580000000000000000e+02
4.610000000000000000e+02
4.440000000000000000e+02
3.220000000000000000e+02
4.640000000000000000e+02
2.730000000000000000e+02
2.960000000000000000e+02
3.070000000000000000e+02
1.960000000000000000e+02
2.210000000000000000e+02
1.710000000000000000e+02
2.180000000000000000e+02
1.310000000000000000e+02
1.200000000000000000e+02
1.080000000000000000e+02
1.190000000000000000e+02
7.500000000000000000e+01
4.300000000000000000e+01
8.900000000000000000e+01
2.600000000000000000e+01
2.900000000000000000e+01
8.300000000000000000e+01
8.000000000000000000e+00
1.600000000000000000e+01
3.000000000000000000e+01
3.000000000000000000e+00
0.000000000000000000e+00
2.280000000000000000e+02
0.000000000000000000e+00
2.000000000000000000e+00
3.000000000000000000e+00
5.000000000000000000e+00
1.000000000000000000e+01
5.000000000000000000e+00
1.100000000000000000e+01
2.300000000000000000e+01
3.800000000000000000e+01
6.100000000000000000e+01
8.600000000000000000e+01
1.730000000000000000e+02
3.000000000000000000e+02
7.650000000000000000e+02
7.640000000000000000e+02
8.030000000000000000e+02
1.740000000000000000e+03
1.365000000000000000e+03
1.094000000000000000e+03
1.386000000000000000e+03
1.274000000000000000e+03
1.211000000000000000e+03
1.431000000000000000e+03
1.458000000000000000e+03
1.428000000000000000e+03
1.295000000000000000e+03
1.304000000000000000e+03
1.281000000000000000e+03
1.168000000000000000e+03
1.282000000000000000e+03
1.198000000000000000e+03
1.013000000000000000e+03
1.056000000000000000e+03
1.104000000000000000e+03
1.063000000000000000e+03
9.840000000000000000e+02
9.180000000000000000e+02
8.940000000000000000e+02
8.270000000000000000e+02
9.280000000000000000e+02
9.690000000000000000e+02
9.720000000000000000e+02
9.710000000000000000e+02
1.037000000000000000e+03
1.033000000000000000e+03
1.111000000000000000e+03
9.040000000000000000e+02
9.640000000000000000e+02
8.600000000000000000e+02
9.190000000000000000e+02
9.250000000000000000e+02
8.000000000000000000e+02
8.200000000000000000e+02
8.250000000000000000e+02
6.930000000000000000e+02
7.840000000000000000e+02
7.150000000000000000e+02
8.080000000000000000e+02
6.680000000000000000e+02
7.060000000000000000e+02
7.960000000000000000e+02
6.500000000000000000e+02
7.140000000000000000e+02
6.560000000000000000e+02
6.640000000000000000e+02
7.020000000000000000e+02
7.170000000000000000e+02
7.410000000000000000e+02
7.620000000000000000e+02
6.980000000000000000e+02
7.660000000000000000e+02
7.420000000000000000e+02
8.020000000000000000e+02
8.010000000000000000e+02
9.740000000000000000e+02
9.690000000000000000e+02
1.050000000000000000e+03
1.186000000000000000e+03
1.269000000000000000e+03
1.314000000000000000e+03
1.300000000000000000e+03
1.367000000000000000e+03
1.553000000000000000e+03
1.740000000000000000e+03
1.580000000000000000e+03
1.883000000000000000e+03
1.843000000000000000e+03
1.897000000000000000e+03
1.962000000000000000e+03
2.030000000000000000e+03
1.865000000000000000e+03
1.940000000000000000e+03
2.039000000000000000e+03
1.996000000000000000e+03
2.008000000000000000e+03
2.093000000000000000e+03
2.116000000000000000e+03
2.224000000000000000e+03
2.235000000000000000e+03
2.447000000000000000e+03
2.318000000000000000e+03
2.497000000000000000e+03
2.486000000000000000e+03
3.404000000000000000e+03
2.678000000000000000e+03
2.729000000000000000e+03
2.592000000000000000e+03
2.460000000000000000e+03
2.517000000000000000e+03
2.217000000000000000e+03
2.148000000000000000e+03
2.069000000000000000e+03
1.948000000000000000e+03
1.883000000000000000e+03
1.907000000000000000e+03
1.897000000000000000e+03
1.956000000000000000e+03
2.073000000000000000e+03
1.912000000000000000e+03
2.050000000000000000e+03
2.068000000000000000e+03
1.997000000000000000e+03
2.018000000000000000e+03
2.015000000000000000e+03
1.916000000000000000e+03
1.885000000000000000e+03
1.970000000000000000e+03
1.868000000000000000e+03
1.868000000000000000e+03
1.937000000000000000e+03
1.835000000000000000e+03
1.713000000000000000e+03
1.777000000000000000e+03
1.809000000000000000e+03
1.887000000000000000e+03
1.781000000000000000e+03
1.805000000000000000e+03
2.015000000000000000e+03
2.036000000000000000e+03
2.012000000000000000e+03
2.063000000000000000e+03
2.065000000000000000e+03
1.983000000000000000e+03
1.966000000000000000e+03
1.966000000000000000e+03
2.065000000000000000e+03
2.036000000000000000e+03
2.143000000000000000e+03
2.099000000000000000e+03
1.948000000000000000e+03
1.915000000000000000e+03
1.966000000000000000e+03
1.854000000000000000e+03
1.970000000000000000e+03
1.776000000000000000e+03
1.893000000000000000e+03
2.010000000000000000e+03
1.626000000000000000e+03
1.818000000000000000e+03
1.749000000000000000e+03
1.852000000000000000e+03
1.944000000000000000e+03
1.642000000000000000e+03
1.646000000000000000e+03
1.706000000000000000e+03
1.757000000000000000e+03
1.622000000000000000e+03
1.563000000000000000e+03
1.552000000000000000e+03
1.545000000000000000e+03
1.666000000000000000e+03
1.736000000000000000e+03
1.819000000000000000e+03
1.814000000000000000e+03
1.916000000000000000e+03
2.092000000000000000e+03
2.183000000000000000e+03
2.377000000000000000e+03
2.602000000000000000e+03
2.803000000000000000e+03
3.090000000000000000e+03
3.362000000000000000e+03
3.611000000000000000e+03
3.991000000000000000e+03
4.259000000000000000e+03
3.965000000000000000e+03
3.461000000000000000e+03
3.437000000000000000e+03
3.059000000000000000e+03
2.787000000000000000e+03
2.714000000000000000e+03
2.452000000000000000e+03
2.318000000000000000e+03
2.160000000000000000e+03
2.179000000000000000e+03
2.242000000000000000e+03
2.137000000000000000e+03
2.075000000000000000e+03
2.094000000000000000e+03
2.004000000000000000e+03
2.111000000000000000e+03
2.569000000000000000e+03
2.250000000000000000e+03
2.566000000000000000e+03
2.825000000000000000e+03
2.580000000000000000e+03
2.675000000000000000e+03
2.401000000000000000e+03
2.366000000000000000e+03
2.053000000000000000e+03
1.886000000000000000e+03
1.787000000000000000e+03
1.750000000000000000e+03
1.774000000000000000e+03
1.756000000000000000e+03
1.696000000000000000e+03
1.654000000000000000e+03
1.719000000000000000e+03
1.635000000000000000e+03
1.558000000000000000e+03
1.668000000000000000e+03
1.455000000000000000e+03
1.386000000000000000e+03
1.298000000000000000e+03
1.350000000000000000e+03
1.483000000000000000e+03
1.353000000000000000e+03
1.436000000000000000e+03
1.416000000000000000e+03
1.629000000000000000e+03
1.368000000000000000e+03
1.275000000000000000e+03
1.247000000000000000e+03
1.195000000000000000e+03
1.250000000000000000e+03
1.195000000000000000e+03
1.114000000000000000e+03
1.235000000000000000e+03
1.123000000000000000e+03
1.117000000000000000e+03
1.096000000000000000e+03
1.070000000000000000e+03
1.122000000000000000e+03
1.173000000000000000e+03
1.196000000000000000e+03
1.194000000000000000e+03
1.270000000000000000e+03
1.267000000000000000e+03
1.285000000000000000e+03
1.343000000000000000e+03
1.319000000000000000e+03
1.546000000000000000e+03
1.521000000000000000e+03
2.115000000000000000e+03
2.217000000000000000e+03
1.503800000000000000e+04
