7.830900000000000000e+04
1.508100000000000000e+04
8.008000000000000000e+03
7.513000000000000000e+03
3.570000000000000000e+03
8.254000000000000000e+03
1.012000000000000000e+04
1.669000000000000000e+03
1.042700000000000000e+04
5.181000000000000000e+03
2.293000000000000000e+03
1.393500000000000000e+04
1.500000000000000000e+03
9.671000000000000000e+03
4.308000000000000000e+03
3.457000000000000000e+03
5.187000000000000000e+03
3.545000000000000000e+03
2.089000000000000000e+03
4.255000000000000000e+03
1.315800000000000000e+04
7.189000000000000000e+03
4.543000000000000000e+03
2.534000000000000000e+03
7.222000000000000000e+03
5.209000000000000000e+03
6.529000000000000000e+03
6.530000000000000000e+02
1.295000000000000000e+03
1.201000000000000000e+03
1.604600000000000000e+04
3.200000000000000000e+01
2.631000000000000000e+03
3.856000000000000000e+03
7.365000000000000000e+03
1.313700000000000000e+04
6.037000000000000000e+03
1.299000000000000000e+03
5.243000000000000000e+03
2.532000000000000000e+03
5.424000000000000000e+03
3.090000000000000000e+02
6.179000000000000000e+03
7.122000000000000000e+03
1.570000000000000000e+02
2.713000000000000000e+03
6.760000000000000000e+02
1.080000000000000000e+02
8.302000000000000000e+03
9.300000000000000000e+01
7.352000000000000000e+03
6.456000000000000000e+03
5.443000000000000000e+03
2.840000000000000000e+02
7.670000000000000000e+02
3.193000000000000000e+03
4.891000000000000000e+03
7.349000000000000000e+03
4.012000000000000000e+03
2.300000000000000000e+01
1.119500000000000000e+04
1.600000000000000000e+01
8.349000000000000000e+03
2.729000000000000000e+03
3.300000000000000000e+01
5.173000000000000000e+03
1.190200000000000000e+04
3.001000000000000000e+03
3.092000000000000000e+03
1.324000000000000000e+03
2.397000000000000000e+03
2.580000000000000000e+02
3.300000000000000000e+02
2.262000000000000000e+03
1.639000000000000000e+03
1.106700000000000000e+04
1.660000000000000000e+02
1.060000000000000000e+02
1.100000000000000000e+01
9.830000000000000000e+02
5.238000000000000000e+03
2.300000000000000000e+01
4.000000000000000000e+00
4.501000000000000000e+03
1.030000000000000000e+02
2.040000000000000000e+02
8.000000000000000000e+00
9.540000000000000000e+02
2.400000000000000000e+01
0.000000000000000000e+00
3.314000000000000000e+03
1.000000000000000000e+00
2.700000000000000000e+01
2.390000000000000000e+02
4.000000000000000000e+00
3.230000000000000000e+02
3.701000000000000000e+03
1.300000000000000000e+01
3.940000000000000000e+02
8.200000000000000000e+01
6.500000000000000000e+01
1.240000000000000000e+03
3.200000000000000000e+01
3.643000000000000000e+03
7.407000000000000000e+03
2.747500000000000000e+04
9.679000000000000000e+03
4.493000000000000000e+03
1.924000000000000000e+03
2.868000000000000000e+03
1.034900000000000000e+04
3.735000000000000000e+03
2.726000000000000000e+03
3.541000000000000000e+03
5.522000000000000000e+03
3.814000000000000000e+03
2.239000000000000000e+03
5.020000000000000000e+02
5.680000000000000000e+02
6.830000000000000000e+02
2.109700000000000000e+04
5.000000000000000000e+01
2.335000000000000000e+03
5.310000000000000000e+02
3.311000000000000000e+03
7.765000000000000000e+03
7.021000000000000000e+03
4.820000000000000000e+02
4.170000000000000000e+03
2.047000000000000000e+03
3.487000000000000000e+03
1.820000000000000000e+02
4.095000000000000000e+03
3.310000000000000000e+03
1.390000000000000000e+02
7.640000000000000000e+02
4.560000000000000000e+02
1.230000000000000000e+02
1.359000000000000000e+03
1.200000000000000000e+02
1.287400000000000000e+04
1.524000000000000000e+03
8.240000000000000000e+02
1.770000000000000000e+02
1.680000000000000000e+02
1.876000000000000000e+03
1.280000000000000000e+03
3.390000000000000000e+02
7.500000000000000000e+01
8.900000000000000000e+01
2.129000000000000000e+03
5.100000000000000000e+01
8.200000000000000000e+01
4.730000000000000000e+02
1.290000000000000000e+02
3.100000000000000000e+02
4.363000000000000000e+03
2.540000000000000000e+02
4.670000000000000000e+02
4.700000000000000000e+02
1.921000000000000000e+03
2.730000000000000000e+02
2.520000000000000000e+02
1.781000000000000000e+03
1.804000000000000000e+03
1.444200000000000000e+04
4.660000000000000000e+02
5.040000000000000000e+02
4.500000000000000000e+02
1.435000000000000000e+03
7.001000000000000000e+03
7.370000000000000000e+02
1.348000000000000000e+03
7.760000000000000000e+03
4.257000000000000000e+03
5.916000000000000000e+03
5.956000000000000000e+03
1.855800000000000000e+04
2.859900000000000000e+04
1.727110000000000000e+05
1.478300000000000000e+04
1.109000000000000000e+03
3.346000000000000000e+03
5.265000000000000000e+03
1.040900000000000000e+04
6.380000000000000000e+03
9.841000000000000000e+03
6.314000000000000000e+03
6.381000000000000000e+03
8.819000000000000000e+03
1.104100000000000000e+04
1.166700000000000000e+04
1.131500000000000000e+04
1.208500000000000000e+04
1.568200000000000000e+04
1.846700000000000000e+04
1.907000000000000000e+04
2.009200000000000000e+04
2.092100000000000000e+04
1.098900000000000000e+04
8.597000000000000000e+03
6.960000000000000000e+03
7.772000000000000000e+03
7.364000000000000000e+03
6.536000000000000000e+03
5.038000000000000000e+03
7.297000000000000000e+03
9.394000000000000000e+03
8.993000000000000000e+03
4.636000000000000000e+03
4.978000000000000000e+03
4.284000000000000000e+03
4.853000000000000000e+03
5.061000000000000000e+03
5.225000000000000000e+03
4.592000000000000000e+03
6.550000000000000000e+03
3.719000000000000000e+03
5.396000000000000000e+03
4.661000000000000000e+03
5.292000000000000000e+03
3.890000000000000000e+03
3.978000000000000000e+03
7.415000000000000000e+03
4.443000000000000000e+03
4.718000000000000000e+03
6.159000000000000000e+03
3.975000000000000000e+03
3.827000000000000000e+03
4.936000000000000000e+03
2.831000000000000000e+03
6.380000000000000000e+03
2.429000000000000000e+03
4.087000000000000000e+03
2.260000000000000000e+03
5.143000000000000000e+03
2.175000000000000000e+03
4.623000000000000000e+03
3.175000000000000000e+03
3.057000000000000000e+03
2.086000000000000000e+03
3.449000000000000000e+03
2.104000000000000000e+03
1.120000000000000000e+03
7.172000000000000000e+03
1.835000000000000000e+03
1.956000000000000000e+03
3.310000000000000000e+03
2.395000000000000000e+03
1.668000000000000000e+03
4.431000000000000000e+03
2.368000000000000000e+03
1.663000000000000000e+03
3.546000000000000000e+03
1.888000000000000000e+03
2.051000000000000000e+03
1.349000000000000000e+03
3.748000000000000000e+03
2.045000000000000000e+03
1.456000000000000000e+03
2.109000000000000000e+03
2.088000000000000000e+03
1.587000000000000000e+03
1.607000000000000000e+03
7.060000000000000000e+02
6.648000000000000000e+03
5.800000000000000000e+02
1.097000000000000000e+03
1.539000000000000000e+03
1.255000000000000000e+03
1.711000000000000000e+03
1.820000000000000000e+03
1.226000000000000000e+03
1.296000000000000000e+03
1.375000000000000000e+03
6.330000000000000000e+02
2.586000000000000000e+03
1.111000000000000000e+03
1.849000000000000000e+03
1.138000000000000000e+03
1.362000000000000000e+03
7.130000000000000000e+02
3.300000000000000000e+03
6.690000000000000000e+02
1.319000000000000000e+03
9.550000000000000000e+02
2.127000000000000000e+03
9.920000000000000000e+02
1.172000000000000000e+03
2.523000000000000000e+03
6.800000000000000000e+02
1.029000000000000000e+03
1.306000000000000000e+03
1.909000000000000000e+03
7.530000000000000000e+02
9.030000000000000000e+02
1.526000000000000000e+03
1.272000000000000000e+03
1.372000000000000000e+03
8.920000000000000000e+02
9.600000000000000000e+02
1.052000000000000000e+03
9.740000000000000000e+02
9.650000000000000000e+02
9.570000000000000000e+02
7.630000000000000000e+02
7.110000000000000000e+02
1.158000000000000000e+03
4.549000000000000000e+03
6.680000000000000000e+02
9.020000000000000000e+02
9.520000000000000000e+02
1.203000000000000000e+03
1.071000000000000000e+03
1.285000000000000000e+03
1.066000000000000000e+03
9.900000000000000000e+02
1.238000000000000000e+03
9.870000000000000000e+02
1.620000000000000000e+03
9.450000000000000000e+02
8.890000000000000000e+02
1.581000000000000000e+03
1.358000000000000000e+03
9.270000000000000000e+02
8.140000000000000000e+02
1.779000000000000000e+03
9.040000000000000000e+02
1.120000000000000000e+03
9.950000000000000000e+02
1.165000000000000000e+03
1.194000000000000000e+03
7.920000000000000000e+02
3.100000000000000000e+03
7.580000000000000000e+02
8.980000000000000000e+02
1.008000000000000000e+03
8.990000000000000000e+02
1.000000000000000000e+03
1.841000000000000000e+03
7.080000000000000000e+02
1.070000000000000000e+03
9.270000000000000000e+02
8.210000000000000000e+02
1.012000000000000000e+03
1.148000000000000000e+03
9.140000000000000000e+02
7.720000000000000000e+02
7.860000000000000000e+02
6.780000000000000000e+02
2.521000000000000000e+03
6.320000000000000000e+02
6.830000000000000000e+02
9.740000000000000000e+02
1.077000000000000000e+03
1.506000000000000000e+03
8.280000000000000000e+02
1.637000000000000000e+03
7.510000000000000000e+02
1.121000000000000000e+03
1.874000000000000000e+03
9.480000000000000000e+02
1.456000000000000000e+03
7.780000000000000000e+02
1.164000000000000000e+03
1.407000000000000000e+03
1.019000000000000000e+03
1.385000000000000000e+03
1.299000000000000000e+03
1.106000000000000000e+03
1.104000000000000000e+03
2.814000000000000000e+03
7.900000000000000000e+02
9.310000000000000000e+02
1.112000000000000000e+03
1.271000000000000000e+03
1.162000000000000000e+03
1.046000000000000000e+03
1.080000000000000000e+03
1.024000000000000000e+03
1.606000000000000000e+03
1.247000000000000000e+03
9.730000000000000000e+02
8.810000000000000000e+02
2.170000000000000000e+03
9.740000000000000000e+02
1.071000000000000000e+03
1.418000000000000000e+03
1.042000000000000000e+03
1.690000000000000000e+03
1.289000000000000000e+03
1.559000000000000000e+03
1.446000000000000000e+03
2.096000000000000000e+03
1.437000000000000000e+03
2.289000000000000000e+03
1.889000000000000000e+03
1.748000000000000000e+03
1.797000000000000000e+03
2.500000000000000000e+03
1.916000000000000000e+03
2.586000000000000000e+03
2.363000000000000000e+03
3.405000000000000000e+03
4.334000000000000000e+03
4.218000000000000000e+03
4.572000000000000000e+03
5.924000000000000000e+03
6.036000000000000000e+03
5.677000000000000000e+03
6.868000000000000000e+03
6.718000000000000000e+03
6.656000000000000000e+03
6.251000000000000000e+03
6.906000000000000000e+03
6.617000000000000000e+03
6.473000000000000000e+03
6.194000000000000000e+03
6.255000000000000000e+03
5.942000000000000000e+03
5.267000000000000000e+03
5.045000000000000000e+03
5.714000000000000000e+03
6.027000000000000000e+03
6.903000000000000000e+03
6.661000000000000000e+03
7.871000000000000000e+03
1.148200000000000000e+04
1.212200000000000000e+04
6.147000000000000000e+03
1.072500000000000000e+04
1.464000000000000000e+04
1.527300000000000000e+04
2.617000000000000000e+03
9.497000000000000000e+03
2.215200000000000000e+04
2.230000000000000000e+02
7.760000000000000000e+02
6.610000000000000000e+02
7.010000000000000000e+02
9.610000000000000000e+02
1.777000000000000000e+03
2.748000000000000000e+03
4.578000000000000000e+03
4.935000000000000000e+03
5.251000000000000000e+03
5.160000000000000000e+03
5.219000000000000000e+03
5.337000000000000000e+03
4.995000000000000000e+03
4.893000000000000000e+03
5.505000000000000000e+03
5.700000000000000000e+03
6.569000000000000000e+03
7.179000000000000000e+03
6.800000000000000000e+03
7.200000000000000000e+03
7.090000000000000000e+03
6.791000000000000000e+03
6.824000000000000000e+03
7.276000000000000000e+03
6.348000000000000000e+03
5.956000000000000000e+03
5.493000000000000000e+03
5.222000000000000000e+03
5.025000000000000000e+03
4.817000000000000000e+03
4.631000000000000000e+03
4.364000000000000000e+03
4.767000000000000000e+03
4.441000000000000000e+03
4.176000000000000000e+03
4.077000000000000000e+03
3.836000000000000000e+03
3.652000000000000000e+03
3.265000000000000000e+03
3.404000000000000000e+03
3.353000000000000000e+03
3.090000000000000000e+03
3.110000000000000000e+03
3.173000000000000000e+03
2.877000000000000000e+03
2.773000000000000000e+03
2.568000000000000000e+03
2.463000000000000000e+03
2.358000000000000000e+03
2.192000000000000000e+03
2.172000000000000000e+03
2.055000000000000000e+03
1.971000000000000000e+03
1.853000000000000000e+03
1.782000000000000000e+03
1.774000000000000000e+03
1.727000000000000000e+03
1.605000000000000000e+03
1.570000000000000000e+03
1.861000000000000000e+03
1.969000000000000000e+03
1.981000000000000000e+03
1.906000000000000000e+03
1.714000000000000000e+03
1.843000000000000000e+03
1.755000000000000000e+03
1.905000000000000000e+03
1.668000000000000000e+03
1.854000000000000000e+03
1.906000000000000000e+03
2.240000000000000000e+03
2.088000000000000000e+03
2.173000000000000000e+03
2.044000000000000000e+03
2.345000000000000000e+03
2.374000000000000000e+03
2.464000000000000000e+03
2.301000000000000000e+03
2.439000000000000000e+03
2.382000000000000000e+03
2.313000000000000000e+03
2.241000000000000000e+03
2.251000000000000000e+03
2.136000000000000000e+03
2.262000000000000000e+03
2.274000000000000000e+03
2.142000000000000000e+03
2.270000000000000000e+03
2.414000000000000000e+03
2.563000000000000000e+03
2.431000000000000000e+03
2.282000000000000000e+03
2.095000000000000000e+03
2.059000000000000000e+03
2.134000000000000000e+03
2.250000000000000000e+03
2.104000000000000000e+03
2.229000000000000000e+03
2.242000000000000000e+03
2.282000000000000000e+03
2.330000000000000000e+03
2.491000000000000000e+03
2.527000000000000000e+03
2.540000000000000000e+03
2.738000000000000000e+03
2.736000000000000000e+03
2.884000000000000000e+03
3.073000000000000000e+03
3.228000000000000000e+03
3.239000000000000000e+03
3.389000000000000000e+03
3.198000000000000000e+03
3.522000000000000000e+03
3.190000000000000000e+03
3.064000000000000000e+03
2.813000000000000000e+03
2.709000000000000000e+03
2.731000000000000000e+03
2.852000000000000000e+03
2.915000000000000000e+03
3.065000000000000000e+03
3.096000000000000000e+03
3.173000000000000000e+03
3.374000000000000000e+03
3.493000000000000000e+03
3.700000000000000000e+03
4.365000000000000000e+03
4.385000000000000000e+03
4.196000000000000000e+03
4.281000000000000000e+03
4.320000000000000000e+03
4.649000000000000000e+03
5.246000000000000000e+03
5.681000000000000000e+03
5.857000000000000000e+03
5.924000000000000000e+03
5.281000000000000000e+03
4.660000000000000000e+03
4.256000000000000000e+03
3.896000000000000000e+03
3.434000000000000000e+03
3.262000000000000000e+03
3.045000000000000000e+03
3.276000000000000000e+03
3.074000000000000000e+03
3.332000000000000000e+03
3.306000000000000000e+03
3.087000000000000000e+03
3.267000000000000000e+03
3.348000000000000000e+03
3.420000000000000000e+03
3.456000000000000000e+03
3.964000000000000000e+03
4.246000000000000000e+03
4.246000000000000000e+03
4.619000000000000000e+03
4.214000000000000000e+03
4.334000000000000000e+03
3.830000000000000000e+03
3.917000000000000000e+03
4.360000000000000000e+03
4.447000000000000000e+03
4.358000000000000000e+03
4.059000000000000000e+03
3.859000000000000000e+03
4.147000000000000000e+03
4.228000000000000000e+03
4.312000000000000000e+03
4.302000000000000000e+03
3.982000000000000000e+03
4.390000000000000000e+03
4.165000000000000000e+03
4.576000000000000000e+03
4.612000000000000000e+03
4.829000000000000000e+03
5.128000000000000000e+03
5.630000000000000000e+03
5.669000000000000000e+03
6.204000000000000000e+03
6.689000000000000000e+03
7.708000000000000000e+03
7.320000000000000000e+03
7.272000000000000000e+03
6.521000000000000000e+03
6.752000000000000000e+03
7.702000000000000000e+03
9.137000000000000000e+03
9.450000000000000000e+03
8.756000000000000000e+03
8.487000000000000000e+03
8.722000000000000000e+03
8.739000000000000000e+03
9.156000000000000000e+03
8.606000000000000000e+03
8.373000000000000000e+03
7.983000000000000000e+03
6.590000000000000000e+03
6.047000000000000000e+03
6.017000000000000000e+03
5.026000000000000000e+03
4.852000000000000000e+03
4.342000000000000000e+03
4.892000000000000000e+03
4.307000000000000000e+03
3.907000000000000000e+03
3.856000000000000000e+03
3.685000000000000000e+03
3.810000000000000000e+03
3.546000000000000000e+03
3.525000000000000000e+03
3.746000000000000000e+03
3.728000000000000000e+03
4.371000000000000000e+03
4.791000000000000000e+03
4.773000000000000000e+03
4.570000000000000000e+03
4.089000000000000000e+03
3.673000000000000000e+03
3.500000000000000000e+03
3.151000000000000000e+03
2.650000000000000000e+03
2.386000000000000000e+03
2.164000000000000000e+03
1.969000000000000000e+03
1.947000000000000000e+03
1.851000000000000000e+03
1.926000000000000000e+03
1.824000000000000000e+03
1.686000000000000000e+03
1.547000000000000000e+03
1.549000000000000000e+03
1.421000000000000000e+03
1.380000000000000000e+03
1.244000000000000000e+03
1.245000000000000000e+03
1.208000000000000000e+03
1.230000000000000000e+03
1.369000000000000000e+03
1.307000000000000000e+03
1.106000000000000000e+03
1.034000000000000000e+03
9.810000000000000000e+02
9.270000000000000000e+02
9.500000000000000000e+02
8.840000000000000000e+02
9.040000000000000000e+02
1.005000000000000000e+03
8.490000000000000000e+02
9.830000000000000000e+02
9.490000000000000000e+02
1.067000000000000000e+03
1.046000000000000000e+03
1.113000000000000000e+03
1.338000000000000000e+03
6.118000000000000000e+03
