1.083000000000000000e+03
0.000000000000000000e+00
4.000000000000000000e+00
2.600000000000000000e+01
5.000000000000000000e+00
1.040000000000000000e+02
7.660000000000000000e+02
6.000000000000000000e+00
3.260000000000000000e+02
5.100000000000000000e+01
6.700000000000000000e+01
7.940000000000000000e+02
3.460000000000000000e+02
2.521000000000000000e+03
1.209000000000000000e+03
2.310000000000000000e+03
3.799000000000000000e+03
2.378000000000000000e+03
1.579000000000000000e+03
3.058000000000000000e+03
2.474000000000000000e+03
3.931000000000000000e+03
1.677000000000000000e+03
1.663000000000000000e+03
1.529000000000000000e+03
1.626000000000000000e+03
8.670000000000000000e+02
1.000000000000000000e+01
5.600000000000000000e+01
1.900000000000000000e+01
2.941000000000000000e+03
0.000000000000000000e+00
1.350000000000000000e+02
1.600000000000000000e+01
4.010000000000000000e+02
9.830000000000000000e+02
7.280000000000000000e+02
1.300000000000000000e+01
4.100000000000000000e+01
1.200000000000000000e+01
8.800000000000000000e+01
1.000000000000000000e+00
2.950000000000000000e+02
2.700000000000000000e+02
0.000000000000000000e+00
2.000000000000000000e+01
1.000000000000000000e+00
0.000000000000000000e+00
1.200000000000000000e+01
0.000000000000000000e+00
3.610000000000000000e+02
5.400000000000000000e+01
7.000000000000000000e+00
0.000000000000000000e+00
1.000000000000000000e+00
1.460000000000000000e+02
1.300000000000000000e+01
2.000000000000000000e+00
0.000000000000000000e+00
0.000000000000000000e+00
8.800000000000000000e+01
0.000000000000000000e+00
0.000000000000000000e+00
3.000000000000000000e+00
0.000000000000000000e+00
0.000000000000000000e+00
2.030000000000000000e+02
0.000000000000000000e+00
2.000000000000000000e+00
1.000000000000000000e+00
1.080000000000000000e+02
2.000000000000000000e+00
0.000000000000000000e+00
4.000000000000000000e+00
5.000000000000000000e+00
4.600000000000000000e+02
0.000000000000000000e+00
0.000000000000000000e+00
0.000000000000000000e+00
6.000000000000000000e+00
1.220000000000000000e+02
1.000000000000000000e+00
0.000000000000000000e+00
1.530000000000000000e+02
0.000000000000000000e+00
5.000000000000000000e+00
1.000000000000000000e+00
1.900000000000000000e+01
0.000000000000000000e+00
0.000000000000000000e+00
7.200000000000000000e+01
2.000000000000000000e+00
1.000000000000000000e+00
1.400000000000000000e+01
2.000000000000000000e+00
3.200000000000000000e+01
1.540000000000000000e+02
2.000000000000000000e+00
3.300000000000000000e+01
7.000000000000000000e+00
1.300000000000000000e+01
1.090000000000000000e+02
1.300000000000000000e+01
2.750000000000000000e+02
5.000000000000000000e+01
1.350000000000000000e+02
3.200000000000000000e+02
1.002000000000000000e+03
8.695000000000000000e+03
7.396000000000000000e+03
6.906000000000000000e+03
1.503300000000000000e+04
9.468000000000000000e+03
2.666000000000000000e+03
4.170000000000000000e+02
2.140000000000000000e+02
8.700000000000000000e+01
9.000000000000000000e+00
8.000000000000000000e+00
9.000000000000000000e+00
7.070000000000000000e+02
1.000000000000000000e+00
8.000000000000000000e+00
1.000000000000000000e+00
6.200000000000000000e+01
1.710000000000000000e+02
3.390000000000000000e+02
0.000000000000000000e+00
2.000000000000000000e+01
3.000000000000000000e+00
2.100000000000000000e+01
0.000000000000000000e+00
1.970000000000000000e+02
7.400000000000000000e+01
0.000000000000000000e+00
1.600000000000000000e+01
0.000000000000000000e+00
0.000000000000000000e+00
1.600000000000000000e+01
0.000000000000000000e+00
2.900000000000000000e+02
2.700000000000000000e+01
0.000000000000000000e+00
4.000000000000000000e+00
3.000000000000000000e+00
8.100000000000000000e+01
8.000000000000000000e+00
0.000000000000000000e+00
0.000000000000000000e+00
0.000000000000000000e+00
2.000000000000000000e+01
0.000000000000000000e+00
0.000000000000000000e+00
1.000000000000000000e+00
0.000000000000000000e+00
0.000000000000000000e+00
1.020000000000000000e+02
0.000000000000000000e+00
2.000000000000000000e+00
0.000000000000000000e+00
4.000000000000000000e+01
0.000000000000000000e+00
0.000000000000000000e+00
6.000000000000000000e+00
1.000000000000000000e+00
6.560000000000000000e+02
0.000000000000000000e+00
0.000000000000000000e+00
0.000000000000000000e+00
4.000000000000000000e+00
7.500000000000000000e+01
0.000000000000000000e+00
0.000000000000000000e+00
1.510000000000000000e+02
4.000000000000000000e+00
4.000000000000000000e+00
0.000000000000000000e+00
3.700000000000000000e+01
0.000000000000000000e+00
0.000000000000000000e+00
6.640000000000000000e+02
0.000000000000000000e+00
2.320000000000000000e+02
9.220000000000000000e+02
8.670000000000000000e+02
4.360000000000000000e+02
7.810000000000000000e+02
1.042000000000000000e+03
1.020000000000000000e+03
1.030000000000000000e+03
1.013000000000000000e+03
1.014000000000000000e+03
9.460000000000000000e+02
9.780000000000000000e+02
9.000000000000000000e+02
8.360000000000000000e+02
8.230000000000000000e+02
8.340000000000000000e+02
8.250000000000000000e+02
8.340000000000000000e+02
7.980000000000000000e+02
8.300000000000000000e+02
8.180000000000000000e+02
8.190000000000000000e+02
7.850000000000000000e+02
7.460000000000000000e+02
7.740000000000000000e+02
6.880000000000000000e+02
7.080000000000000000e+02
7.020000000000000000e+02
6.960000000000000000e+02
6.100000000000000000e+02
6.480000000000000000e+02
5.780000000000000000e+02
5.950000000000000000e+02
5.810000000000000000e+02
6.690000000000000000e+02
4.150000000000000000e+02
5.410000000000000000e+02
5.350000000000000000e+02
4.640000000000000000e+02
4.410000000000000000e+02
3.830000000000000000e+02
4.480000000000000000e+02
4.110000000000000000e+02
3.490000000000000000e+02
4.500000000000000000e+02
3.440000000000000000e+02
3.350000000000000000e+02
3.490000000000000000e+02
3.340000000000000000e+02
3.960000000000000000e+02
2.500000000000000000e+02
3.380000000000000000e+02
2.700000000000000000e+02
3.010000000000000000e+02
2.110000000000000000e+02
3.140000000000000000e+02
2.810000000000000000e+02
2.490000000000000000e+02
2.360000000000000000e+02
2.750000000000000000e+02
1.780000000000000000e+02
1.390000000000000000e+02
3.990000000000000000e+02
1.430000000000000000e+02
1.820000000000000000e+02
2.160000000000000000e+02
1.880000000000000000e+02
1.420000000000000000e+02
2.570000000000000000e+02
1.960000000000000000e+02
1.280000000000000000e+02
2.500000000000000000e+02
1.310000000000000000e+02
1.920000000000000000e+02
1.440000000000000000e+02
2.090000000000000000e+02
2.100000000000000000e+02
1.010000000000000000e+02
1.750000000000000000e+02
1.710000000000000000e+02
1.600000000000000000e+02
1.370000000000000000e+02
9.700000000000000000e+01
3.930000000000000000e+02
9.100000000000000000e+01
1.220000000000000000e+02
1.100000000000000000e+02
1.530000000000000000e+02
1.560000000000000000e+02
1.730000000000000000e+02
1.010000000000000000e+02
1.340000000000000000e+02
1.110000000000000000e+02
8.500000000000000000e+01
1.810000000000000000e+02
1.240000000000000000e+02
1.940000000000000000e+02
1.160000000000000000e+02
1.140000000000000000e+02
7.500000000000000000e+01
2.510000000000000000e+02
7.200000000000000000e+01
1.030000000000000000e+02
8.700000000000000000e+01
1.850000000000000000e+02
1.450000000000000000e+02
8.500000000000000000e+01
2.390000000000000000e+02
8.600000000000000000e+01
1.000000000000000000e+02
1.360000000000000000e+02
1.410000000000000000e+02
7.800000000000000000e+01
1.060000000000000000e+02
2.030000000000000000e+02
1.160000000000000000e+02
1.490000000000000000e+02
1.390000000000000000e+02
1.810000000000000000e+02
1.520000000000000000e+02
1.090000000000000000e+02
1.110000000000000000e+02
2.280000000000000000e+02
1.320000000000000000e+02
2.500000000000000000e+02
2.090000000000000000e+02
5.920000000000000000e+02
3.360000000000000000e+02
2.410000000000000000e+02
3.590000000000000000e+02
1.990000000000000000e+02
6.780000000000000000e+02
5.430000000000000000e+02
5.940000000000000000e+02
2.770000000000000000e+02
5.320000000000000000e+02
1.910000000000000000e+02
4.760000000000000000e+02
2.690000000000000000e+02
4.830000000000000000e+02
2.810000000000000000e+02
2.700000000000000000e+02
2.220000000000000000e+02
2.160000000000000000e+02
4.060000000000000000e+02
3.830000000000000000e+02
2.900000000000000000e+02
2.300000000000000000e+02
6.310000000000000000e+02
5.430000000000000000e+02
4.340000000000000000e+02
6.540000000000000000e+02
6.950000000000000000e+02
5.660000000000000000e+02
7.350000000000000000e+02
7.930000000000000000e+02
6.060000000000000000e+02
6.570000000000000000e+02
6.810000000000000000e+02
6.010000000000000000e+02
9.000000000000000000e+02
8.260000000000000000e+02
9.370000000000000000e+02
9.270000000000000000e+02
1.218000000000000000e+03
9.300000000000000000e+02
7.700000000000000000e+02
7.970000000000000000e+02
6.750000000000000000e+02
6.650000000000000000e+02
8.460000000000000000e+02
9.770000000000000000e+02
1.030000000000000000e+03
8.850000000000000000e+02
1.075000000000000000e+03
1.160000000000000000e+03
1.463000000000000000e+03
1.691000000000000000e+03
2.661000000000000000e+03
2.423000000000000000e+03
2.419000000000000000e+03
2.344000000000000000e+03
1.667000000000000000e+03
9.910000000000000000e+02
8.560000000000000000e+02
7.020000000000000000e+02
5.960000000000000000e+02
3.540000000000000000e+02
8.900000000000000000e+01
2.340000000000000000e+02
9.500000000000000000e+01
4.800000000000000000e+01
1.700000000000000000e+01
2.100000000000000000e+01
2.200000000000000000e+01
5.000000000000000000e+00
2.800000000000000000e+01
4.000000000000000000e+00
2.900000000000000000e+01
1.400000000000000000e+01
8.000000000000000000e+00
2.000000000000000000e+00
6.600000000000000000e+01
1.000000000000000000e+00
1.000000000000000000e+01
1.400000000000000000e+01
2.000000000000000000e+00
2.000000000000000000e+01
6.000000000000000000e+00
8.000000000000000000e+00
4.000000000000000000e+00
7.300000000000000000e+01
3.000000000000000000e+00
7.000000000000000000e+00
1.400000000000000000e+01
6.000000000000000000e+00
2.000000000000000000e+00
4.000000000000000000e+01
7.000000000000000000e+00
1.300000000000000000e+01
3.000000000000000000e+00
1.600000000000000000e+01
4.000000000000000000e+00
9.000000000000000000e+00
2.000000000000000000e+00
4.300000000000000000e+01
6.000000000000000000e+00
1.000000000000000000e+00
8.000000000000000000e+00
9.000000000000000000e+00
1.900000000000000000e+01
5.000000000000000000e+00
1.200000000000000000e+01
7.000000000000000000e+00
1.000000000000000000e+00
1.500000000000000000e+01
0.000000000000000000e+00
1.000000000000000000e+01
6.000000000000000000e+00
8.000000000000000000e+00
1.200000000000000000e+01
0.000000000000000000e+00
2.000000000000000000e+00
4.000000000000000000e+00
5.000000000000000000e+00
3.000000000000000000e+00
0.000000000000000000e+00
2.000000000000000000e+00
0.000000000000000000e+00
0.000000000000000000e+00
0.000000000000000000e+00
0.000000000000000000e+00
0.000000000000000000e+00
1.398000000000000000e+03
3.400000000000000000e+01
1.390000000000000000e+02
1.060000000000000000e+02
1.830000000000000000e+02
2.260000000000000000e+02
2.300000000000000000e+02
2.420000000000000000e+02
2.660000000000000000e+02
3.120000000000000000e+02
3.800000000000000000e+02
3.440000000000000000e+02
3.640000000000000000e+02
3.530000000000000000e+02
3.810000000000000000e+02
3.620000000000000000e+02
3.680000000000000000e+02
3.240000000000000000e+02
3.320000000000000000e+02
3.130000000000000000e+02
2.840000000000000000e+02
2.940000000000000000e+02
2.470000000000000000e+02
2.530000000000000000e+02
2.510000000000000000e+02
2.540000000000000000e+02
2.390000000000000000e+02
2.150000000000000000e+02
2.170000000000000000e+02
2.200000000000000000e+02
2.080000000000000000e+02
1.950000000000000000e+02
1.940000000000000000e+02
1.850000000000000000e+02
1.770000000000000000e+02
1.830000000000000000e+02
2.010000000000000000e+02
1.520000000000000000e+02
1.330000000000000000e+02
1.640000000000000000e+02
1.440000000000000000e+02
1.620000000000000000e+02
1.690000000000000000e+02
1.600000000000000000e+02
1.500000000000000000e+02
1.250000000000000000e+02
1.100000000000000000e+02
1.360000000000000000e+02
1.550000000000000000e+02
1.400000000000000000e+02
1.540000000000000000e+02
1.310000000000000000e+02
1.350000000000000000e+02
1.270000000000000000e+02
1.300000000000000000e+02
1.530000000000000000e+02
1.390000000000000000e+02
1.370000000000000000e+02
1.260000000000000000e+02
1.430000000000000000e+02
1.390000000000000000e+02
1.090000000000000000e+02
1.250000000000000000e+02
1.400000000000000000e+02
1.080000000000000000e+02
1.540000000000000000e+02
1.270000000000000000e+02
1.460000000000000000e+02
1.150000000000000000e+02
1.210000000000000000e+02
1.400000000000000000e+02
1.310000000000000000e+02
1.250000000000000000e+02
1.300000000000000000e+02
1.130000000000000000e+02
1.300000000000000000e+02
1.420000000000000000e+02
1.280000000000000000e+02
1.150000000000000000e+02
1.250000000000000000e+02
1.460000000000000000e+02
1.340000000000000000e+02
1.220000000000000000e+02
1.520000000000000000e+02
1.370000000000000000e+02
1.310000000000000000e+02
1.130000000000000000e+02
1.260000000000000000e+02
1.420000000000000000e+02
1.350000000000000000e+02
1.530000000000000000e+02
1.450000000000000000e+02
1.290000000000000000e+02
1.560000000000000000e+02
1.360000000000000000e+02
1.380000000000000000e+02
1.430000000000000000e+02
1.670000000000000000e+02
1.400000000000000000e+02
1.530000000000000000e+02
1.430000000000000000e+02
1.220000000000000000e+02
1.560000000000000000e+02
1.520000000000000000e+02
1.620000000000000000e+02
1.560000000000000000e+02
1.640000000000000000e+02
1.700000000000000000e+02
1.750000000000000000e+02
1.850000000000000000e+02
1.790000000000000000e+02
1.920000000000000000e+02
1.770000000000000000e+02
1.910000000000000000e+02
1.810000000000000000e+02
2.070000000000000000e+02
1.990000000000000000e+02
2.100000000000000000e+02
2.120000000000000000e+02
2.010000000000000000e+02
1.880000000000000000e+02
2.020000000000000000e+02
2.130000000000000000e+02
2.050000000000000000e+02
2.620000000000000000e+02
2.390000000000000000e+02
2.230000000000000000e+02
3.590000000000000000e+02
3.530000000000000000e+02
4.680000000000000000e+02
5.750000000000000000e+02
7.570000000000000000e+02
8.530000000000000000e+02
8.050000000000000000e+02
9.620000000000000000e+02
9.900000000000000000e+02
1.019000000000000000e+03
1.015000000000000000e+03
9.660000000000000000e+02
9.750000000000000000e+02
9.570000000000000000e+02
9.420000000000000000e+02
1.168000000000000000e+03
1.434000000000000000e+03
1.215000000000000000e+03
8.980000000000000000e+02
1.034000000000000000e+03
8.670000000000000000e+02
7.810000000000000000e+02
8.880000000000000000e+02
8.050000000000000000e+02
8.900000000000000000e+02
7.930000000000000000e+02
8.510000000000000000e+02
8.330000000000000000e+02
7.820000000000000000e+02
8.370000000000000000e+02
9.660000000000000000e+02
9.220000000000000000e+02
8.170000000000000000e+02
9.520000000000000000e+02
1.101000000000000000e+03
1.018000000000000000e+03
9.470000000000000000e+02
9.000000000000000000e+02
9.130000000000000000e+02
8.610000000000000000e+02
8.690000000000000000e+02
8.300000000000000000e+02
8.490000000000000000e+02
9.930000000000000000e+02
8.070000000000000000e+02
9.020000000000000000e+02
9.130000000000000000e+02
8.830000000000000000e+02
9.600000000000000000e+02
9.320000000000000000e+02
9.070000000000000000e+02
1.024000000000000000e+03
1.083000000000000000e+03
1.031000000000000000e+03
9.890000000000000000e+02
8.860000000000000000e+02
9.750000000000000000e+02
1.060000000000000000e+03
1.308000000000000000e+03
1.192000000000000000e+03
9.870000000000000000e+02
1.052000000000000000e+03
9.880000000000000000e+02
9.220000000000000000e+02
1.019000000000000000e+03
1.173000000000000000e+03
1.227000000000000000e+03
1.716000000000000000e+03
1.759000000000000000e+03
1.483000000000000000e+03
9.750000000000000000e+02
7.580000000000000000e+02
5.590000000000000000e+02
4.400000000000000000e+02
3.930000000000000000e+02
3.000000000000000000e+02
2.520000000000000000e+02
2.450000000000000000e+02
2.290000000000000000e+02
2.200000000000000000e+02
1.930000000000000000e+02
2.000000000000000000e+02
2.010000000000000000e+02
2.000000000000000000e+02
1.560000000000000000e+02
1.580000000000000000e+02
1.750000000000000000e+02
1.800000000000000000e+02
1.440000000000000000e+02
1.400000000000000000e+02
1.230000000000000000e+02
1.510000000000000000e+02
1.410000000000000000e+02
1.300000000000000000e+02
1.240000000000000000e+02
1.290000000000000000e+02
1.070000000000000000e+02
9.800000000000000000e+01
1.130000000000000000e+02
1.060000000000000000e+02
1.080000000000000000e+02
7.800000000000000000e+01
7.000000000000000000e+01
8.700000000000000000e+01
7.800000000000000000e+01
4.800000000000000000e+01
6.000000000000000000e+01
5.200000000000000000e+01
4.500000000000000000e+01
3.500000000000000000e+01
4.300000000000000000e+01
4.200000000000000000e+01
3.000000000000000000e+01
3.500000000000000000e+01
1.700000000000000000e+01
2.800000000000000000e+01
2.200000000000000000e+01
1.500000000000000000e+01
1.700000000000000000e+01
1.100000000000000000e+01
1.100000000000000000e+01
9.000000000000000000e+00
9.000000000000000000e+00
3.000000000000000000e+00
9.000000000000000000e+00
2.000000000000000000e+00
6.000000000000000000e+00
3.000000000000000000e+00
2.000000000000000000e+00
2.300000000000000000e+01
