4.050000000000000000e+02
0.000000000000000000e+00
0.000000000000000000e+00
0.000000000000000000e+00
1.000000000000000000e+00
0.000000000000000000e+00
5.100000000000000000e+01
0.000000000000000000e+00
4.000000000000000000e+00
0.000000000000000000e+00
4.000000000000000000e+00
3.200000000000000000e+01
4.000000000000000000e+00
2.200000000000000000e+01
1.300000000000000000e+01
4.200000000000000000e+01
1.090000000000000000e+02
1.950000000000000000e+02
3.450000000000000000e+02
1.259000000000000000e+03
2.891000000000000000e+03
3.159000000000000000e+03
5.727000000000000000e+03
2.624000000000000000e+03
2.940000000000000000e+03
9.140000000000000000e+02
3.248000000000000000e+03
8.420000000000000000e+02
1.020000000000000000e+03
1.000000000000000000e+03
1.623000000000000000e+03
1.180000000000000000e+02
1.516000000000000000e+03
6.970000000000000000e+02
1.158000000000000000e+03
2.250000000000000000e+03
3.300000000000000000e+02
5.250000000000000000e+02
1.346000000000000000e+03
6.960000000000000000e+02
4.490000000000000000e+02
7.200000000000000000e+01
3.710000000000000000e+02
1.511000000000000000e+03
4.300000000000000000e+01
1.888000000000000000e+03
3.610000000000000000e+02
1.000000000000000000e+01
2.906000000000000000e+03
2.700000000000000000e+01
2.850000000000000000e+02
7.310000000000000000e+02
5.300000000000000000e+02
4.200000000000000000e+01
1.100000000000000000e+02
3.430000000000000000e+02
2.860000000000000000e+02
1.530000000000000000e+02
1.800000000000000000e+01
8.000000000000000000e+00
3.290000000000000000e+02
0.000000000000000000e+00
2.600000000000000000e+01
9.000000000000000000e+01
0.000000000000000000e+00
4.000000000000000000e+01
3.270000000000000000e+02
2.300000000000000000e+01
5.600000000000000000e+01
2.900000000000000000e+01
1.800000000000000000e+02
1.900000000000000000e+01
4.000000000000000000e+00
8.900000000000000000e+01
1.150000000000000000e+02
2.410000000000000000e+02
2.100000000000000000e+01
1.000000000000000000e+01
3.000000000000000000e+00
7.700000000000000000e+01
2.730000000000000000e+02
3.000000000000000000e+00
1.000000000000000000e+00
1.890000000000000000e+02
4.100000000000000000e+01
3.100000000000000000e+01
1.100000000000000000e+01
1.910000000000000000e+02
1.600000000000000000e+01
2.000000000000000000e+00
2.640000000000000000e+02
1.300000000000000000e+01
4.400000000000000000e+01
1.090000000000000000e+02
1.200000000000000000e+01
3.850000000000000000e+02
3.060000000000000000e+02
2.400000000000000000e+01
3.680000000000000000e+02
1.270000000000000000e+02
1.780000000000000000e+02
6.650000000000000000e+02
3.820000000000000000e+02
1.163000000000000000e+03
7.800000000000000000e+02
1.785000000000000000e+03
3.511000000000000000e+03
1.117000000000000000e+04
1.411800000000000000e+04
2.550000000000000000e+03
1.212000000000000000e+03
1.189000000000000000e+03
6.920000000000000000e+02
6.670000000000000000e+02
4.710000000000000000e+02
5.670000000000000000e+02
5.580000000000000000e+02
6.600000000000000000e+01
9.400000000000000000e+01
2.300000000000000000e+01
1.368000000000000000e+03
0.000000000000000000e+00
1.020000000000000000e+02
1.500000000000000000e+01
3.960000000000000000e+02
6.410000000000000000e+02
3.540000000000000000e+02
0.000000000000000000e+00
5.200000000000000000e+01
1.400000000000000000e+01
1.190000000000000000e+02
0.000000000000000000e+00
3.270000000000000000e+02
2.320000000000000000e+02
0.000000000000000000e+00
8.000000000000000000e+00
1.000000000000000000e+00
1.000000000000000000e+00
3.200000000000000000e+01
0.000000000000000000e+00
3.910000000000000000e+02
8.000000000000000000e+01
3.000000000000000000e+00
2.000000000000000000e+00
0.000000000000000000e+00
1.840000000000000000e+02
1.500000000000000000e+01
0.000000000000000000e+00
0.000000000000000000e+00
0.000000000000000000e+00
7.100000000000000000e+01
0.000000000000000000e+00
0.000000000000000000e+00
5.000000000000000000e+00
0.000000000000000000e+00
0.000000000000000000e+00
1.730000000000000000e+02
0.000000000000000000e+00
7.000000000000000000e+00
0.000000000000000000e+00
5.600000000000000000e+01
0.000000000000000000e+00
1.000000000000000000e+00
6.000000000000000000e+00
0.000000000000000000e+00
3.290000000000000000e+02
0.000000000000000000e+00
0.000000000000000000e+00
0.000000000000000000e+00
0.000000000000000000e+00
4.100000000000000000e+01
0.000000000000000000e+00
0.000000000000000000e+00
9.200000000000000000e+01
0.000000000000000000e+00
0.000000000000000000e+00
0.000000000000000000e+00
2.000000000000000000e+00
0.000000000000000000e+00
0.000000000000000000e+00
3.880000000000000000e+02
0.000000000000000000e+00
3.000000000000000000e+00
5.300000000000000000e+01
4.700000000000000000e+01
6.600000000000000000e+01
6.200000000000000000e+01
1.350000000000000000e+02
2.180000000000000000e+02
2.580000000000000000e+02
2.570000000000000000e+02
2.960000000000000000e+02
3.510000000000000000e+02
3.430000000000000000e+02
3.850000000000000000e+02
3.890000000000000000e+02
3.910000000000000000e+02
4.370000000000000000e+02
4.880000000000000000e+02
5.200000000000000000e+02
5.520000000000000000e+02
5.770000000000000000e+02
6.080000000000000000e+02
6.570000000000000000e+02
6.000000000000000000e+02
5.380000000000000000e+02
6.090000000000000000e+02
5.600000000000000000e+02
5.370000000000000000e+02
5.610000000000000000e+02
5.510000000000000000e+02
5.110000000000000000e+02
5.580000000000000000e+02
5.350000000000000000e+02
5.540000000000000000e+02
5.010000000000000000e+02
6.100000000000000000e+02
4.340000000000000000e+02
4.500000000000000000e+02
5.130000000000000000e+02
4.420000000000000000e+02
3.990000000000000000e+02
4.130000000000000000e+02
5.990000000000000000e+02
4.340000000000000000e+02
4.120000000000000000e+02
5.320000000000000000e+02
3.970000000000000000e+02
3.850000000000000000e+02
3.920000000000000000e+02
3.820000000000000000e+02
5.200000000000000000e+02
3.660000000000000000e+02
3.960000000000000000e+02
3.380000000000000000e+02
4.020000000000000000e+02
3.380000000000000000e+02
4.400000000000000000e+02
3.540000000000000000e+02
3.890000000000000000e+02
3.100000000000000000e+02
3.590000000000000000e+02
3.640000000000000000e+02
3.060000000000000000e+02
6.070000000000000000e+02
3.160000000000000000e+02
2.810000000000000000e+02
4.130000000000000000e+02
3.530000000000000000e+02
3.090000000000000000e+02
6.140000000000000000e+02
4.250000000000000000e+02
3.280000000000000000e+02
4.930000000000000000e+02
3.950000000000000000e+02
4.830000000000000000e+02
3.910000000000000000e+02
6.040000000000000000e+02
5.290000000000000000e+02
3.520000000000000000e+02
4.690000000000000000e+02
4.770000000000000000e+02
4.430000000000000000e+02
5.140000000000000000e+02
4.100000000000000000e+02
9.920000000000000000e+02
4.630000000000000000e+02
5.710000000000000000e+02
5.660000000000000000e+02
6.610000000000000000e+02
7.110000000000000000e+02
8.270000000000000000e+02
6.750000000000000000e+02
7.650000000000000000e+02
8.810000000000000000e+02
6.500000000000000000e+02
9.520000000000000000e+02
7.870000000000000000e+02
1.120000000000000000e+03
9.580000000000000000e+02
9.260000000000000000e+02
9.080000000000000000e+02
1.772000000000000000e+03
1.317000000000000000e+03
1.109000000000000000e+03
1.000000000000000000e+03
1.539000000000000000e+03
1.204000000000000000e+03
1.179000000000000000e+03
1.454000000000000000e+03
9.810000000000000000e+02
1.073000000000000000e+03
8.390000000000000000e+02
1.077000000000000000e+03
8.510000000000000000e+02
8.270000000000000000e+02
1.390000000000000000e+03
7.550000000000000000e+02
1.453000000000000000e+03
1.142000000000000000e+03
1.035000000000000000e+03
1.075000000000000000e+03
9.370000000000000000e+02
8.110000000000000000e+02
1.048000000000000000e+03
6.140000000000000000e+02
9.340000000000000000e+02
6.120000000000000000e+02
1.677000000000000000e+03
6.140000000000000000e+02
4.640000000000000000e+02
5.610000000000000000e+02
6.230000000000000000e+02
5.990000000000000000e+02
6.740000000000000000e+02
3.680000000000000000e+02
3.930000000000000000e+02
4.020000000000000000e+02
2.150000000000000000e+02
3.790000000000000000e+02
2.670000000000000000e+02
2.100000000000000000e+02
5.320000000000000000e+02
2.810000000000000000e+02
1.590000000000000000e+02
1.320000000000000000e+02
3.790000000000000000e+02
1.570000000000000000e+02
1.980000000000000000e+02
2.820000000000000000e+02
2.880000000000000000e+02
1.610000000000000000e+02
1.140000000000000000e+02
3.950000000000000000e+02
8.200000000000000000e+01
2.020000000000000000e+02
1.550000000000000000e+02
1.730000000000000000e+02
1.560000000000000000e+02
3.570000000000000000e+02
8.100000000000000000e+01
2.140000000000000000e+02
2.080000000000000000e+02
9.300000000000000000e+01
1.280000000000000000e+02
1.700000000000000000e+02
1.390000000000000000e+02
1.190000000000000000e+02
8.500000000000000000e+01
4.400000000000000000e+01
5.650000000000000000e+02
3.200000000000000000e+01
6.900000000000000000e+01
1.190000000000000000e+02
1.250000000000000000e+02
1.180000000000000000e+02
7.700000000000000000e+01
1.520000000000000000e+02
5.100000000000000000e+01
2.100000000000000000e+02
1.200000000000000000e+02
8.800000000000000000e+01
2.510000000000000000e+02
5.000000000000000000e+01
1.290000000000000000e+02
1.510000000000000000e+02
5.400000000000000000e+01
1.040000000000000000e+02
1.550000000000000000e+02
7.200000000000000000e+01
5.100000000000000000e+01
2.590000000000000000e+02
1.700000000000000000e+01
6.600000000000000000e+01
6.300000000000000000e+01
9.300000000000000000e+01
1.210000000000000000e+02
7.800000000000000000e+01
1.430000000000000000e+02
2.900000000000000000e+01
1.010000000000000000e+02
7.200000000000000000e+01
6.200000000000000000e+01
3.400000000000000000e+01
1.730000000000000000e+02
4.100000000000000000e+01
9.000000000000000000e+01
5.900000000000000000e+01
4.000000000000000000e+01
1.060000000000000000e+02
6.600000000000000000e+01
5.600000000000000000e+01
2.000000000000000000e+01
1.610000000000000000e+02
4.700000000000000000e+01
4.600000000000000000e+01
7.100000000000000000e+01
5.400000000000000000e+01
2.000000000000000000e+01
1.350000000000000000e+02
3.900000000000000000e+01
6.000000000000000000e+01
4.500000000000000000e+01
7.100000000000000000e+01
4.400000000000000000e+01
4.700000000000000000e+01
2.000000000000000000e+01
6.300000000000000000e+01
5.100000000000000000e+01
2.600000000000000000e+01
7.700000000000000000e+01
5.000000000000000000e+01
6.000000000000000000e+01
3.000000000000000000e+01
6.400000000000000000e+01
6.600000000000000000e+01
2.300000000000000000e+01
5.100000000000000000e+01
4.400000000000000000e+01
4.600000000000000000e+01
3.300000000000000000e+01
3.800000000000000000e+01
5.700000000000000000e+01
3.100000000000000000e+01
3.600000000000000000e+01
2.700000000000000000e+01
3.100000000000000000e+01
2.900000000000000000e+01
2.900000000000000000e+01
1.700000000000000000e+01
1.300000000000000000e+01
3.000000000000000000e+00
0.000000000000000000e+00
0.000000000000000000e+00
0.000000000000000000e+00
2.568000000000000000e+03
5.000000000000000000e+00
2.100000000000000000e+01
4.900000000000000000e+01
4.900000000000000000e+01
8.700000000000000000e+01
1.380000000000000000e+02
1.790000000000000000e+02
2.690000000000000000e+02
3.160000000000000000e+02
5.760000000000000000e+02
7.080000000000000000e+02
9.090000000000000000e+02
9.680000000000000000e+02
1.033000000000000000e+03
1.009000000000000000e+03
9.880000000000000000e+02
9.620000000000000000e+02
9.470000000000000000e+02
1.012000000000000000e+03
9.290000000000000000e+02
9.450000000000000000e+02
9.120000000000000000e+02
8.570000000000000000e+02
8.000000000000000000e+02
7.810000000000000000e+02
6.960000000000000000e+02
6.960000000000000000e+02
7.290000000000000000e+02
6.560000000000000000e+02
6.520000000000000000e+02
6.280000000000000000e+02
5.470000000000000000e+02
5.260000000000000000e+02
5.480000000000000000e+02
5.040000000000000000e+02
4.510000000000000000e+02
4.740000000000000000e+02
4.490000000000000000e+02
4.220000000000000000e+02
4.280000000000000000e+02
3.990000000000000000e+02
4.110000000000000000e+02
3.830000000000000000e+02
3.390000000000000000e+02
3.110000000000000000e+02
3.700000000000000000e+02
3.150000000000000000e+02
3.080000000000000000e+02
2.710000000000000000e+02
2.660000000000000000e+02
2.780000000000000000e+02
2.730000000000000000e+02
2.530000000000000000e+02
2.480000000000000000e+02
2.210000000000000000e+02
2.240000000000000000e+02
2.230000000000000000e+02
2.120000000000000000e+02
2.200000000000000000e+02
1.780000000000000000e+02
1.770000000000000000e+02
1.930000000000000000e+02
2.030000000000000000e+02
2.050000000000000000e+02
1.860000000000000000e+02
1.780000000000000000e+02
1.870000000000000000e+02
1.870000000000000000e+02
1.690000000000000000e+02
1.950000000000000000e+02
1.790000000000000000e+02
1.640000000000000000e+02
1.770000000000000000e+02
2.020000000000000000e+02
2.140000000000000000e+02
1.870000000000000000e+02
1.920000000000000000e+02
1.710000000000000000e+02
1.870000000000000000e+02
1.680000000000000000e+02
1.740000000000000000e+02
1.940000000000000000e+02
1.820000000000000000e+02
1.710000000000000000e+02
1.810000000000000000e+02
1.670000000000000000e+02
1.920000000000000000e+02
2.020000000000000000e+02
1.400000000000000000e+02
1.970000000000000000e+02
1.890000000000000000e+02
1.850000000000000000e+02
2.110000000000000000e+02
1.750000000000000000e+02
1.980000000000000000e+02
2.060000000000000000e+02
2.030000000000000000e+02
2.190000000000000000e+02
2.220000000000000000e+02
1.980000000000000000e+02
2.030000000000000000e+02
2.080000000000000000e+02
1.820000000000000000e+02
2.000000000000000000e+02
2.240000000000000000e+02
2.180000000000000000e+02
2.490000000000000000e+02
2.140000000000000000e+02
2.240000000000000000e+02
2.030000000000000000e+02
2.360000000000000000e+02
2.150000000000000000e+02
2.370000000000000000e+02
2.700000000000000000e+02
2.490000000000000000e+02
2.760000000000000000e+02
2.690000000000000000e+02
2.780000000000000000e+02
3.010000000000000000e+02
3.150000000000000000e+02
3.330000000000000000e+02
3.470000000000000000e+02
2.930000000000000000e+02
3.230000000000000000e+02
3.460000000000000000e+02
3.590000000000000000e+02
3.340000000000000000e+02
3.700000000000000000e+02
3.510000000000000000e+02
3.650000000000000000e+02
4.130000000000000000e+02
3.650000000000000000e+02
4.220000000000000000e+02
3.810000000000000000e+02
4.250000000000000000e+02
4.400000000000000000e+02
4.050000000000000000e+02
4.200000000000000000e+02
4.790000000000000000e+02
4.480000000000000000e+02
4.300000000000000000e+02
4.750000000000000000e+02
4.350000000000000000e+02
4.170000000000000000e+02
4.750000000000000000e+02
4.950000000000000000e+02
4.750000000000000000e+02
4.720000000000000000e+02
4.440000000000000000e+02
4.490000000000000000e+02
4.590000000000000000e+02
4.650000000000000000e+02
4.750000000000000000e+02
4.810000000000000000e+02
4.720000000000000000e+02
5.020000000000000000e+02
4.940000000000000000e+02
4.610000000000000000e+02
5.130000000000000000e+02
4.880000000000000000e+02
5.010000000000000000e+02
4.620000000000000000e+02
5.200000000000000000e+02
5.050000000000000000e+02
4.970000000000000000e+02
4.650000000000000000e+02
4.510000000000000000e+02
4.950000000000000000e+02
4.480000000000000000e+02
4.980000000000000000e+02
4.530000000000000000e+02
4.590000000000000000e+02
4.610000000000000000e+02
4.480000000000000000e+02
4.390000000000000000e+02
4.510000000000000000e+02
4.310000000000000000e+02
4.210000000000000000e+02
4.750000000000000000e+02
4.800000000000000000e+02
4.330000000000000000e+02
4.470000000000000000e+02
4.680000000000000000e+02
5.560000000000000000e+02
5.250000000000000000e+02
5.120000000000000000e+02
5.310000000000000000e+02
5.390000000000000000e+02
6.650000000000000000e+02
6.260000000000000000e+02
6.220000000000000000e+02
6.690000000000000000e+02
6.380000000000000000e+02
6.210000000000000000e+02
7.060000000000000000e+02
7.220000000000000000e+02
7.530000000000000000e+02
9.230000000000000000e+02
1.063000000000000000e+03
1.165000000000000000e+03
1.096000000000000000e+03
9.580000000000000000e+02
9.640000000000000000e+02
6.930000000000000000e+02
8.930000000000000000e+02
1.172000000000000000e+03
1.260000000000000000e+03
1.070000000000000000e+03
9.430000000000000000e+02
9.610000000000000000e+02
1.061000000000000000e+03
1.218000000000000000e+03
9.270000000000000000e+02
7.480000000000000000e+02
6.840000000000000000e+02
5.420000000000000000e+02
4.090000000000000000e+02
3.290000000000000000e+02
1.740000000000000000e+02
1.700000000000000000e+02
1.020000000000000000e+02
7.300000000000000000e+01
7.700000000000000000e+01
7.200000000000000000e+01
5.100000000000000000e+01
3.200000000000000000e+01
3.800000000000000000e+01
2.700000000000000000e+01
2.300000000000000000e+01
1.900000000000000000e+01
2.100000000000000000e+01
1.500000000000000000e+01
1.700000000000000000e+01
1.100000000000000000e+01
1.100000000000000000e+01
1.000000000000000000e+01
1.000000000000000000e+01
6.000000000000000000e+00
5.000000000000000000e+00
4.000000000000000000e+00
1.000000000000000000e+00
2.000000000000000000e+00
4.000000000000000000e+00
1.000000000000000000e+00
1.000000000000000000e+00
1.000000000000000000e+00
0.000000000000000000e+00
1.000000000000000000e+00
0.000000000000000000e+00
1.000000000000000000e+00
0.000000000000000000e+00
0.000000000000000000e+00
0.000000000000000000e+00
0.000000000000000000e+00
0.000000000000000000e+00
0.000000000000000000e+00
