2.690000000000000000e+02
0.000000000000000000e+00
3.000000000000000000e+00
3.000000000000000000e+00
3.000000000000000000e+00
1.800000000000000000e+01
1.100000000000000000e+02
3.000000000000000000e+00
5.300000000000000000e+01
9.000000000000000000e+00
1.200000000000000000e+01
1.450000000000000000e+02
5.800000000000000000e+01
3.350000000000000000e+02
1.700000000000000000e+02
4.180000000000000000e+02
9.450000000000000000e+02
1.882000000000000000e+03
2.942000000000000000e+03
5.321000000000000000e+03
5.016000000000000000e+03
4.714000000000000000e+03
5.428000000000000000e+03
2.552000000000000000e+03
3.374000000000000000e+03
1.771000000000000000e+03
4.146000000000000000e+03
5.710000000000000000e+02
6.850000000000000000e+02
4.890000000000000000e+02
2.480000000000000000e+03
4.100000000000000000e+01
9.930000000000000000e+02
1.880000000000000000e+02
7.480000000000000000e+02
1.632000000000000000e+03
4.970000000000000000e+02
5.700000000000000000e+01
3.660000000000000000e+02
1.420000000000000000e+02
5.100000000000000000e+02
3.200000000000000000e+01
6.020000000000000000e+02
6.010000000000000000e+02
3.000000000000000000e+01
1.010000000000000000e+02
5.400000000000000000e+01
1.100000000000000000e+01
2.530000000000000000e+02
9.000000000000000000e+00
7.260000000000000000e+02
3.660000000000000000e+02
6.200000000000000000e+01
1.300000000000000000e+01
1.200000000000000000e+01
7.370000000000000000e+02
3.580000000000000000e+02
1.900000000000000000e+01
8.000000000000000000e+00
3.000000000000000000e+00
4.290000000000000000e+02
2.000000000000000000e+00
9.000000000000000000e+00
9.900000000000000000e+01
4.000000000000000000e+00
3.800000000000000000e+01
8.560000000000000000e+02
9.000000000000000000e+00
8.600000000000000000e+01
1.800000000000000000e+01
3.600000000000000000e+02
4.000000000000000000e+00
1.000000000000000000e+01
2.910000000000000000e+02
1.850000000000000000e+02
2.890000000000000000e+02
2.900000000000000000e+01
6.000000000000000000e+00
1.000000000000000000e+00
1.940000000000000000e+02
1.022000000000000000e+03
5.000000000000000000e+00
5.000000000000000000e+00
4.740000000000000000e+02
1.210000000000000000e+02
2.590000000000000000e+02
8.000000000000000000e+00
6.130000000000000000e+02
1.600000000000000000e+01
6.000000000000000000e+00
4.400000000000000000e+02
1.300000000000000000e+01
4.900000000000000000e+01
1.090000000000000000e+02
1.000000000000000000e+01
1.960000000000000000e+02
4.400000000000000000e+02
6.000000000000000000e+00
1.510000000000000000e+02
5.600000000000000000e+01
3.600000000000000000e+01
3.690000000000000000e+02
7.700000000000000000e+01
5.170000000000000000e+02
1.910000000000000000e+02
4.280000000000000000e+02
5.880000000000000000e+02
1.270000000000000000e+03
4.071000000000000000e+03
1.446800000000000000e+04
1.075400000000000000e+04
3.966000000000000000e+03
2.740000000000000000e+02
6.800000000000000000e+01
1.690000000000000000e+02
7.300000000000000000e+01
6.400000000000000000e+01
5.000000000000000000e+00
5.000000000000000000e+00
6.000000000000000000e+00
1.930000000000000000e+02
0.000000000000000000e+00
6.000000000000000000e+00
0.000000000000000000e+00
1.100000000000000000e+01
3.100000000000000000e+01
3.100000000000000000e+01
0.000000000000000000e+00
7.000000000000000000e+00
1.000000000000000000e+01
2.000000000000000000e+00
0.000000000000000000e+00
2.600000000000000000e+01
8.000000000000000000e+00
0.000000000000000000e+00
0.000000000000000000e+00
0.000000000000000000e+00
0.000000000000000000e+00
1.000000000000000000e+01
0.000000000000000000e+00
8.000000000000000000e+01
4.600000000000000000e+01
0.000000000000000000e+00
0.000000000000000000e+00
0.000000000000000000e+00
3.100000000000000000e+01
6.000000000000000000e+00
0.000000000000000000e+00
0.000000000000000000e+00
0.000000000000000000e+00
3.000000000000000000e+01
0.000000000000000000e+00
0.000000000000000000e+00
0.000000000000000000e+00
0.000000000000000000e+00
0.000000000000000000e+00
3.900000000000000000e+01
0.000000000000000000e+00
1.000000000000000000e+00
1.000000000000000000e+00
3.900000000000000000e+01
0.000000000000000000e+00
0.000000000000000000e+00
4.000000000000000000e+00
1.000000000000000000e+00
1.450000000000000000e+02
0.000000000000000000e+00
0.000000000000000000e+00
0.000000000000000000e+00
1.000000000000000000e+00
4.600000000000000000e+01
0.000000000000000000e+00
0.000000000000000000e+00
5.000000000000000000e+01
4.000000000000000000e+00
0.000000000000000000e+00
0.000000000000000000e+00
3.100000000000000000e+01
1.000000000000000000e+00
0.000000000000000000e+00
1.590000000000000000e+02
0.000000000000000000e+00
3.000000000000000000e+01
1.740000000000000000e+02
2.240000000000000000e+02
1.840000000000000000e+02
2.650000000000000000e+02
3.490000000000000000e+02
3.770000000000000000e+02
5.070000000000000000e+02
5.250000000000000000e+02
5.630000000000000000e+02
5.090000000000000000e+02
5.370000000000000000e+02
5.590000000000000000e+02
4.880000000000000000e+02
5.660000000000000000e+02
5.210000000000000000e+02
5.280000000000000000e+02
4.960000000000000000e+02
5.820000000000000000e+02
5.700000000000000000e+02
5.570000000000000000e+02
6.150000000000000000e+02
5.910000000000000000e+02
5.920000000000000000e+02
6.650000000000000000e+02
6.190000000000000000e+02
6.920000000000000000e+02
6.290000000000000000e+02
5.780000000000000000e+02
6.030000000000000000e+02
6.830000000000000000e+02
6.350000000000000000e+02
6.090000000000000000e+02
5.880000000000000000e+02
7.610000000000000000e+02
5.460000000000000000e+02
6.590000000000000000e+02
6.780000000000000000e+02
6.400000000000000000e+02
6.220000000000000000e+02
6.430000000000000000e+02
6.880000000000000000e+02
6.630000000000000000e+02
6.430000000000000000e+02
6.710000000000000000e+02
6.030000000000000000e+02
6.950000000000000000e+02
5.930000000000000000e+02
5.800000000000000000e+02
7.690000000000000000e+02
4.620000000000000000e+02
6.890000000000000000e+02
5.410000000000000000e+02
6.340000000000000000e+02
5.810000000000000000e+02
6.390000000000000000e+02
5.320000000000000000e+02
6.070000000000000000e+02
4.710000000000000000e+02
6.470000000000000000e+02
5.270000000000000000e+02
4.070000000000000000e+02
7.700000000000000000e+02
4.500000000000000000e+02
4.860000000000000000e+02
5.870000000000000000e+02
4.960000000000000000e+02
4.160000000000000000e+02
6.180000000000000000e+02
5.850000000000000000e+02
4.410000000000000000e+02
5.640000000000000000e+02
4.500000000000000000e+02
4.870000000000000000e+02
3.990000000000000000e+02
5.460000000000000000e+02
4.810000000000000000e+02
3.960000000000000000e+02
4.210000000000000000e+02
4.930000000000000000e+02
3.950000000000000000e+02
4.000000000000000000e+02
3.230000000000000000e+02
6.910000000000000000e+02
3.200000000000000000e+02
3.610000000000000000e+02
3.900000000000000000e+02
3.910000000000000000e+02
4.950000000000000000e+02
4.430000000000000000e+02
4.030000000000000000e+02
3.840000000000000000e+02
4.320000000000000000e+02
3.430000000000000000e+02
5.260000000000000000e+02
3.940000000000000000e+02
4.730000000000000000e+02
4.380000000000000000e+02
4.430000000000000000e+02
3.570000000000000000e+02
5.920000000000000000e+02
4.040000000000000000e+02
5.030000000000000000e+02
5.100000000000000000e+02
5.280000000000000000e+02
4.070000000000000000e+02
4.370000000000000000e+02
5.180000000000000000e+02
3.840000000000000000e+02
3.850000000000000000e+02
4.350000000000000000e+02
4.380000000000000000e+02
3.600000000000000000e+02
4.000000000000000000e+02
4.620000000000000000e+02
3.680000000000000000e+02
3.830000000000000000e+02
3.920000000000000000e+02
3.550000000000000000e+02
3.140000000000000000e+02
3.330000000000000000e+02
3.550000000000000000e+02
3.880000000000000000e+02
4.980000000000000000e+02
4.540000000000000000e+02
5.080000000000000000e+02
9.540000000000000000e+02
7.510000000000000000e+02
4.260000000000000000e+02
5.300000000000000000e+02
5.640000000000000000e+02
6.180000000000000000e+02
4.520000000000000000e+02
4.870000000000000000e+02
5.630000000000000000e+02
5.160000000000000000e+02
5.820000000000000000e+02
5.690000000000000000e+02
4.360000000000000000e+02
5.160000000000000000e+02
4.710000000000000000e+02
4.210000000000000000e+02
4.590000000000000000e+02
4.910000000000000000e+02
5.490000000000000000e+02
3.570000000000000000e+02
3.920000000000000000e+02
3.290000000000000000e+02
4.290000000000000000e+02
3.660000000000000000e+02
3.450000000000000000e+02
4.780000000000000000e+02
3.400000000000000000e+02
4.160000000000000000e+02
3.800000000000000000e+02
4.270000000000000000e+02
5.250000000000000000e+02
4.760000000000000000e+02
5.130000000000000000e+02
8.300000000000000000e+02
7.760000000000000000e+02
5.450000000000000000e+02
5.510000000000000000e+02
5.850000000000000000e+02
1.318000000000000000e+03
1.047000000000000000e+03
7.470000000000000000e+02
8.760000000000000000e+02
1.935000000000000000e+03
1.276000000000000000e+03
1.303000000000000000e+03
1.264000000000000000e+03
9.600000000000000000e+02
6.890000000000000000e+02
7.760000000000000000e+02
4.900000000000000000e+02
1.970000000000000000e+02
2.590000000000000000e+02
1.690000000000000000e+02
1.330000000000000000e+02
8.700000000000000000e+01
2.600000000000000000e+01
3.000000000000000000e+01
3.100000000000000000e+01
3.400000000000000000e+01
3.300000000000000000e+01
3.000000000000000000e+01
2.300000000000000000e+01
2.100000000000000000e+01
1.050000000000000000e+02
3.000000000000000000e+00
2.000000000000000000e+01
2.600000000000000000e+01
1.700000000000000000e+01
2.600000000000000000e+01
2.200000000000000000e+01
3.400000000000000000e+01
8.000000000000000000e+00
3.100000000000000000e+01
1.700000000000000000e+01
1.200000000000000000e+01
1.400000000000000000e+01
4.500000000000000000e+01
1.400000000000000000e+01
2.200000000000000000e+01
2.200000000000000000e+01
1.200000000000000000e+01
3.400000000000000000e+01
1.400000000000000000e+01
2.300000000000000000e+01
6.000000000000000000e+00
5.800000000000000000e+01
9.000000000000000000e+00
8.000000000000000000e+00
1.600000000000000000e+01
1.400000000000000000e+01
6.000000000000000000e+00
4.300000000000000000e+01
3.000000000000000000e+00
1.100000000000000000e+01
7.000000000000000000e+00
2.600000000000000000e+01
8.000000000000000000e+00
1.600000000000000000e+01
2.000000000000000000e+00
2.300000000000000000e+01
1.500000000000000000e+01
1.200000000000000000e+01
2.000000000000000000e+01
7.000000000000000000e+00
2.100000000000000000e+01
9.000000000000000000e+00
1.200000000000000000e+01
1.900000000000000000e+01
7.000000000000000000e+00
9.000000000000000000e+00
9.000000000000000000e+00
1.800000000000000000e+01
1.100000000000000000e+01
1.200000000000000000e+01
1.100000000000000000e+01
7.000000000000000000e+00
6.000000000000000000e+00
5.000000000000000000e+00
4.000000000000000000e+00
1.000000000000000000e+00
9.000000000000000000e+00
4.000000000000000000e+00
2.000000000000000000e+00
1.000000000000000000e+00
0.000000000000000000e+00
0.000000000000000000e+00
0.000000000000000000e+00
9.680000000000000000e+02
4.000000000000000000e+00
2.100000000000000000e+01
3.000000000000000000e+01
4.100000000000000000e+01
7.500000000000000000e+01
7.200000000000000000e+01
1.040000000000000000e+02
1.310000000000000000e+02
1.570000000000000000e+02
2.090000000000000000e+02
2.570000000000000000e+02
3.250000000000000000e+02
3.870000000000000000e+02
3.880000000000000000e+02
4.280000000000000000e+02
4.270000000000000000e+02
4.550000000000000000e+02
4.230000000000000000e+02
4.170000000000000000e+02
3.780000000000000000e+02
3.570000000000000000e+02
3.500000000000000000e+02
3.690000000000000000e+02
3.830000000000000000e+02
3.890000000000000000e+02
3.740000000000000000e+02
3.180000000000000000e+02
3.420000000000000000e+02
3.290000000000000000e+02
3.120000000000000000e+02
3.150000000000000000e+02
3.080000000000000000e+02
3.390000000000000000e+02
2.820000000000000000e+02
2.930000000000000000e+02
2.930000000000000000e+02
2.830000000000000000e+02
2.810000000000000000e+02
2.850000000000000000e+02
2.570000000000000000e+02
2.920000000000000000e+02
2.680000000000000000e+02
2.530000000000000000e+02
2.500000000000000000e+02
2.580000000000000000e+02
2.260000000000000000e+02
2.660000000000000000e+02
2.420000000000000000e+02
2.470000000000000000e+02
2.370000000000000000e+02
2.270000000000000000e+02
2.120000000000000000e+02
1.910000000000000000e+02
2.010000000000000000e+02
1.900000000000000000e+02
1.740000000000000000e+02
1.630000000000000000e+02
1.430000000000000000e+02
1.420000000000000000e+02
1.390000000000000000e+02
1.690000000000000000e+02
1.400000000000000000e+02
1.100000000000000000e+02
1.330000000000000000e+02
1.050000000000000000e+02
1.190000000000000000e+02
1.190000000000000000e+02
1.350000000000000000e+02
1.210000000000000000e+02
1.250000000000000000e+02
1.040000000000000000e+02
1.170000000000000000e+02
1.250000000000000000e+02
1.180000000000000000e+02
1.060000000000000000e+02
1.220000000000000000e+02
1.110000000000000000e+02
1.160000000000000000e+02
1.260000000000000000e+02
1.240000000000000000e+02
1.330000000000000000e+02
1.250000000000000000e+02
1.480000000000000000e+02
1.370000000000000000e+02
1.440000000000000000e+02
1.510000000000000000e+02
1.580000000000000000e+02
1.440000000000000000e+02
1.480000000000000000e+02
1.690000000000000000e+02
1.910000000000000000e+02
2.010000000000000000e+02
1.890000000000000000e+02
1.610000000000000000e+02
1.840000000000000000e+02
1.930000000000000000e+02
1.990000000000000000e+02
2.120000000000000000e+02
2.130000000000000000e+02
2.510000000000000000e+02
2.170000000000000000e+02
2.350000000000000000e+02
2.410000000000000000e+02
2.790000000000000000e+02
2.600000000000000000e+02
2.450000000000000000e+02
2.780000000000000000e+02
2.530000000000000000e+02
2.900000000000000000e+02
3.030000000000000000e+02
2.690000000000000000e+02
3.020000000000000000e+02
3.330000000000000000e+02
3.360000000000000000e+02
3.360000000000000000e+02
3.380000000000000000e+02
3.610000000000000000e+02
3.160000000000000000e+02
3.280000000000000000e+02
3.490000000000000000e+02
3.290000000000000000e+02
3.660000000000000000e+02
3.630000000000000000e+02
3.860000000000000000e+02
3.940000000000000000e+02
3.970000000000000000e+02
3.640000000000000000e+02
4.130000000000000000e+02
4.540000000000000000e+02
4.570000000000000000e+02
4.340000000000000000e+02
4.150000000000000000e+02
4.310000000000000000e+02
4.540000000000000000e+02
4.210000000000000000e+02
4.500000000000000000e+02
4.620000000000000000e+02
4.720000000000000000e+02
4.290000000000000000e+02
4.880000000000000000e+02
4.540000000000000000e+02
4.660000000000000000e+02
4.920000000000000000e+02
4.910000000000000000e+02
5.250000000000000000e+02
5.040000000000000000e+02
5.030000000000000000e+02
4.840000000000000000e+02
5.210000000000000000e+02
5.410000000000000000e+02
5.700000000000000000e+02
5.380000000000000000e+02
5.600000000000000000e+02
5.610000000000000000e+02
5.230000000000000000e+02
5.420000000000000000e+02
5.090000000000000000e+02
5.810000000000000000e+02
5.670000000000000000e+02
6.000000000000000000e+02
5.720000000000000000e+02
5.760000000000000000e+02
5.960000000000000000e+02
6.350000000000000000e+02
6.570000000000000000e+02
6.910000000000000000e+02
6.930000000000000000e+02
6.950000000000000000e+02
7.820000000000000000e+02
7.670000000000000000e+02
8.570000000000000000e+02
8.810000000000000000e+02
8.710000000000000000e+02
8.620000000000000000e+02
8.640000000000000000e+02
1.084000000000000000e+03
9.860000000000000000e+02
1.038000000000000000e+03
1.218000000000000000e+03
1.223000000000000000e+03
1.084000000000000000e+03
1.109000000000000000e+03
1.252000000000000000e+03
1.188000000000000000e+03
1.210000000000000000e+03
1.079000000000000000e+03
1.069000000000000000e+03
1.043000000000000000e+03
8.240000000000000000e+02
1.063000000000000000e+03
1.079000000000000000e+03
1.130000000000000000e+03
1.116000000000000000e+03
1.025000000000000000e+03
1.054000000000000000e+03
1.007000000000000000e+03
9.790000000000000000e+02
9.010000000000000000e+02
9.300000000000000000e+02
9.670000000000000000e+02
9.340000000000000000e+02
8.150000000000000000e+02
8.220000000000000000e+02
7.490000000000000000e+02
6.750000000000000000e+02
6.160000000000000000e+02
6.960000000000000000e+02
6.700000000000000000e+02
7.350000000000000000e+02
8.900000000000000000e+02
8.870000000000000000e+02
7.410000000000000000e+02
6.660000000000000000e+02
8.030000000000000000e+02
6.960000000000000000e+02
5.660000000000000000e+02
4.300000000000000000e+02
3.980000000000000000e+02
2.100000000000000000e+02
1.390000000000000000e+02
1.310000000000000000e+02
1.130000000000000000e+02
9.500000000000000000e+01
8.800000000000000000e+01
7.400000000000000000e+01
7.400000000000000000e+01
6.100000000000000000e+01
4.800000000000000000e+01
4.700000000000000000e+01
5.200000000000000000e+01
4.300000000000000000e+01
4.900000000000000000e+01
5.400000000000000000e+01
4.100000000000000000e+01
4.600000000000000000e+01
4.300000000000000000e+01
3.800000000000000000e+01
2.800000000000000000e+01
2.900000000000000000e+01
2.700000000000000000e+01
2.400000000000000000e+01
1.500000000000000000e+01
1.300000000000000000e+01
1.500000000000000000e+01
1.300000000000000000e+01
8.000000000000000000e+00
1.100000000000000000e+01
1.000000000000000000e+01
8.000000000000000000e+00
4.000000000000000000e+00
7.000000000000000000e+00
3.000000000000000000e+00
2.000000000000000000e+00
4.000000000000000000e+00
4.000000000000000000e+00
2.000000000000000000e+00
