1.238000000000000000e+03
6.800000000000000000e+01
2.510000000000000000e+02
5.730000000000000000e+02
8.000000000000000000e+00
5.959000000000000000e+03
6.910000000000000000e+02
1.730000000000000000e+02
2.614000000000000000e+03
1.183000000000000000e+03
1.157000000000000000e+03
2.639000000000000000e+03
1.941000000000000000e+03
3.120000000000000000e+03
1.512000000000000000e+03
2.313000000000000000e+03
1.385000000000000000e+03
1.447000000000000000e+03
7.430000000000000000e+02
9.600000000000000000e+02
1.243000000000000000e+03
1.334000000000000000e+03
1.464000000000000000e+03
1.101000000000000000e+03
1.605000000000000000e+03
9.870000000000000000e+02
3.060000000000000000e+03
6.230000000000000000e+02
9.060000000000000000e+02
1.061000000000000000e+03
4.089000000000000000e+03
3.140000000000000000e+02
2.023000000000000000e+03
1.832000000000000000e+03
2.741000000000000000e+03
6.247000000000000000e+03
1.800000000000000000e+03
9.080000000000000000e+02
1.540000000000000000e+03
6.960000000000000000e+02
8.590000000000000000e+02
3.140000000000000000e+02
1.425000000000000000e+03
1.808000000000000000e+03
1.050000000000000000e+02
2.950000000000000000e+02
9.040000000000000000e+02
8.000000000000000000e+00
4.470000000000000000e+02
7.200000000000000000e+01
5.960000000000000000e+02
1.920000000000000000e+02
1.410000000000000000e+02
7.000000000000000000e+00
6.400000000000000000e+01
1.490000000000000000e+02
4.000000000000000000e+01
4.600000000000000000e+01
1.000000000000000000e+00
0.000000000000000000e+00
1.160000000000000000e+02
0.000000000000000000e+00
1.000000000000000000e+00
2.300000000000000000e+01
0.000000000000000000e+00
2.000000000000000000e+00
8.400000000000000000e+01
0.000000000000000000e+00
1.000000000000000000e+00
2.000000000000000000e+00
4.000000000000000000e+01
0.000000000000000000e+00
0.000000000000000000e+00
2.300000000000000000e+01
4.000000000000000000e+00
2.920000000000000000e+02
0.000000000000000000e+00
0.000000000000000000e+00
0.000000000000000000e+00
3.000000000000000000e+00
3.500000000000000000e+01
0.000000000000000000e+00
0.000000000000000000e+00
8.700000000000000000e+01
0.000000000000000000e+00
0.000000000000000000e+00
1.000000000000000000e+00
2.200000000000000000e+01
0.000000000000000000e+00
0.000000000000000000e+00
3.300000000000000000e+01
0.000000000000000000e+00
0.000000000000000000e+00
5.000000000000000000e+00
0.000000000000000000e+00
5.000000000000000000e+00
1.420000000000000000e+02
0.000000000000000000e+00
2.600000000000000000e+01
0.000000000000000000e+00
0.000000000000000000e+00
6.500000000000000000e+01
0.000000000000000000e+00
1.820000000000000000e+02
5.400000000000000000e+01
5.300000000000000000e+01
1.990000000000000000e+02
2.940000000000000000e+02
2.320000000000000000e+02
1.747000000000000000e+03
3.290000000000000000e+03
4.404000000000000000e+03
7.251000000000000000e+03
3.594000000000000000e+03
8.870000000000000000e+02
1.320000000000000000e+02
8.900000000000000000e+01
2.000000000000000000e+00
1.000000000000000000e+01
0.000000000000000000e+00
2.380000000000000000e+02
0.000000000000000000e+00
1.200000000000000000e+01
0.000000000000000000e+00
1.600000000000000000e+01
4.900000000000000000e+01
8.800000000000000000e+01
0.000000000000000000e+00
9.000000000000000000e+00
3.000000000000000000e+00
1.000000000000000000e+01
0.000000000000000000e+00
3.300000000000000000e+01
1.200000000000000000e+01
0.000000000000000000e+00
3.000000000000000000e+00
0.000000000000000000e+00
0.000000000000000000e+00
4.000000000000000000e+00
0.000000000000000000e+00
1.470000000000000000e+02
1.200000000000000000e+01
1.100000000000000000e+01
0.000000000000000000e+00
0.000000000000000000e+00
2.300000000000000000e+01
7.000000000000000000e+00
0.000000000000000000e+00
0.000000000000000000e+00
0.000000000000000000e+00
2.600000000000000000e+01
0.000000000000000000e+00
0.000000000000000000e+00
2.000000000000000000e+00
0.000000000000000000e+00
1.000000000000000000e+00
7.600000000000000000e+01
0.000000000000000000e+00
3.000000000000000000e+00
2.000000000000000000e+00
3.900000000000000000e+01
0.000000000000000000e+00
0.000000000000000000e+00
3.300000000000000000e+01
1.200000000000000000e+01
1.970000000000000000e+02
0.000000000000000000e+00
1.000000000000000000e+00
0.000000000000000000e+00
1.500000000000000000e+01
1.880000000000000000e+02
1.000000000000000000e+00
0.000000000000000000e+00
2.140000000000000000e+02
8.000000000000000000e+00
3.200000000000000000e+01
0.000000000000000000e+00
2.900000000000000000e+02
3.200000000000000000e+01
1.000000000000000000e+00
3.290000000000000000e+02
0.000000000000000000e+00
2.700000000000000000e+01
2.900000000000000000e+01
3.800000000000000000e+01
4.300000000000000000e+01
1.020000000000000000e+02
5.900000000000000000e+01
1.290000000000000000e+02
2.000000000000000000e+02
2.200000000000000000e+02
2.220000000000000000e+02
2.800000000000000000e+02
3.170000000000000000e+02
3.060000000000000000e+02
4.350000000000000000e+02
3.740000000000000000e+02
3.390000000000000000e+02
4.780000000000000000e+02
4.530000000000000000e+02
5.430000000000000000e+02
5.570000000000000000e+02
6.220000000000000000e+02
7.700000000000000000e+02
9.130000000000000000e+02
8.670000000000000000e+02
1.632000000000000000e+03
2.361000000000000000e+03
2.142000000000000000e+03
1.767000000000000000e+03
1.401000000000000000e+03
1.240000000000000000e+03
1.448000000000000000e+03
1.262000000000000000e+03
1.487000000000000000e+03
1.074000000000000000e+03
1.765000000000000000e+03
1.049000000000000000e+03
1.194000000000000000e+03
1.502000000000000000e+03
1.062000000000000000e+03
1.405000000000000000e+03
1.182000000000000000e+03
9.230000000000000000e+02
1.707000000000000000e+03
9.410000000000000000e+02
1.128000000000000000e+03
1.230000000000000000e+03
2.098000000000000000e+03
2.394000000000000000e+03
1.160000000000000000e+03
1.019000000000000000e+03
9.970000000000000000e+02
1.025000000000000000e+03
1.183000000000000000e+03
1.260000000000000000e+03
7.870000000000000000e+02
1.569000000000000000e+03
9.390000000000000000e+02
1.191000000000000000e+03
1.294000000000000000e+03
1.631000000000000000e+03
1.088000000000000000e+03
1.133000000000000000e+03
1.179000000000000000e+03
8.130000000000000000e+02
5.690000000000000000e+02
7.020000000000000000e+02
5.270000000000000000e+02
5.180000000000000000e+02
7.210000000000000000e+02
6.670000000000000000e+02
5.240000000000000000e+02
6.180000000000000000e+02
5.550000000000000000e+02
5.310000000000000000e+02
5.740000000000000000e+02
6.460000000000000000e+02
6.780000000000000000e+02
5.330000000000000000e+02
4.880000000000000000e+02
6.140000000000000000e+02
4.360000000000000000e+02
6.110000000000000000e+02
3.270000000000000000e+02
8.860000000000000000e+02
3.170000000000000000e+02
5.310000000000000000e+02
4.800000000000000000e+02
5.580000000000000000e+02
5.380000000000000000e+02
4.550000000000000000e+02
4.680000000000000000e+02
4.450000000000000000e+02
5.130000000000000000e+02
3.040000000000000000e+02
5.770000000000000000e+02
4.010000000000000000e+02
4.230000000000000000e+02
4.430000000000000000e+02
4.140000000000000000e+02
3.820000000000000000e+02
4.660000000000000000e+02
3.860000000000000000e+02
3.340000000000000000e+02
3.790000000000000000e+02
4.010000000000000000e+02
3.310000000000000000e+02
3.730000000000000000e+02
3.690000000000000000e+02
2.580000000000000000e+02
2.820000000000000000e+02
3.230000000000000000e+02
3.140000000000000000e+02
2.850000000000000000e+02
2.820000000000000000e+02
2.820000000000000000e+02
3.020000000000000000e+02
2.830000000000000000e+02
2.940000000000000000e+02
2.860000000000000000e+02
2.220000000000000000e+02
2.650000000000000000e+02
2.370000000000000000e+02
2.230000000000000000e+02
2.170000000000000000e+02
1.220000000000000000e+02
2.490000000000000000e+02
4.190000000000000000e+02
9.900000000000000000e+01
1.830000000000000000e+02
1.990000000000000000e+02
1.850000000000000000e+02
1.410000000000000000e+02
1.650000000000000000e+02
1.740000000000000000e+02
1.260000000000000000e+02
2.000000000000000000e+02
1.210000000000000000e+02
1.310000000000000000e+02
1.750000000000000000e+02
1.390000000000000000e+02
1.720000000000000000e+02
1.640000000000000000e+02
9.100000000000000000e+01
1.320000000000000000e+02
1.420000000000000000e+02
1.040000000000000000e+02
1.270000000000000000e+02
1.490000000000000000e+02
8.000000000000000000e+01
8.700000000000000000e+01
7.300000000000000000e+01
1.710000000000000000e+02
8.300000000000000000e+01
1.360000000000000000e+02
1.010000000000000000e+02
7.100000000000000000e+01
1.060000000000000000e+02
1.170000000000000000e+02
4.300000000000000000e+01
8.600000000000000000e+01
1.620000000000000000e+02
7.100000000000000000e+01
1.090000000000000000e+02
1.280000000000000000e+02
8.600000000000000000e+01
9.700000000000000000e+01
7.100000000000000000e+01
3.900000000000000000e+01
2.300000000000000000e+02
3.900000000000000000e+01
4.900000000000000000e+01
1.110000000000000000e+02
9.600000000000000000e+01
6.900000000000000000e+01
7.500000000000000000e+01
9.600000000000000000e+01
3.100000000000000000e+01
1.210000000000000000e+02
7.000000000000000000e+01
5.700000000000000000e+01
9.200000000000000000e+01
4.300000000000000000e+01
4.900000000000000000e+01
6.400000000000000000e+01
4.400000000000000000e+01
5.300000000000000000e+01
5.300000000000000000e+01
4.600000000000000000e+01
2.400000000000000000e+01
1.060000000000000000e+02
1.000000000000000000e+01
3.000000000000000000e+01
3.400000000000000000e+01
2.400000000000000000e+01
2.800000000000000000e+01
2.200000000000000000e+01
5.200000000000000000e+01
5.000000000000000000e+00
5.500000000000000000e+01
3.100000000000000000e+01
2.000000000000000000e+01
1.300000000000000000e+01
5.600000000000000000e+01
1.000000000000000000e+01
3.100000000000000000e+01
2.800000000000000000e+01
2.600000000000000000e+01
3.800000000000000000e+01
2.300000000000000000e+01
2.400000000000000000e+01
6.000000000000000000e+00
6.300000000000000000e+01
1.600000000000000000e+01
1.200000000000000000e+01
3.800000000000000000e+01
2.300000000000000000e+01
5.000000000000000000e+00
5.000000000000000000e+01
1.600000000000000000e+01
2.100000000000000000e+01
1.300000000000000000e+01
4.400000000000000000e+01
1.100000000000000000e+01
1.900000000000000000e+01
1.100000000000000000e+01
2.600000000000000000e+01
2.200000000000000000e+01
3.000000000000000000e+00
2.400000000000000000e+01
1.400000000000000000e+01
1.200000000000000000e+01
1.300000000000000000e+01
2.600000000000000000e+01
2.200000000000000000e+01
9.000000000000000000e+00
1.500000000000000000e+01
2.500000000000000000e+01
1.300000000000000000e+01
1.600000000000000000e+01
1.000000000000000000e+01
8.000000000000000000e+00
1.000000000000000000e+01
1.400000000000000000e+01
2.000000000000000000e+00
7.000000000000000000e+00
6.000000000000000000e+00
4.000000000000000000e+00
0.000000000000000000e+00
1.000000000000000000e+00
0.000000000000000000e+00
0.000000000000000000e+00
0.000000000000000000e+00
0.000000000000000000e+00
9.680000000000000000e+02
7.000000000000000000e+00
2.600000000000000000e+01
2.800000000000000000e+01
5.200000000000000000e+01
6.300000000000000000e+01
6.700000000000000000e+01
9.700000000000000000e+01
1.190000000000000000e+02
1.550000000000000000e+02
1.730000000000000000e+02
2.110000000000000000e+02
2.060000000000000000e+02
2.200000000000000000e+02
2.910000000000000000e+02
2.950000000000000000e+02
2.700000000000000000e+02
3.390000000000000000e+02
3.500000000000000000e+02
3.620000000000000000e+02
3.830000000000000000e+02
3.850000000000000000e+02
4.390000000000000000e+02
4.290000000000000000e+02
4.790000000000000000e+02
5.030000000000000000e+02
5.190000000000000000e+02
5.450000000000000000e+02
5.500000000000000000e+02
5.590000000000000000e+02
5.850000000000000000e+02
5.890000000000000000e+02
6.300000000000000000e+02
6.520000000000000000e+02
7.510000000000000000e+02
6.930000000000000000e+02
7.540000000000000000e+02
7.240000000000000000e+02
8.140000000000000000e+02
8.330000000000000000e+02
8.890000000000000000e+02
8.890000000000000000e+02
9.410000000000000000e+02
9.420000000000000000e+02
9.250000000000000000e+02
9.610000000000000000e+02
9.080000000000000000e+02
9.530000000000000000e+02
1.020000000000000000e+03
9.890000000000000000e+02
1.002000000000000000e+03
1.015000000000000000e+03
9.980000000000000000e+02
9.950000000000000000e+02
1.013000000000000000e+03
9.890000000000000000e+02
9.770000000000000000e+02
9.970000000000000000e+02
9.540000000000000000e+02
9.550000000000000000e+02
9.230000000000000000e+02
8.610000000000000000e+02
8.790000000000000000e+02
8.400000000000000000e+02
8.220000000000000000e+02
7.440000000000000000e+02
7.250000000000000000e+02
6.940000000000000000e+02
6.700000000000000000e+02
6.310000000000000000e+02
5.940000000000000000e+02
6.240000000000000000e+02
5.960000000000000000e+02
5.800000000000000000e+02
4.950000000000000000e+02
5.250000000000000000e+02
4.970000000000000000e+02
4.630000000000000000e+02
4.890000000000000000e+02
4.470000000000000000e+02
4.340000000000000000e+02
4.060000000000000000e+02
3.850000000000000000e+02
3.540000000000000000e+02
3.630000000000000000e+02
3.350000000000000000e+02
3.260000000000000000e+02
3.070000000000000000e+02
2.630000000000000000e+02
3.300000000000000000e+02
2.690000000000000000e+02
2.630000000000000000e+02
2.360000000000000000e+02
2.390000000000000000e+02
2.510000000000000000e+02
2.280000000000000000e+02
2.170000000000000000e+02
1.900000000000000000e+02
1.840000000000000000e+02
2.020000000000000000e+02
1.720000000000000000e+02
1.910000000000000000e+02
1.730000000000000000e+02
1.430000000000000000e+02
1.680000000000000000e+02
1.530000000000000000e+02
1.560000000000000000e+02
1.450000000000000000e+02
1.600000000000000000e+02
1.490000000000000000e+02
1.460000000000000000e+02
1.450000000000000000e+02
1.290000000000000000e+02
1.290000000000000000e+02
1.330000000000000000e+02
1.560000000000000000e+02
1.440000000000000000e+02
1.280000000000000000e+02
1.300000000000000000e+02
1.350000000000000000e+02
1.350000000000000000e+02
1.180000000000000000e+02
1.180000000000000000e+02
1.230000000000000000e+02
1.210000000000000000e+02
1.310000000000000000e+02
9.700000000000000000e+01
9.300000000000000000e+01
1.230000000000000000e+02
1.150000000000000000e+02
1.270000000000000000e+02
1.120000000000000000e+02
1.150000000000000000e+02
1.180000000000000000e+02
9.800000000000000000e+01
1.160000000000000000e+02
1.420000000000000000e+02
1.060000000000000000e+02
1.040000000000000000e+02
9.600000000000000000e+01
9.200000000000000000e+01
1.080000000000000000e+02
9.300000000000000000e+01
1.100000000000000000e+02
1.180000000000000000e+02
9.500000000000000000e+01
1.220000000000000000e+02
1.170000000000000000e+02
1.210000000000000000e+02
1.300000000000000000e+02
1.280000000000000000e+02
1.230000000000000000e+02
1.660000000000000000e+02
1.600000000000000000e+02
1.850000000000000000e+02
2.090000000000000000e+02
2.310000000000000000e+02
2.390000000000000000e+02
2.860000000000000000e+02
2.850000000000000000e+02
3.640000000000000000e+02
3.560000000000000000e+02
3.700000000000000000e+02
3.890000000000000000e+02
4.000000000000000000e+02
4.230000000000000000e+02
4.470000000000000000e+02
5.020000000000000000e+02
4.590000000000000000e+02
4.560000000000000000e+02
4.430000000000000000e+02
4.830000000000000000e+02
4.160000000000000000e+02
4.390000000000000000e+02
3.840000000000000000e+02
3.620000000000000000e+02
3.610000000000000000e+02
3.070000000000000000e+02
3.240000000000000000e+02
2.630000000000000000e+02
2.670000000000000000e+02
2.670000000000000000e+02
2.670000000000000000e+02
2.570000000000000000e+02
2.720000000000000000e+02
2.860000000000000000e+02
3.270000000000000000e+02
3.520000000000000000e+02
4.400000000000000000e+02
7.600000000000000000e+02
8.460000000000000000e+02
9.330000000000000000e+02
1.177000000000000000e+03
1.069000000000000000e+03
1.179000000000000000e+03
1.045000000000000000e+03
1.076000000000000000e+03
8.600000000000000000e+02
9.900000000000000000e+02
1.239000000000000000e+03
1.225000000000000000e+03
1.244000000000000000e+03
1.614000000000000000e+03
1.600000000000000000e+03
1.382000000000000000e+03
1.318000000000000000e+03
9.520000000000000000e+02
7.650000000000000000e+02
5.820000000000000000e+02
4.090000000000000000e+02
2.820000000000000000e+02
2.150000000000000000e+02
1.760000000000000000e+02
1.560000000000000000e+02
1.160000000000000000e+02
1.300000000000000000e+02
1.450000000000000000e+02
1.140000000000000000e+02
1.330000000000000000e+02
1.180000000000000000e+02
9.500000000000000000e+01
1.010000000000000000e+02
9.800000000000000000e+01
7.700000000000000000e+01
8.800000000000000000e+01
8.500000000000000000e+01
7.800000000000000000e+01
8.900000000000000000e+01
9.100000000000000000e+01
1.030000000000000000e+02
9.900000000000000000e+01
9.300000000000000000e+01
9.100000000000000000e+01
8.900000000000000000e+01
7.700000000000000000e+01
7.400000000000000000e+01
7.200000000000000000e+01
7.200000000000000000e+01
6.000000000000000000e+01
4.400000000000000000e+01
4.100000000000000000e+01
4.100000000000000000e+01
3.200000000000000000e+01
3.900000000000000000e+01
3.200000000000000000e+01
2.300000000000000000e+01
2.600000000000000000e+01
1.700000000000000000e+01
1.800000000000000000e+01
1.000000000000000000e+01
1.800000000000000000e+01
1.100000000000000000e+01
1.100000000000000000e+01
9.000000000000000000e+00
2.000000000000000000e+00
4.000000000000000000e+00
1.000000000000000000e+01
