9.147000000000000000e+03
7.700000000000000000e+01
6.700000000000000000e+01
9.500000000000000000e+01
9.500000000000000000e+01
2.530000000000000000e+02
1.780000000000000000e+02
4.300000000000000000e+01
1.580000000000000000e+02
5.700000000000000000e+01
3.300000000000000000e+01
1.060000000000000000e+02
1.300000000000000000e+01
1.310000000000000000e+02
3.400000000000000000e+01
5.000000000000000000e+01
6.600000000000000000e+01
8.300000000000000000e+01
6.600000000000000000e+01
1.260000000000000000e+02
2.330000000000000000e+02
1.220000000000000000e+02
6.800000000000000000e+01
1.960000000000000000e+02
1.103000000000000000e+03
4.070000000000000000e+02
2.590000000000000000e+02
8.200000000000000000e+01
1.000000000000000000e+01
3.000000000000000000e+00
2.268100000000000000e+04
0.000000000000000000e+00
4.000000000000000000e+00
0.000000000000000000e+00
3.400000000000000000e+01
1.760000000000000000e+02
1.931000000000000000e+03
0.000000000000000000e+00
2.000000000000000000e+00
0.000000000000000000e+00
1.000000000000000000e+00
0.000000000000000000e+00
4.960000000000000000e+02
4.500000000000000000e+01
0.000000000000000000e+00
1.900000000000000000e+01
0.000000000000000000e+00
0.000000000000000000e+00
0.000000000000000000e+00
0.000000000000000000e+00
7.010000000000000000e+03
1.700000000000000000e+01
0.000000000000000000e+00
0.000000000000000000e+00
0.000000000000000000e+00
9.500000000000000000e+01
7.000000000000000000e+00
0.000000000000000000e+00
0.000000000000000000e+00
0.000000000000000000e+00
2.240000000000000000e+02
0.000000000000000000e+00
0.000000000000000000e+00
5.000000000000000000e+00
0.000000000000000000e+00
1.000000000000000000e+00
4.730000000000000000e+02
0.000000000000000000e+00
8.000000000000000000e+00
3.000000000000000000e+00
3.480000000000000000e+02
1.000000000000000000e+00
1.000000000000000000e+00
1.240000000000000000e+02
3.900000000000000000e+01
1.831600000000000000e+04
9.000000000000000000e+00
6.000000000000000000e+00
9.000000000000000000e+00
2.840000000000000000e+02
2.303000000000000000e+03
2.000000000000000000e+00
2.800000000000000000e+01
1.155000000000000000e+03
4.010000000000000000e+02
5.610000000000000000e+02
3.400000000000000000e+02
2.774000000000000000e+03
5.290000000000000000e+02
8.520000000000000000e+02
9.888000000000000000e+03
1.121000000000000000e+03
1.444000000000000000e+03
2.158000000000000000e+03
2.378000000000000000e+03
4.871000000000000000e+03
1.270900000000000000e+04
1.231000000000000000e+03
5.002000000000000000e+03
2.553000000000000000e+03
2.174000000000000000e+03
1.970400000000000000e+04
4.067000000000000000e+03
3.596100000000000000e+04
4.557000000000000000e+03
7.044000000000000000e+03
8.915000000000000000e+03
4.243000000000000000e+03
1.903000000000000000e+03
1.371000000000000000e+04
1.378700000000000000e+04
9.749000000000000000e+03
2.390000000000000000e+03
5.776000000000000000e+03
8.727000000000000000e+03
3.600000000000000000e+03
1.264000000000000000e+03
7.600000000000000000e+01
1.700000000000000000e+01
0.000000000000000000e+00
4.356000000000000000e+03
0.000000000000000000e+00
3.900000000000000000e+01
1.000000000000000000e+00
1.610000000000000000e+02
5.660000000000000000e+02
8.460000000000000000e+02
0.000000000000000000e+00
2.400000000000000000e+01
4.000000000000000000e+00
3.200000000000000000e+01
0.000000000000000000e+00
1.380000000000000000e+02
8.900000000000000000e+01
0.000000000000000000e+00
9.000000000000000000e+00
0.000000000000000000e+00
0.000000000000000000e+00
9.000000000000000000e+00
0.000000000000000000e+00
2.190000000000000000e+02
2.400000000000000000e+01
4.000000000000000000e+00
1.000000000000000000e+00
0.000000000000000000e+00
4.800000000000000000e+01
5.000000000000000000e+00
3.000000000000000000e+00
0.000000000000000000e+00
0.000000000000000000e+00
6.400000000000000000e+01
0.000000000000000000e+00
1.000000000000000000e+00
4.000000000000000000e+00
0.000000000000000000e+00
0.000000000000000000e+00
1.030000000000000000e+02
3.000000000000000000e+00
1.000000000000000000e+01
9.000000000000000000e+00
5.000000000000000000e+01
4.000000000000000000e+00
1.500000000000000000e+01
2.700000000000000000e+01
1.400000000000000000e+01
2.370000000000000000e+02
7.000000000000000000e+00
2.000000000000000000e+00
0.000000000000000000e+00
2.200000000000000000e+01
8.800000000000000000e+01
1.000000000000000000e+00
1.000000000000000000e+00
1.180000000000000000e+02
1.200000000000000000e+01
4.200000000000000000e+01
4.000000000000000000e+00
1.230000000000000000e+02
1.300000000000000000e+01
3.400000000000000000e+01
8.889000000000000000e+03
3.080000000000000000e+02
9.790000000000000000e+02
2.280400000000000000e+04
1.671500000000000000e+04
8.123000000000000000e+03
3.485000000000000000e+03
3.903000000000000000e+03
4.705000000000000000e+03
3.807000000000000000e+03
2.354000000000000000e+03
2.231000000000000000e+03
1.969000000000000000e+03
1.945000000000000000e+03
1.806000000000000000e+03
1.817000000000000000e+03
2.015000000000000000e+03
1.952000000000000000e+03
2.365000000000000000e+03
2.150000000000000000e+03
2.385000000000000000e+03
2.391000000000000000e+03
2.852000000000000000e+03
3.573000000000000000e+03
2.755000000000000000e+03
2.947000000000000000e+03
2.668000000000000000e+03
2.772000000000000000e+03
2.576000000000000000e+03
3.050000000000000000e+03
2.005000000000000000e+03
2.158000000000000000e+03
2.025000000000000000e+03
2.105000000000000000e+03
2.013000000000000000e+03
1.931000000000000000e+03
2.166000000000000000e+03
1.531000000000000000e+03
2.003000000000000000e+03
2.118000000000000000e+03
2.483000000000000000e+03
2.327000000000000000e+03
2.079000000000000000e+03
2.384000000000000000e+03
2.166000000000000000e+03
1.854000000000000000e+03
2.104000000000000000e+03
1.856000000000000000e+03
1.530000000000000000e+03
1.777000000000000000e+03
1.608000000000000000e+03
1.964000000000000000e+03
1.222000000000000000e+03
1.716000000000000000e+03
1.482000000000000000e+03
1.673000000000000000e+03
1.323000000000000000e+03
1.249000000000000000e+03
1.540000000000000000e+03
1.034000000000000000e+03
1.466000000000000000e+03
1.196000000000000000e+03
1.445000000000000000e+03
6.590000000000000000e+02
1.963000000000000000e+03
8.010000000000000000e+02
1.338000000000000000e+03
1.175000000000000000e+03
1.079000000000000000e+03
9.470000000000000000e+02
1.344000000000000000e+03
1.271000000000000000e+03
6.890000000000000000e+02
1.177000000000000000e+03
1.003000000000000000e+03
8.680000000000000000e+02
9.200000000000000000e+02
1.096000000000000000e+03
1.339000000000000000e+03
5.250000000000000000e+02
7.100000000000000000e+02
1.414000000000000000e+03
1.081000000000000000e+03
4.980000000000000000e+02
2.950000000000000000e+02
2.735000000000000000e+03
3.080000000000000000e+02
5.100000000000000000e+02
5.790000000000000000e+02
1.371000000000000000e+03
1.061000000000000000e+03
5.630000000000000000e+02
5.620000000000000000e+02
1.128000000000000000e+03
1.048000000000000000e+03
3.740000000000000000e+02
1.146000000000000000e+03
1.225000000000000000e+03
7.250000000000000000e+02
8.550000000000000000e+02
5.760000000000000000e+02
2.260000000000000000e+02
1.806000000000000000e+03
2.210000000000000000e+02
5.160000000000000000e+02
8.400000000000000000e+02
6.850000000000000000e+02
1.288000000000000000e+03
2.080000000000000000e+02
1.018000000000000000e+03
1.210000000000000000e+02
3.620000000000000000e+02
9.300000000000000000e+02
1.467000000000000000e+03
1.970000000000000000e+02
3.180000000000000000e+02
5.770000000000000000e+02
2.220000000000000000e+02
6.570000000000000000e+02
7.140000000000000000e+02
1.445000000000000000e+03
5.630000000000000000e+02
2.680000000000000000e+02
2.180000000000000000e+02
1.010000000000000000e+02
5.300000000000000000e+01
2.000000000000000000e+01
2.870000000000000000e+02
3.897000000000000000e+03
1.600000000000000000e+01
5.000000000000000000e+01
7.600000000000000000e+01
1.350000000000000000e+02
2.450000000000000000e+02
3.540000000000000000e+02
6.210000000000000000e+02
1.112000000000000000e+03
5.830000000000000000e+02
1.610000000000000000e+02
5.580000000000000000e+02
2.230000000000000000e+02
2.700000000000000000e+01
8.320000000000000000e+02
5.190000000000000000e+02
1.400000000000000000e+02
3.800000000000000000e+01
1.352000000000000000e+03
8.100000000000000000e+01
2.130000000000000000e+02
6.680000000000000000e+02
3.090000000000000000e+02
1.320000000000000000e+02
1.700000000000000000e+01
1.131000000000000000e+03
9.000000000000000000e+00
6.800000000000000000e+01
2.310000000000000000e+02
1.261000000000000000e+03
1.000000000000000000e+02
9.830000000000000000e+02
2.300000000000000000e+01
2.110000000000000000e+02
6.140000000000000000e+02
2.400000000000000000e+01
3.600000000000000000e+02
2.220000000000000000e+02
1.370000000000000000e+02
3.400000000000000000e+01
8.000000000000000000e+00
1.000000000000000000e+00
2.371000000000000000e+03
1.000000000000000000e+00
5.000000000000000000e+00
3.700000000000000000e+01
1.470000000000000000e+02
1.980000000000000000e+02
7.000000000000000000e+00
3.970000000000000000e+02
3.000000000000000000e+00
5.640000000000000000e+02
1.690000000000000000e+02
3.800000000000000000e+01
1.082000000000000000e+03
3.000000000000000000e+00
1.030000000000000000e+02
1.048000000000000000e+03
1.200000000000000000e+01
1.350000000000000000e+02
4.900000000000000000e+01
1.200000000000000000e+01
2.000000000000000000e+00
1.507000000000000000e+03
1.000000000000000000e+00
1.300000000000000000e+01
2.600000000000000000e+01
1.210000000000000000e+02
2.000000000000000000e+02
2.700000000000000000e+01
5.270000000000000000e+02
4.000000000000000000e+00
1.440000000000000000e+02
8.100000000000000000e+01
1.700000000000000000e+01
1.000000000000000000e+00
1.034000000000000000e+03
0.000000000000000000e+00
2.800000000000000000e+01
9.700000000000000000e+01
1.800000000000000000e+01
1.920000000000000000e+02
2.000000000000000000e+01
2.600000000000000000e+01
2.000000000000000000e+00
1.037000000000000000e+03
1.100000000000000000e+01
2.000000000000000000e+01
1.330000000000000000e+02
2.200000000000000000e+01
1.000000000000000000e+00
6.200000000000000000e+02
1.000000000000000000e+01
6.000000000000000000e+01
7.000000000000000000e+00
4.820000000000000000e+02
1.000000000000000000e+01
4.300000000000000000e+01
4.000000000000000000e+00
7.070000000000000000e+02
1.300000000000000000e+01
2.000000000000000000e+00
1.260000000000000000e+02
1.400000000000000000e+01
2.640000000000000000e+02
8.000000000000000000e+00
1.260000000000000000e+02
8.400000000000000000e+01
2.000000000000000000e+00
7.400000000000000000e+01
1.800000000000000000e+01
4.700000000000000000e+01
1.200000000000000000e+01
1.100000000000000000e+01
1.600000000000000000e+01
9.000000000000000000e+00
1.200000000000000000e+01
1.000000000000000000e+01
9.000000000000000000e+00
4.000000000000000000e+00
1.000000000000000000e+00
0.000000000000000000e+00
1.000000000000000000e+00
0.000000000000000000e+00
0.000000000000000000e+00
0.000000000000000000e+00
0.000000000000000000e+00
6.895000000000000000e+03
1.430000000000000000e+02
6.580000000000000000e+02
6.720000000000000000e+02
7.030000000000000000e+02
1.411000000000000000e+03
1.411000000000000000e+03
1.798000000000000000e+03
2.542000000000000000e+03
2.759000000000000000e+03
2.826000000000000000e+03
2.863000000000000000e+03
3.056000000000000000e+03
3.106000000000000000e+03
3.252000000000000000e+03
3.139000000000000000e+03
3.196000000000000000e+03
3.848000000000000000e+03
4.263000000000000000e+03
3.879000000000000000e+03
3.426000000000000000e+03
2.930000000000000000e+03
2.770000000000000000e+03
2.508000000000000000e+03
2.302000000000000000e+03
2.210000000000000000e+03
2.159000000000000000e+03
2.129000000000000000e+03
2.098000000000000000e+03
2.001000000000000000e+03
1.822000000000000000e+03
1.716000000000000000e+03
1.551000000000000000e+03
1.540000000000000000e+03
1.386000000000000000e+03
1.363000000000000000e+03
1.341000000000000000e+03
1.248000000000000000e+03
1.155000000000000000e+03
1.041000000000000000e+03
1.048000000000000000e+03
1.044000000000000000e+03
1.034000000000000000e+03
9.960000000000000000e+02
9.590000000000000000e+02
9.330000000000000000e+02
8.820000000000000000e+02
8.350000000000000000e+02
7.540000000000000000e+02
7.810000000000000000e+02
7.380000000000000000e+02
7.740000000000000000e+02
6.800000000000000000e+02
7.170000000000000000e+02
7.050000000000000000e+02
7.450000000000000000e+02
6.790000000000000000e+02
6.840000000000000000e+02
6.980000000000000000e+02
7.260000000000000000e+02
7.690000000000000000e+02
7.700000000000000000e+02
7.340000000000000000e+02
8.000000000000000000e+02
8.260000000000000000e+02
8.610000000000000000e+02
8.820000000000000000e+02
9.210000000000000000e+02
8.430000000000000000e+02
8.820000000000000000e+02
7.500000000000000000e+02
7.840000000000000000e+02
7.110000000000000000e+02
6.830000000000000000e+02
7.230000000000000000e+02
7.590000000000000000e+02
6.870000000000000000e+02
7.550000000000000000e+02
7.010000000000000000e+02
7.350000000000000000e+02
6.760000000000000000e+02
6.700000000000000000e+02
7.180000000000000000e+02
6.910000000000000000e+02
6.830000000000000000e+02
7.500000000000000000e+02
7.260000000000000000e+02
7.130000000000000000e+02
7.170000000000000000e+02
7.450000000000000000e+02
7.370000000000000000e+02
7.480000000000000000e+02
7.520000000000000000e+02
7.390000000000000000e+02
7.230000000000000000e+02
7.600000000000000000e+02
7.130000000000000000e+02
7.600000000000000000e+02
7.700000000000000000e+02
7.740000000000000000e+02
7.920000000000000000e+02
7.930000000000000000e+02
7.750000000000000000e+02
7.140000000000000000e+02
8.330000000000000000e+02
7.480000000000000000e+02
8.200000000000000000e+02
8.650000000000000000e+02
8.470000000000000000e+02
7.850000000000000000e+02
8.720000000000000000e+02
8.240000000000000000e+02
8.710000000000000000e+02
8.860000000000000000e+02
8.970000000000000000e+02
8.530000000000000000e+02
8.610000000000000000e+02
8.680000000000000000e+02
8.990000000000000000e+02
8.660000000000000000e+02
9.090000000000000000e+02
9.450000000000000000e+02
9.420000000000000000e+02
1.026000000000000000e+03
1.075000000000000000e+03
1.072000000000000000e+03
1.068000000000000000e+03
1.098000000000000000e+03
1.162000000000000000e+03
1.139000000000000000e+03
1.193000000000000000e+03
1.233000000000000000e+03
1.313000000000000000e+03
1.265000000000000000e+03
1.313000000000000000e+03
1.410000000000000000e+03
1.373000000000000000e+03
1.443000000000000000e+03
1.487000000000000000e+03
1.583000000000000000e+03
1.577000000000000000e+03
1.681000000000000000e+03
1.659000000000000000e+03
1.677000000000000000e+03
1.708000000000000000e+03
1.811000000000000000e+03
1.803000000000000000e+03
1.842000000000000000e+03
1.812000000000000000e+03
1.751000000000000000e+03
1.847000000000000000e+03
1.805000000000000000e+03
1.799000000000000000e+03
1.742000000000000000e+03
1.891000000000000000e+03
1.828000000000000000e+03
1.823000000000000000e+03
1.741000000000000000e+03
1.651000000000000000e+03
1.711000000000000000e+03
1.655000000000000000e+03
1.605000000000000000e+03
1.484000000000000000e+03
1.578000000000000000e+03
1.420000000000000000e+03
1.402000000000000000e+03
1.413000000000000000e+03
1.339000000000000000e+03
1.266000000000000000e+03
1.299000000000000000e+03
1.131000000000000000e+03
1.108000000000000000e+03
1.090000000000000000e+03
1.050000000000000000e+03
1.035000000000000000e+03
9.470000000000000000e+02
9.380000000000000000e+02
8.560000000000000000e+02
8.590000000000000000e+02
8.580000000000000000e+02
8.660000000000000000e+02
7.270000000000000000e+02
7.700000000000000000e+02
7.620000000000000000e+02
7.130000000000000000e+02
6.490000000000000000e+02
6.400000000000000000e+02
6.390000000000000000e+02
5.730000000000000000e+02
5.490000000000000000e+02
5.250000000000000000e+02
5.170000000000000000e+02
4.600000000000000000e+02
4.860000000000000000e+02
4.600000000000000000e+02
4.740000000000000000e+02
4.840000000000000000e+02
4.300000000000000000e+02
4.610000000000000000e+02
4.290000000000000000e+02
4.070000000000000000e+02
3.620000000000000000e+02
3.740000000000000000e+02
3.810000000000000000e+02
3.240000000000000000e+02
3.880000000000000000e+02
3.490000000000000000e+02
3.690000000000000000e+02
3.600000000000000000e+02
3.830000000000000000e+02
3.930000000000000000e+02
3.970000000000000000e+02
4.020000000000000000e+02
4.100000000000000000e+02
4.250000000000000000e+02
4.210000000000000000e+02
4.660000000000000000e+02
4.490000000000000000e+02
4.990000000000000000e+02
4.740000000000000000e+02
5.660000000000000000e+02
5.420000000000000000e+02
4.660000000000000000e+02
4.600000000000000000e+02
3.900000000000000000e+02
3.940000000000000000e+02
3.710000000000000000e+02
3.070000000000000000e+02
3.080000000000000000e+02
3.110000000000000000e+02
3.170000000000000000e+02
3.310000000000000000e+02
3.420000000000000000e+02
2.880000000000000000e+02
3.320000000000000000e+02
2.930000000000000000e+02
3.020000000000000000e+02
3.090000000000000000e+02
3.290000000000000000e+02
2.570000000000000000e+02
2.540000000000000000e+02
2.490000000000000000e+02
2.160000000000000000e+02
2.490000000000000000e+02
2.630000000000000000e+02
2.880000000000000000e+02
3.540000000000000000e+02
4.220000000000000000e+02
4.360000000000000000e+02
5.630000000000000000e+02
6.950000000000000000e+02
1.015000000000000000e+03
1.718000000000000000e+03
2.961000000000000000e+03
1.790000000000000000e+03
1.196000000000000000e+03
2.765000000000000000e+03
