1.616300000000000000e+04
3.000000000000000000e+00
9.000000000000000000e+00
2.400000000000000000e+01
9.000000000000000000e+00
4.900000000000000000e+01
5.020000000000000000e+02
7.000000000000000000e+00
7.900000000000000000e+01
3.900000000000000000e+01
4.800000000000000000e+01
2.340000000000000000e+02
8.900000000000000000e+01
1.243000000000000000e+03
2.770000000000000000e+02
7.220000000000000000e+02
1.351000000000000000e+03
2.038000000000000000e+03
2.070000000000000000e+03
4.959000000000000000e+03
6.969000000000000000e+03
7.383000000000000000e+03
9.132000000000000000e+03
3.897000000000000000e+03
5.829000000000000000e+03
4.657000000000000000e+03
6.423000000000000000e+03
3.600000000000000000e+03
4.494000000000000000e+03
3.835000000000000000e+03
8.241000000000000000e+03
2.576000000000000000e+03
2.593000000000000000e+03
2.141000000000000000e+03
1.871000000000000000e+03
2.509000000000000000e+03
2.416000000000000000e+03
7.900000000000000000e+02
9.330000000000000000e+02
6.490000000000000000e+02
6.470000000000000000e+02
2.910000000000000000e+02
7.800000000000000000e+02
7.340000000000000000e+02
2.470000000000000000e+02
4.930000000000000000e+02
3.280000000000000000e+02
8.700000000000000000e+01
3.580000000000000000e+02
9.400000000000000000e+01
9.470000000000000000e+02
1.920000000000000000e+02
1.020000000000000000e+02
7.000000000000000000e+01
9.200000000000000000e+01
2.000000000000000000e+02
1.030000000000000000e+02
6.000000000000000000e+01
5.000000000000000000e+01
4.700000000000000000e+01
6.310000000000000000e+02
2.600000000000000000e+01
4.500000000000000000e+01
6.900000000000000000e+01
3.600000000000000000e+01
5.700000000000000000e+01
2.980000000000000000e+02
4.500000000000000000e+01
4.300000000000000000e+01
7.300000000000000000e+01
8.000000000000000000e+01
3.900000000000000000e+01
4.400000000000000000e+01
6.400000000000000000e+01
7.700000000000000000e+01
1.944000000000000000e+03
5.400000000000000000e+01
4.800000000000000000e+01
3.900000000000000000e+01
7.900000000000000000e+01
4.030000000000000000e+02
4.100000000000000000e+01
7.600000000000000000e+01
6.780000000000000000e+02
2.150000000000000000e+02
9.750000000000000000e+02
2.912000000000000000e+03
6.798000000000000000e+03
9.777000000000000000e+03
1.218900000000000000e+04
1.743600000000000000e+04
1.401100000000000000e+04
5.407000000000000000e+03
2.312000000000000000e+03
2.002000000000000000e+03
2.167000000000000000e+03
2.553000000000000000e+03
9.170000000000000000e+02
2.037000000000000000e+03
1.132000000000000000e+03
8.540000000000000000e+02
2.396000000000000000e+03
6.550000000000000000e+02
4.757000000000000000e+03
1.733000000000000000e+03
2.043000000000000000e+03
4.839000000000000000e+03
1.636000000000000000e+03
1.402000000000000000e+03
4.642000000000000000e+03
4.192000000000000000e+03
2.984000000000000000e+03
8.400000000000000000e+02
9.420000000000000000e+02
5.805000000000000000e+03
2.330000000000000000e+03
4.040000000000000000e+02
4.600000000000000000e+01
5.200000000000000000e+01
1.400000000000000000e+01
8.881000000000000000e+03
1.000000000000000000e+00
4.300000000000000000e+01
4.000000000000000000e+00
5.110000000000000000e+02
1.220000000000000000e+03
2.659000000000000000e+03
3.000000000000000000e+00
8.400000000000000000e+01
1.400000000000000000e+01
1.530000000000000000e+02
0.000000000000000000e+00
6.780000000000000000e+02
2.820000000000000000e+02
0.000000000000000000e+00
1.000000000000000000e+02
1.400000000000000000e+01
2.000000000000000000e+00
8.100000000000000000e+01
1.000000000000000000e+00
1.126000000000000000e+03
1.350000000000000000e+02
3.200000000000000000e+01
1.000000000000000000e+01
1.300000000000000000e+01
3.010000000000000000e+02
9.000000000000000000e+01
1.300000000000000000e+01
4.000000000000000000e+00
1.000000000000000000e+00
1.320000000000000000e+02
0.000000000000000000e+00
4.000000000000000000e+00
3.700000000000000000e+01
2.000000000000000000e+00
1.800000000000000000e+01
2.620000000000000000e+02
1.000000000000000000e+01
1.800000000000000000e+01
1.000000000000000000e+01
1.420000000000000000e+02
5.000000000000000000e+00
4.000000000000000000e+00
2.200000000000000000e+01
2.600000000000000000e+01
2.123000000000000000e+03
3.000000000000000000e+00
0.000000000000000000e+00
0.000000000000000000e+00
9.000000000000000000e+00
1.350000000000000000e+02
2.000000000000000000e+00
1.000000000000000000e+00
3.370000000000000000e+02
7.000000000000000000e+00
7.000000000000000000e+00
4.000000000000000000e+00
5.300000000000000000e+01
1.000000000000000000e+00
0.000000000000000000e+00
1.571300000000000000e+04
1.000000000000000000e+01
5.550000000000000000e+02
7.280000000000000000e+02
9.750000000000000000e+02
1.105000000000000000e+03
1.353000000000000000e+03
1.290000000000000000e+03
1.537000000000000000e+03
1.951000000000000000e+03
1.826000000000000000e+03
1.677000000000000000e+03
1.615000000000000000e+03
1.541000000000000000e+03
1.463000000000000000e+03
1.412000000000000000e+03
1.338000000000000000e+03
1.295000000000000000e+03
1.301000000000000000e+03
1.345000000000000000e+03
1.620000000000000000e+03
1.584000000000000000e+03
1.694000000000000000e+03
1.871000000000000000e+03
1.976000000000000000e+03
1.917000000000000000e+03
2.239000000000000000e+03
2.108000000000000000e+03
2.306000000000000000e+03
2.007000000000000000e+03
2.205000000000000000e+03
1.833000000000000000e+03
2.070000000000000000e+03
1.870000000000000000e+03
2.066000000000000000e+03
1.850000000000000000e+03
1.985000000000000000e+03
1.284000000000000000e+03
1.533000000000000000e+03
1.544000000000000000e+03
1.368000000000000000e+03
1.176000000000000000e+03
1.067000000000000000e+03
1.554000000000000000e+03
1.149000000000000000e+03
1.226000000000000000e+03
1.441000000000000000e+03
1.097000000000000000e+03
1.158000000000000000e+03
1.149000000000000000e+03
1.122000000000000000e+03
1.640000000000000000e+03
1.017000000000000000e+03
1.208000000000000000e+03
1.045000000000000000e+03
1.257000000000000000e+03
9.700000000000000000e+02
1.468000000000000000e+03
1.198000000000000000e+03
1.158000000000000000e+03
1.119000000000000000e+03
1.289000000000000000e+03
1.019000000000000000e+03
9.810000000000000000e+02
1.916000000000000000e+03
1.015000000000000000e+03
1.044000000000000000e+03
1.263000000000000000e+03
1.141000000000000000e+03
9.900000000000000000e+02
1.383000000000000000e+03
1.283000000000000000e+03
9.630000000000000000e+02
1.617000000000000000e+03
1.024000000000000000e+03
1.488000000000000000e+03
1.137000000000000000e+03
1.492000000000000000e+03
1.521000000000000000e+03
9.510000000000000000e+02
1.460000000000000000e+03
1.363000000000000000e+03
1.233000000000000000e+03
1.165000000000000000e+03
9.460000000000000000e+02
2.690000000000000000e+03
9.380000000000000000e+02
9.450000000000000000e+02
1.120000000000000000e+03
1.145000000000000000e+03
1.194000000000000000e+03
1.274000000000000000e+03
8.480000000000000000e+02
1.036000000000000000e+03
1.045000000000000000e+03
7.910000000000000000e+02
1.225000000000000000e+03
1.049000000000000000e+03
1.385000000000000000e+03
8.390000000000000000e+02
9.740000000000000000e+02
7.650000000000000000e+02
1.745000000000000000e+03
7.270000000000000000e+02
9.170000000000000000e+02
7.600000000000000000e+02
1.247000000000000000e+03
8.330000000000000000e+02
7.460000000000000000e+02
1.130000000000000000e+03
6.190000000000000000e+02
7.340000000000000000e+02
8.430000000000000000e+02
9.090000000000000000e+02
6.830000000000000000e+02
7.570000000000000000e+02
1.190000000000000000e+03
7.370000000000000000e+02
8.230000000000000000e+02
7.500000000000000000e+02
8.850000000000000000e+02
8.350000000000000000e+02
7.960000000000000000e+02
8.780000000000000000e+02
7.750000000000000000e+02
7.630000000000000000e+02
8.330000000000000000e+02
8.210000000000000000e+02
2.871000000000000000e+03
8.560000000000000000e+02
8.270000000000000000e+02
9.190000000000000000e+02
8.510000000000000000e+02
9.920000000000000000e+02
1.005000000000000000e+03
1.015000000000000000e+03
1.162000000000000000e+03
1.064000000000000000e+03
1.022000000000000000e+03
1.102000000000000000e+03
1.034000000000000000e+03
9.800000000000000000e+02
1.340000000000000000e+03
1.051000000000000000e+03
9.760000000000000000e+02
9.460000000000000000e+02
1.234000000000000000e+03
1.137000000000000000e+03
1.195000000000000000e+03
1.343000000000000000e+03
1.298000000000000000e+03
1.274000000000000000e+03
1.612000000000000000e+03
1.994000000000000000e+03
1.717000000000000000e+03
1.936000000000000000e+03
1.764000000000000000e+03
1.878000000000000000e+03
1.764000000000000000e+03
2.056000000000000000e+03
1.543000000000000000e+03
1.598000000000000000e+03
1.625000000000000000e+03
1.247000000000000000e+03
1.269000000000000000e+03
1.335000000000000000e+03
1.223000000000000000e+03
1.095000000000000000e+03
1.105000000000000000e+03
1.251000000000000000e+03
1.896000000000000000e+03
1.063000000000000000e+03
6.610000000000000000e+02
8.550000000000000000e+02
6.700000000000000000e+02
5.490000000000000000e+02
5.280000000000000000e+02
5.650000000000000000e+02
3.930000000000000000e+02
5.520000000000000000e+02
4.190000000000000000e+02
4.020000000000000000e+02
6.750000000000000000e+02
3.330000000000000000e+02
3.680000000000000000e+02
4.640000000000000000e+02
2.680000000000000000e+02
2.910000000000000000e+02
3.800000000000000000e+02
2.540000000000000000e+02
3.050000000000000000e+02
8.010000000000000000e+02
1.930000000000000000e+02
3.050000000000000000e+02
2.840000000000000000e+02
2.910000000000000000e+02
3.050000000000000000e+02
2.770000000000000000e+02
3.390000000000000000e+02
2.260000000000000000e+02
3.070000000000000000e+02
2.720000000000000000e+02
2.270000000000000000e+02
2.670000000000000000e+02
4.110000000000000000e+02
2.290000000000000000e+02
2.850000000000000000e+02
2.560000000000000000e+02
2.190000000000000000e+02
2.810000000000000000e+02
2.500000000000000000e+02
2.130000000000000000e+02
1.850000000000000000e+02
6.090000000000000000e+02
2.630000000000000000e+02
2.240000000000000000e+02
2.300000000000000000e+02
2.260000000000000000e+02
1.970000000000000000e+02
3.170000000000000000e+02
2.270000000000000000e+02
2.190000000000000000e+02
2.110000000000000000e+02
2.360000000000000000e+02
2.260000000000000000e+02
1.930000000000000000e+02
1.440000000000000000e+02
2.360000000000000000e+02
2.120000000000000000e+02
1.360000000000000000e+02
2.080000000000000000e+02
1.670000000000000000e+02
1.870000000000000000e+02
1.870000000000000000e+02
2.290000000000000000e+02
1.800000000000000000e+02
1.560000000000000000e+02
1.580000000000000000e+02
1.830000000000000000e+02
1.600000000000000000e+02
1.560000000000000000e+02
1.310000000000000000e+02
1.390000000000000000e+02
1.460000000000000000e+02
1.040000000000000000e+02
1.510000000000000000e+02
1.250000000000000000e+02
1.180000000000000000e+02
1.260000000000000000e+02
1.230000000000000000e+02
9.900000000000000000e+01
1.020000000000000000e+02
1.120000000000000000e+02
4.900000000000000000e+01
5.000000000000000000e+00
1.071100000000000000e+04
1.649000000000000000e+03
2.544000000000000000e+03
2.320000000000000000e+03
2.169000000000000000e+03
2.346000000000000000e+03
2.055000000000000000e+03
1.835000000000000000e+03
1.672000000000000000e+03
1.735000000000000000e+03
1.634000000000000000e+03
1.686000000000000000e+03
1.640000000000000000e+03
1.552000000000000000e+03
1.622000000000000000e+03
1.523000000000000000e+03
1.510000000000000000e+03
1.428000000000000000e+03
1.427000000000000000e+03
1.452000000000000000e+03
1.228000000000000000e+03
1.188000000000000000e+03
1.268000000000000000e+03
1.189000000000000000e+03
1.110000000000000000e+03
1.087000000000000000e+03
1.173000000000000000e+03
1.113000000000000000e+03
1.100000000000000000e+03
1.198000000000000000e+03
1.054000000000000000e+03
1.102000000000000000e+03
1.090000000000000000e+03
9.530000000000000000e+02
8.790000000000000000e+02
9.750000000000000000e+02
9.150000000000000000e+02
9.270000000000000000e+02
9.140000000000000000e+02
9.770000000000000000e+02
9.800000000000000000e+02
1.006000000000000000e+03
9.500000000000000000e+02
9.720000000000000000e+02
1.012000000000000000e+03
1.070000000000000000e+03
1.050000000000000000e+03
1.142000000000000000e+03
1.081000000000000000e+03
1.196000000000000000e+03
1.078000000000000000e+03
1.139000000000000000e+03
1.116000000000000000e+03
1.127000000000000000e+03
1.128000000000000000e+03
1.157000000000000000e+03
1.190000000000000000e+03
1.097000000000000000e+03
1.092000000000000000e+03
1.178000000000000000e+03
1.129000000000000000e+03
1.178000000000000000e+03
1.136000000000000000e+03
1.134000000000000000e+03
1.089000000000000000e+03
1.035000000000000000e+03
1.123000000000000000e+03
1.087000000000000000e+03
1.018000000000000000e+03
9.570000000000000000e+02
9.190000000000000000e+02
9.270000000000000000e+02
9.430000000000000000e+02
9.100000000000000000e+02
9.090000000000000000e+02
9.090000000000000000e+02
9.070000000000000000e+02
9.450000000000000000e+02
9.550000000000000000e+02
9.370000000000000000e+02
8.950000000000000000e+02
9.910000000000000000e+02
9.450000000000000000e+02
9.060000000000000000e+02
8.830000000000000000e+02
8.670000000000000000e+02
9.130000000000000000e+02
8.680000000000000000e+02
9.080000000000000000e+02
9.100000000000000000e+02
8.940000000000000000e+02
9.150000000000000000e+02
9.220000000000000000e+02
8.890000000000000000e+02
8.660000000000000000e+02
8.580000000000000000e+02
8.590000000000000000e+02
8.170000000000000000e+02
8.360000000000000000e+02
8.830000000000000000e+02
8.580000000000000000e+02
8.520000000000000000e+02
8.850000000000000000e+02
8.930000000000000000e+02
8.870000000000000000e+02
8.630000000000000000e+02
8.950000000000000000e+02
8.370000000000000000e+02
8.280000000000000000e+02
8.110000000000000000e+02
8.510000000000000000e+02
8.100000000000000000e+02
8.580000000000000000e+02
8.570000000000000000e+02
7.930000000000000000e+02
8.890000000000000000e+02
9.020000000000000000e+02
9.080000000000000000e+02
9.450000000000000000e+02
9.510000000000000000e+02
1.029000000000000000e+03
1.102000000000000000e+03
1.126000000000000000e+03
1.121000000000000000e+03
1.127000000000000000e+03
1.096000000000000000e+03
1.162000000000000000e+03
1.158000000000000000e+03
1.171000000000000000e+03
1.210000000000000000e+03
1.222000000000000000e+03
1.294000000000000000e+03
1.305000000000000000e+03
1.269000000000000000e+03
1.221000000000000000e+03
1.185000000000000000e+03
1.155000000000000000e+03
1.248000000000000000e+03
1.111000000000000000e+03
1.165000000000000000e+03
1.190000000000000000e+03
1.244000000000000000e+03
1.199000000000000000e+03
1.248000000000000000e+03
1.328000000000000000e+03
1.243000000000000000e+03
1.213000000000000000e+03
1.255000000000000000e+03
1.242000000000000000e+03
1.257000000000000000e+03
1.276000000000000000e+03
1.208000000000000000e+03
1.158000000000000000e+03
1.164000000000000000e+03
1.158000000000000000e+03
1.156000000000000000e+03
1.163000000000000000e+03
1.202000000000000000e+03
1.281000000000000000e+03
1.296000000000000000e+03
1.342000000000000000e+03
1.364000000000000000e+03
1.308000000000000000e+03
1.219000000000000000e+03
1.258000000000000000e+03
1.312000000000000000e+03
1.268000000000000000e+03
1.300000000000000000e+03
1.343000000000000000e+03
1.342000000000000000e+03
1.356000000000000000e+03
1.383000000000000000e+03
1.437000000000000000e+03
1.449000000000000000e+03
1.486000000000000000e+03
1.610000000000000000e+03
1.526000000000000000e+03
1.600000000000000000e+03
1.595000000000000000e+03
1.585000000000000000e+03
1.482000000000000000e+03
1.544000000000000000e+03
1.614000000000000000e+03
1.458000000000000000e+03
1.471000000000000000e+03
1.500000000000000000e+03
1.475000000000000000e+03
1.465000000000000000e+03
1.387000000000000000e+03
1.474000000000000000e+03
1.472000000000000000e+03
1.489000000000000000e+03
1.395000000000000000e+03
1.364000000000000000e+03
1.333000000000000000e+03
1.307000000000000000e+03
1.210000000000000000e+03
1.229000000000000000e+03
1.187000000000000000e+03
1.125000000000000000e+03
1.020000000000000000e+03
9.930000000000000000e+02
8.760000000000000000e+02
8.620000000000000000e+02
8.230000000000000000e+02
7.910000000000000000e+02
7.570000000000000000e+02
7.020000000000000000e+02
6.910000000000000000e+02
6.800000000000000000e+02
6.310000000000000000e+02
6.070000000000000000e+02
5.940000000000000000e+02
5.830000000000000000e+02
5.460000000000000000e+02
4.650000000000000000e+02
5.250000000000000000e+02
5.340000000000000000e+02
5.160000000000000000e+02
5.000000000000000000e+02
5.100000000000000000e+02
4.830000000000000000e+02
5.030000000000000000e+02
5.200000000000000000e+02
4.850000000000000000e+02
5.300000000000000000e+02
5.070000000000000000e+02
4.700000000000000000e+02
4.450000000000000000e+02
4.630000000000000000e+02
4.620000000000000000e+02
4.600000000000000000e+02
4.820000000000000000e+02
4.810000000000000000e+02
5.070000000000000000e+02
5.780000000000000000e+02
6.440000000000000000e+02
7.250000000000000000e+02
7.430000000000000000e+02
6.750000000000000000e+02
6.990000000000000000e+02
6.710000000000000000e+02
6.210000000000000000e+02
5.110000000000000000e+02
4.750000000000000000e+02
4.330000000000000000e+02
3.350000000000000000e+02
3.310000000000000000e+02
2.730000000000000000e+02
2.860000000000000000e+02
2.250000000000000000e+02
2.020000000000000000e+02
2.100000000000000000e+02
1.780000000000000000e+02
1.550000000000000000e+02
1.300000000000000000e+02
5.290000000000000000e+02
