1.071300000000000000e+04
1.958000000000000000e+03
1.591000000000000000e+03
2.377000000000000000e+03
3.015000000000000000e+03
5.337000000000000000e+03
3.539000000000000000e+03
1.525000000000000000e+03
3.178000000000000000e+03
3.391000000000000000e+03
3.790000000000000000e+03
4.647000000000000000e+03
1.802000000000000000e+03
2.994000000000000000e+03
1.462000000000000000e+03
1.293000000000000000e+03
9.560000000000000000e+02
3.770000000000000000e+02
2.220000000000000000e+02
7.070000000000000000e+02
2.168000000000000000e+03
4.200000000000000000e+02
1.910000000000000000e+02
2.020000000000000000e+02
9.510000000000000000e+02
5.320000000000000000e+02
4.310000000000000000e+02
1.990000000000000000e+02
2.520000000000000000e+02
3.090000000000000000e+02
1.444000000000000000e+03
1.920000000000000000e+02
4.130000000000000000e+02
2.340000000000000000e+02
5.500000000000000000e+02
8.470000000000000000e+02
7.090000000000000000e+02
2.190000000000000000e+02
2.660000000000000000e+02
2.060000000000000000e+02
2.840000000000000000e+02
6.500000000000000000e+01
6.510000000000000000e+02
4.340000000000000000e+02
4.600000000000000000e+01
1.270000000000000000e+02
1.030000000000000000e+02
2.500000000000000000e+01
3.190000000000000000e+02
2.500000000000000000e+01
1.517000000000000000e+03
2.650000000000000000e+02
1.270000000000000000e+02
4.400000000000000000e+01
5.800000000000000000e+01
3.700000000000000000e+02
1.510000000000000000e+02
7.400000000000000000e+01
2.700000000000000000e+01
3.000000000000000000e+00
2.440000000000000000e+02
1.000000000000000000e+00
2.800000000000000000e+01
6.200000000000000000e+01
0.000000000000000000e+00
1.600000000000000000e+01
1.052000000000000000e+03
1.700000000000000000e+01
6.300000000000000000e+01
6.200000000000000000e+01
3.220000000000000000e+02
2.600000000000000000e+01
4.000000000000000000e+00
1.400000000000000000e+02
2.410000000000000000e+02
3.904000000000000000e+03
9.900000000000000000e+01
2.000000000000000000e+00
1.000000000000000000e+00
5.840000000000000000e+02
1.513000000000000000e+03
1.000000000000000000e+01
4.000000000000000000e+00
1.719000000000000000e+03
2.150000000000000000e+02
3.740000000000000000e+02
7.600000000000000000e+01
1.423000000000000000e+03
9.800000000000000000e+01
1.340000000000000000e+02
2.292000000000000000e+03
3.330000000000000000e+02
5.880000000000000000e+02
1.270000000000000000e+03
4.750000000000000000e+02
4.158000000000000000e+03
5.495000000000000000e+03
2.880000000000000000e+02
4.811000000000000000e+03
1.287000000000000000e+03
9.060000000000000000e+02
9.130000000000000000e+03
3.206000000000000000e+03
2.275200000000000000e+04
1.407500000000000000e+04
2.794200000000000000e+04
3.056700000000000000e+04
2.160800000000000000e+04
2.122600000000000000e+04
4.542600000000000000e+04
5.035700000000000000e+04
5.783500000000000000e+04
5.273700000000000000e+04
4.153800000000000000e+04
3.736000000000000000e+04
2.762200000000000000e+04
6.195100000000000000e+04
1.256100000000000000e+04
1.857900000000000000e+04
8.295000000000000000e+03
5.570300000000000000e+04
1.003000000000000000e+03
1.322900000000000000e+04
1.630000000000000000e+03
1.432700000000000000e+04
3.466500000000000000e+04
7.395000000000000000e+03
1.230000000000000000e+03
9.018000000000000000e+03
5.104000000000000000e+03
6.086000000000000000e+03
1.670000000000000000e+02
5.765000000000000000e+03
1.140900000000000000e+04
1.550000000000000000e+02
2.721000000000000000e+03
1.173000000000000000e+03
2.000000000000000000e+00
4.121000000000000000e+03
1.440000000000000000e+02
5.197000000000000000e+03
2.711000000000000000e+03
1.913000000000000000e+03
1.630000000000000000e+02
6.500000000000000000e+02
2.293000000000000000e+03
2.419000000000000000e+03
1.304000000000000000e+03
3.010000000000000000e+02
2.800000000000000000e+01
2.220000000000000000e+03
1.800000000000000000e+01
4.390000000000000000e+02
1.647000000000000000e+03
4.400000000000000000e+01
1.127000000000000000e+03
3.902000000000000000e+03
6.820000000000000000e+02
1.703000000000000000e+03
1.337000000000000000e+03
1.501000000000000000e+03
7.600000000000000000e+02
1.860000000000000000e+02
1.152000000000000000e+03
2.353000000000000000e+03
3.826000000000000000e+03
7.330000000000000000e+02
5.640000000000000000e+02
5.300000000000000000e+01
1.887000000000000000e+03
5.508000000000000000e+03
2.060000000000000000e+02
4.960000000000000000e+02
1.874000000000000000e+03
3.740000000000000000e+03
2.260000000000000000e+03
1.173000000000000000e+03
4.490000000000000000e+03
1.427000000000000000e+03
1.238000000000000000e+03
3.420000000000000000e+03
2.100000000000000000e+01
1.950000000000000000e+02
2.183000000000000000e+03
2.841000000000000000e+03
1.970000000000000000e+03
5.015000000000000000e+03
7.761000000000000000e+03
7.707000000000000000e+03
6.845000000000000000e+03
8.150000000000000000e+03
7.443000000000000000e+03
7.085000000000000000e+03
7.244000000000000000e+03
8.351000000000000000e+03
8.119000000000000000e+03
1.187800000000000000e+04
9.807000000000000000e+03
9.671000000000000000e+03
8.413000000000000000e+03
1.015500000000000000e+04
1.165200000000000000e+04
1.130500000000000000e+04
9.850000000000000000e+03
9.411000000000000000e+03
8.336000000000000000e+03
9.848000000000000000e+03
9.120000000000000000e+03
9.923000000000000000e+03
8.492000000000000000e+03
9.231000000000000000e+03
8.502000000000000000e+03
9.402000000000000000e+03
9.377000000000000000e+03
1.032100000000000000e+04
1.035700000000000000e+04
1.215900000000000000e+04
7.409000000000000000e+03
9.558000000000000000e+03
7.819000000000000000e+03
8.802000000000000000e+03
7.607000000000000000e+03
6.932000000000000000e+03
8.887000000000000000e+03
7.643000000000000000e+03
7.920000000000000000e+03
7.942000000000000000e+03
6.688000000000000000e+03
6.772000000000000000e+03
6.479000000000000000e+03
6.131000000000000000e+03
6.623000000000000000e+03
5.840000000000000000e+03
6.684000000000000000e+03
5.491000000000000000e+03
7.100000000000000000e+03
5.329000000000000000e+03
5.983000000000000000e+03
6.677000000000000000e+03
5.538000000000000000e+03
5.148000000000000000e+03
5.549000000000000000e+03
4.540000000000000000e+03
3.683000000000000000e+03
7.133000000000000000e+03
4.355000000000000000e+03
4.159000000000000000e+03
5.642000000000000000e+03
4.165000000000000000e+03
3.294000000000000000e+03
4.889000000000000000e+03
4.459000000000000000e+03
3.498000000000000000e+03
4.052000000000000000e+03
3.440000000000000000e+03
4.235000000000000000e+03
3.249000000000000000e+03
4.022000000000000000e+03
4.282000000000000000e+03
3.063000000000000000e+03
3.788000000000000000e+03
4.283000000000000000e+03
3.257000000000000000e+03
3.353000000000000000e+03
2.695000000000000000e+03
6.190000000000000000e+03
2.501000000000000000e+03
3.181000000000000000e+03
2.915000000000000000e+03
3.434000000000000000e+03
2.882000000000000000e+03
2.953000000000000000e+03
2.346000000000000000e+03
3.022000000000000000e+03
2.940000000000000000e+03
2.307000000000000000e+03
3.335000000000000000e+03
2.520000000000000000e+03
3.346000000000000000e+03
2.541000000000000000e+03
2.818000000000000000e+03
2.213000000000000000e+03
3.482000000000000000e+03
2.258000000000000000e+03
2.566000000000000000e+03
2.381000000000000000e+03
2.960000000000000000e+03
2.821000000000000000e+03
2.355000000000000000e+03
2.847000000000000000e+03
2.183000000000000000e+03
2.572000000000000000e+03
2.686000000000000000e+03
3.000000000000000000e+03
2.460000000000000000e+03
2.537000000000000000e+03
2.882000000000000000e+03
3.083000000000000000e+03
2.847000000000000000e+03
3.039000000000000000e+03
2.827000000000000000e+03
3.107000000000000000e+03
2.571000000000000000e+03
2.921000000000000000e+03
3.067000000000000000e+03
3.006000000000000000e+03
2.337000000000000000e+03
2.804000000000000000e+03
3.963000000000000000e+03
2.331000000000000000e+03
3.188000000000000000e+03
2.987000000000000000e+03
2.507000000000000000e+03
2.450000000000000000e+03
2.670000000000000000e+03
2.145000000000000000e+03
1.900000000000000000e+03
2.168000000000000000e+03
2.040000000000000000e+03
1.991000000000000000e+03
2.063000000000000000e+03
1.953000000000000000e+03
2.124000000000000000e+03
2.180000000000000000e+03
1.930000000000000000e+03
2.281000000000000000e+03
2.548000000000000000e+03
2.071000000000000000e+03
2.383000000000000000e+03
2.430000000000000000e+03
2.310000000000000000e+03
2.193000000000000000e+03
2.303000000000000000e+03
3.196000000000000000e+03
2.516000000000000000e+03
2.275000000000000000e+03
2.422000000000000000e+03
2.272000000000000000e+03
2.771000000000000000e+03
2.710000000000000000e+03
2.412000000000000000e+03
2.618000000000000000e+03
2.801000000000000000e+03
2.370000000000000000e+03
2.536000000000000000e+03
2.178000000000000000e+03
2.291000000000000000e+03
2.080000000000000000e+03
2.954000000000000000e+03
2.378000000000000000e+03
2.787000000000000000e+03
2.333000000000000000e+03
2.520000000000000000e+03
2.293000000000000000e+03
2.515000000000000000e+03
1.763000000000000000e+03
3.336000000000000000e+03
2.851000000000000000e+03
2.723000000000000000e+03
2.512000000000000000e+03
3.160000000000000000e+03
3.721000000000000000e+03
2.848000000000000000e+03
3.494000000000000000e+03
3.129000000000000000e+03
2.883000000000000000e+03
2.747000000000000000e+03
2.210000000000000000e+03
3.241000000000000000e+03
2.399000000000000000e+03
2.717000000000000000e+03
4.451000000000000000e+03
2.239000000000000000e+03
2.598000000000000000e+03
3.262000000000000000e+03
2.947000000000000000e+03
2.798000000000000000e+03
2.993000000000000000e+03
3.245000000000000000e+03
2.051000000000000000e+03
3.117000000000000000e+03
1.949000000000000000e+03
1.722000000000000000e+03
2.342000000000000000e+03
1.720000000000000000e+03
1.615000000000000000e+03
1.712000000000000000e+03
1.370000000000000000e+03
1.332000000000000000e+03
1.623000000000000000e+03
1.339000000000000000e+03
1.480000000000000000e+03
1.360000000000000000e+03
1.529000000000000000e+03
1.019000000000000000e+03
1.133000000000000000e+03
1.080000000000000000e+03
8.960000000000000000e+02
8.450000000000000000e+02
9.840000000000000000e+02
7.740000000000000000e+02
7.040000000000000000e+02
7.270000000000000000e+02
6.340000000000000000e+02
6.320000000000000000e+02
5.040000000000000000e+02
4.490000000000000000e+02
4.670000000000000000e+02
3.890000000000000000e+02
3.030000000000000000e+02
3.360000000000000000e+02
3.010000000000000000e+02
2.670000000000000000e+02
2.690000000000000000e+02
2.500000000000000000e+02
2.310000000000000000e+02
1.920000000000000000e+02
2.260000000000000000e+02
2.150000000000000000e+02
1.590000000000000000e+02
1.610000000000000000e+02
1.530000000000000000e+02
1.460000000000000000e+02
1.700000000000000000e+02
1.210000000000000000e+02
1.090000000000000000e+02
6.900000000000000000e+01
9.000000000000000000e+01
1.180000000000000000e+02
1.060000000000000000e+02
9.900000000000000000e+01
8.500000000000000000e+01
2.200000000000000000e+01
4.000000000000000000e+00
0.000000000000000000e+00
3.006000000000000000e+03
3.300000000000000000e+01
1.070000000000000000e+02
2.260000000000000000e+02
4.100000000000000000e+02
6.230000000000000000e+02
6.810000000000000000e+02
6.040000000000000000e+02
6.010000000000000000e+02
6.520000000000000000e+02
8.200000000000000000e+02
9.540000000000000000e+02
1.454000000000000000e+03
2.199000000000000000e+03
2.357000000000000000e+03
2.711000000000000000e+03
2.791000000000000000e+03
3.311000000000000000e+03
3.731000000000000000e+03
4.136000000000000000e+03
4.557000000000000000e+03
4.104000000000000000e+03
3.667000000000000000e+03
3.733000000000000000e+03
3.279000000000000000e+03
3.287000000000000000e+03
2.764000000000000000e+03
2.544000000000000000e+03
2.478000000000000000e+03
2.471000000000000000e+03
2.616000000000000000e+03
2.560000000000000000e+03
2.933000000000000000e+03
2.855000000000000000e+03
3.158000000000000000e+03
2.932000000000000000e+03
3.286000000000000000e+03
3.341000000000000000e+03
3.403000000000000000e+03
3.660000000000000000e+03
3.873000000000000000e+03
3.726000000000000000e+03
4.227000000000000000e+03
4.731000000000000000e+03
4.640000000000000000e+03
4.754000000000000000e+03
5.137000000000000000e+03
4.718000000000000000e+03
4.638000000000000000e+03
4.418000000000000000e+03
4.434000000000000000e+03
4.471000000000000000e+03
4.553000000000000000e+03
4.904000000000000000e+03
4.781000000000000000e+03
4.986000000000000000e+03
5.403000000000000000e+03
5.606000000000000000e+03
6.040000000000000000e+03
6.190000000000000000e+03
6.432000000000000000e+03
6.336000000000000000e+03
6.244000000000000000e+03
6.451000000000000000e+03
6.346000000000000000e+03
6.191000000000000000e+03
6.622000000000000000e+03
6.646000000000000000e+03
6.801000000000000000e+03
8.619000000000000000e+03
8.069000000000000000e+03
7.952000000000000000e+03
8.848000000000000000e+03
8.411000000000000000e+03
8.764000000000000000e+03
8.522000000000000000e+03
7.472000000000000000e+03
7.055000000000000000e+03
5.974000000000000000e+03
5.234000000000000000e+03
4.670000000000000000e+03
4.487000000000000000e+03
4.481000000000000000e+03
4.089000000000000000e+03
4.213000000000000000e+03
3.692000000000000000e+03
3.662000000000000000e+03
3.651000000000000000e+03
3.441000000000000000e+03
3.398000000000000000e+03
3.259000000000000000e+03
3.377000000000000000e+03
3.324000000000000000e+03
3.441000000000000000e+03
3.501000000000000000e+03
3.578000000000000000e+03
3.673000000000000000e+03
3.915000000000000000e+03
4.181000000000000000e+03
4.161000000000000000e+03
4.407000000000000000e+03
4.544000000000000000e+03
4.785000000000000000e+03
4.879000000000000000e+03
5.127000000000000000e+03
5.041000000000000000e+03
5.183000000000000000e+03
5.609000000000000000e+03
5.764000000000000000e+03
6.020000000000000000e+03
6.669000000000000000e+03
6.426000000000000000e+03
6.918000000000000000e+03
7.044000000000000000e+03
6.983000000000000000e+03
6.396000000000000000e+03
5.985000000000000000e+03
6.008000000000000000e+03
6.192000000000000000e+03
6.342000000000000000e+03
6.460000000000000000e+03
6.086000000000000000e+03
6.231000000000000000e+03
5.991000000000000000e+03
5.949000000000000000e+03
5.493000000000000000e+03
5.539000000000000000e+03
5.044000000000000000e+03
5.249000000000000000e+03
5.034000000000000000e+03
5.087000000000000000e+03
5.440000000000000000e+03
6.008000000000000000e+03
6.343000000000000000e+03
6.473000000000000000e+03
6.597000000000000000e+03
6.663000000000000000e+03
6.626000000000000000e+03
7.301000000000000000e+03
6.523000000000000000e+03
6.698000000000000000e+03
6.668000000000000000e+03
7.320000000000000000e+03
5.898000000000000000e+03
5.402000000000000000e+03
5.230000000000000000e+03
4.576000000000000000e+03
4.209000000000000000e+03
4.035000000000000000e+03
3.946000000000000000e+03
3.867000000000000000e+03
3.629000000000000000e+03
3.786000000000000000e+03
3.435000000000000000e+03
3.316000000000000000e+03
3.411000000000000000e+03
3.272000000000000000e+03
3.158000000000000000e+03
3.241000000000000000e+03
3.253000000000000000e+03
3.329000000000000000e+03
3.486000000000000000e+03
3.575000000000000000e+03
3.483000000000000000e+03
3.591000000000000000e+03
3.887000000000000000e+03
3.900000000000000000e+03
3.963000000000000000e+03
3.907000000000000000e+03
3.924000000000000000e+03
3.926000000000000000e+03
4.040000000000000000e+03
4.095000000000000000e+03
4.017000000000000000e+03
3.962000000000000000e+03
3.855000000000000000e+03
3.801000000000000000e+03
3.510000000000000000e+03
3.277000000000000000e+03
3.084000000000000000e+03
2.966000000000000000e+03
2.993000000000000000e+03
2.787000000000000000e+03
2.770000000000000000e+03
2.836000000000000000e+03
2.766000000000000000e+03
2.679000000000000000e+03
2.691000000000000000e+03
2.802000000000000000e+03
2.837000000000000000e+03
2.630000000000000000e+03
2.569000000000000000e+03
2.433000000000000000e+03
2.287000000000000000e+03
2.267000000000000000e+03
1.883000000000000000e+03
1.855000000000000000e+03
1.640000000000000000e+03
1.761000000000000000e+03
1.646000000000000000e+03
1.538000000000000000e+03
1.509000000000000000e+03
1.534000000000000000e+03
1.599000000000000000e+03
1.898000000000000000e+03
2.144000000000000000e+03
2.176000000000000000e+03
2.236000000000000000e+03
2.204000000000000000e+03
2.248000000000000000e+03
2.118000000000000000e+03
2.186000000000000000e+03
2.183000000000000000e+03
2.102000000000000000e+03
1.982000000000000000e+03
1.882000000000000000e+03
1.983000000000000000e+03
1.812000000000000000e+03
1.810000000000000000e+03
1.710000000000000000e+03
1.569000000000000000e+03
1.435000000000000000e+03
1.247000000000000000e+03
1.225000000000000000e+03
9.400000000000000000e+02
8.230000000000000000e+02
6.560000000000000000e+02
5.430000000000000000e+02
4.260000000000000000e+02
3.930000000000000000e+02
3.860000000000000000e+02
3.390000000000000000e+02
2.830000000000000000e+02
2.580000000000000000e+02
2.440000000000000000e+02
2.640000000000000000e+02
2.360000000000000000e+02
2.420000000000000000e+02
2.210000000000000000e+02
2.260000000000000000e+02
2.630000000000000000e+02
2.630000000000000000e+02
2.430000000000000000e+02
2.910000000000000000e+02
2.240000000000000000e+02
2.180000000000000000e+02
1.860000000000000000e+02
1.920000000000000000e+02
1.530000000000000000e+02
1.490000000000000000e+02
1.310000000000000000e+02
1.010000000000000000e+02
9.700000000000000000e+01
9.000000000000000000e+01
7.900000000000000000e+01
1.010000000000000000e+02
4.480000000000000000e+02
