7.497900000000000000e+04
3.680000000000000000e+02
9.650000000000000000e+02
4.973000000000000000e+03
8.300000000000000000e+02
9.273000000000000000e+03
1.294300000000000000e+04
1.267000000000000000e+03
1.236100000000000000e+04
5.835000000000000000e+03
8.676000000000000000e+03
4.886000000000000000e+04
1.529900000000000000e+04
8.198900000000000000e+04
3.236500000000000000e+04
7.173500000000000000e+04
5.173800000000000000e+04
4.112300000000000000e+04
2.009700000000000000e+04
2.723300000000000000e+04
2.461400000000000000e+04
2.807800000000000000e+04
1.739000000000000000e+04
1.063500000000000000e+04
1.408900000000000000e+04
7.719000000000000000e+03
7.496000000000000000e+03
1.779000000000000000e+03
1.846000000000000000e+03
1.802000000000000000e+03
1.914700000000000000e+04
1.036000000000000000e+03
1.834000000000000000e+03
1.287000000000000000e+03
3.015000000000000000e+03
7.837000000000000000e+03
1.474800000000000000e+04
7.010000000000000000e+02
1.312000000000000000e+03
7.640000000000000000e+02
1.494000000000000000e+03
3.770000000000000000e+02
2.740000000000000000e+03
2.040000000000000000e+03
2.210000000000000000e+02
7.010000000000000000e+02
6.600000000000000000e+02
1.070000000000000000e+02
1.189000000000000000e+03
4.440000000000000000e+02
4.150000000000000000e+03
1.543000000000000000e+03
6.550000000000000000e+02
3.250000000000000000e+02
4.420000000000000000e+02
1.355000000000000000e+03
6.380000000000000000e+02
3.110000000000000000e+02
8.100000000000000000e+01
3.500000000000000000e+01
1.412000000000000000e+03
2.900000000000000000e+01
1.430000000000000000e+02
3.460000000000000000e+02
6.400000000000000000e+01
1.580000000000000000e+02
2.246000000000000000e+03
2.300000000000000000e+02
2.060000000000000000e+02
2.740000000000000000e+02
1.025000000000000000e+03
2.410000000000000000e+02
2.010000000000000000e+02
6.500000000000000000e+02
6.030000000000000000e+02
7.263000000000000000e+03
1.174000000000000000e+03
4.320000000000000000e+02
3.860000000000000000e+02
6.620000000000000000e+02
4.173000000000000000e+03
1.120000000000000000e+02
2.650000000000000000e+02
3.951000000000000000e+03
5.360000000000000000e+02
5.050000000000000000e+02
2.450000000000000000e+02
1.821000000000000000e+03
2.360000000000000000e+02
1.940000000000000000e+02
3.088000000000000000e+03
1.620000000000000000e+02
2.610000000000000000e+02
9.540000000000000000e+02
1.070000000000000000e+02
2.201000000000000000e+03
6.352000000000000000e+03
8.300000000000000000e+01
5.152000000000000000e+03
6.770000000000000000e+02
4.620000000000000000e+02
8.494000000000000000e+03
1.612000000000000000e+03
3.222900000000000000e+04
1.419600000000000000e+04
1.785500000000000000e+04
4.634900000000000000e+04
5.880000000000000000e+03
2.719700000000000000e+04
1.720600000000000000e+04
1.704700000000000000e+04
1.781100000000000000e+04
4.706000000000000000e+03
9.290000000000000000e+03
7.056000000000000000e+03
4.914000000000000000e+03
3.042000000000000000e+03
6.800000000000000000e+01
1.700000000000000000e+02
1.080000000000000000e+02
1.577800000000000000e+04
1.000000000000000000e+00
4.330000000000000000e+02
6.900000000000000000e+01
2.224000000000000000e+03
6.588000000000000000e+03
1.219600000000000000e+04
6.500000000000000000e+01
3.280000000000000000e+02
1.390000000000000000e+02
5.560000000000000000e+02
1.900000000000000000e+01
2.607000000000000000e+03
1.043000000000000000e+03
8.000000000000000000e+00
1.450000000000000000e+02
4.500000000000000000e+01
3.000000000000000000e+00
2.280000000000000000e+02
1.100000000000000000e+01
3.664000000000000000e+03
6.320000000000000000e+02
7.900000000000000000e+01
1.700000000000000000e+01
3.600000000000000000e+01
1.063000000000000000e+03
1.890000000000000000e+02
4.100000000000000000e+01
1.100000000000000000e+01
3.000000000000000000e+00
4.670000000000000000e+02
0.000000000000000000e+00
1.900000000000000000e+01
9.900000000000000000e+01
5.000000000000000000e+00
4.600000000000000000e+01
1.650000000000000000e+03
5.000000000000000000e+01
1.190000000000000000e+02
8.200000000000000000e+01
6.930000000000000000e+02
4.000000000000000000e+01
4.200000000000000000e+01
2.920000000000000000e+02
2.570000000000000000e+02
7.952000000000000000e+03
6.500000000000000000e+01
6.900000000000000000e+01
1.200000000000000000e+01
2.910000000000000000e+02
2.623000000000000000e+03
3.200000000000000000e+01
3.400000000000000000e+01
9.723000000000000000e+03
3.150000000000000000e+02
3.960000000000000000e+02
5.600000000000000000e+01
2.079000000000000000e+03
1.490000000000000000e+02
1.440000000000000000e+02
6.812700000000000000e+04
1.180000000000000000e+02
1.629000000000000000e+03
4.807000000000000000e+03
5.398000000000000000e+03
7.299000000000000000e+03
8.317000000000000000e+03
1.024100000000000000e+04
9.967000000000000000e+03
1.092900000000000000e+04
1.153400000000000000e+04
1.607800000000000000e+04
1.056100000000000000e+04
1.017700000000000000e+04
1.169800000000000000e+04
1.344500000000000000e+04
1.318100000000000000e+04
1.600900000000000000e+04
2.165700000000000000e+04
2.398300000000000000e+04
2.195100000000000000e+04
1.795400000000000000e+04
1.484100000000000000e+04
1.585400000000000000e+04
1.395800000000000000e+04
1.312700000000000000e+04
1.226100000000000000e+04
1.109900000000000000e+04
1.097900000000000000e+04
1.104800000000000000e+04
1.090000000000000000e+04
1.068600000000000000e+04
1.067800000000000000e+04
9.521000000000000000e+03
1.059500000000000000e+04
1.015500000000000000e+04
1.129900000000000000e+04
7.078000000000000000e+03
9.521000000000000000e+03
8.688000000000000000e+03
7.945000000000000000e+03
7.717000000000000000e+03
7.800000000000000000e+03
8.589000000000000000e+03
8.554000000000000000e+03
7.485000000000000000e+03
7.820000000000000000e+03
6.468000000000000000e+03
6.407000000000000000e+03
5.945000000000000000e+03
5.730000000000000000e+03
6.848000000000000000e+03
5.323000000000000000e+03
6.073000000000000000e+03
5.060000000000000000e+03
5.612000000000000000e+03
4.886000000000000000e+03
5.961000000000000000e+03
5.643000000000000000e+03
5.028000000000000000e+03
5.066000000000000000e+03
5.546000000000000000e+03
4.837000000000000000e+03
4.219000000000000000e+03
6.890000000000000000e+03
4.915000000000000000e+03
4.912000000000000000e+03
5.224000000000000000e+03
4.900000000000000000e+03
4.329000000000000000e+03
5.445000000000000000e+03
5.200000000000000000e+03
4.277000000000000000e+03
5.935000000000000000e+03
4.414000000000000000e+03
4.525000000000000000e+03
3.532000000000000000e+03
4.254000000000000000e+03
4.252000000000000000e+03
3.044000000000000000e+03
3.579000000000000000e+03
3.711000000000000000e+03
3.220000000000000000e+03
3.569000000000000000e+03
2.908000000000000000e+03
6.418000000000000000e+03
2.990000000000000000e+03
3.528000000000000000e+03
3.041000000000000000e+03
3.428000000000000000e+03
3.465000000000000000e+03
3.417000000000000000e+03
3.151000000000000000e+03
3.280000000000000000e+03
3.286000000000000000e+03
2.760000000000000000e+03
4.073000000000000000e+03
2.852000000000000000e+03
3.444000000000000000e+03
2.739000000000000000e+03
2.806000000000000000e+03
2.416000000000000000e+03
4.775000000000000000e+03
2.279000000000000000e+03
2.568000000000000000e+03
2.337000000000000000e+03
3.000000000000000000e+03
2.238000000000000000e+03
2.163000000000000000e+03
3.170000000000000000e+03
1.886000000000000000e+03
2.007000000000000000e+03
2.219000000000000000e+03
2.522000000000000000e+03
1.726000000000000000e+03
1.948000000000000000e+03
2.455000000000000000e+03
1.763000000000000000e+03
2.277000000000000000e+03
2.078000000000000000e+03
1.947000000000000000e+03
1.899000000000000000e+03
1.934000000000000000e+03
1.514000000000000000e+03
1.555000000000000000e+03
1.245000000000000000e+03
1.219000000000000000e+03
1.997000000000000000e+03
6.812000000000000000e+03
1.084000000000000000e+03
1.424000000000000000e+03
1.389000000000000000e+03
1.504000000000000000e+03
1.575000000000000000e+03
1.860000000000000000e+03
1.874000000000000000e+03
1.754000000000000000e+03
2.424000000000000000e+03
1.591000000000000000e+03
1.796000000000000000e+03
1.632000000000000000e+03
1.131000000000000000e+03
2.892000000000000000e+03
1.948000000000000000e+03
1.249000000000000000e+03
1.126000000000000000e+03
6.002000000000000000e+03
1.289000000000000000e+03
1.776000000000000000e+03
2.550000000000000000e+03
1.204000000000000000e+03
1.599000000000000000e+03
1.017000000000000000e+03
3.299000000000000000e+03
9.010000000000000000e+02
1.478000000000000000e+03
1.744000000000000000e+03
1.657000000000000000e+03
1.400000000000000000e+03
2.922000000000000000e+03
7.640000000000000000e+02
1.303000000000000000e+03
3.877000000000000000e+03
9.760000000000000000e+02
1.232000000000000000e+03
1.966000000000000000e+03
1.329000000000000000e+03
9.850000000000000000e+02
8.460000000000000000e+02
3.660000000000000000e+02
6.032000000000000000e+03
3.420000000000000000e+02
7.210000000000000000e+02
1.006000000000000000e+03
1.295000000000000000e+03
1.361000000000000000e+03
6.130000000000000000e+02
1.531000000000000000e+03
3.540000000000000000e+02
3.283000000000000000e+03
9.630000000000000000e+02
1.017000000000000000e+03
3.375000000000000000e+03
4.610000000000000000e+02
1.120000000000000000e+03
1.740000000000000000e+03
8.620000000000000000e+02
1.792000000000000000e+03
1.452000000000000000e+03
6.320000000000000000e+02
5.240000000000000000e+02
3.594000000000000000e+03
2.590000000000000000e+02
7.870000000000000000e+02
1.119000000000000000e+03
8.620000000000000000e+02
9.370000000000000000e+02
9.920000000000000000e+02
5.137000000000000000e+03
5.640000000000000000e+02
1.628000000000000000e+03
8.970000000000000000e+02
8.630000000000000000e+02
5.590000000000000000e+02
3.095000000000000000e+03
5.200000000000000000e+02
9.210000000000000000e+02
7.140000000000000000e+02
6.100000000000000000e+02
1.207000000000000000e+03
8.610000000000000000e+02
9.300000000000000000e+02
3.220000000000000000e+02
2.558000000000000000e+03
5.150000000000000000e+02
7.670000000000000000e+02
1.158000000000000000e+03
5.290000000000000000e+02
3.150000000000000000e+02
1.483000000000000000e+03
7.790000000000000000e+02
7.590000000000000000e+02
5.780000000000000000e+02
2.817000000000000000e+03
5.760000000000000000e+02
6.410000000000000000e+02
3.290000000000000000e+02
1.386000000000000000e+03
5.890000000000000000e+02
3.010000000000000000e+02
9.610000000000000000e+02
5.390000000000000000e+02
6.630000000000000000e+02
4.000000000000000000e+02
8.550000000000000000e+02
5.690000000000000000e+02
3.510000000000000000e+02
6.580000000000000000e+02
4.760000000000000000e+02
5.740000000000000000e+02
5.780000000000000000e+02
4.040000000000000000e+02
5.810000000000000000e+02
3.950000000000000000e+02
4.110000000000000000e+02
3.600000000000000000e+02
3.280000000000000000e+02
3.390000000000000000e+02
2.690000000000000000e+02
2.550000000000000000e+02
2.460000000000000000e+02
1.550000000000000000e+02
9.200000000000000000e+01
4.000000000000000000e+01
2.400000000000000000e+01
3.331600000000000000e+04
8.200000000000000000e+02
1.820000000000000000e+03
8.748000000000000000e+03
4.277000000000000000e+03
5.619000000000000000e+03
6.288000000000000000e+03
6.861000000000000000e+03
1.322300000000000000e+04
7.885000000000000000e+03
9.866000000000000000e+03
7.793000000000000000e+03
8.275000000000000000e+03
7.634000000000000000e+03
7.017000000000000000e+03
7.952000000000000000e+03
7.518000000000000000e+03
6.798000000000000000e+03
7.507000000000000000e+03
7.404000000000000000e+03
7.151000000000000000e+03
6.824000000000000000e+03
6.388000000000000000e+03
6.521000000000000000e+03
6.162000000000000000e+03
6.107000000000000000e+03
5.648000000000000000e+03
5.618000000000000000e+03
5.230000000000000000e+03
5.114000000000000000e+03
4.927000000000000000e+03
4.791000000000000000e+03
4.531000000000000000e+03
4.421000000000000000e+03
4.249000000000000000e+03
4.208000000000000000e+03
4.312000000000000000e+03
4.302000000000000000e+03
4.102000000000000000e+03
4.235000000000000000e+03
4.252000000000000000e+03
4.035000000000000000e+03
3.909000000000000000e+03
3.927000000000000000e+03
4.107000000000000000e+03
4.047000000000000000e+03
3.929000000000000000e+03
3.839000000000000000e+03
4.041000000000000000e+03
3.694000000000000000e+03
3.479000000000000000e+03
3.379000000000000000e+03
3.258000000000000000e+03
3.208000000000000000e+03
3.124000000000000000e+03
3.082000000000000000e+03
3.097000000000000000e+03
2.925000000000000000e+03
3.013000000000000000e+03
2.998000000000000000e+03
3.077000000000000000e+03
2.983000000000000000e+03
3.123000000000000000e+03
3.236000000000000000e+03
3.493000000000000000e+03
3.422000000000000000e+03
3.434000000000000000e+03
3.382000000000000000e+03
3.789000000000000000e+03
4.021000000000000000e+03
4.114000000000000000e+03
4.316000000000000000e+03
4.665000000000000000e+03
4.930000000000000000e+03
5.362000000000000000e+03
5.163000000000000000e+03
5.136000000000000000e+03
5.383000000000000000e+03
5.855000000000000000e+03
6.334000000000000000e+03
6.773000000000000000e+03
6.572000000000000000e+03
6.786000000000000000e+03
6.391000000000000000e+03
6.335000000000000000e+03
6.064000000000000000e+03
6.177000000000000000e+03
5.990000000000000000e+03
5.945000000000000000e+03
5.945000000000000000e+03
5.764000000000000000e+03
5.617000000000000000e+03
5.399000000000000000e+03
5.376000000000000000e+03
5.392000000000000000e+03
5.367000000000000000e+03
5.223000000000000000e+03
5.239000000000000000e+03
4.885000000000000000e+03
5.044000000000000000e+03
4.868000000000000000e+03
4.948000000000000000e+03
5.013000000000000000e+03
4.950000000000000000e+03
5.297000000000000000e+03
5.173000000000000000e+03
5.324000000000000000e+03
5.154000000000000000e+03
5.270000000000000000e+03
5.275000000000000000e+03
5.106000000000000000e+03
5.465000000000000000e+03
5.552000000000000000e+03
5.402000000000000000e+03
5.416000000000000000e+03
5.480000000000000000e+03
5.685000000000000000e+03
5.467000000000000000e+03
5.560000000000000000e+03
5.543000000000000000e+03
5.588000000000000000e+03
5.549000000000000000e+03
5.573000000000000000e+03
5.558000000000000000e+03
5.582000000000000000e+03
5.657000000000000000e+03
5.677000000000000000e+03
5.729000000000000000e+03
5.675000000000000000e+03
5.607000000000000000e+03
5.438000000000000000e+03
5.442000000000000000e+03
5.406000000000000000e+03
5.307000000000000000e+03
5.230000000000000000e+03
5.324000000000000000e+03
5.181000000000000000e+03
5.028000000000000000e+03
5.005000000000000000e+03
4.887000000000000000e+03
4.693000000000000000e+03
4.810000000000000000e+03
4.811000000000000000e+03
4.583000000000000000e+03
4.577000000000000000e+03
4.628000000000000000e+03
4.475000000000000000e+03
4.130000000000000000e+03
4.159000000000000000e+03
3.971000000000000000e+03
3.932000000000000000e+03
3.890000000000000000e+03
3.934000000000000000e+03
3.808000000000000000e+03
3.856000000000000000e+03
3.880000000000000000e+03
3.850000000000000000e+03
3.723000000000000000e+03
3.745000000000000000e+03
3.559000000000000000e+03
3.556000000000000000e+03
4.094000000000000000e+03
3.697000000000000000e+03
4.113000000000000000e+03
3.937000000000000000e+03
4.384000000000000000e+03
4.144000000000000000e+03
4.779000000000000000e+03
4.430000000000000000e+03
4.445000000000000000e+03
3.898000000000000000e+03
3.977000000000000000e+03
3.831000000000000000e+03
3.826000000000000000e+03
3.691000000000000000e+03
3.452000000000000000e+03
3.576000000000000000e+03
3.686000000000000000e+03
3.466000000000000000e+03
3.573000000000000000e+03
3.248000000000000000e+03
3.244000000000000000e+03
3.105000000000000000e+03
3.013000000000000000e+03
3.065000000000000000e+03
2.970000000000000000e+03
3.305000000000000000e+03
2.857000000000000000e+03
2.843000000000000000e+03
2.836000000000000000e+03
2.869000000000000000e+03
2.774000000000000000e+03
2.848000000000000000e+03
2.805000000000000000e+03
2.837000000000000000e+03
2.793000000000000000e+03
2.878000000000000000e+03
2.885000000000000000e+03
2.963000000000000000e+03
2.973000000000000000e+03
2.993000000000000000e+03
2.994000000000000000e+03
3.048000000000000000e+03
2.731000000000000000e+03
2.921000000000000000e+03
2.828000000000000000e+03
2.890000000000000000e+03
2.647000000000000000e+03
2.658000000000000000e+03
2.776000000000000000e+03
2.534000000000000000e+03
2.339000000000000000e+03
2.616000000000000000e+03
2.568000000000000000e+03
2.633000000000000000e+03
2.977000000000000000e+03
2.920000000000000000e+03
2.972000000000000000e+03
2.863000000000000000e+03
2.883000000000000000e+03
3.160000000000000000e+03
2.808000000000000000e+03
3.088000000000000000e+03
3.009000000000000000e+03
4.080000000000000000e+03
3.006000000000000000e+03
2.904000000000000000e+03
2.462000000000000000e+03
2.605000000000000000e+03
2.307000000000000000e+03
2.561000000000000000e+03
1.972000000000000000e+03
1.762000000000000000e+03
1.805000000000000000e+03
2.025000000000000000e+03
1.618000000000000000e+03
1.638000000000000000e+03
1.725000000000000000e+03
1.642000000000000000e+03
1.576000000000000000e+03
1.514000000000000000e+03
1.496000000000000000e+03
1.404000000000000000e+03
1.370000000000000000e+03
1.420000000000000000e+03
1.234000000000000000e+03
1.107000000000000000e+03
1.112000000000000000e+03
1.136000000000000000e+03
1.083000000000000000e+03
9.580000000000000000e+02
9.160000000000000000e+02
8.430000000000000000e+02
8.010000000000000000e+02
6.820000000000000000e+02
6.020000000000000000e+02
2.796000000000000000e+03
