2.882000000000000000e+03
4.700000000000000000e+02
5.600000000000000000e+02
5.370000000000000000e+02
3.300000000000000000e+02
1.200000000000000000e+03
2.025000000000000000e+03
1.930000000000000000e+02
1.875000000000000000e+03
7.320000000000000000e+02
1.180000000000000000e+03
4.342000000000000000e+03
4.014000000000000000e+03
1.758500000000000000e+04
9.079000000000000000e+03
8.870000000000000000e+03
7.585000000000000000e+03
8.876000000000000000e+03
4.004000000000000000e+03
4.039000000000000000e+03
3.989000000000000000e+03
3.940000000000000000e+03
1.917000000000000000e+03
9.750000000000000000e+02
1.946000000000000000e+03
1.071000000000000000e+03
1.408000000000000000e+03
9.900000000000000000e+01
1.860000000000000000e+02
1.110000000000000000e+02
3.032000000000000000e+03
0.000000000000000000e+00
6.760000000000000000e+02
3.800000000000000000e+01
5.550000000000000000e+02
1.959000000000000000e+03
1.006000000000000000e+03
7.500000000000000000e+01
3.640000000000000000e+02
1.400000000000000000e+02
3.130000000000000000e+02
8.000000000000000000e+00
5.860000000000000000e+02
6.720000000000000000e+02
1.000000000000000000e+01
1.790000000000000000e+02
7.200000000000000000e+01
0.000000000000000000e+00
3.420000000000000000e+02
1.000000000000000000e+01
1.048000000000000000e+03
5.190000000000000000e+02
1.260000000000000000e+02
9.000000000000000000e+00
2.900000000000000000e+01
4.410000000000000000e+02
1.930000000000000000e+02
9.400000000000000000e+01
1.100000000000000000e+01
3.000000000000000000e+00
3.140000000000000000e+02
1.000000000000000000e+00
1.700000000000000000e+01
1.210000000000000000e+02
3.000000000000000000e+00
1.020000000000000000e+02
7.540000000000000000e+02
6.700000000000000000e+01
1.060000000000000000e+02
1.430000000000000000e+02
4.090000000000000000e+02
7.800000000000000000e+01
1.990000000000000000e+02
2.510000000000000000e+02
3.880000000000000000e+02
2.087000000000000000e+03
1.110000000000000000e+02
6.400000000000000000e+01
5.400000000000000000e+01
2.540000000000000000e+02
1.382000000000000000e+03
6.100000000000000000e+01
2.300000000000000000e+01
1.122000000000000000e+03
3.260000000000000000e+02
1.730000000000000000e+02
5.600000000000000000e+01
9.470000000000000000e+02
1.460000000000000000e+02
1.150000000000000000e+02
2.004000000000000000e+03
4.270000000000000000e+02
3.090000000000000000e+02
9.830000000000000000e+02
3.550000000000000000e+02
3.128000000000000000e+03
5.551000000000000000e+03
4.900000000000000000e+02
3.697000000000000000e+03
1.605000000000000000e+03
1.545000000000000000e+03
6.912000000000000000e+03
1.750000000000000000e+03
6.775000000000000000e+03
2.810000000000000000e+03
1.775000000000000000e+03
3.453000000000000000e+03
5.220000000000000000e+02
4.470000000000000000e+02
1.751000000000000000e+03
3.557000000000000000e+03
1.857000000000000000e+03
2.680000000000000000e+02
6.580000000000000000e+02
2.279000000000000000e+03
1.080000000000000000e+03
1.690000000000000000e+02
7.000000000000000000e+00
8.000000000000000000e+00
1.000000000000000000e+01
2.695000000000000000e+03
5.000000000000000000e+00
3.100000000000000000e+01
1.800000000000000000e+01
1.600000000000000000e+02
5.550000000000000000e+02
1.493000000000000000e+03
5.000000000000000000e+00
5.000000000000000000e+01
1.200000000000000000e+01
5.300000000000000000e+01
2.000000000000000000e+00
6.760000000000000000e+02
2.070000000000000000e+02
1.000000000000000000e+00
2.700000000000000000e+01
1.000000000000000000e+01
2.000000000000000000e+00
4.000000000000000000e+01
1.000000000000000000e+00
9.140000000000000000e+02
8.200000000000000000e+01
2.800000000000000000e+01
2.000000000000000000e+00
7.000000000000000000e+00
2.450000000000000000e+02
4.600000000000000000e+01
2.600000000000000000e+01
1.100000000000000000e+01
3.000000000000000000e+00
1.760000000000000000e+02
3.000000000000000000e+00
1.100000000000000000e+01
4.200000000000000000e+01
1.200000000000000000e+01
3.400000000000000000e+01
5.390000000000000000e+02
4.900000000000000000e+01
5.100000000000000000e+01
6.100000000000000000e+01
2.410000000000000000e+02
5.000000000000000000e+01
5.900000000000000000e+01
1.860000000000000000e+02
2.180000000000000000e+02
1.503000000000000000e+03
9.600000000000000000e+01
1.400000000000000000e+02
6.700000000000000000e+01
2.020000000000000000e+02
9.560000000000000000e+02
3.500000000000000000e+02
6.300000000000000000e+02
1.387000000000000000e+03
8.300000000000000000e+02
4.430000000000000000e+02
2.580000000000000000e+02
7.490000000000000000e+02
3.040000000000000000e+02
3.600000000000000000e+02
1.608000000000000000e+03
3.000000000000000000e+00
1.080000000000000000e+02
7.300000000000000000e+02
1.122000000000000000e+03
8.220000000000000000e+02
9.890000000000000000e+02
1.333000000000000000e+03
1.185000000000000000e+03
1.303000000000000000e+03
1.803000000000000000e+03
1.579000000000000000e+03
1.483000000000000000e+03
1.576000000000000000e+03
1.890000000000000000e+03
2.191000000000000000e+03
1.806000000000000000e+03
2.163000000000000000e+03
2.181000000000000000e+03
1.767000000000000000e+03
2.130000000000000000e+03
2.017000000000000000e+03
1.982000000000000000e+03
2.510000000000000000e+03
2.199000000000000000e+03
1.891000000000000000e+03
2.478000000000000000e+03
2.161000000000000000e+03
2.531000000000000000e+03
2.096000000000000000e+03
2.589000000000000000e+03
2.426000000000000000e+03
2.615000000000000000e+03
2.474000000000000000e+03
2.584000000000000000e+03
2.630000000000000000e+03
2.900000000000000000e+03
2.004000000000000000e+03
2.631000000000000000e+03
2.630000000000000000e+03
2.494000000000000000e+03
2.342000000000000000e+03
1.976000000000000000e+03
2.512000000000000000e+03
2.423000000000000000e+03
2.297000000000000000e+03
2.174000000000000000e+03
2.108000000000000000e+03
1.740000000000000000e+03
2.077000000000000000e+03
1.475000000000000000e+03
2.100000000000000000e+03
1.294000000000000000e+03
1.572000000000000000e+03
1.068000000000000000e+03
1.402000000000000000e+03
1.036000000000000000e+03
1.076000000000000000e+03
1.266000000000000000e+03
1.118000000000000000e+03
1.241000000000000000e+03
1.241000000000000000e+03
1.064000000000000000e+03
1.068000000000000000e+03
1.878000000000000000e+03
1.811000000000000000e+03
2.165000000000000000e+03
2.402000000000000000e+03
2.148000000000000000e+03
2.171000000000000000e+03
2.341000000000000000e+03
1.880000000000000000e+03
1.611000000000000000e+03
1.895000000000000000e+03
1.476000000000000000e+03
1.417000000000000000e+03
1.425000000000000000e+03
1.574000000000000000e+03
1.682000000000000000e+03
1.317000000000000000e+03
1.420000000000000000e+03
1.812000000000000000e+03
1.541000000000000000e+03
1.496000000000000000e+03
1.161000000000000000e+03
1.922000000000000000e+03
1.023000000000000000e+03
1.138000000000000000e+03
1.171000000000000000e+03
1.421000000000000000e+03
1.184000000000000000e+03
9.740000000000000000e+02
8.960000000000000000e+02
8.570000000000000000e+02
9.830000000000000000e+02
6.720000000000000000e+02
8.380000000000000000e+02
7.590000000000000000e+02
6.880000000000000000e+02
6.070000000000000000e+02
7.510000000000000000e+02
5.760000000000000000e+02
6.990000000000000000e+02
4.940000000000000000e+02
6.110000000000000000e+02
4.480000000000000000e+02
5.970000000000000000e+02
5.370000000000000000e+02
5.200000000000000000e+02
5.750000000000000000e+02
3.580000000000000000e+02
4.270000000000000000e+02
4.840000000000000000e+02
4.750000000000000000e+02
3.710000000000000000e+02
3.800000000000000000e+02
3.700000000000000000e+02
3.740000000000000000e+02
3.510000000000000000e+02
3.110000000000000000e+02
3.270000000000000000e+02
3.900000000000000000e+02
3.340000000000000000e+02
3.060000000000000000e+02
3.400000000000000000e+02
2.500000000000000000e+02
2.150000000000000000e+02
4.980000000000000000e+02
6.360000000000000000e+02
2.430000000000000000e+02
3.040000000000000000e+02
4.560000000000000000e+02
4.080000000000000000e+02
3.900000000000000000e+02
5.000000000000000000e+02
4.720000000000000000e+02
4.560000000000000000e+02
4.520000000000000000e+02
4.500000000000000000e+02
4.740000000000000000e+02
4.630000000000000000e+02
3.260000000000000000e+02
4.010000000000000000e+02
3.590000000000000000e+02
3.300000000000000000e+02
2.600000000000000000e+02
3.360000000000000000e+02
2.730000000000000000e+02
2.700000000000000000e+02
2.680000000000000000e+02
2.260000000000000000e+02
1.940000000000000000e+02
1.200000000000000000e+02
2.460000000000000000e+02
1.050000000000000000e+02
1.160000000000000000e+02
1.390000000000000000e+02
1.180000000000000000e+02
1.040000000000000000e+02
1.190000000000000000e+02
4.800000000000000000e+01
8.200000000000000000e+01
7.400000000000000000e+01
4.400000000000000000e+01
9.200000000000000000e+01
6.900000000000000000e+01
1.050000000000000000e+02
5.400000000000000000e+01
4.700000000000000000e+01
3.000000000000000000e+01
1.390000000000000000e+02
3.000000000000000000e+01
4.500000000000000000e+01
5.800000000000000000e+01
7.100000000000000000e+01
6.100000000000000000e+01
2.100000000000000000e+01
5.800000000000000000e+01
2.000000000000000000e+01
5.800000000000000000e+01
3.200000000000000000e+01
3.600000000000000000e+01
6.000000000000000000e+01
2.300000000000000000e+01
4.600000000000000000e+01
5.000000000000000000e+01
2.100000000000000000e+01
4.000000000000000000e+01
2.900000000000000000e+01
1.000000000000000000e+01
1.100000000000000000e+01
6.000000000000000000e+01
3.000000000000000000e+00
1.400000000000000000e+01
1.900000000000000000e+01
2.300000000000000000e+01
1.900000000000000000e+01
1.200000000000000000e+01
2.600000000000000000e+01
5.000000000000000000e+00
3.900000000000000000e+01
1.400000000000000000e+01
9.000000000000000000e+00
9.000000000000000000e+00
4.100000000000000000e+01
4.000000000000000000e+00
1.600000000000000000e+01
1.400000000000000000e+01
8.000000000000000000e+00
1.800000000000000000e+01
8.000000000000000000e+00
9.000000000000000000e+00
2.000000000000000000e+00
3.700000000000000000e+01
4.000000000000000000e+00
1.100000000000000000e+01
1.600000000000000000e+01
9.000000000000000000e+00
0.000000000000000000e+00
3.000000000000000000e+01
6.000000000000000000e+00
6.000000000000000000e+00
9.000000000000000000e+00
7.000000000000000000e+00
7.000000000000000000e+00
8.000000000000000000e+00
0.000000000000000000e+00
4.000000000000000000e+00
1.000000000000000000e+01
0.000000000000000000e+00
1.000000000000000000e+01
5.000000000000000000e+00
7.000000000000000000e+00
4.000000000000000000e+00
1.600000000000000000e+01
1.200000000000000000e+01
1.000000000000000000e+00
1.200000000000000000e+01
6.000000000000000000e+00
9.000000000000000000e+00
9.000000000000000000e+00
5.000000000000000000e+00
8.000000000000000000e+00
4.000000000000000000e+00
2.000000000000000000e+00
2.000000000000000000e+00
1.000000000000000000e+00
2.000000000000000000e+00
4.000000000000000000e+00
1.000000000000000000e+00
0.000000000000000000e+00
0.000000000000000000e+00
0.000000000000000000e+00
0.000000000000000000e+00
0.000000000000000000e+00
3.570000000000000000e+02
9.000000000000000000e+00
8.000000000000000000e+00
8.000000000000000000e+00
9.000000000000000000e+00
1.700000000000000000e+01
3.500000000000000000e+01
4.300000000000000000e+01
4.500000000000000000e+01
7.100000000000000000e+01
1.070000000000000000e+02
1.400000000000000000e+02
1.990000000000000000e+02
3.000000000000000000e+02
3.590000000000000000e+02
4.730000000000000000e+02
5.530000000000000000e+02
6.460000000000000000e+02
7.810000000000000000e+02
9.210000000000000000e+02
9.840000000000000000e+02
1.144000000000000000e+03
1.197000000000000000e+03
1.203000000000000000e+03
1.254000000000000000e+03
1.244000000000000000e+03
1.318000000000000000e+03
1.569000000000000000e+03
1.634000000000000000e+03
1.579000000000000000e+03
1.621000000000000000e+03
1.571000000000000000e+03
1.507000000000000000e+03
1.482000000000000000e+03
1.461000000000000000e+03
1.434000000000000000e+03
1.394000000000000000e+03
1.416000000000000000e+03
1.243000000000000000e+03
1.219000000000000000e+03
1.107000000000000000e+03
1.036000000000000000e+03
1.043000000000000000e+03
1.006000000000000000e+03
9.740000000000000000e+02
9.430000000000000000e+02
8.990000000000000000e+02
8.350000000000000000e+02
8.420000000000000000e+02
8.000000000000000000e+02
8.350000000000000000e+02
7.290000000000000000e+02
7.190000000000000000e+02
7.200000000000000000e+02
7.410000000000000000e+02
7.620000000000000000e+02
6.720000000000000000e+02
7.060000000000000000e+02
7.050000000000000000e+02
6.350000000000000000e+02
7.180000000000000000e+02
6.800000000000000000e+02
7.160000000000000000e+02
6.780000000000000000e+02
7.520000000000000000e+02
7.650000000000000000e+02
7.820000000000000000e+02
6.740000000000000000e+02
6.120000000000000000e+02
6.480000000000000000e+02
6.060000000000000000e+02
6.100000000000000000e+02
7.230000000000000000e+02
7.340000000000000000e+02
6.830000000000000000e+02
6.740000000000000000e+02
7.070000000000000000e+02
6.850000000000000000e+02
5.840000000000000000e+02
5.610000000000000000e+02
5.770000000000000000e+02
5.790000000000000000e+02
5.440000000000000000e+02
5.450000000000000000e+02
4.730000000000000000e+02
4.790000000000000000e+02
4.380000000000000000e+02
4.270000000000000000e+02
3.960000000000000000e+02
4.650000000000000000e+02
4.500000000000000000e+02
4.500000000000000000e+02
5.250000000000000000e+02
4.830000000000000000e+02
4.940000000000000000e+02
5.600000000000000000e+02
4.810000000000000000e+02
5.340000000000000000e+02
4.310000000000000000e+02
4.480000000000000000e+02
4.780000000000000000e+02
5.210000000000000000e+02
5.280000000000000000e+02
5.590000000000000000e+02
6.440000000000000000e+02
8.220000000000000000e+02
1.059000000000000000e+03
1.156000000000000000e+03
1.086000000000000000e+03
9.000000000000000000e+02
9.000000000000000000e+02
9.120000000000000000e+02
8.160000000000000000e+02
7.890000000000000000e+02
7.310000000000000000e+02
7.630000000000000000e+02
7.700000000000000000e+02
8.180000000000000000e+02
8.320000000000000000e+02
6.750000000000000000e+02
7.260000000000000000e+02
8.060000000000000000e+02
7.770000000000000000e+02
8.970000000000000000e+02
8.220000000000000000e+02
9.290000000000000000e+02
9.670000000000000000e+02
9.180000000000000000e+02
8.480000000000000000e+02
8.640000000000000000e+02
8.490000000000000000e+02
8.330000000000000000e+02
8.910000000000000000e+02
9.740000000000000000e+02
1.037000000000000000e+03
9.440000000000000000e+02
9.890000000000000000e+02
1.015000000000000000e+03
1.070000000000000000e+03
1.079000000000000000e+03
1.017000000000000000e+03
1.070000000000000000e+03
1.044000000000000000e+03
1.080000000000000000e+03
1.117000000000000000e+03
9.700000000000000000e+02
9.240000000000000000e+02
8.260000000000000000e+02
8.760000000000000000e+02
8.300000000000000000e+02
8.930000000000000000e+02
8.780000000000000000e+02
8.320000000000000000e+02
8.540000000000000000e+02
8.680000000000000000e+02
8.670000000000000000e+02
7.950000000000000000e+02
7.620000000000000000e+02
7.920000000000000000e+02
8.610000000000000000e+02
8.980000000000000000e+02
7.620000000000000000e+02
7.280000000000000000e+02
7.180000000000000000e+02
6.910000000000000000e+02
7.060000000000000000e+02
6.750000000000000000e+02
7.020000000000000000e+02
6.980000000000000000e+02
6.870000000000000000e+02
6.650000000000000000e+02
7.090000000000000000e+02
7.570000000000000000e+02
6.400000000000000000e+02
6.570000000000000000e+02
6.770000000000000000e+02
7.410000000000000000e+02
6.750000000000000000e+02
7.200000000000000000e+02
7.340000000000000000e+02
7.340000000000000000e+02
7.770000000000000000e+02
7.260000000000000000e+02
7.760000000000000000e+02
8.210000000000000000e+02
8.170000000000000000e+02
8.870000000000000000e+02
8.760000000000000000e+02
9.400000000000000000e+02
9.880000000000000000e+02
1.143000000000000000e+03
1.333000000000000000e+03
1.579000000000000000e+03
1.578000000000000000e+03
1.683000000000000000e+03
1.676000000000000000e+03
1.572000000000000000e+03
1.567000000000000000e+03
1.693000000000000000e+03
1.588000000000000000e+03
1.641000000000000000e+03
1.845000000000000000e+03
1.638000000000000000e+03
1.338000000000000000e+03
1.214000000000000000e+03
1.060000000000000000e+03
9.990000000000000000e+02
9.450000000000000000e+02
8.480000000000000000e+02
8.240000000000000000e+02
7.990000000000000000e+02
7.980000000000000000e+02
7.570000000000000000e+02
6.580000000000000000e+02
6.260000000000000000e+02
6.030000000000000000e+02
5.830000000000000000e+02
6.060000000000000000e+02
5.720000000000000000e+02
4.750000000000000000e+02
4.190000000000000000e+02
4.120000000000000000e+02
4.310000000000000000e+02
4.620000000000000000e+02
5.090000000000000000e+02
4.290000000000000000e+02
4.230000000000000000e+02
3.880000000000000000e+02
4.290000000000000000e+02
4.280000000000000000e+02
3.940000000000000000e+02
3.960000000000000000e+02
4.270000000000000000e+02
4.200000000000000000e+02
3.480000000000000000e+02
3.970000000000000000e+02
4.890000000000000000e+02
3.850000000000000000e+02
2.930000000000000000e+02
3.250000000000000000e+02
2.110000000000000000e+02
1.650000000000000000e+02
1.270000000000000000e+02
1.270000000000000000e+02
1.280000000000000000e+02
1.080000000000000000e+02
1.100000000000000000e+02
1.140000000000000000e+02
1.230000000000000000e+02
1.090000000000000000e+02
1.050000000000000000e+02
1.130000000000000000e+02
1.020000000000000000e+02
9.500000000000000000e+01
8.700000000000000000e+01
9.300000000000000000e+01
6.280000000000000000e+02
