3.601900000000000000e+04
7.274000000000000000e+03
6.438000000000000000e+03
6.192000000000000000e+03
6.362000000000000000e+03
5.747000000000000000e+03
4.795000000000000000e+03
5.179000000000000000e+03
8.188000000000000000e+03
9.204000000000000000e+03
6.880000000000000000e+03
7.653000000000000000e+03
7.498000000000000000e+03
8.969000000000000000e+03
7.875000000000000000e+03
1.080800000000000000e+04
8.618000000000000000e+03
8.442000000000000000e+03
7.184000000000000000e+03
5.867000000000000000e+03
2.688000000000000000e+03
2.618000000000000000e+03
2.493000000000000000e+03
2.171000000000000000e+03
1.387000000000000000e+03
1.405000000000000000e+03
1.334000000000000000e+03
1.235000000000000000e+03
1.504000000000000000e+03
9.820000000000000000e+02
9.890000000000000000e+02
1.980000000000000000e+02
8.700000000000000000e+01
3.800000000000000000e+01
5.000000000000000000e+01
1.290000000000000000e+02
1.060000000000000000e+02
1.500000000000000000e+01
7.300000000000000000e+01
1.300000000000000000e+01
7.400000000000000000e+01
1.000000000000000000e+01
8.600000000000000000e+01
3.500000000000000000e+01
2.000000000000000000e+00
4.900000000000000000e+01
1.000000000000000000e+01
4.000000000000000000e+00
1.800000000000000000e+01
2.000000000000000000e+00
1.290000000000000000e+02
3.000000000000000000e+01
5.000000000000000000e+00
1.800000000000000000e+01
7.000000000000000000e+00
3.800000000000000000e+01
9.000000000000000000e+00
8.000000000000000000e+00
2.000000000000000000e+00
0.000000000000000000e+00
1.830000000000000000e+02
0.000000000000000000e+00
0.000000000000000000e+00
4.000000000000000000e+00
2.000000000000000000e+00
5.000000000000000000e+00
2.500000000000000000e+01
2.000000000000000000e+00
2.000000000000000000e+00
2.000000000000000000e+00
8.000000000000000000e+00
0.000000000000000000e+00
1.000000000000000000e+00
5.000000000000000000e+00
4.000000000000000000e+00
7.300000000000000000e+01
0.000000000000000000e+00
1.000000000000000000e+00
4.000000000000000000e+00
0.000000000000000000e+00
2.000000000000000000e+01
2.000000000000000000e+00
0.000000000000000000e+00
1.700000000000000000e+01
0.000000000000000000e+00
1.000000000000000000e+00
0.000000000000000000e+00
3.000000000000000000e+00
0.000000000000000000e+00
0.000000000000000000e+00
2.200000000000000000e+01
0.000000000000000000e+00
0.000000000000000000e+00
1.000000000000000000e+00
2.000000000000000000e+00
1.000000000000000000e+00
9.000000000000000000e+00
2.000000000000000000e+00
4.000000000000000000e+00
0.000000000000000000e+00
3.000000000000000000e+00
4.000000000000000000e+00
1.000000000000000000e+00
1.600000000000000000e+01
1.000000000000000000e+00
4.000000000000000000e+00
1.000000000000000000e+00
1.000000000000000000e+00
4.000000000000000000e+00
5.000000000000000000e+00
2.500000000000000000e+01
1.400000000000000000e+01
9.000000000000000000e+00
6.000000000000000000e+00
1.000000000000000000e+01
1.400000000000000000e+01
1.700000000000000000e+01
2.000000000000000000e+00
1.000000000000000000e+00
3.000000000000000000e+00
1.000000000000000000e+02
1.000000000000000000e+01
2.300000000000000000e+01
9.100000000000000000e+01
1.030000000000000000e+02
2.350000000000000000e+02
1.530000000000000000e+02
6.700000000000000000e+01
1.320000000000000000e+02
8.800000000000000000e+01
1.070000000000000000e+02
5.800000000000000000e+01
1.520000000000000000e+02
1.500000000000000000e+02
4.400000000000000000e+01
7.200000000000000000e+01
5.300000000000000000e+01
4.200000000000000000e+01
7.800000000000000000e+01
8.700000000000000000e+01
2.440000000000000000e+02
2.100000000000000000e+02
1.990000000000000000e+02
2.060000000000000000e+02
1.470000000000000000e+02
1.850000000000000000e+02
1.590000000000000000e+02
1.030000000000000000e+02
1.780000000000000000e+02
9.700000000000000000e+01
2.160000000000000000e+02
1.120000000000000000e+02
1.170000000000000000e+02
1.520000000000000000e+02
1.430000000000000000e+02
1.270000000000000000e+02
2.580000000000000000e+02
1.680000000000000000e+02
1.920000000000000000e+02
2.440000000000000000e+02
3.440000000000000000e+02
2.610000000000000000e+02
3.250000000000000000e+02
3.710000000000000000e+02
3.830000000000000000e+02
4.880000000000000000e+02
3.820000000000000000e+02
5.340000000000000000e+02
5.880000000000000000e+02
4.630000000000000000e+02
6.290000000000000000e+02
3.960000000000000000e+02
7.200000000000000000e+02
6.280000000000000000e+02
4.670000000000000000e+02
6.990000000000000000e+02
5.060000000000000000e+02
1.598000000000000000e+03
3.911500000000000000e+04
6.525200000000000000e+04
1.090000000000000000e+02
1.000000000000000000e+01
1.900000000000000000e+01
2.000000000000000000e+01
2.600000000000000000e+01
2.500000000000000000e+01
2.900000000000000000e+01
3.300000000000000000e+01
1.700000000000000000e+01
1.800000000000000000e+01
2.000000000000000000e+01
1.100000000000000000e+01
2.400000000000000000e+01
1.700000000000000000e+01
2.700000000000000000e+01
2.300000000000000000e+01
2.400000000000000000e+01
1.800000000000000000e+01
2.900000000000000000e+01
1.900000000000000000e+01
2.800000000000000000e+01
2.900000000000000000e+01
2.200000000000000000e+01
2.000000000000000000e+01
2.200000000000000000e+01
1.900000000000000000e+01
2.400000000000000000e+01
1.700000000000000000e+01
1.700000000000000000e+01
2.300000000000000000e+01
2.100000000000000000e+01
2.600000000000000000e+01
2.800000000000000000e+01
1.900000000000000000e+01
2.300000000000000000e+01
2.100000000000000000e+01
2.600000000000000000e+01
2.500000000000000000e+01
2.700000000000000000e+01
3.400000000000000000e+01
3.400000000000000000e+01
2.400000000000000000e+01
3.700000000000000000e+01
4.400000000000000000e+01
2.600000000000000000e+01
4.000000000000000000e+01
3.800000000000000000e+01
2.400000000000000000e+01
4.200000000000000000e+01
3.600000000000000000e+01
4.000000000000000000e+01
4.100000000000000000e+01
3.700000000000000000e+01
4.600000000000000000e+01
4.100000000000000000e+01
3.500000000000000000e+01
4.500000000000000000e+01
5.000000000000000000e+01
3.900000000000000000e+01
4.800000000000000000e+01
4.700000000000000000e+01
7.300000000000000000e+01
7.800000000000000000e+01
7.000000000000000000e+01
1.150000000000000000e+02
1.090000000000000000e+02
7.400000000000000000e+01
1.240000000000000000e+02
1.190000000000000000e+02
8.900000000000000000e+01
1.330000000000000000e+02
1.250000000000000000e+02
1.200000000000000000e+02
1.510000000000000000e+02
1.430000000000000000e+02
1.250000000000000000e+02
1.490000000000000000e+02
1.220000000000000000e+02
1.410000000000000000e+02
1.500000000000000000e+02
1.380000000000000000e+02
1.560000000000000000e+02
1.090000000000000000e+02
1.510000000000000000e+02
1.520000000000000000e+02
2.320000000000000000e+02
1.530000000000000000e+02
1.650000000000000000e+02
2.040000000000000000e+02
2.100000000000000000e+02
2.190000000000000000e+02
2.520000000000000000e+02
2.630000000000000000e+02
3.180000000000000000e+02
2.700000000000000000e+02
2.450000000000000000e+02
2.690000000000000000e+02
2.660000000000000000e+02
3.070000000000000000e+02
2.770000000000000000e+02
2.590000000000000000e+02
2.620000000000000000e+02
3.130000000000000000e+02
3.120000000000000000e+02
2.820000000000000000e+02
3.330000000000000000e+02
3.310000000000000000e+02
3.230000000000000000e+02
3.000000000000000000e+02
2.990000000000000000e+02
2.710000000000000000e+02
2.980000000000000000e+02
3.200000000000000000e+02
2.920000000000000000e+02
2.930000000000000000e+02
2.710000000000000000e+02
3.160000000000000000e+02
2.560000000000000000e+02
3.180000000000000000e+02
2.830000000000000000e+02
2.990000000000000000e+02
3.750000000000000000e+02
3.170000000000000000e+02
3.420000000000000000e+02
3.540000000000000000e+02
2.910000000000000000e+02
3.450000000000000000e+02
4.610000000000000000e+02
6.240000000000000000e+02
3.620000000000000000e+02
4.010000000000000000e+02
4.040000000000000000e+02
3.970000000000000000e+02
3.940000000000000000e+02
4.130000000000000000e+02
4.110000000000000000e+02
4.130000000000000000e+02
4.740000000000000000e+02
5.370000000000000000e+02
6.120000000000000000e+02
7.870000000000000000e+02
5.920000000000000000e+02
1.020000000000000000e+03
7.200000000000000000e+02
8.400000000000000000e+02
1.050000000000000000e+03
1.066000000000000000e+03
1.303000000000000000e+03
1.003000000000000000e+03
1.524000000000000000e+03
9.550000000000000000e+02
1.039000000000000000e+03
1.757000000000000000e+03
1.435000000000000000e+03
1.269000000000000000e+03
1.369000000000000000e+03
2.237000000000000000e+03
1.570000000000000000e+03
1.406000000000000000e+03
1.555000000000000000e+03
1.638000000000000000e+03
2.217000000000000000e+03
1.884000000000000000e+03
1.751000000000000000e+03
1.662000000000000000e+03
1.850000000000000000e+03
1.755000000000000000e+03
1.797000000000000000e+03
1.807000000000000000e+03
1.861000000000000000e+03
3.272000000000000000e+03
1.917000000000000000e+03
1.933000000000000000e+03
2.115000000000000000e+03
2.149000000000000000e+03
2.067000000000000000e+03
2.310000000000000000e+03
2.465000000000000000e+03
1.838000000000000000e+03
2.757000000000000000e+03
2.913000000000000000e+03
2.986000000000000000e+03
3.724000000000000000e+03
3.655000000000000000e+03
3.671000000000000000e+03
3.940000000000000000e+03
3.939000000000000000e+03
4.012000000000000000e+03
4.910000000000000000e+03
4.787000000000000000e+03
5.367000000000000000e+03
5.390000000000000000e+03
6.908000000000000000e+03
6.243000000000000000e+03
6.068000000000000000e+03
6.349000000000000000e+03
6.196000000000000000e+03
5.425000000000000000e+03
5.313000000000000000e+03
4.724000000000000000e+03
4.907000000000000000e+03
4.166000000000000000e+03
4.314000000000000000e+03
3.906000000000000000e+03
3.304000000000000000e+03
3.399000000000000000e+03
3.032000000000000000e+03
2.563000000000000000e+03
2.470000000000000000e+03
2.746000000000000000e+03
2.084000000000000000e+03
2.183000000000000000e+03
2.246000000000000000e+03
1.800000000000000000e+03
1.956000000000000000e+03
2.089000000000000000e+03
1.867000000000000000e+03
2.074000000000000000e+03
1.887000000000000000e+03
1.973000000000000000e+03
1.971000000000000000e+03
1.828000000000000000e+03
1.616000000000000000e+03
1.609000000000000000e+03
1.393000000000000000e+03
1.266000000000000000e+03
1.304000000000000000e+03
1.145000000000000000e+03
1.076000000000000000e+03
1.251000000000000000e+03
1.082000000000000000e+03
1.427000000000000000e+03
4.579000000000000000e+03
5.311000000000000000e+03
8.428000000000000000e+03
5.210000000000000000e+03
3.510000000000000000e+03
2.648000000000000000e+03
2.290000000000000000e+03
2.009000000000000000e+03
1.976000000000000000e+03
1.392000000000000000e+03
1.547000000000000000e+03
1.018000000000000000e+03
1.225000000000000000e+03
6.410000000000000000e+02
9.480000000000000000e+02
6.450000000000000000e+02
5.690000000000000000e+02
5.240000000000000000e+02
4.260000000000000000e+02
4.680000000000000000e+02
3.350000000000000000e+02
4.470000000000000000e+02
0.000000000000000000e+00
1.257100000000000000e+04
1.900000000000000000e+01
8.300000000000000000e+01
3.360000000000000000e+02
4.440000000000000000e+02
3.870000000000000000e+02
3.730000000000000000e+02
4.180000000000000000e+02
4.270000000000000000e+02
3.900000000000000000e+02
3.400000000000000000e+02
3.580000000000000000e+02
4.390000000000000000e+02
3.750000000000000000e+02
3.980000000000000000e+02
4.360000000000000000e+02
3.970000000000000000e+02
3.530000000000000000e+02
3.740000000000000000e+02
3.380000000000000000e+02
3.160000000000000000e+02
3.720000000000000000e+02
3.430000000000000000e+02
3.340000000000000000e+02
3.160000000000000000e+02
3.110000000000000000e+02
2.960000000000000000e+02
2.890000000000000000e+02
3.090000000000000000e+02
2.790000000000000000e+02
2.900000000000000000e+02
2.740000000000000000e+02
2.880000000000000000e+02
3.560000000000000000e+02
4.120000000000000000e+02
3.950000000000000000e+02
3.090000000000000000e+02
3.040000000000000000e+02
2.770000000000000000e+02
2.590000000000000000e+02
2.810000000000000000e+02
2.540000000000000000e+02
2.450000000000000000e+02
2.220000000000000000e+02
2.550000000000000000e+02
2.330000000000000000e+02
2.460000000000000000e+02
2.640000000000000000e+02
2.310000000000000000e+02
2.390000000000000000e+02
2.300000000000000000e+02
2.270000000000000000e+02
2.420000000000000000e+02
2.120000000000000000e+02
2.170000000000000000e+02
2.500000000000000000e+02
2.620000000000000000e+02
2.370000000000000000e+02
2.560000000000000000e+02
2.580000000000000000e+02
2.700000000000000000e+02
2.800000000000000000e+02
3.350000000000000000e+02
3.180000000000000000e+02
3.390000000000000000e+02
3.000000000000000000e+02
3.000000000000000000e+02
3.630000000000000000e+02
3.090000000000000000e+02
3.290000000000000000e+02
3.080000000000000000e+02
2.890000000000000000e+02
3.180000000000000000e+02
3.060000000000000000e+02
3.640000000000000000e+02
3.780000000000000000e+02
3.790000000000000000e+02
3.670000000000000000e+02
4.060000000000000000e+02
3.720000000000000000e+02
4.210000000000000000e+02
4.100000000000000000e+02
4.370000000000000000e+02
4.300000000000000000e+02
3.760000000000000000e+02
4.890000000000000000e+02
4.660000000000000000e+02
4.850000000000000000e+02
4.760000000000000000e+02
4.790000000000000000e+02
5.050000000000000000e+02
5.130000000000000000e+02
4.760000000000000000e+02
4.490000000000000000e+02
4.910000000000000000e+02
5.400000000000000000e+02
5.850000000000000000e+02
4.970000000000000000e+02
5.030000000000000000e+02
4.230000000000000000e+02
4.160000000000000000e+02
4.950000000000000000e+02
4.660000000000000000e+02
5.510000000000000000e+02
4.260000000000000000e+02
5.260000000000000000e+02
5.010000000000000000e+02
5.510000000000000000e+02
5.090000000000000000e+02
4.770000000000000000e+02
5.630000000000000000e+02
6.560000000000000000e+02
5.990000000000000000e+02
5.630000000000000000e+02
7.140000000000000000e+02
7.400000000000000000e+02
7.170000000000000000e+02
8.240000000000000000e+02
8.920000000000000000e+02
8.710000000000000000e+02
8.940000000000000000e+02
9.900000000000000000e+02
1.018000000000000000e+03
1.309000000000000000e+03
1.457000000000000000e+03
1.612000000000000000e+03
1.589000000000000000e+03
1.264000000000000000e+03
1.166000000000000000e+03
1.447000000000000000e+03
1.578000000000000000e+03
2.169000000000000000e+03
1.466000000000000000e+03
1.590000000000000000e+03
1.834000000000000000e+03
1.859000000000000000e+03
1.992000000000000000e+03
1.982000000000000000e+03
2.888000000000000000e+03
2.067000000000000000e+03
1.889000000000000000e+03
2.738000000000000000e+03
2.995000000000000000e+03
2.982000000000000000e+03
2.858000000000000000e+03
1.853000000000000000e+03
4.486000000000000000e+03
2.739000000000000000e+03
4.543000000000000000e+03
2.522000000000000000e+03
1.928000000000000000e+03
1.912000000000000000e+03
1.963000000000000000e+03
2.071000000000000000e+03
2.159000000000000000e+03
2.209000000000000000e+03
2.265000000000000000e+03
2.199000000000000000e+03
2.237000000000000000e+03
2.455000000000000000e+03
2.587000000000000000e+03
2.534000000000000000e+03
2.597000000000000000e+03
2.648000000000000000e+03
2.724000000000000000e+03
2.685000000000000000e+03
2.727000000000000000e+03
2.745000000000000000e+03
2.808000000000000000e+03
2.833000000000000000e+03
2.729000000000000000e+03
2.673000000000000000e+03
2.651000000000000000e+03
2.520000000000000000e+03
2.434000000000000000e+03
2.342000000000000000e+03
2.357000000000000000e+03
2.513000000000000000e+03
2.527000000000000000e+03
2.551000000000000000e+03
2.594000000000000000e+03
2.397000000000000000e+03
2.500000000000000000e+03
2.554000000000000000e+03
2.668000000000000000e+03
2.653000000000000000e+03
2.690000000000000000e+03
2.668000000000000000e+03
2.721000000000000000e+03
2.785000000000000000e+03
2.758000000000000000e+03
2.595000000000000000e+03
2.483000000000000000e+03
2.431000000000000000e+03
2.515000000000000000e+03
2.279000000000000000e+03
2.415000000000000000e+03
2.441000000000000000e+03
2.692000000000000000e+03
2.617000000000000000e+03
2.664000000000000000e+03
2.607000000000000000e+03
2.880000000000000000e+03
3.431000000000000000e+03
3.949000000000000000e+03
3.899000000000000000e+03
3.279000000000000000e+03
3.675000000000000000e+03
3.537000000000000000e+03
3.853000000000000000e+03
3.974000000000000000e+03
3.890000000000000000e+03
4.718000000000000000e+03
5.063000000000000000e+03
4.478000000000000000e+03
3.641000000000000000e+03
3.299000000000000000e+03
3.353000000000000000e+03
2.774000000000000000e+03
2.422000000000000000e+03
1.864000000000000000e+03
1.574000000000000000e+03
8.770000000000000000e+02
6.810000000000000000e+02
6.090000000000000000e+02
5.100000000000000000e+02
4.140000000000000000e+02
3.280000000000000000e+02
2.990000000000000000e+02
2.710000000000000000e+02
2.340000000000000000e+02
1.770000000000000000e+02
1.880000000000000000e+02
1.400000000000000000e+02
1.630000000000000000e+02
1.630000000000000000e+02
1.290000000000000000e+02
1.460000000000000000e+02
1.320000000000000000e+02
1.190000000000000000e+02
1.170000000000000000e+02
1.100000000000000000e+02
9.100000000000000000e+01
9.000000000000000000e+01
9.200000000000000000e+01
1.000000000000000000e+02
1.040000000000000000e+02
1.170000000000000000e+02
1.260000000000000000e+02
9.700000000000000000e+01
1.050000000000000000e+02
8.900000000000000000e+01
8.600000000000000000e+01
6.800000000000000000e+01
6.300000000000000000e+01
6.100000000000000000e+01
4.920000000000000000e+02
