1.816300000000000000e+04
0.000000000000000000e+00
0.000000000000000000e+00
0.000000000000000000e+00
0.000000000000000000e+00
0.000000000000000000e+00
5.400000000000000000e+01
0.000000000000000000e+00
1.000000000000000000e+00
0.000000000000000000e+00
2.000000000000000000e+00
1.300000000000000000e+01
0.000000000000000000e+00
2.500000000000000000e+01
2.000000000000000000e+00
6.000000000000000000e+00
6.000000000000000000e+00
0.000000000000000000e+00
3.000000000000000000e+00
3.000000000000000000e+00
2.700000000000000000e+02
7.000000000000000000e+00
3.000000000000000000e+00
1.000000000000000000e+00
7.200000000000000000e+01
5.000000000000000000e+00
2.000000000000000000e+00
0.000000000000000000e+00
0.000000000000000000e+00
0.000000000000000000e+00
9.840000000000000000e+02
0.000000000000000000e+00
0.000000000000000000e+00
0.000000000000000000e+00
0.000000000000000000e+00
5.000000000000000000e+00
2.700000000000000000e+01
0.000000000000000000e+00
7.000000000000000000e+00
0.000000000000000000e+00
0.000000000000000000e+00
0.000000000000000000e+00
4.700000000000000000e+01
1.000000000000000000e+01
0.000000000000000000e+00
6.000000000000000000e+00
0.000000000000000000e+00
0.000000000000000000e+00
0.000000000000000000e+00
0.000000000000000000e+00
3.170000000000000000e+02
1.000000000000000000e+00
0.000000000000000000e+00
0.000000000000000000e+00
0.000000000000000000e+00
5.000000000000000000e+00
0.000000000000000000e+00
0.000000000000000000e+00
0.000000000000000000e+00
0.000000000000000000e+00
5.700000000000000000e+01
0.000000000000000000e+00
0.000000000000000000e+00
0.000000000000000000e+00
0.000000000000000000e+00
0.000000000000000000e+00
2.500000000000000000e+01
0.000000000000000000e+00
0.000000000000000000e+00
0.000000000000000000e+00
1.300000000000000000e+01
1.000000000000000000e+00
0.000000000000000000e+00
2.000000000000000000e+00
1.000000000000000000e+00
1.858000000000000000e+03
1.000000000000000000e+00
0.000000000000000000e+00
2.000000000000000000e+00
3.000000000000000000e+00
2.700000000000000000e+01
1.000000000000000000e+00
0.000000000000000000e+00
1.890000000000000000e+02
0.000000000000000000e+00
1.000000000000000000e+00
0.000000000000000000e+00
2.500000000000000000e+01
2.000000000000000000e+00
0.000000000000000000e+00
4.240000000000000000e+02
5.000000000000000000e+00
3.000000000000000000e+01
9.900000000000000000e+01
1.030000000000000000e+02
1.040000000000000000e+03
8.040000000000000000e+02
4.510000000000000000e+02
3.811000000000000000e+03
4.103000000000000000e+03
4.369000000000000000e+03
8.495000000000000000e+03
2.251000000000000000e+03
2.101000000000000000e+04
1.809100000000000000e+04
1.391810000000000000e+05
1.136740000000000000e+05
3.182700000000000000e+04
1.480580000000000000e+05
2.882900000000000000e+04
2.843700000000000000e+04
3.662700000000000000e+04
6.152000000000000000e+03
8.848000000000000000e+03
2.744600000000000000e+04
2.394900000000000000e+04
2.643000000000000000e+03
5.500000000000000000e+01
4.900000000000000000e+01
1.100000000000000000e+01
1.858600000000000000e+04
0.000000000000000000e+00
9.000000000000000000e+01
7.000000000000000000e+00
1.208000000000000000e+03
3.346000000000000000e+03
7.616000000000000000e+03
0.000000000000000000e+00
5.400000000000000000e+01
8.000000000000000000e+00
5.700000000000000000e+01
0.000000000000000000e+00
4.030000000000000000e+02
2.440000000000000000e+02
0.000000000000000000e+00
2.400000000000000000e+01
1.000000000000000000e+00
1.000000000000000000e+00
1.000000000000000000e+01
0.000000000000000000e+00
9.460000000000000000e+02
9.000000000000000000e+00
2.000000000000000000e+00
2.000000000000000000e+00
1.000000000000000000e+00
1.600000000000000000e+01
2.000000000000000000e+00
0.000000000000000000e+00
0.000000000000000000e+00
0.000000000000000000e+00
3.300000000000000000e+01
0.000000000000000000e+00
0.000000000000000000e+00
1.000000000000000000e+00
0.000000000000000000e+00
0.000000000000000000e+00
5.300000000000000000e+01
0.000000000000000000e+00
1.000000000000000000e+00
0.000000000000000000e+00
1.800000000000000000e+01
0.000000000000000000e+00
0.000000000000000000e+00
1.000000000000000000e+00
4.000000000000000000e+00
8.380000000000000000e+02
1.000000000000000000e+00
0.000000000000000000e+00
1.000000000000000000e+00
0.000000000000000000e+00
2.000000000000000000e+01
0.000000000000000000e+00
0.000000000000000000e+00
6.700000000000000000e+01
0.000000000000000000e+00
0.000000000000000000e+00
0.000000000000000000e+00
2.000000000000000000e+00
0.000000000000000000e+00
0.000000000000000000e+00
1.812100000000000000e+04
1.580000000000000000e+02
3.510000000000000000e+02
3.460000000000000000e+02
2.960000000000000000e+02
6.370000000000000000e+02
7.800000000000000000e+02
1.015000000000000000e+03
1.201000000000000000e+03
2.559000000000000000e+03
3.229000000000000000e+03
2.314000000000000000e+03
4.704000000000000000e+03
4.345000000000000000e+03
5.797000000000000000e+03
5.627000000000000000e+03
5.149000000000000000e+03
9.531000000000000000e+03
2.560000000000000000e+04
3.785500000000000000e+04
3.687800000000000000e+04
8.014000000000000000e+04
4.868100000000000000e+04
4.276500000000000000e+04
4.018800000000000000e+04
2.560500000000000000e+04
2.433800000000000000e+04
2.086200000000000000e+04
1.881900000000000000e+04
1.735300000000000000e+04
1.494500000000000000e+04
1.707200000000000000e+04
1.097800000000000000e+04
4.348000000000000000e+03
1.234200000000000000e+04
1.839400000000000000e+04
1.639700000000000000e+04
3.679000000000000000e+03
4.088000000000000000e+03
3.989000000000000000e+03
3.615000000000000000e+03
3.333000000000000000e+03
2.561000000000000000e+03
3.841000000000000000e+03
3.097000000000000000e+03
3.000000000000000000e+03
3.912000000000000000e+03
3.080000000000000000e+03
3.187000000000000000e+03
3.294000000000000000e+03
2.201000000000000000e+03
4.150000000000000000e+03
3.025000000000000000e+03
3.125000000000000000e+03
2.070000000000000000e+03
2.945000000000000000e+03
1.718000000000000000e+03
3.617000000000000000e+03
3.370000000000000000e+03
1.917000000000000000e+03
1.869000000000000000e+03
2.324000000000000000e+03
1.314000000000000000e+03
8.400000000000000000e+02
3.651000000000000000e+03
1.643000000000000000e+03
1.800000000000000000e+03
2.104000000000000000e+03
1.406000000000000000e+03
7.820000000000000000e+02
1.720000000000000000e+03
1.279000000000000000e+03
7.370000000000000000e+02
1.974000000000000000e+03
6.690000000000000000e+02
1.041000000000000000e+03
5.430000000000000000e+02
1.278000000000000000e+03
6.860000000000000000e+02
2.850000000000000000e+02
8.630000000000000000e+02
8.500000000000000000e+02
5.750000000000000000e+02
3.860000000000000000e+02
4.400000000000000000e+01
3.278000000000000000e+03
2.000000000000000000e+01
3.210000000000000000e+02
4.000000000000000000e+02
5.330000000000000000e+02
9.630000000000000000e+02
9.660000000000000000e+02
2.180000000000000000e+02
5.190000000000000000e+02
4.960000000000000000e+02
1.030000000000000000e+02
1.327000000000000000e+03
5.700000000000000000e+02
1.293000000000000000e+03
1.720000000000000000e+02
3.830000000000000000e+02
1.570000000000000000e+02
1.983000000000000000e+03
9.400000000000000000e+01
3.710000000000000000e+02
1.070000000000000000e+02
1.148000000000000000e+03
4.240000000000000000e+02
2.830000000000000000e+02
1.357000000000000000e+03
2.100000000000000000e+01
2.580000000000000000e+02
2.770000000000000000e+02
4.260000000000000000e+02
8.300000000000000000e+01
8.800000000000000000e+01
8.610000000000000000e+02
2.660000000000000000e+02
8.820000000000000000e+02
8.800000000000000000e+01
3.620000000000000000e+02
1.750000000000000000e+02
2.030000000000000000e+02
1.000000000000000000e+02
5.000000000000000000e+01
3.000000000000000000e+00
0.000000000000000000e+00
2.210000000000000000e+02
2.294000000000000000e+03
0.000000000000000000e+00
2.000000000000000000e+00
4.700000000000000000e+01
3.600000000000000000e+01
8.600000000000000000e+01
1.930000000000000000e+02
8.300000000000000000e+01
3.030000000000000000e+02
7.900000000000000000e+01
4.600000000000000000e+01
3.970000000000000000e+02
6.600000000000000000e+01
5.000000000000000000e+00
7.240000000000000000e+02
4.400000000000000000e+01
4.400000000000000000e+01
1.400000000000000000e+01
3.090000000000000000e+02
2.600000000000000000e+01
7.500000000000000000e+01
7.500000000000000000e+01
7.800000000000000000e+01
3.700000000000000000e+01
0.000000000000000000e+00
4.720000000000000000e+02
0.000000000000000000e+00
2.100000000000000000e+01
5.500000000000000000e+01
2.090000000000000000e+02
3.800000000000000000e+01
6.110000000000000000e+02
0.000000000000000000e+00
4.900000000000000000e+01
6.300000000000000000e+01
2.000000000000000000e+00
2.000000000000000000e+01
7.900000000000000000e+01
4.200000000000000000e+01
6.000000000000000000e+00
0.000000000000000000e+00
0.000000000000000000e+00
6.410000000000000000e+02
0.000000000000000000e+00
1.000000000000000000e+00
8.000000000000000000e+00
3.400000000000000000e+01
5.900000000000000000e+01
0.000000000000000000e+00
2.600000000000000000e+01
1.000000000000000000e+00
3.700000000000000000e+01
1.800000000000000000e+01
5.000000000000000000e+00
4.580000000000000000e+02
1.000000000000000000e+00
3.800000000000000000e+01
1.270000000000000000e+02
0.000000000000000000e+00
3.500000000000000000e+01
7.000000000000000000e+00
0.000000000000000000e+00
0.000000000000000000e+00
3.080000000000000000e+02
0.000000000000000000e+00
1.000000000000000000e+00
5.000000000000000000e+00
1.400000000000000000e+01
4.200000000000000000e+01
2.000000000000000000e+00
3.300000000000000000e+01
0.000000000000000000e+00
4.100000000000000000e+01
1.600000000000000000e+01
1.000000000000000000e+00
0.000000000000000000e+00
1.010000000000000000e+02
0.000000000000000000e+00
1.100000000000000000e+01
2.300000000000000000e+01
0.000000000000000000e+00
1.900000000000000000e+01
3.000000000000000000e+00
1.000000000000000000e+00
0.000000000000000000e+00
3.080000000000000000e+02
0.000000000000000000e+00
0.000000000000000000e+00
2.800000000000000000e+01
9.000000000000000000e+00
0.000000000000000000e+00
1.430000000000000000e+02
3.000000000000000000e+00
2.100000000000000000e+01
0.000000000000000000e+00
5.200000000000000000e+01
0.000000000000000000e+00
1.100000000000000000e+01
0.000000000000000000e+00
8.300000000000000000e+01
8.000000000000000000e+00
0.000000000000000000e+00
2.100000000000000000e+01
1.000000000000000000e+00
4.400000000000000000e+01
0.000000000000000000e+00
3.600000000000000000e+01
2.400000000000000000e+01
0.000000000000000000e+00
2.300000000000000000e+01
1.000000000000000000e+01
1.500000000000000000e+01
4.000000000000000000e+00
4.000000000000000000e+00
4.000000000000000000e+00
0.000000000000000000e+00
2.000000000000000000e+00
0.000000000000000000e+00
0.000000000000000000e+00
0.000000000000000000e+00
0.000000000000000000e+00
0.000000000000000000e+00
0.000000000000000000e+00
0.000000000000000000e+00
0.000000000000000000e+00
0.000000000000000000e+00
0.000000000000000000e+00
2.052000000000000000e+03
2.130000000000000000e+02
2.710000000000000000e+02
5.560000000000000000e+02
7.050000000000000000e+02
9.330000000000000000e+02
1.668000000000000000e+03
4.048000000000000000e+03
3.936000000000000000e+03
3.706000000000000000e+03
2.854000000000000000e+03
3.102000000000000000e+03
3.176000000000000000e+03
3.387000000000000000e+03
3.248000000000000000e+03
3.282000000000000000e+03
3.257000000000000000e+03
3.338000000000000000e+03
2.889000000000000000e+03
2.909000000000000000e+03
2.833000000000000000e+03
3.101000000000000000e+03
3.005000000000000000e+03
2.829000000000000000e+03
2.806000000000000000e+03
2.968000000000000000e+03
2.653000000000000000e+03
2.609000000000000000e+03
2.652000000000000000e+03
2.645000000000000000e+03
2.411000000000000000e+03
2.459000000000000000e+03
2.316000000000000000e+03
2.133000000000000000e+03
2.087000000000000000e+03
2.143000000000000000e+03
2.018000000000000000e+03
2.052000000000000000e+03
2.043000000000000000e+03
1.937000000000000000e+03
2.082000000000000000e+03
2.050000000000000000e+03
2.045000000000000000e+03
2.027000000000000000e+03
1.846000000000000000e+03
1.872000000000000000e+03
1.826000000000000000e+03
1.781000000000000000e+03
1.913000000000000000e+03
2.017000000000000000e+03
1.876000000000000000e+03
1.569000000000000000e+03
1.521000000000000000e+03
1.695000000000000000e+03
2.431000000000000000e+03
3.165000000000000000e+03
2.773000000000000000e+03
1.935000000000000000e+03
2.198000000000000000e+03
2.238000000000000000e+03
2.235000000000000000e+03
1.972000000000000000e+03
1.947000000000000000e+03
1.619000000000000000e+03
1.570000000000000000e+03
1.567000000000000000e+03
1.441000000000000000e+03
1.397000000000000000e+03
1.308000000000000000e+03
1.403000000000000000e+03
1.456000000000000000e+03
1.438000000000000000e+03
1.491000000000000000e+03
1.458000000000000000e+03
1.442000000000000000e+03
1.327000000000000000e+03
1.343000000000000000e+03
1.208000000000000000e+03
1.181000000000000000e+03
1.121000000000000000e+03
1.088000000000000000e+03
1.051000000000000000e+03
1.107000000000000000e+03
1.012000000000000000e+03
1.072000000000000000e+03
1.042000000000000000e+03
1.102000000000000000e+03
1.110000000000000000e+03
9.890000000000000000e+02
1.074000000000000000e+03
1.132000000000000000e+03
1.035000000000000000e+03
1.072000000000000000e+03
1.082000000000000000e+03
1.049000000000000000e+03
1.166000000000000000e+03
1.226000000000000000e+03
1.661000000000000000e+03
2.107000000000000000e+03
1.798000000000000000e+03
1.237000000000000000e+03
1.051000000000000000e+03
1.017000000000000000e+03
9.140000000000000000e+02
8.460000000000000000e+02
7.810000000000000000e+02
7.960000000000000000e+02
7.240000000000000000e+02
7.530000000000000000e+02
7.110000000000000000e+02
7.250000000000000000e+02
7.670000000000000000e+02
8.420000000000000000e+02
8.550000000000000000e+02
9.030000000000000000e+02
9.840000000000000000e+02
1.148000000000000000e+03
1.540000000000000000e+03
2.337000000000000000e+03
3.670000000000000000e+03
4.427000000000000000e+03
5.314000000000000000e+03
6.728000000000000000e+03
7.094000000000000000e+03
7.125000000000000000e+03
6.858000000000000000e+03
7.110000000000000000e+03
6.472000000000000000e+03
4.094000000000000000e+03
1.685000000000000000e+03
8.070000000000000000e+02
6.680000000000000000e+02
7.110000000000000000e+02
8.950000000000000000e+02
7.860000000000000000e+02
7.690000000000000000e+02
7.340000000000000000e+02
7.400000000000000000e+02
1.056000000000000000e+03
1.394000000000000000e+03
1.379000000000000000e+03
1.335000000000000000e+03
1.586000000000000000e+03
1.556000000000000000e+03
1.881000000000000000e+03
1.810000000000000000e+03
2.117000000000000000e+03
2.059000000000000000e+03
2.146000000000000000e+03
2.131000000000000000e+03
2.243000000000000000e+03
2.219000000000000000e+03
2.342000000000000000e+03
2.413000000000000000e+03
2.347000000000000000e+03
2.440000000000000000e+03
2.523000000000000000e+03
2.438000000000000000e+03
2.689000000000000000e+03
2.967000000000000000e+03
2.926000000000000000e+03
3.103000000000000000e+03
3.235000000000000000e+03
3.093000000000000000e+03
2.952000000000000000e+03
2.995000000000000000e+03
2.805000000000000000e+03
3.075000000000000000e+03
3.060000000000000000e+03
3.037000000000000000e+03
2.868000000000000000e+03
2.909000000000000000e+03
3.147000000000000000e+03
3.283000000000000000e+03
3.586000000000000000e+03
3.813000000000000000e+03
3.727000000000000000e+03
3.625000000000000000e+03
3.898000000000000000e+03
3.957000000000000000e+03
4.096000000000000000e+03
4.028000000000000000e+03
4.311000000000000000e+03
4.232000000000000000e+03
4.173000000000000000e+03
4.293000000000000000e+03
4.215000000000000000e+03
4.487000000000000000e+03
4.584000000000000000e+03
4.798000000000000000e+03
4.616000000000000000e+03
4.743000000000000000e+03
4.864000000000000000e+03
5.225000000000000000e+03
4.979000000000000000e+03
5.365000000000000000e+03
5.896000000000000000e+03
6.449000000000000000e+03
6.860000000000000000e+03
7.388000000000000000e+03
7.184000000000000000e+03
7.983000000000000000e+03
8.867000000000000000e+03
8.923000000000000000e+03
8.997000000000000000e+03
7.495000000000000000e+03
9.125000000000000000e+03
9.022000000000000000e+03
8.560000000000000000e+03
8.626000000000000000e+03
8.612000000000000000e+03
9.912000000000000000e+03
8.805000000000000000e+03
7.597000000000000000e+03
6.164000000000000000e+03
3.748000000000000000e+03
3.624000000000000000e+03
2.689000000000000000e+03
2.324000000000000000e+03
2.455000000000000000e+03
2.473000000000000000e+03
2.387000000000000000e+03
2.437000000000000000e+03
2.604000000000000000e+03
2.494000000000000000e+03
2.656000000000000000e+03
2.525000000000000000e+03
2.616000000000000000e+03
2.864000000000000000e+03
3.054000000000000000e+03
3.298000000000000000e+03
3.576000000000000000e+03
3.620000000000000000e+03
3.226000000000000000e+03
2.922000000000000000e+03
2.878000000000000000e+03
2.722000000000000000e+03
2.313000000000000000e+03
2.011000000000000000e+03
2.121000000000000000e+03
2.587000000000000000e+03
2.360000000000000000e+03
2.653000000000000000e+03
3.362000000000000000e+03
3.598000000000000000e+03
4.163000000000000000e+03
2.931000000000000000e+03
3.705000000000000000e+03
4.725000000000000000e+03
1.403000000000000000e+03
4.470000000000000000e+02
2.260000000000000000e+02
1.810000000000000000e+02
1.900000000000000000e+02
1.680000000000000000e+02
2.160000000000000000e+02
1.054000000000000000e+03
