1.180250000000000000e+05
1.000000000000000000e+01
7.000000000000000000e+00
1.600000000000000000e+01
3.000000000000000000e+00
6.400000000000000000e+01
7.180000000000000000e+02
1.000000000000000000e+00
1.300000000000000000e+02
1.400000000000000000e+01
2.300000000000000000e+01
2.560000000000000000e+02
1.700000000000000000e+01
1.922000000000000000e+03
1.200000000000000000e+02
2.250000000000000000e+02
7.110000000000000000e+02
1.170000000000000000e+02
2.960000000000000000e+02
1.947000000000000000e+03
4.840000000000000000e+03
3.860000000000000000e+03
2.374000000000000000e+03
4.105000000000000000e+03
2.348300000000000000e+04
2.637600000000000000e+04
8.976400000000000000e+04
1.444030000000000000e+05
1.209300000000000000e+04
1.719600000000000000e+04
8.166100000000000000e+04
1.413100000000000000e+04
1.393520000000000000e+05
5.850800000000000000e+04
8.341100000000000000e+04
7.254800000000000000e+04
6.843700000000000000e+04
1.315700000000000000e+04
2.106200000000000000e+04
2.504400000000000000e+04
3.236700000000000000e+04
2.472400000000000000e+04
2.675400000000000000e+04
1.907000000000000000e+04
9.765000000000000000e+03
5.694000000000000000e+03
6.552000000000000000e+03
1.874000000000000000e+03
2.029000000000000000e+03
8.080000000000000000e+02
1.217100000000000000e+04
1.612000000000000000e+03
6.050000000000000000e+02
5.310000000000000000e+02
4.990000000000000000e+02
2.416000000000000000e+03
1.027000000000000000e+03
5.170000000000000000e+02
2.590000000000000000e+02
2.070000000000000000e+02
1.568000000000000000e+03
5.700000000000000000e+01
1.970000000000000000e+02
2.494000000000000000e+03
3.700000000000000000e+01
5.680000000000000000e+02
5.248000000000000000e+03
3.630000000000000000e+02
5.530000000000000000e+02
6.160000000000000000e+02
1.504000000000000000e+03
1.110000000000000000e+02
3.880000000000000000e+02
1.756000000000000000e+03
1.055000000000000000e+03
2.849800000000000000e+04
3.260000000000000000e+02
2.540000000000000000e+02
1.200000000000000000e+01
1.032000000000000000e+03
5.492000000000000000e+03
1.740000000000000000e+02
7.700000000000000000e+01
8.716000000000000000e+03
7.214000000000000000e+03
3.954000000000000000e+03
1.080000000000000000e+02
6.473000000000000000e+03
8.788000000000000000e+03
7.550000000000000000e+02
4.792500000000000000e+04
3.988000000000000000e+03
1.715400000000000000e+04
1.649300000000000000e+04
1.020600000000000000e+04
6.435700000000000000e+04
3.859400000000000000e+04
1.455900000000000000e+04
6.021000000000000000e+04
4.196800000000000000e+04
4.972500000000000000e+04
1.222440000000000000e+05
9.146800000000000000e+04
1.490610000000000000e+05
5.760500000000000000e+04
8.839100000000000000e+04
2.252300000000000000e+04
9.329000000000000000e+03
3.497000000000000000e+03
1.307900000000000000e+04
5.423900000000000000e+04
4.768000000000000000e+03
1.229000000000000000e+03
1.062000000000000000e+03
1.200700000000000000e+04
2.723000000000000000e+03
6.850000000000000000e+02
3.200000000000000000e+01
5.600000000000000000e+01
5.600000000000000000e+01
1.952400000000000000e+04
2.500000000000000000e+01
1.770000000000000000e+02
7.600000000000000000e+01
6.260000000000000000e+02
1.682000000000000000e+03
4.755000000000000000e+03
9.570000000000000000e+02
1.800000000000000000e+02
5.400000000000000000e+01
2.000000000000000000e+02
8.000000000000000000e+00
8.190000000000000000e+02
4.000000000000000000e+02
4.000000000000000000e+00
8.700000000000000000e+01
1.200000000000000000e+01
1.000000000000000000e+00
4.300000000000000000e+01
5.000000000000000000e+00
1.998000000000000000e+03
8.300000000000000000e+01
1.700000000000000000e+01
6.000000000000000000e+00
1.000000000000000000e+01
1.560000000000000000e+02
3.300000000000000000e+01
7.000000000000000000e+00
0.000000000000000000e+00
0.000000000000000000e+00
2.050000000000000000e+02
0.000000000000000000e+00
1.000000000000000000e+00
1.000000000000000000e+01
1.000000000000000000e+00
6.000000000000000000e+00
2.260000000000000000e+02
3.000000000000000000e+00
7.000000000000000000e+00
2.000000000000000000e+00
8.300000000000000000e+01
2.000000000000000000e+00
8.000000000000000000e+00
1.800000000000000000e+01
2.300000000000000000e+01
3.124000000000000000e+03
1.000000000000000000e+00
8.000000000000000000e+00
1.000000000000000000e+01
2.200000000000000000e+01
1.650000000000000000e+02
2.000000000000000000e+00
6.000000000000000000e+00
4.510000000000000000e+02
1.600000000000000000e+01
2.100000000000000000e+01
1.800000000000000000e+01
5.800000000000000000e+01
1.500000000000000000e+01
1.400000000000000000e+01
1.175170000000000000e+05
9.700000000000000000e+01
3.208000000000000000e+03
3.273000000000000000e+03
3.575000000000000000e+03
6.672000000000000000e+03
7.562000000000000000e+03
7.625000000000000000e+03
1.052900000000000000e+04
1.621800000000000000e+04
1.731900000000000000e+04
1.607400000000000000e+04
1.448500000000000000e+04
1.824200000000000000e+04
1.635800000000000000e+04
1.330300000000000000e+04
1.677400000000000000e+04
1.595400000000000000e+04
1.799400000000000000e+04
3.943700000000000000e+04
2.415200000000000000e+04
2.744600000000000000e+04
5.285000000000000000e+04
2.128900000000000000e+04
1.845600000000000000e+04
1.551000000000000000e+04
2.122400000000000000e+04
2.401500000000000000e+04
1.906500000000000000e+04
1.811800000000000000e+04
1.841300000000000000e+04
2.142200000000000000e+04
1.834300000000000000e+04
1.786900000000000000e+04
1.878900000000000000e+04
1.826400000000000000e+04
1.787800000000000000e+04
1.201300000000000000e+04
1.492900000000000000e+04
1.521100000000000000e+04
1.528300000000000000e+04
1.804200000000000000e+04
2.413100000000000000e+04
3.954200000000000000e+04
4.339800000000000000e+04
4.899000000000000000e+04
4.522300000000000000e+04
3.788900000000000000e+04
3.334000000000000000e+04
2.828000000000000000e+04
2.566700000000000000e+04
2.926500000000000000e+04
2.700500000000000000e+04
3.028100000000000000e+04
2.405600000000000000e+04
2.669000000000000000e+04
1.962500000000000000e+04
2.307700000000000000e+04
1.816700000000000000e+04
1.598400000000000000e+04
1.555400000000000000e+04
1.581600000000000000e+04
1.896000000000000000e+04
1.644800000000000000e+04
2.997300000000000000e+04
1.642200000000000000e+04
1.799700000000000000e+04
2.021600000000000000e+04
1.594100000000000000e+04
3.300800000000000000e+04
2.622800000000000000e+04
1.736900000000000000e+04
1.419500000000000000e+04
1.851000000000000000e+04
2.085100000000000000e+04
1.946800000000000000e+04
1.566900000000000000e+04
2.284200000000000000e+04
1.696600000000000000e+04
1.130400000000000000e+04
1.344800000000000000e+04
1.161800000000000000e+04
1.100700000000000000e+04
1.307700000000000000e+04
1.181800000000000000e+04
2.418000000000000000e+04
1.024600000000000000e+04
9.600000000000000000e+03
1.084300000000000000e+04
1.007600000000000000e+04
1.018800000000000000e+04
1.135300000000000000e+04
8.780000000000000000e+03
8.639000000000000000e+03
8.259000000000000000e+03
7.691000000000000000e+03
1.038500000000000000e+04
7.899000000000000000e+03
1.025400000000000000e+04
8.391000000000000000e+03
9.091000000000000000e+03
7.953000000000000000e+03
1.022600000000000000e+04
8.410000000000000000e+03
7.601000000000000000e+03
8.418000000000000000e+03
9.685000000000000000e+03
8.861000000000000000e+03
7.313000000000000000e+03
9.094000000000000000e+03
6.715000000000000000e+03
6.065000000000000000e+03
7.198000000000000000e+03
7.197000000000000000e+03
5.551000000000000000e+03
6.077000000000000000e+03
6.632000000000000000e+03
5.353000000000000000e+03
5.819000000000000000e+03
7.115000000000000000e+03
6.757000000000000000e+03
6.546000000000000000e+03
6.136000000000000000e+03
5.777000000000000000e+03
7.338000000000000000e+03
6.476000000000000000e+03
5.880000000000000000e+03
6.956000000000000000e+03
1.340700000000000000e+04
5.650000000000000000e+03
5.666000000000000000e+03
6.087000000000000000e+03
5.270000000000000000e+03
4.963000000000000000e+03
5.055000000000000000e+03
5.119000000000000000e+03
5.047000000000000000e+03
5.061000000000000000e+03
4.794000000000000000e+03
4.356000000000000000e+03
5.357000000000000000e+03
4.529000000000000000e+03
6.170000000000000000e+03
5.161000000000000000e+03
3.987000000000000000e+03
3.947000000000000000e+03
3.681000000000000000e+03
2.879000000000000000e+03
2.677000000000000000e+03
2.273000000000000000e+03
1.605000000000000000e+03
1.647000000000000000e+03
1.126000000000000000e+03
2.374000000000000000e+03
9.800000000000000000e+02
1.184000000000000000e+03
1.036000000000000000e+03
1.081000000000000000e+03
8.700000000000000000e+02
1.646000000000000000e+03
6.390000000000000000e+02
6.450000000000000000e+02
7.990000000000000000e+02
4.880000000000000000e+02
4.660000000000000000e+02
5.680000000000000000e+02
3.890000000000000000e+02
4.260000000000000000e+02
3.700000000000000000e+02
1.870000000000000000e+02
1.893000000000000000e+03
1.450000000000000000e+02
2.590000000000000000e+02
3.190000000000000000e+02
2.960000000000000000e+02
3.270000000000000000e+02
1.840000000000000000e+02
2.310000000000000000e+02
1.010000000000000000e+02
3.580000000000000000e+02
1.940000000000000000e+02
1.890000000000000000e+02
9.600000000000000000e+02
1.020000000000000000e+02
1.760000000000000000e+02
2.930000000000000000e+02
1.030000000000000000e+02
2.420000000000000000e+02
1.610000000000000000e+02
9.800000000000000000e+01
6.300000000000000000e+01
8.930000000000000000e+02
3.100000000000000000e+01
9.000000000000000000e+01
1.160000000000000000e+02
9.600000000000000000e+01
1.180000000000000000e+02
7.400000000000000000e+01
2.360000000000000000e+02
5.600000000000000000e+01
2.100000000000000000e+02
6.300000000000000000e+01
7.000000000000000000e+01
4.800000000000000000e+01
3.050000000000000000e+02
3.400000000000000000e+01
8.100000000000000000e+01
7.600000000000000000e+01
4.800000000000000000e+01
8.200000000000000000e+01
4.800000000000000000e+01
5.400000000000000000e+01
1.000000000000000000e+01
7.630000000000000000e+02
3.800000000000000000e+01
6.200000000000000000e+01
1.230000000000000000e+02
3.400000000000000000e+01
2.000000000000000000e+01
3.080000000000000000e+02
3.400000000000000000e+01
5.300000000000000000e+01
2.900000000000000000e+01
1.590000000000000000e+02
1.600000000000000000e+01
2.900000000000000000e+01
1.200000000000000000e+01
1.400000000000000000e+02
3.300000000000000000e+01
1.600000000000000000e+01
1.020000000000000000e+02
2.200000000000000000e+01
5.100000000000000000e+01
2.000000000000000000e+01
8.400000000000000000e+01
7.800000000000000000e+01
1.000000000000000000e+01
5.000000000000000000e+01
3.800000000000000000e+01
4.600000000000000000e+01
1.500000000000000000e+01
2.300000000000000000e+01
3.100000000000000000e+01
3.100000000000000000e+01
2.600000000000000000e+01
2.300000000000000000e+01
3.600000000000000000e+01
5.000000000000000000e+01
3.400000000000000000e+01
5.400000000000000000e+01
8.300000000000000000e+01
2.600000000000000000e+01
1.620000000000000000e+02
2.480000000000000000e+02
4.200000000000000000e+01
6.415000000000000000e+03
7.870000000000000000e+02
1.056000000000000000e+03
1.940000000000000000e+03
2.742000000000000000e+03
8.990000000000000000e+03
4.155000000000000000e+04
2.931100000000000000e+04
1.922500000000000000e+04
1.458200000000000000e+04
1.905000000000000000e+04
1.468100000000000000e+04
1.010400000000000000e+04
7.894000000000000000e+03
7.315000000000000000e+03
7.191000000000000000e+03
6.873000000000000000e+03
6.432000000000000000e+03
5.867000000000000000e+03
5.166000000000000000e+03
4.687000000000000000e+03
3.962000000000000000e+03
3.508000000000000000e+03
3.346000000000000000e+03
3.562000000000000000e+03
3.620000000000000000e+03
3.631000000000000000e+03
3.537000000000000000e+03
3.581000000000000000e+03
3.674000000000000000e+03
3.634000000000000000e+03
3.757000000000000000e+03
3.922000000000000000e+03
3.970000000000000000e+03
4.002000000000000000e+03
3.997000000000000000e+03
3.877000000000000000e+03
3.919000000000000000e+03
4.204000000000000000e+03
4.473000000000000000e+03
4.445000000000000000e+03
4.386000000000000000e+03
4.371000000000000000e+03
4.257000000000000000e+03
4.046000000000000000e+03
4.067000000000000000e+03
3.958000000000000000e+03
4.086000000000000000e+03
5.832000000000000000e+03
7.729000000000000000e+03
7.606000000000000000e+03
7.312000000000000000e+03
7.834000000000000000e+03
8.819000000000000000e+03
9.740000000000000000e+03
9.210000000000000000e+03
8.072000000000000000e+03
8.206000000000000000e+03
1.022500000000000000e+04
1.224500000000000000e+04
1.057200000000000000e+04
8.982000000000000000e+03
8.706000000000000000e+03
8.710000000000000000e+03
8.443000000000000000e+03
8.146000000000000000e+03
8.047000000000000000e+03
8.103000000000000000e+03
8.100000000000000000e+03
8.391000000000000000e+03
7.880000000000000000e+03
7.326000000000000000e+03
7.094000000000000000e+03
6.995000000000000000e+03
7.229000000000000000e+03
7.436000000000000000e+03
7.651000000000000000e+03
7.728000000000000000e+03
7.905000000000000000e+03
7.984000000000000000e+03
8.154000000000000000e+03
8.314000000000000000e+03
8.610000000000000000e+03
8.546000000000000000e+03
8.681000000000000000e+03
8.986000000000000000e+03
9.212000000000000000e+03
9.899000000000000000e+03
1.008200000000000000e+04
1.013600000000000000e+04
1.134100000000000000e+04
1.704500000000000000e+04
2.125900000000000000e+04
3.428800000000000000e+04
2.090300000000000000e+04
1.361500000000000000e+04
1.523800000000000000e+04
1.300500000000000000e+04
1.589700000000000000e+04
1.298400000000000000e+04
1.006200000000000000e+04
8.978000000000000000e+03
8.817000000000000000e+03
1.106100000000000000e+04
9.071000000000000000e+03
8.060000000000000000e+03
7.943000000000000000e+03
8.283000000000000000e+03
8.132000000000000000e+03
8.076000000000000000e+03
8.143000000000000000e+03
8.078000000000000000e+03
8.299000000000000000e+03
8.627000000000000000e+03
8.854000000000000000e+03
8.793000000000000000e+03
8.823000000000000000e+03
8.875000000000000000e+03
8.905000000000000000e+03
9.022000000000000000e+03
8.948000000000000000e+03
9.270000000000000000e+03
9.429000000000000000e+03
9.604000000000000000e+03
9.952000000000000000e+03
1.014300000000000000e+04
1.020300000000000000e+04
1.033600000000000000e+04
1.048000000000000000e+04
1.057600000000000000e+04
1.074700000000000000e+04
1.084400000000000000e+04
1.118200000000000000e+04
1.149000000000000000e+04
1.159300000000000000e+04
1.204900000000000000e+04
1.231000000000000000e+04
1.254200000000000000e+04
1.310500000000000000e+04
1.348700000000000000e+04
1.424800000000000000e+04
1.469000000000000000e+04
1.491900000000000000e+04
1.531800000000000000e+04
1.510900000000000000e+04
1.500400000000000000e+04
1.427100000000000000e+04
1.320600000000000000e+04
1.189300000000000000e+04
1.052800000000000000e+04
9.070000000000000000e+03
8.209000000000000000e+03
7.736000000000000000e+03
7.728000000000000000e+03
8.115000000000000000e+03
8.164000000000000000e+03
8.267000000000000000e+03
8.229000000000000000e+03
8.515000000000000000e+03
9.140000000000000000e+03
9.764000000000000000e+03
1.115000000000000000e+04
1.290000000000000000e+04
1.666800000000000000e+04
2.027800000000000000e+04
2.176500000000000000e+04
1.969100000000000000e+04
1.707200000000000000e+04
1.517700000000000000e+04
1.133300000000000000e+04
1.018800000000000000e+04
8.780000000000000000e+03
8.218000000000000000e+03
8.431000000000000000e+03
8.721000000000000000e+03
8.764000000000000000e+03
8.265000000000000000e+03
7.755000000000000000e+03
7.386000000000000000e+03
7.378000000000000000e+03
7.364000000000000000e+03
7.454000000000000000e+03
7.389000000000000000e+03
6.431000000000000000e+03
5.521000000000000000e+03
5.505000000000000000e+03
5.716000000000000000e+03
6.533000000000000000e+03
8.440000000000000000e+03
8.921000000000000000e+03
1.000900000000000000e+04
9.061000000000000000e+03
9.076000000000000000e+03
9.245000000000000000e+03
9.503000000000000000e+03
9.485000000000000000e+03
9.909000000000000000e+03
9.758000000000000000e+03
9.798000000000000000e+03
1.002000000000000000e+04
9.992000000000000000e+03
9.721000000000000000e+03
1.003800000000000000e+04
1.086800000000000000e+04
1.153900000000000000e+04
1.316500000000000000e+04
1.334800000000000000e+04
1.369800000000000000e+04
1.430100000000000000e+04
1.449800000000000000e+04
1.397200000000000000e+04
1.338400000000000000e+04
1.278400000000000000e+04
1.200800000000000000e+04
1.205200000000000000e+04
1.157600000000000000e+04
1.136500000000000000e+04
1.192500000000000000e+04
1.219600000000000000e+04
1.221300000000000000e+04
1.275600000000000000e+04
1.299200000000000000e+04
1.264600000000000000e+04
1.283200000000000000e+04
1.196800000000000000e+04
1.100600000000000000e+04
9.837000000000000000e+03
8.514000000000000000e+03
7.308000000000000000e+03
6.190000000000000000e+03
5.010000000000000000e+03
4.511000000000000000e+03
4.191000000000000000e+03
3.875000000000000000e+03
3.563000000000000000e+03
3.820000000000000000e+03
4.234000000000000000e+03
3.119000000000000000e+03
2.766000000000000000e+03
2.483000000000000000e+03
2.396000000000000000e+03
2.332000000000000000e+03
1.902000000000000000e+03
1.560000000000000000e+03
1.526000000000000000e+03
1.402000000000000000e+03
1.358000000000000000e+03
1.424000000000000000e+03
1.340000000000000000e+03
1.505000000000000000e+03
1.741000000000000000e+03
2.110000000000000000e+03
3.211000000000000000e+03
6.321000000000000000e+03
6.659000000000000000e+03
3.369000000000000000e+03
3.519000000000000000e+03
