1.203200000000000000e+05
5.869300000000000000e+04
3.091800000000000000e+04
2.255600000000000000e+04
1.153200000000000000e+04
7.064000000000000000e+03
3.477000000000000000e+03
6.320000000000000000e+02
6.690000000000000000e+02
3.060000000000000000e+02
2.130000000000000000e+02
5.490000000000000000e+02
1.200000000000000000e+02
4.890000000000000000e+02
1.240000000000000000e+02
2.320000000000000000e+02
1.110000000000000000e+02
7.500000000000000000e+01
7.100000000000000000e+01
1.240000000000000000e+02
6.420000000000000000e+02
1.480000000000000000e+02
3.900000000000000000e+01
1.460000000000000000e+02
2.430000000000000000e+02
1.200000000000000000e+02
7.400000000000000000e+01
2.000000000000000000e+01
1.900000000000000000e+01
6.000000000000000000e+00
7.800000000000000000e+02
1.000000000000000000e+00
1.400000000000000000e+01
1.200000000000000000e+01
4.500000000000000000e+01
9.700000000000000000e+01
1.770000000000000000e+02
2.100000000000000000e+01
1.010000000000000000e+02
1.000000000000000000e+01
5.500000000000000000e+01
1.300000000000000000e+01
1.040000000000000000e+02
5.300000000000000000e+01
2.000000000000000000e+00
1.120000000000000000e+02
7.000000000000000000e+00
5.000000000000000000e+00
5.000000000000000000e+01
7.000000000000000000e+00
2.420000000000000000e+02
3.300000000000000000e+01
1.400000000000000000e+01
3.800000000000000000e+01
2.300000000000000000e+01
7.100000000000000000e+01
3.800000000000000000e+01
1.100000000000000000e+01
5.000000000000000000e+00
0.000000000000000000e+00
5.340000000000000000e+02
0.000000000000000000e+00
5.000000000000000000e+00
2.800000000000000000e+01
1.900000000000000000e+01
1.600000000000000000e+01
1.670000000000000000e+02
1.400000000000000000e+01
2.600000000000000000e+01
2.800000000000000000e+01
1.310000000000000000e+02
1.400000000000000000e+01
3.100000000000000000e+01
6.800000000000000000e+01
5.000000000000000000e+01
4.450000000000000000e+02
1.300000000000000000e+01
3.600000000000000000e+01
2.800000000000000000e+01
5.800000000000000000e+01
2.380000000000000000e+02
4.000000000000000000e+01
1.000000000000000000e+01
2.630000000000000000e+02
4.900000000000000000e+01
4.000000000000000000e+01
3.200000000000000000e+01
1.300000000000000000e+02
3.000000000000000000e+01
2.200000000000000000e+01
5.156000000000000000e+03
1.540000000000000000e+02
1.840000000000000000e+02
2.480000000000000000e+02
2.480000000000000000e+02
4.060000000000000000e+02
6.980000000000000000e+02
5.920000000000000000e+02
2.180000000000000000e+03
3.651000000000000000e+03
1.313200000000000000e+04
1.096080000000000000e+05
4.874000000000000000e+03
2.222000000000000000e+03
9.720000000000000000e+02
1.031000000000000000e+03
8.590000000000000000e+02
1.059000000000000000e+03
1.305000000000000000e+03
1.661000000000000000e+03
2.265000000000000000e+03
1.802000000000000000e+03
1.768000000000000000e+03
9.450000000000000000e+02
3.491000000000000000e+03
5.820000000000000000e+02
2.129000000000000000e+03
7.510000000000000000e+02
1.195000000000000000e+03
1.215000000000000000e+03
2.927000000000000000e+03
1.380000000000000000e+02
1.336000000000000000e+03
1.574000000000000000e+03
1.611000000000000000e+03
7.593000000000000000e+03
1.349000000000000000e+03
1.331000000000000000e+03
2.166000000000000000e+03
1.180000000000000000e+03
1.835000000000000000e+03
1.084000000000000000e+03
2.662000000000000000e+03
5.232000000000000000e+03
1.571000000000000000e+03
5.649000000000000000e+03
5.349000000000000000e+03
1.614000000000000000e+03
1.516600000000000000e+04
1.732000000000000000e+03
5.870000000000000000e+03
1.592500000000000000e+04
4.487000000000000000e+03
7.034000000000000000e+03
5.129000000000000000e+03
1.505600000000000000e+04
4.295100000000000000e+04
3.400000000000000000e+03
3.526400000000000000e+04
2.700000000000000000e+03
2.302800000000000000e+04
2.008000000000000000e+03
7.872000000000000000e+03
3.685200000000000000e+04
2.388000000000000000e+03
3.795500000000000000e+04
2.838200000000000000e+04
4.720700000000000000e+04
5.321000000000000000e+03
2.160900000000000000e+04
1.982700000000000000e+04
8.094000000000000000e+03
1.907100000000000000e+04
2.029600000000000000e+04
1.311700000000000000e+04
2.432700000000000000e+04
1.062900000000000000e+04
1.720100000000000000e+04
8.414000000000000000e+03
1.066700000000000000e+04
4.211500000000000000e+04
2.346900000000000000e+04
2.829800000000000000e+04
4.931500000000000000e+04
7.723900000000000000e+04
1.128910000000000000e+05
1.473890000000000000e+05
1.258010000000000000e+05
1.385250000000000000e+05
1.085570000000000000e+05
1.877000000000000000e+03
6.820000000000000000e+02
1.005000000000000000e+03
9.710000000000000000e+02
1.081000000000000000e+03
1.314000000000000000e+03
5.823000000000000000e+03
1.732600000000000000e+04
2.191500000000000000e+04
1.219000000000000000e+03
2.875000000000000000e+03
2.335000000000000000e+03
2.819400000000000000e+04
1.732100000000000000e+04
1.656100000000000000e+04
1.740100000000000000e+04
3.149300000000000000e+04
3.699000000000000000e+03
1.022100000000000000e+04
3.585800000000000000e+04
5.058000000000000000e+03
6.365000000000000000e+03
1.777500000000000000e+04
9.860000000000000000e+03
4.252000000000000000e+03
6.644000000000000000e+03
9.022000000000000000e+03
1.908800000000000000e+04
5.249000000000000000e+03
1.444600000000000000e+04
8.870000000000000000e+03
4.035000000000000000e+03
3.547000000000000000e+03
5.892000000000000000e+03
5.242000000000000000e+03
8.036000000000000000e+03
8.715000000000000000e+03
5.173000000000000000e+03
3.039000000000000000e+03
2.923000000000000000e+03
3.760000000000000000e+03
2.892000000000000000e+03
3.704000000000000000e+03
5.331000000000000000e+03
3.401000000000000000e+03
3.970000000000000000e+03
4.188000000000000000e+03
4.002000000000000000e+03
3.793000000000000000e+03
4.214000000000000000e+03
3.965000000000000000e+03
4.087000000000000000e+03
3.466000000000000000e+03
4.290000000000000000e+03
3.871000000000000000e+03
3.649000000000000000e+03
3.740000000000000000e+03
3.531000000000000000e+03
3.442000000000000000e+03
3.724000000000000000e+03
3.539000000000000000e+03
3.527000000000000000e+03
3.329000000000000000e+03
3.441000000000000000e+03
3.666000000000000000e+03
3.359000000000000000e+03
3.020000000000000000e+03
3.078000000000000000e+03
3.228000000000000000e+03
2.820000000000000000e+03
3.164000000000000000e+03
2.959000000000000000e+03
2.830000000000000000e+03
3.024000000000000000e+03
2.615000000000000000e+03
2.807000000000000000e+03
2.411000000000000000e+03
3.015000000000000000e+03
2.948000000000000000e+03
2.478000000000000000e+03
2.320000000000000000e+03
2.946000000000000000e+03
2.354000000000000000e+03
2.523000000000000000e+03
1.730000000000000000e+03
3.775000000000000000e+03
1.638000000000000000e+03
2.293000000000000000e+03
2.284000000000000000e+03
2.148000000000000000e+03
2.356000000000000000e+03
2.038000000000000000e+03
2.326000000000000000e+03
2.105000000000000000e+03
2.485000000000000000e+03
1.742000000000000000e+03
2.733000000000000000e+03
1.991000000000000000e+03
2.261000000000000000e+03
2.253000000000000000e+03
2.393000000000000000e+03
2.040000000000000000e+03
3.483000000000000000e+03
1.922000000000000000e+03
2.242000000000000000e+03
2.107000000000000000e+03
2.397000000000000000e+03
2.250000000000000000e+03
2.117000000000000000e+03
2.992000000000000000e+03
1.598000000000000000e+03
2.150000000000000000e+03
2.510000000000000000e+03
2.809000000000000000e+03
2.021000000000000000e+03
2.103000000000000000e+03
2.039000000000000000e+03
2.067000000000000000e+03
3.008000000000000000e+03
2.545000000000000000e+03
2.015000000000000000e+03
2.148000000000000000e+03
2.255000000000000000e+03
2.082000000000000000e+03
2.075000000000000000e+03
1.831000000000000000e+03
1.514000000000000000e+03
2.588000000000000000e+03
5.223000000000000000e+03
1.559000000000000000e+03
1.795000000000000000e+03
2.353000000000000000e+03
2.066000000000000000e+03
2.397000000000000000e+03
2.862000000000000000e+03
2.471000000000000000e+03
2.450000000000000000e+03
2.920000000000000000e+03
2.793000000000000000e+03
3.875000000000000000e+03
3.076000000000000000e+03
2.931000000000000000e+03
2.886000000000000000e+03
3.854000000000000000e+03
3.146000000000000000e+03
3.471000000000000000e+03
5.984000000000000000e+03
5.911000000000000000e+03
7.306000000000000000e+03
8.258000000000000000e+03
9.065000000000000000e+03
8.294000000000000000e+03
6.811000000000000000e+03
8.783000000000000000e+03
7.139000000000000000e+03
5.784000000000000000e+03
7.723000000000000000e+03
5.798000000000000000e+03
7.582000000000000000e+03
9.504000000000000000e+03
1.006100000000000000e+04
2.026800000000000000e+04
2.426700000000000000e+04
2.184300000000000000e+04
2.468900000000000000e+04
3.451900000000000000e+04
1.466300000000000000e+04
1.990300000000000000e+04
1.784500000000000000e+04
6.622000000000000000e+03
1.602300000000000000e+04
1.135500000000000000e+04
8.655000000000000000e+03
1.587900000000000000e+04
8.247000000000000000e+03
7.601000000000000000e+03
8.488000000000000000e+03
7.226000000000000000e+03
6.627000000000000000e+03
8.195000000000000000e+03
6.978000000000000000e+03
9.980000000000000000e+03
7.983000000000000000e+03
1.112400000000000000e+04
1.016900000000000000e+04
1.123800000000000000e+04
1.129200000000000000e+04
1.339900000000000000e+04
1.235900000000000000e+04
1.294200000000000000e+04
1.606600000000000000e+04
1.017700000000000000e+04
7.741000000000000000e+03
5.709000000000000000e+03
5.771000000000000000e+03
5.402000000000000000e+03
6.792000000000000000e+03
6.200000000000000000e+03
6.546000000000000000e+03
5.530000000000000000e+03
5.362000000000000000e+03
5.046000000000000000e+03
5.476000000000000000e+03
5.955000000000000000e+03
6.303000000000000000e+03
5.495000000000000000e+03
5.779000000000000000e+03
5.600000000000000000e+03
5.241000000000000000e+03
9.280000000000000000e+03
1.149100000000000000e+04
1.163000000000000000e+04
8.863000000000000000e+03
9.141000000000000000e+03
7.418000000000000000e+03
1.220700000000000000e+04
8.072000000000000000e+03
5.781000000000000000e+03
6.039000000000000000e+03
7.728000000000000000e+03
5.075000000000000000e+03
6.348000000000000000e+03
8.968000000000000000e+03
5.634000000000000000e+03
4.935000000000000000e+03
8.879000000000000000e+03
7.899000000000000000e+03
6.046000000000000000e+03
7.121000000000000000e+03
5.732000000000000000e+03
1.016860000000000000e+05
4.747000000000000000e+03
4.997000000000000000e+03
7.831000000000000000e+03
6.053000000000000000e+03
6.854000000000000000e+03
6.363000000000000000e+03
5.591000000000000000e+03
5.326000000000000000e+03
6.255000000000000000e+03
5.472000000000000000e+03
5.109000000000000000e+03
4.742000000000000000e+03
4.631000000000000000e+03
4.552000000000000000e+03
4.690000000000000000e+03
4.577000000000000000e+03
4.852000000000000000e+03
5.037000000000000000e+03
5.323000000000000000e+03
6.214000000000000000e+03
8.074000000000000000e+03
1.472300000000000000e+04
1.481100000000000000e+04
2.145300000000000000e+04
1.123670000000000000e+05
2.340000000000000000e+02
5.840000000000000000e+02
1.005000000000000000e+03
1.527000000000000000e+03
3.006000000000000000e+03
2.670000000000000000e+03
3.634000000000000000e+03
4.085000000000000000e+03
3.351000000000000000e+03
3.112000000000000000e+03
3.268000000000000000e+03
3.484000000000000000e+03
2.923000000000000000e+03
3.247000000000000000e+03
3.259000000000000000e+03
3.473000000000000000e+03
2.812000000000000000e+03
3.025000000000000000e+03
2.920000000000000000e+03
2.986000000000000000e+03
3.342000000000000000e+03
3.445000000000000000e+03
3.508000000000000000e+03
3.173000000000000000e+03
3.621000000000000000e+03
3.346000000000000000e+03
3.364000000000000000e+03
3.206000000000000000e+03
3.295000000000000000e+03
3.229000000000000000e+03
3.420000000000000000e+03
2.940000000000000000e+03
2.836000000000000000e+03
2.720000000000000000e+03
2.601000000000000000e+03
2.614000000000000000e+03
2.718000000000000000e+03
2.733000000000000000e+03
3.045000000000000000e+03
3.127000000000000000e+03
3.086000000000000000e+03
3.176000000000000000e+03
3.447000000000000000e+03
3.410000000000000000e+03
3.271000000000000000e+03
3.469000000000000000e+03
3.369000000000000000e+03
3.401000000000000000e+03
3.689000000000000000e+03
3.769000000000000000e+03
3.834000000000000000e+03
3.460000000000000000e+03
3.611000000000000000e+03
3.687000000000000000e+03
3.723000000000000000e+03
3.282000000000000000e+03
3.393000000000000000e+03
3.208000000000000000e+03
3.155000000000000000e+03
3.372000000000000000e+03
3.208000000000000000e+03
3.236000000000000000e+03
3.071000000000000000e+03
3.089000000000000000e+03
2.895000000000000000e+03
2.780000000000000000e+03
2.739000000000000000e+03
2.770000000000000000e+03
2.818000000000000000e+03
2.852000000000000000e+03
2.666000000000000000e+03
2.670000000000000000e+03
2.770000000000000000e+03
2.734000000000000000e+03
2.577000000000000000e+03
2.675000000000000000e+03
2.589000000000000000e+03
2.509000000000000000e+03
2.427000000000000000e+03
2.389000000000000000e+03
2.330000000000000000e+03
2.276000000000000000e+03
2.079000000000000000e+03
2.079000000000000000e+03
2.232000000000000000e+03
2.061000000000000000e+03
2.108000000000000000e+03
2.090000000000000000e+03
2.101000000000000000e+03
2.341000000000000000e+03
2.124000000000000000e+03
1.988000000000000000e+03
1.798000000000000000e+03
1.843000000000000000e+03
1.717000000000000000e+03
1.532000000000000000e+03
1.608000000000000000e+03
1.512000000000000000e+03
1.474000000000000000e+03
1.372000000000000000e+03
1.379000000000000000e+03
1.556000000000000000e+03
1.546000000000000000e+03
1.381000000000000000e+03
1.489000000000000000e+03
1.420000000000000000e+03
1.397000000000000000e+03
1.294000000000000000e+03
1.249000000000000000e+03
1.239000000000000000e+03
1.140000000000000000e+03
1.184000000000000000e+03
1.218000000000000000e+03
1.093000000000000000e+03
1.151000000000000000e+03
1.049000000000000000e+03
1.089000000000000000e+03
1.083000000000000000e+03
1.071000000000000000e+03
9.740000000000000000e+02
1.015000000000000000e+03
1.023000000000000000e+03
1.030000000000000000e+03
1.017000000000000000e+03
1.000000000000000000e+03
1.055000000000000000e+03
1.104000000000000000e+03
1.153000000000000000e+03
1.231000000000000000e+03
1.232000000000000000e+03
1.367000000000000000e+03
1.480000000000000000e+03
1.626000000000000000e+03
1.527000000000000000e+03
1.524000000000000000e+03
1.686000000000000000e+03
1.899000000000000000e+03
1.889000000000000000e+03
2.093000000000000000e+03
2.703000000000000000e+03
2.607000000000000000e+03
2.681000000000000000e+03
2.575000000000000000e+03
2.377000000000000000e+03
2.798000000000000000e+03
2.671000000000000000e+03
3.334000000000000000e+03
3.494000000000000000e+03
4.111000000000000000e+03
3.623000000000000000e+03
3.013000000000000000e+03
3.601000000000000000e+03
3.869000000000000000e+03
4.302000000000000000e+03
3.648000000000000000e+03
4.346000000000000000e+03
3.987000000000000000e+03
4.515000000000000000e+03
4.785000000000000000e+03
5.346000000000000000e+03
7.768000000000000000e+03
5.516000000000000000e+03
5.312000000000000000e+03
5.352000000000000000e+03
7.727000000000000000e+03
5.566000000000000000e+03
7.736000000000000000e+03
6.343000000000000000e+03
8.314000000000000000e+03
7.458000000000000000e+03
8.794000000000000000e+03
8.235000000000000000e+03
1.048000000000000000e+04
1.217100000000000000e+04
1.056740000000000000e+05
9.811000000000000000e+03
1.342800000000000000e+04
8.665000000000000000e+03
9.078000000000000000e+03
8.237000000000000000e+03
6.698000000000000000e+03
6.021000000000000000e+03
5.593000000000000000e+03
6.012000000000000000e+03
5.648000000000000000e+03
4.675000000000000000e+03
4.765000000000000000e+03
4.529000000000000000e+03
4.608000000000000000e+03
4.577000000000000000e+03
4.451000000000000000e+03
4.312000000000000000e+03
4.388000000000000000e+03
4.558000000000000000e+03
4.474000000000000000e+03
4.428000000000000000e+03
4.944000000000000000e+03
4.703000000000000000e+03
4.586000000000000000e+03
5.063000000000000000e+03
4.748000000000000000e+03
4.734000000000000000e+03
4.745000000000000000e+03
5.085000000000000000e+03
4.852000000000000000e+03
4.845000000000000000e+03
5.295000000000000000e+03
5.076000000000000000e+03
4.932000000000000000e+03
4.909000000000000000e+03
5.084000000000000000e+03
5.276000000000000000e+03
5.601000000000000000e+03
5.733000000000000000e+03
5.795000000000000000e+03
5.779000000000000000e+03
6.091000000000000000e+03
6.094000000000000000e+03
6.748000000000000000e+03
7.061000000000000000e+03
8.073000000000000000e+03
1.189100000000000000e+04
1.120600000000000000e+04
1.231900000000000000e+04
1.399400000000000000e+04
1.836000000000000000e+04
1.293000000000000000e+04
2.106200000000000000e+04
2.038600000000000000e+04
2.001800000000000000e+04
1.997400000000000000e+04
1.894700000000000000e+04
2.384000000000000000e+04
2.343200000000000000e+04
2.606900000000000000e+04
2.573600000000000000e+04
3.078300000000000000e+04
3.147700000000000000e+04
3.042800000000000000e+04
3.521400000000000000e+04
3.319300000000000000e+04
3.367800000000000000e+04
3.810400000000000000e+04
4.036600000000000000e+04
4.335300000000000000e+04
4.487500000000000000e+04
4.556600000000000000e+04
4.159500000000000000e+04
3.733900000000000000e+04
2.876500000000000000e+04
1.455500000000000000e+04
1.819000000000000000e+04
1.563300000000000000e+04
1.446600000000000000e+04
1.980100000000000000e+04
8.963300000000000000e+04
