1.916600000000000000e+04
7.540000000000000000e+02
9.620000000000000000e+02
1.548000000000000000e+03
3.067000000000000000e+03
6.751000000000000000e+03
1.279000000000000000e+04
4.420000000000000000e+03
1.192200000000000000e+04
8.267000000000000000e+03
9.598000000000000000e+03
1.486700000000000000e+04
6.664000000000000000e+03
1.596900000000000000e+04
3.542000000000000000e+03
1.265000000000000000e+03
2.377000000000000000e+03
4.810000000000000000e+02
3.270000000000000000e+02
4.250000000000000000e+03
1.029700000000000000e+04
1.474000000000000000e+03
6.920000000000000000e+02
6.890000000000000000e+02
5.743000000000000000e+03
1.485000000000000000e+03
1.111000000000000000e+03
6.900000000000000000e+01
1.780000000000000000e+02
1.310000000000000000e+02
5.470000000000000000e+03
2.000000000000000000e+01
6.370000000000000000e+02
2.890000000000000000e+02
8.700000000000000000e+02
2.211000000000000000e+03
1.927000000000000000e+03
6.500000000000000000e+02
8.380000000000000000e+02
1.291000000000000000e+03
1.325000000000000000e+03
1.017000000000000000e+03
1.232000000000000000e+03
1.372000000000000000e+03
5.870000000000000000e+02
9.680000000000000000e+02
8.830000000000000000e+02
2.410000000000000000e+02
8.320000000000000000e+02
1.290000000000000000e+02
1.290000000000000000e+03
4.200000000000000000e+02
3.080000000000000000e+02
1.510000000000000000e+02
2.520000000000000000e+02
4.550000000000000000e+02
4.130000000000000000e+02
2.140000000000000000e+02
4.900000000000000000e+01
3.000000000000000000e+00
5.310000000000000000e+02
0.000000000000000000e+00
7.000000000000000000e+01
2.250000000000000000e+02
0.000000000000000000e+00
2.090000000000000000e+02
8.450000000000000000e+02
1.070000000000000000e+02
2.020000000000000000e+02
1.720000000000000000e+02
3.540000000000000000e+02
6.700000000000000000e+01
6.600000000000000000e+01
2.440000000000000000e+02
4.610000000000000000e+02
2.444000000000000000e+03
1.030000000000000000e+02
1.090000000000000000e+02
2.000000000000000000e+01
4.330000000000000000e+02
1.216000000000000000e+03
3.500000000000000000e+01
4.500000000000000000e+01
1.025000000000000000e+03
1.180000000000000000e+02
2.000000000000000000e+02
2.400000000000000000e+01
7.440000000000000000e+02
2.600000000000000000e+01
2.800000000000000000e+01
1.286000000000000000e+03
1.800000000000000000e+01
1.550000000000000000e+02
6.080000000000000000e+02
2.200000000000000000e+01
6.878000000000000000e+03
1.970000000000000000e+03
2.500000000000000000e+01
3.382000000000000000e+03
2.550000000000000000e+03
1.540000000000000000e+03
1.049900000000000000e+04
3.171000000000000000e+03
9.462000000000000000e+03
5.598000000000000000e+03
1.371900000000000000e+04
8.470000000000000000e+03
6.457000000000000000e+03
3.616000000000000000e+03
3.343000000000000000e+03
4.376000000000000000e+03
4.456000000000000000e+03
1.595000000000000000e+03
2.228000000000000000e+03
3.701000000000000000e+03
2.610000000000000000e+03
1.213000000000000000e+03
1.200000000000000000e+01
1.500000000000000000e+01
1.300000000000000000e+01
8.378000000000000000e+03
2.000000000000000000e+00
1.190000000000000000e+02
8.000000000000000000e+00
3.410000000000000000e+02
1.199000000000000000e+03
1.985000000000000000e+03
7.000000000000000000e+00
3.500000000000000000e+01
1.100000000000000000e+01
8.300000000000000000e+01
0.000000000000000000e+00
7.910000000000000000e+02
3.090000000000000000e+02
2.000000000000000000e+00
3.200000000000000000e+01
2.000000000000000000e+00
1.000000000000000000e+00
4.500000000000000000e+01
0.000000000000000000e+00
1.881000000000000000e+03
8.700000000000000000e+01
2.600000000000000000e+01
1.000000000000000000e+00
1.400000000000000000e+01
3.020000000000000000e+02
6.100000000000000000e+01
3.100000000000000000e+01
9.000000000000000000e+00
1.000000000000000000e+00
2.830000000000000000e+02
1.000000000000000000e+00
4.100000000000000000e+01
1.300000000000000000e+02
0.000000000000000000e+00
2.960000000000000000e+02
1.065000000000000000e+03
1.730000000000000000e+02
7.250000000000000000e+02
4.920000000000000000e+02
4.090000000000000000e+02
1.510000000000000000e+02
7.000000000000000000e+01
2.460000000000000000e+02
1.128000000000000000e+03
7.831000000000000000e+03
5.020000000000000000e+02
7.900000000000000000e+01
3.000000000000000000e+00
7.850000000000000000e+02
2.634000000000000000e+03
1.360000000000000000e+02
2.700000000000000000e+01
1.848000000000000000e+03
2.170000000000000000e+03
4.900000000000000000e+02
3.200000000000000000e+02
1.969000000000000000e+03
5.330000000000000000e+02
3.490000000000000000e+02
1.578900000000000000e+04
1.960000000000000000e+02
1.531000000000000000e+03
2.718000000000000000e+03
3.711000000000000000e+03
2.017000000000000000e+03
3.808000000000000000e+03
4.785000000000000000e+03
3.369000000000000000e+03
4.124000000000000000e+03
4.184000000000000000e+03
4.283000000000000000e+03
4.687000000000000000e+03
5.477000000000000000e+03
7.886000000000000000e+03
7.251000000000000000e+03
6.128000000000000000e+03
5.544000000000000000e+03
6.650000000000000000e+03
5.661000000000000000e+03
6.629000000000000000e+03
5.295000000000000000e+03
5.745000000000000000e+03
5.316000000000000000e+03
5.716000000000000000e+03
5.201000000000000000e+03
5.413000000000000000e+03
4.856000000000000000e+03
5.159000000000000000e+03
3.830000000000000000e+03
3.983000000000000000e+03
3.971000000000000000e+03
4.143000000000000000e+03
3.555000000000000000e+03
4.661000000000000000e+03
3.939000000000000000e+03
4.927000000000000000e+03
3.292000000000000000e+03
4.242000000000000000e+03
4.804000000000000000e+03
4.709000000000000000e+03
5.281000000000000000e+03
3.592000000000000000e+03
4.773000000000000000e+03
4.793000000000000000e+03
4.127000000000000000e+03
4.258000000000000000e+03
2.926000000000000000e+03
3.542000000000000000e+03
2.721000000000000000e+03
2.768000000000000000e+03
3.059000000000000000e+03
2.196000000000000000e+03
2.553000000000000000e+03
2.195000000000000000e+03
2.592000000000000000e+03
2.056000000000000000e+03
2.452000000000000000e+03
2.134000000000000000e+03
1.926000000000000000e+03
1.800000000000000000e+03
1.771000000000000000e+03
1.622000000000000000e+03
1.317000000000000000e+03
2.162000000000000000e+03
1.384000000000000000e+03
1.266000000000000000e+03
1.475000000000000000e+03
1.331000000000000000e+03
1.153000000000000000e+03
1.390000000000000000e+03
1.236000000000000000e+03
1.119000000000000000e+03
1.238000000000000000e+03
1.010000000000000000e+03
1.189000000000000000e+03
9.110000000000000000e+02
1.166000000000000000e+03
9.510000000000000000e+02
7.540000000000000000e+02
9.740000000000000000e+02
9.320000000000000000e+02
7.830000000000000000e+02
9.000000000000000000e+02
6.930000000000000000e+02
1.508000000000000000e+03
6.440000000000000000e+02
8.210000000000000000e+02
7.670000000000000000e+02
7.780000000000000000e+02
8.190000000000000000e+02
9.260000000000000000e+02
6.720000000000000000e+02
7.750000000000000000e+02
8.040000000000000000e+02
6.000000000000000000e+02
8.820000000000000000e+02
6.860000000000000000e+02
8.730000000000000000e+02
6.910000000000000000e+02
6.710000000000000000e+02
6.650000000000000000e+02
8.630000000000000000e+02
6.020000000000000000e+02
6.460000000000000000e+02
5.480000000000000000e+02
8.170000000000000000e+02
5.330000000000000000e+02
6.250000000000000000e+02
7.990000000000000000e+02
6.150000000000000000e+02
6.300000000000000000e+02
6.530000000000000000e+02
6.010000000000000000e+02
5.800000000000000000e+02
5.060000000000000000e+02
6.520000000000000000e+02
4.810000000000000000e+02
5.050000000000000000e+02
4.600000000000000000e+02
4.660000000000000000e+02
4.080000000000000000e+02
3.830000000000000000e+02
5.010000000000000000e+02
3.830000000000000000e+02
5.070000000000000000e+02
4.650000000000000000e+02
4.930000000000000000e+02
7.050000000000000000e+02
4.410000000000000000e+02
4.980000000000000000e+02
4.100000000000000000e+02
4.490000000000000000e+02
4.620000000000000000e+02
4.280000000000000000e+02
4.810000000000000000e+02
3.790000000000000000e+02
4.070000000000000000e+02
4.510000000000000000e+02
4.220000000000000000e+02
4.100000000000000000e+02
2.930000000000000000e+02
4.250000000000000000e+02
4.370000000000000000e+02
2.450000000000000000e+02
2.630000000000000000e+02
2.910000000000000000e+02
2.140000000000000000e+02
2.220000000000000000e+02
1.830000000000000000e+02
1.550000000000000000e+02
1.820000000000000000e+02
1.490000000000000000e+02
1.960000000000000000e+02
1.240000000000000000e+02
1.160000000000000000e+02
1.420000000000000000e+02
1.020000000000000000e+02
1.080000000000000000e+02
1.450000000000000000e+02
5.100000000000000000e+01
9.800000000000000000e+01
9.000000000000000000e+01
5.700000000000000000e+01
6.200000000000000000e+01
6.300000000000000000e+01
3.900000000000000000e+01
6.500000000000000000e+01
6.400000000000000000e+01
1.600000000000000000e+01
1.950000000000000000e+02
1.100000000000000000e+01
9.100000000000000000e+01
5.400000000000000000e+01
5.000000000000000000e+01
8.200000000000000000e+01
1.900000000000000000e+01
8.700000000000000000e+01
2.800000000000000000e+01
9.100000000000000000e+01
4.900000000000000000e+01
3.200000000000000000e+01
8.800000000000000000e+01
2.800000000000000000e+01
4.700000000000000000e+01
5.400000000000000000e+01
3.400000000000000000e+01
4.200000000000000000e+01
2.500000000000000000e+01
1.500000000000000000e+01
3.000000000000000000e+01
9.200000000000000000e+01
5.000000000000000000e+00
1.300000000000000000e+01
2.400000000000000000e+01
3.000000000000000000e+01
2.300000000000000000e+01
1.900000000000000000e+01
4.300000000000000000e+01
1.400000000000000000e+01
1.900000000000000000e+01
1.200000000000000000e+01
1.700000000000000000e+01
7.000000000000000000e+00
5.500000000000000000e+01
1.200000000000000000e+01
1.800000000000000000e+01
1.900000000000000000e+01
1.600000000000000000e+01
3.200000000000000000e+01
1.100000000000000000e+01
1.400000000000000000e+01
1.900000000000000000e+01
4.600000000000000000e+01
7.000000000000000000e+00
8.000000000000000000e+00
2.100000000000000000e+01
2.000000000000000000e+01
1.000000000000000000e+01
2.200000000000000000e+01
1.100000000000000000e+01
1.600000000000000000e+01
8.000000000000000000e+00
1.500000000000000000e+01
8.000000000000000000e+00
2.000000000000000000e+01
8.000000000000000000e+00
1.600000000000000000e+01
1.400000000000000000e+01
6.000000000000000000e+00
1.300000000000000000e+01
1.100000000000000000e+01
1.200000000000000000e+01
7.000000000000000000e+00
1.600000000000000000e+01
8.000000000000000000e+00
5.000000000000000000e+00
1.300000000000000000e+01
4.000000000000000000e+00
1.100000000000000000e+01
1.000000000000000000e+01
4.000000000000000000e+00
7.000000000000000000e+00
5.000000000000000000e+00
4.000000000000000000e+00
4.000000000000000000e+00
7.000000000000000000e+00
0.000000000000000000e+00
3.000000000000000000e+00
2.000000000000000000e+00
1.000000000000000000e+00
0.000000000000000000e+00
0.000000000000000000e+00
1.000000000000000000e+00
0.000000000000000000e+00
3.900000000000000000e+02
1.900000000000000000e+01
2.600000000000000000e+01
6.900000000000000000e+01
7.800000000000000000e+01
1.220000000000000000e+02
1.950000000000000000e+02
2.980000000000000000e+02
3.990000000000000000e+02
5.200000000000000000e+02
6.770000000000000000e+02
1.022000000000000000e+03
1.147000000000000000e+03
1.316000000000000000e+03
1.134000000000000000e+03
1.318000000000000000e+03
1.466000000000000000e+03
1.751000000000000000e+03
2.185000000000000000e+03
1.934000000000000000e+03
1.902000000000000000e+03
1.604000000000000000e+03
1.535000000000000000e+03
1.462000000000000000e+03
1.530000000000000000e+03
1.488000000000000000e+03
1.434000000000000000e+03
1.284000000000000000e+03
1.345000000000000000e+03
1.455000000000000000e+03
1.578000000000000000e+03
1.600000000000000000e+03
1.565000000000000000e+03
1.446000000000000000e+03
1.399000000000000000e+03
1.335000000000000000e+03
1.334000000000000000e+03
1.352000000000000000e+03
1.300000000000000000e+03
1.320000000000000000e+03
1.378000000000000000e+03
1.410000000000000000e+03
1.371000000000000000e+03
1.353000000000000000e+03
1.487000000000000000e+03
1.490000000000000000e+03
1.485000000000000000e+03
1.571000000000000000e+03
1.583000000000000000e+03
1.594000000000000000e+03
1.360000000000000000e+03
1.406000000000000000e+03
1.287000000000000000e+03
1.351000000000000000e+03
1.222000000000000000e+03
1.297000000000000000e+03
1.292000000000000000e+03
1.281000000000000000e+03
1.169000000000000000e+03
1.239000000000000000e+03
1.130000000000000000e+03
1.118000000000000000e+03
1.135000000000000000e+03
1.049000000000000000e+03
1.126000000000000000e+03
1.041000000000000000e+03
9.490000000000000000e+02
9.860000000000000000e+02
9.720000000000000000e+02
1.008000000000000000e+03
9.540000000000000000e+02
9.330000000000000000e+02
8.150000000000000000e+02
8.470000000000000000e+02
7.890000000000000000e+02
7.970000000000000000e+02
8.360000000000000000e+02
8.990000000000000000e+02
8.840000000000000000e+02
9.260000000000000000e+02
9.670000000000000000e+02
9.710000000000000000e+02
1.012000000000000000e+03
9.810000000000000000e+02
9.770000000000000000e+02
1.009000000000000000e+03
9.820000000000000000e+02
1.024000000000000000e+03
1.032000000000000000e+03
1.078000000000000000e+03
1.043000000000000000e+03
1.097000000000000000e+03
1.105000000000000000e+03
1.057000000000000000e+03
1.010000000000000000e+03
1.011000000000000000e+03
1.029000000000000000e+03
1.051000000000000000e+03
1.002000000000000000e+03
1.059000000000000000e+03
9.490000000000000000e+02
9.850000000000000000e+02
9.200000000000000000e+02
9.380000000000000000e+02
9.250000000000000000e+02
9.000000000000000000e+02
9.880000000000000000e+02
1.010000000000000000e+03
9.710000000000000000e+02
9.740000000000000000e+02
9.890000000000000000e+02
9.300000000000000000e+02
8.840000000000000000e+02
8.520000000000000000e+02
8.600000000000000000e+02
8.620000000000000000e+02
7.950000000000000000e+02
8.210000000000000000e+02
7.760000000000000000e+02
8.730000000000000000e+02
8.780000000000000000e+02
9.700000000000000000e+02
9.730000000000000000e+02
8.820000000000000000e+02
8.880000000000000000e+02
9.820000000000000000e+02
9.870000000000000000e+02
9.890000000000000000e+02
1.054000000000000000e+03
1.113000000000000000e+03
1.028000000000000000e+03
9.980000000000000000e+02
1.011000000000000000e+03
9.890000000000000000e+02
1.011000000000000000e+03
1.012000000000000000e+03
1.042000000000000000e+03
1.166000000000000000e+03
1.228000000000000000e+03
1.211000000000000000e+03
1.181000000000000000e+03
1.284000000000000000e+03
1.381000000000000000e+03
1.449000000000000000e+03
1.468000000000000000e+03
1.461000000000000000e+03
1.418000000000000000e+03
1.487000000000000000e+03
1.440000000000000000e+03
1.549000000000000000e+03
1.549000000000000000e+03
1.526000000000000000e+03
1.386000000000000000e+03
1.469000000000000000e+03
1.383000000000000000e+03
1.338000000000000000e+03
1.384000000000000000e+03
1.457000000000000000e+03
1.346000000000000000e+03
1.381000000000000000e+03
1.309000000000000000e+03
1.415000000000000000e+03
1.284000000000000000e+03
1.283000000000000000e+03
1.156000000000000000e+03
1.173000000000000000e+03
1.126000000000000000e+03
1.234000000000000000e+03
1.261000000000000000e+03
1.288000000000000000e+03
1.219000000000000000e+03
1.327000000000000000e+03
1.350000000000000000e+03
1.311000000000000000e+03
1.273000000000000000e+03
1.247000000000000000e+03
1.303000000000000000e+03
1.435000000000000000e+03
1.562000000000000000e+03
1.626000000000000000e+03
1.678000000000000000e+03
1.669000000000000000e+03
1.815000000000000000e+03
1.735000000000000000e+03
1.707000000000000000e+03
1.766000000000000000e+03
1.724000000000000000e+03
1.589000000000000000e+03
1.669000000000000000e+03
1.607000000000000000e+03
1.750000000000000000e+03
1.749000000000000000e+03
1.938000000000000000e+03
2.043000000000000000e+03
2.101000000000000000e+03
2.291000000000000000e+03
2.394000000000000000e+03
2.842000000000000000e+03
3.277000000000000000e+03
3.307000000000000000e+03
3.373000000000000000e+03
3.528000000000000000e+03
3.940000000000000000e+03
4.100000000000000000e+03
4.619000000000000000e+03
4.537000000000000000e+03
4.370000000000000000e+03
4.269000000000000000e+03
3.970000000000000000e+03
3.662000000000000000e+03
3.132000000000000000e+03
2.433000000000000000e+03
2.041000000000000000e+03
1.870000000000000000e+03
1.845000000000000000e+03
1.968000000000000000e+03
2.394000000000000000e+03
2.235000000000000000e+03
2.044000000000000000e+03
1.961000000000000000e+03
1.961000000000000000e+03
1.864000000000000000e+03
2.050000000000000000e+03
2.508000000000000000e+03
2.046000000000000000e+03
1.944000000000000000e+03
1.644000000000000000e+03
1.181000000000000000e+03
8.520000000000000000e+02
8.500000000000000000e+02
7.650000000000000000e+02
6.140000000000000000e+02
4.880000000000000000e+02
4.250000000000000000e+02
3.590000000000000000e+02
2.900000000000000000e+02
2.280000000000000000e+02
2.150000000000000000e+02
1.960000000000000000e+02
1.790000000000000000e+02
1.400000000000000000e+02
1.160000000000000000e+02
1.040000000000000000e+02
9.800000000000000000e+01
1.000000000000000000e+02
8.100000000000000000e+01
6.500000000000000000e+01
7.100000000000000000e+01
6.400000000000000000e+01
5.700000000000000000e+01
7.600000000000000000e+01
6.900000000000000000e+01
7.300000000000000000e+01
9.200000000000000000e+01
1.020000000000000000e+02
1.100000000000000000e+02
5.470000000000000000e+02
