4.543000000000000000e+03
9.420000000000000000e+02
1.095000000000000000e+03
1.157000000000000000e+03
1.070000000000000000e+03
3.224000000000000000e+03
2.494000000000000000e+03
1.441000000000000000e+03
4.425000000000000000e+03
3.949000000000000000e+03
5.948000000000000000e+03
1.413200000000000000e+04
2.708000000000000000e+04
8.109300000000000000e+04
6.164700000000000000e+04
2.130790000000000000e+05
5.849100000000000000e+04
1.128680000000000000e+05
1.054000000000000000e+05
1.149920000000000000e+05
8.015700000000000000e+04
6.650800000000000000e+04
6.860800000000000000e+04
6.702500000000000000e+04
6.685700000000000000e+04
6.500800000000000000e+04
6.626000000000000000e+04
5.794000000000000000e+04
6.151500000000000000e+04
4.736300000000000000e+04
3.939600000000000000e+04
1.527300000000000000e+04
1.061700000000000000e+04
1.296700000000000000e+04
1.062900000000000000e+04
5.145900000000000000e+04
8.586000000000000000e+03
4.668000000000000000e+03
4.258000000000000000e+03
2.099000000000000000e+03
4.005000000000000000e+03
1.082000000000000000e+03
1.455500000000000000e+04
9.499000000000000000e+03
8.280000000000000000e+02
1.815000000000000000e+03
2.142000000000000000e+03
4.330000000000000000e+02
3.277000000000000000e+03
7.970000000000000000e+02
2.903000000000000000e+03
3.650000000000000000e+03
1.295000000000000000e+03
6.320000000000000000e+02
8.490000000000000000e+02
4.961000000000000000e+03
1.734000000000000000e+03
7.340000000000000000e+02
3.780000000000000000e+02
1.860000000000000000e+02
3.669000000000000000e+03
1.150000000000000000e+02
4.050000000000000000e+02
9.430000000000000000e+02
9.400000000000000000e+01
5.470000000000000000e+02
4.815000000000000000e+03
4.480000000000000000e+02
1.097000000000000000e+03
8.990000000000000000e+02
4.485000000000000000e+03
4.440000000000000000e+02
4.560000000000000000e+02
7.682000000000000000e+03
1.672000000000000000e+03
1.343000000000000000e+03
6.600000000000000000e+02
3.860000000000000000e+02
4.300000000000000000e+01
3.156000000000000000e+03
4.027000000000000000e+03
3.700000000000000000e+02
1.100000000000000000e+02
1.349000000000000000e+03
8.410000000000000000e+02
2.900000000000000000e+02
8.300000000000000000e+01
1.147000000000000000e+03
1.120000000000000000e+02
6.500000000000000000e+01
1.461000000000000000e+03
9.300000000000000000e+01
1.430000000000000000e+02
3.360000000000000000e+02
6.300000000000000000e+01
5.550000000000000000e+02
1.953000000000000000e+03
6.700000000000000000e+01
5.720000000000000000e+02
2.890000000000000000e+02
2.480000000000000000e+02
1.018000000000000000e+03
1.620000000000000000e+02
1.250000000000000000e+03
2.320000000000000000e+02
2.150000000000000000e+02
4.660000000000000000e+02
1.570000000000000000e+02
1.520000000000000000e+02
5.760000000000000000e+02
1.559000000000000000e+03
9.440000000000000000e+02
1.133000000000000000e+03
7.730000000000000000e+02
2.949000000000000000e+03
1.448000000000000000e+03
1.090200000000000000e+04
4.188000000000000000e+03
1.222800000000000000e+04
2.853200000000000000e+04
1.274700000000000000e+04
3.000000000000000000e+02
1.904600000000000000e+04
2.010200000000000000e+04
4.524000000000000000e+03
1.046900000000000000e+04
1.093000000000000000e+03
2.459000000000000000e+03
3.737000000000000000e+03
1.233000000000000000e+03
1.129000000000000000e+03
4.750000000000000000e+02
1.870000000000000000e+03
2.636000000000000000e+03
3.620000000000000000e+02
9.020000000000000000e+02
9.910000000000000000e+02
1.130000000000000000e+02
1.431000000000000000e+03
2.130000000000000000e+02
1.045000000000000000e+03
1.037000000000000000e+03
7.100000000000000000e+02
2.230000000000000000e+02
3.780000000000000000e+02
8.240000000000000000e+02
8.540000000000000000e+02
4.950000000000000000e+02
1.470000000000000000e+02
5.800000000000000000e+01
9.940000000000000000e+02
2.400000000000000000e+01
1.450000000000000000e+02
4.990000000000000000e+02
6.100000000000000000e+01
3.570000000000000000e+02
1.283000000000000000e+03
1.880000000000000000e+02
4.260000000000000000e+02
3.500000000000000000e+02
8.100000000000000000e+02
1.810000000000000000e+02
1.510000000000000000e+02
6.260000000000000000e+02
8.300000000000000000e+02
9.260000000000000000e+02
3.240000000000000000e+02
2.950000000000000000e+02
1.650000000000000000e+02
8.110000000000000000e+02
2.299000000000000000e+03
6.780000000000000000e+02
1.287000000000000000e+03
2.777000000000000000e+03
3.708000000000000000e+03
3.943000000000000000e+03
3.019000000000000000e+03
3.991000000000000000e+03
1.945000000000000000e+03
1.269000000000000000e+03
1.011000000000000000e+03
2.800000000000000000e+01
6.240000000000000000e+02
1.377000000000000000e+03
1.853000000000000000e+03
2.305000000000000000e+03
2.295700000000000000e+04
6.045800000000000000e+04
9.888000000000000000e+03
1.541700000000000000e+04
9.695000000000000000e+03
1.055600000000000000e+04
6.440000000000000000e+03
9.015000000000000000e+03
6.662000000000000000e+03
4.943000000000000000e+03
4.644000000000000000e+03
5.033000000000000000e+03
4.195000000000000000e+03
4.009000000000000000e+03
3.802000000000000000e+03
3.710000000000000000e+03
3.483000000000000000e+03
3.326000000000000000e+03
3.186000000000000000e+03
3.309000000000000000e+03
3.253000000000000000e+03
3.064000000000000000e+03
3.193000000000000000e+03
2.992000000000000000e+03
2.955000000000000000e+03
2.953000000000000000e+03
2.945000000000000000e+03
2.979000000000000000e+03
2.907000000000000000e+03
3.021000000000000000e+03
3.332000000000000000e+03
2.939000000000000000e+03
3.472000000000000000e+03
3.630000000000000000e+03
4.552000000000000000e+03
5.499000000000000000e+03
6.594000000000000000e+03
9.601000000000000000e+03
1.200800000000000000e+04
1.524800000000000000e+04
1.874700000000000000e+04
1.997700000000000000e+04
2.024700000000000000e+04
2.198200000000000000e+04
2.312400000000000000e+04
2.064800000000000000e+04
2.075300000000000000e+04
2.059800000000000000e+04
1.756900000000000000e+04
1.528500000000000000e+04
1.467900000000000000e+04
1.186800000000000000e+04
1.102600000000000000e+04
9.466000000000000000e+03
8.639000000000000000e+03
7.988000000000000000e+03
7.347000000000000000e+03
7.176000000000000000e+03
6.676000000000000000e+03
6.093000000000000000e+03
5.399000000000000000e+03
5.102000000000000000e+03
5.109000000000000000e+03
4.393000000000000000e+03
4.985000000000000000e+03
4.512000000000000000e+03
4.125000000000000000e+03
4.254000000000000000e+03
4.142000000000000000e+03
4.129000000000000000e+03
3.943000000000000000e+03
4.103000000000000000e+03
4.383000000000000000e+03
3.879000000000000000e+03
4.005000000000000000e+03
4.307000000000000000e+03
4.222000000000000000e+03
4.582000000000000000e+03
4.191000000000000000e+03
5.131000000000000000e+03
4.436000000000000000e+03
5.289000000000000000e+03
5.206000000000000000e+03
5.516000000000000000e+03
5.962000000000000000e+03
5.769000000000000000e+03
6.260000000000000000e+03
6.189000000000000000e+03
6.860000000000000000e+03
6.546000000000000000e+03
7.231000000000000000e+03
6.713000000000000000e+03
7.012000000000000000e+03
6.966000000000000000e+03
7.283000000000000000e+03
7.217000000000000000e+03
7.398000000000000000e+03
7.257000000000000000e+03
7.244000000000000000e+03
7.258000000000000000e+03
7.279000000000000000e+03
7.258000000000000000e+03
7.527000000000000000e+03
7.782000000000000000e+03
7.356000000000000000e+03
7.350000000000000000e+03
7.826000000000000000e+03
8.330000000000000000e+03
7.665000000000000000e+03
8.015000000000000000e+03
8.000000000000000000e+03
8.158000000000000000e+03
8.224000000000000000e+03
8.506000000000000000e+03
8.333000000000000000e+03
8.466000000000000000e+03
8.734000000000000000e+03
8.440000000000000000e+03
9.400000000000000000e+03
9.319000000000000000e+03
7.920000000000000000e+03
9.620000000000000000e+03
1.095800000000000000e+04
8.326000000000000000e+03
9.589000000000000000e+03
1.069700000000000000e+04
9.838000000000000000e+03
9.581000000000000000e+03
1.059800000000000000e+04
1.101800000000000000e+04
1.038100000000000000e+04
1.082400000000000000e+04
1.120900000000000000e+04
1.087400000000000000e+04
1.121000000000000000e+04
1.208100000000000000e+04
1.051100000000000000e+04
1.266500000000000000e+04
1.129800000000000000e+04
1.234300000000000000e+04
1.148600000000000000e+04
1.183100000000000000e+04
1.240800000000000000e+04
1.237900000000000000e+04
1.132000000000000000e+04
1.182200000000000000e+04
1.176800000000000000e+04
1.301900000000000000e+04
1.148600000000000000e+04
1.208700000000000000e+04
1.163900000000000000e+04
1.071000000000000000e+04
1.259000000000000000e+04
1.155700000000000000e+04
1.089600000000000000e+04
1.044900000000000000e+04
1.227400000000000000e+04
9.495000000000000000e+03
1.038500000000000000e+04
1.057400000000000000e+04
9.569000000000000000e+03
1.060000000000000000e+04
8.896000000000000000e+03
9.117000000000000000e+03
8.990000000000000000e+03
8.493000000000000000e+03
7.977000000000000000e+03
9.637000000000000000e+03
7.470000000000000000e+03
7.468000000000000000e+03
6.430000000000000000e+03
8.004000000000000000e+03
5.931000000000000000e+03
8.014000000000000000e+03
5.999000000000000000e+03
6.436000000000000000e+03
5.681000000000000000e+03
5.731000000000000000e+03
5.433000000000000000e+03
6.800000000000000000e+03
4.918000000000000000e+03
5.153000000000000000e+03
5.110000000000000000e+03
4.511000000000000000e+03
3.714000000000000000e+03
6.820000000000000000e+03
3.513000000000000000e+03
4.791000000000000000e+03
4.519000000000000000e+03
3.623000000000000000e+03
3.839000000000000000e+03
3.823000000000000000e+03
5.728000000000000000e+03
3.144000000000000000e+03
5.020000000000000000e+03
3.041000000000000000e+03
3.723000000000000000e+03
2.835000000000000000e+03
3.322000000000000000e+03
2.520000000000000000e+03
5.721000000000000000e+03
2.435000000000000000e+03
4.124000000000000000e+03
3.261000000000000000e+03
2.520000000000000000e+03
3.239000000000000000e+03
2.119000000000000000e+03
2.657000000000000000e+03
5.454000000000000000e+03
2.382000000000000000e+03
4.639000000000000000e+03
2.590000000000000000e+03
1.961000000000000000e+03
3.412000000000000000e+03
2.867000000000000000e+03
2.144000000000000000e+03
2.221000000000000000e+03
4.818000000000000000e+03
4.245000000000000000e+03
2.152000000000000000e+03
2.313000000000000000e+03
2.936000000000000000e+03
2.531000000000000000e+03
1.960000000000000000e+03
2.738000000000000000e+03
2.402000000000000000e+03
1.901000000000000000e+03
3.872000000000000000e+03
3.897000000000000000e+03
3.036000000000000000e+03
1.951000000000000000e+03
2.125000000000000000e+03
2.058000000000000000e+03
1.955000000000000000e+03
2.005000000000000000e+03
2.054000000000000000e+03
2.942000000000000000e+03
4.032000000000000000e+03
5.478000000000000000e+03
4.662000000000000000e+03
3.276000000000000000e+03
3.118000000000000000e+03
3.566000000000000000e+03
4.046000000000000000e+03
5.357000000000000000e+03
6.239000000000000000e+03
8.101000000000000000e+03
1.288800000000000000e+04
1.835400000000000000e+04
9.016000000000000000e+04
6.000000000000000000e+00
2.800000000000000000e+01
2.300000000000000000e+01
2.800000000000000000e+01
7.700000000000000000e+01
1.040000000000000000e+02
1.270000000000000000e+02
2.430000000000000000e+02
2.440000000000000000e+02
3.940000000000000000e+02
3.750000000000000000e+02
5.850000000000000000e+02
7.080000000000000000e+02
7.630000000000000000e+02
1.095000000000000000e+03
1.103000000000000000e+03
1.736000000000000000e+03
1.782000000000000000e+03
2.671000000000000000e+03
3.193000000000000000e+03
3.975000000000000000e+03
5.003000000000000000e+03
6.888000000000000000e+03
8.954000000000000000e+03
9.103000000000000000e+03
1.149500000000000000e+04
9.908000000000000000e+03
8.803000000000000000e+03
7.045000000000000000e+03
6.301000000000000000e+03
5.633000000000000000e+03
5.211000000000000000e+03
4.769000000000000000e+03
4.613000000000000000e+03
4.285000000000000000e+03
4.239000000000000000e+03
4.058000000000000000e+03
4.086000000000000000e+03
3.780000000000000000e+03
3.658000000000000000e+03
3.736000000000000000e+03
3.804000000000000000e+03
3.748000000000000000e+03
3.663000000000000000e+03
3.700000000000000000e+03
3.619000000000000000e+03
3.739000000000000000e+03
3.705000000000000000e+03
3.588000000000000000e+03
3.720000000000000000e+03
3.744000000000000000e+03
3.753000000000000000e+03
3.717000000000000000e+03
3.888000000000000000e+03
3.816000000000000000e+03
3.944000000000000000e+03
3.867000000000000000e+03
3.919000000000000000e+03
3.907000000000000000e+03
3.996000000000000000e+03
4.203000000000000000e+03
4.130000000000000000e+03
4.259000000000000000e+03
4.271000000000000000e+03
4.242000000000000000e+03
4.247000000000000000e+03
4.407000000000000000e+03
4.345000000000000000e+03
4.376000000000000000e+03
4.428000000000000000e+03
4.537000000000000000e+03
4.738000000000000000e+03
4.640000000000000000e+03
4.797000000000000000e+03
4.818000000000000000e+03
4.929000000000000000e+03
4.808000000000000000e+03
5.042000000000000000e+03
5.145000000000000000e+03
5.186000000000000000e+03
5.348000000000000000e+03
5.305000000000000000e+03
5.427000000000000000e+03
5.495000000000000000e+03
5.582000000000000000e+03
5.701000000000000000e+03
5.687000000000000000e+03
5.870000000000000000e+03
5.785000000000000000e+03
5.902000000000000000e+03
6.079000000000000000e+03
6.135000000000000000e+03
6.432000000000000000e+03
6.359000000000000000e+03
6.366000000000000000e+03
6.479000000000000000e+03
6.530000000000000000e+03
6.602000000000000000e+03
6.807000000000000000e+03
6.938000000000000000e+03
7.020000000000000000e+03
7.003000000000000000e+03
7.175000000000000000e+03
7.309000000000000000e+03
7.340000000000000000e+03
7.523000000000000000e+03
7.641000000000000000e+03
7.647000000000000000e+03
7.740000000000000000e+03
7.882000000000000000e+03
8.118000000000000000e+03
8.157000000000000000e+03
8.317000000000000000e+03
8.250000000000000000e+03
8.453000000000000000e+03
8.396000000000000000e+03
8.471000000000000000e+03
8.500000000000000000e+03
8.663000000000000000e+03
8.826000000000000000e+03
9.006000000000000000e+03
8.973000000000000000e+03
9.097000000000000000e+03
8.975000000000000000e+03
9.116000000000000000e+03
9.171000000000000000e+03
9.106000000000000000e+03
9.263000000000000000e+03
9.372000000000000000e+03
9.261000000000000000e+03
9.562000000000000000e+03
9.660000000000000000e+03
9.411000000000000000e+03
9.744000000000000000e+03
9.682000000000000000e+03
9.785000000000000000e+03
9.976000000000000000e+03
9.975000000000000000e+03
1.025600000000000000e+04
1.007300000000000000e+04
1.032500000000000000e+04
1.049300000000000000e+04
1.055400000000000000e+04
1.060100000000000000e+04
1.088200000000000000e+04
1.110800000000000000e+04
1.121500000000000000e+04
1.118400000000000000e+04
1.163100000000000000e+04
1.155100000000000000e+04
1.195800000000000000e+04
1.200800000000000000e+04
1.232500000000000000e+04
1.288500000000000000e+04
1.277800000000000000e+04
1.296100000000000000e+04
1.323100000000000000e+04
1.344700000000000000e+04
1.388100000000000000e+04
1.413500000000000000e+04
1.427700000000000000e+04
1.423900000000000000e+04
1.477800000000000000e+04
1.458100000000000000e+04
1.464000000000000000e+04
1.505100000000000000e+04
1.512800000000000000e+04
1.520300000000000000e+04
1.536000000000000000e+04
1.511900000000000000e+04
1.516700000000000000e+04
1.512200000000000000e+04
1.517600000000000000e+04
1.471200000000000000e+04
1.466500000000000000e+04
1.457600000000000000e+04
1.418000000000000000e+04
1.395100000000000000e+04
1.343400000000000000e+04
1.289100000000000000e+04
1.259900000000000000e+04
1.185700000000000000e+04
1.149400000000000000e+04
1.105600000000000000e+04
1.046000000000000000e+04
1.005100000000000000e+04
9.496000000000000000e+03
9.038000000000000000e+03
8.640000000000000000e+03
8.017000000000000000e+03
7.734000000000000000e+03
7.457000000000000000e+03
7.141000000000000000e+03
6.679000000000000000e+03
6.585000000000000000e+03
6.410000000000000000e+03
6.242000000000000000e+03
5.935000000000000000e+03
5.775000000000000000e+03
5.701000000000000000e+03
5.485000000000000000e+03
5.429000000000000000e+03
5.288000000000000000e+03
5.177000000000000000e+03
4.959000000000000000e+03
4.917000000000000000e+03
4.723000000000000000e+03
4.675000000000000000e+03
4.535000000000000000e+03
4.625000000000000000e+03
4.496000000000000000e+03
4.518000000000000000e+03
4.673000000000000000e+03
5.511000000000000000e+03
7.750000000000000000e+03
9.124000000000000000e+03
1.059400000000000000e+04
1.535900000000000000e+04
1.641800000000000000e+04
1.671000000000000000e+04
1.764200000000000000e+04
1.639500000000000000e+04
1.454900000000000000e+04
1.059300000000000000e+04
9.170000000000000000e+03
7.259000000000000000e+03
6.389000000000000000e+03
6.391000000000000000e+03
6.293000000000000000e+03
5.938000000000000000e+03
5.298000000000000000e+03
5.228000000000000000e+03
5.006000000000000000e+03
4.745000000000000000e+03
4.842000000000000000e+03
4.883000000000000000e+03
4.844000000000000000e+03
4.979000000000000000e+03
5.222000000000000000e+03
5.149000000000000000e+03
5.155000000000000000e+03
5.317000000000000000e+03
5.358000000000000000e+03
5.478000000000000000e+03
5.786000000000000000e+03
5.992000000000000000e+03
6.198000000000000000e+03
6.072000000000000000e+03
5.838000000000000000e+03
6.122000000000000000e+03
6.494000000000000000e+03
7.647000000000000000e+03
8.960000000000000000e+03
1.124300000000000000e+04
1.516500000000000000e+04
4.908700000000000000e+04
