2.339010000000000000e+05
3.130000000000000000e+02
5.380000000000000000e+02
9.350000000000000000e+02
3.520000000000000000e+02
2.300000000000000000e+03
1.144100000000000000e+04
2.080000000000000000e+02
3.693000000000000000e+03
9.270000000000000000e+02
9.780000000000000000e+02
8.247000000000000000e+03
1.785000000000000000e+03
2.200200000000000000e+04
6.306000000000000000e+03
8.610000000000000000e+03
1.617400000000000000e+04
1.012200000000000000e+04
9.688000000000000000e+03
2.577700000000000000e+04
4.719800000000000000e+04
3.333200000000000000e+04
3.041900000000000000e+04
3.239500000000000000e+04
6.526200000000000000e+04
5.735800000000000000e+04
7.852100000000000000e+04
5.687700000000000000e+04
7.713700000000000000e+04
8.065500000000000000e+04
1.840900000000000000e+05
6.229400000000000000e+04
7.986800000000000000e+04
6.180200000000000000e+04
7.816400000000000000e+04
1.283440000000000000e+05
1.024380000000000000e+05
4.567200000000000000e+04
5.870700000000000000e+04
5.791000000000000000e+04
7.046400000000000000e+04
4.019500000000000000e+04
6.892600000000000000e+04
9.239200000000000000e+04
3.508100000000000000e+04
3.301000000000000000e+04
6.393700000000000000e+04
1.085500000000000000e+04
6.226300000000000000e+04
1.562000000000000000e+04
7.031200000000000000e+04
4.980800000000000000e+04
3.741500000000000000e+04
1.282100000000000000e+04
2.628100000000000000e+04
3.903600000000000000e+04
5.185800000000000000e+04
2.209100000000000000e+04
1.753200000000000000e+04
3.284000000000000000e+03
4.232500000000000000e+04
1.106000000000000000e+03
1.759200000000000000e+04
2.829100000000000000e+04
1.240000000000000000e+02
1.469400000000000000e+04
4.862900000000000000e+04
1.773800000000000000e+04
9.284000000000000000e+03
1.245000000000000000e+04
2.850100000000000000e+04
2.938000000000000000e+03
1.420000000000000000e+03
9.296000000000000000e+03
8.059000000000000000e+03
1.305000000000000000e+05
9.710000000000000000e+02
8.600000000000000000e+01
9.000000000000000000e+00
2.044000000000000000e+03
2.096100000000000000e+04
1.100000000000000000e+01
0.000000000000000000e+00
3.316200000000000000e+04
1.480000000000000000e+02
6.110000000000000000e+02
4.000000000000000000e+00
7.209000000000000000e+03
1.500000000000000000e+02
0.000000000000000000e+00
3.184000000000000000e+04
8.000000000000000000e+00
2.860000000000000000e+03
4.816000000000000000e+03
2.300000000000000000e+01
1.890100000000000000e+04
1.205060000000000000e+05
8.500000000000000000e+01
5.128700000000000000e+04
9.830000000000000000e+03
5.415000000000000000e+03
2.049380000000000000e+05
6.712400000000000000e+04
6.878450000000000000e+05
1.538280000000000000e+05
1.464250000000000000e+05
1.963800000000000000e+05
2.845400000000000000e+04
2.591200000000000000e+04
1.764540000000000000e+05
3.646960000000000000e+05
1.121770000000000000e+05
1.712900000000000000e+04
1.324700000000000000e+04
1.745280000000000000e+05
4.971400000000000000e+04
3.758000000000000000e+03
3.800000000000000000e+01
7.800000000000000000e+01
5.100000000000000000e+01
1.391540000000000000e+05
4.000000000000000000e+00
4.830000000000000000e+02
2.900000000000000000e+01
4.714000000000000000e+03
1.590200000000000000e+04
3.703000000000000000e+04
5.300000000000000000e+01
8.690000000000000000e+02
2.420000000000000000e+02
1.958000000000000000e+03
1.700000000000000000e+01
8.330000000000000000e+03
3.779000000000000000e+03
1.400000000000000000e+01
7.010000000000000000e+02
8.500000000000000000e+01
1.000000000000000000e+00
7.270000000000000000e+02
3.800000000000000000e+01
1.682500000000000000e+04
1.181000000000000000e+03
2.680000000000000000e+02
5.500000000000000000e+01
6.900000000000000000e+01
2.732000000000000000e+03
4.480000000000000000e+02
1.690000000000000000e+02
1.900000000000000000e+01
4.000000000000000000e+00
3.228000000000000000e+03
1.000000000000000000e+00
4.500000000000000000e+01
3.390000000000000000e+02
8.000000000000000000e+00
2.570000000000000000e+02
4.708000000000000000e+03
1.060000000000000000e+02
2.750000000000000000e+02
1.680000000000000000e+02
1.477000000000000000e+03
8.600000000000000000e+01
5.600000000000000000e+01
6.030000000000000000e+02
5.180000000000000000e+02
2.545000000000000000e+04
9.700000000000000000e+01
1.000000000000000000e+02
5.400000000000000000e+01
4.600000000000000000e+02
3.348000000000000000e+03
4.500000000000000000e+01
1.030000000000000000e+02
6.774000000000000000e+03
6.060000000000000000e+02
4.750000000000000000e+02
1.290000000000000000e+02
1.658000000000000000e+03
2.130000000000000000e+02
1.320000000000000000e+02
2.294060000000000000e+05
2.829000000000000000e+03
2.162100000000000000e+04
9.926800000000000000e+04
8.443900000000000000e+04
1.319920000000000000e+05
9.477200000000000000e+04
8.101000000000000000e+04
1.017890000000000000e+05
9.962800000000000000e+04
9.743900000000000000e+04
8.660100000000000000e+04
8.032700000000000000e+04
7.828700000000000000e+04
8.269200000000000000e+04
7.859700000000000000e+04
8.645600000000000000e+04
8.038200000000000000e+04
7.975100000000000000e+04
8.135300000000000000e+04
7.322300000000000000e+04
9.495400000000000000e+04
8.044300000000000000e+04
8.659800000000000000e+04
8.257700000000000000e+04
8.948800000000000000e+04
9.451300000000000000e+04
7.702200000000000000e+04
9.162600000000000000e+04
7.578300000000000000e+04
7.410600000000000000e+04
6.812900000000000000e+04
6.723600000000000000e+04
7.312800000000000000e+04
6.877700000000000000e+04
5.931000000000000000e+04
7.017200000000000000e+04
4.233100000000000000e+04
5.684000000000000000e+04
4.918400000000000000e+04
5.436800000000000000e+04
5.023900000000000000e+04
4.639900000000000000e+04
5.210900000000000000e+04
4.274000000000000000e+04
4.388400000000000000e+04
4.725800000000000000e+04
3.832800000000000000e+04
3.987700000000000000e+04
3.638100000000000000e+04
3.246800000000000000e+04
4.695800000000000000e+04
2.781400000000000000e+04
3.684200000000000000e+04
2.945300000000000000e+04
3.894600000000000000e+04
2.698500000000000000e+04
3.542600000000000000e+04
3.277700000000000000e+04
3.154200000000000000e+04
2.961700000000000000e+04
2.846300000000000000e+04
3.051700000000000000e+04
1.570400000000000000e+04
5.096200000000000000e+04
2.391000000000000000e+04
2.597100000000000000e+04
2.792600000000000000e+04
2.595400000000000000e+04
2.260600000000000000e+04
3.556100000000000000e+04
2.973400000000000000e+04
2.263600000000000000e+04
2.772600000000000000e+04
2.629200000000000000e+04
2.557900000000000000e+04
2.106900000000000000e+04
3.327100000000000000e+04
2.803500000000000000e+04
1.980100000000000000e+04
2.415600000000000000e+04
2.617800000000000000e+04
2.055900000000000000e+04
2.365400000000000000e+04
1.281700000000000000e+04
5.133700000000000000e+04
1.195100000000000000e+04
2.137600000000000000e+04
2.039000000000000000e+04
2.243100000000000000e+04
2.049400000000000000e+04
2.009300000000000000e+04
1.939800000000000000e+04
1.740500000000000000e+04
2.302200000000000000e+04
1.396800000000000000e+04
2.862100000000000000e+04
1.681800000000000000e+04
1.901500000000000000e+04
2.043800000000000000e+04
1.747400000000000000e+04
1.686800000000000000e+04
1.838900000000000000e+04
1.663300000000000000e+04
1.527900000000000000e+04
1.733900000000000000e+04
1.873100000000000000e+04
1.573000000000000000e+04
1.481400000000000000e+04
2.275200000000000000e+04
1.238900000000000000e+04
1.475400000000000000e+04
1.568700000000000000e+04
1.639300000000000000e+04
1.359800000000000000e+04
1.336500000000000000e+04
1.553300000000000000e+04
1.280300000000000000e+04
1.303200000000000000e+04
1.422600000000000000e+04
1.404200000000000000e+04
1.240500000000000000e+04
1.219900000000000000e+04
1.183600000000000000e+04
1.136500000000000000e+04
1.237000000000000000e+04
1.023700000000000000e+04
1.064600000000000000e+04
2.268300000000000000e+04
9.778000000000000000e+03
1.094500000000000000e+04
1.005300000000000000e+04
9.454000000000000000e+03
1.010100000000000000e+04
9.481000000000000000e+03
9.462000000000000000e+03
9.527000000000000000e+03
9.602000000000000000e+03
8.621000000000000000e+03
8.708000000000000000e+03
8.023000000000000000e+03
8.019000000000000000e+03
9.598000000000000000e+03
8.570000000000000000e+03
7.187000000000000000e+03
7.719000000000000000e+03
8.284000000000000000e+03
7.124000000000000000e+03
7.618000000000000000e+03
8.340000000000000000e+03
7.294000000000000000e+03
6.460000000000000000e+03
7.269000000000000000e+03
9.706000000000000000e+03
6.772000000000000000e+03
6.869000000000000000e+03
6.855000000000000000e+03
6.674000000000000000e+03
7.058000000000000000e+03
8.386000000000000000e+03
5.905000000000000000e+03
6.916000000000000000e+03
6.992000000000000000e+03
6.615000000000000000e+03
6.486000000000000000e+03
6.756000000000000000e+03
6.597000000000000000e+03
6.384000000000000000e+03
6.037000000000000000e+03
6.303000000000000000e+03
6.823000000000000000e+03
6.346000000000000000e+03
5.621000000000000000e+03
6.093000000000000000e+03
6.310000000000000000e+03
5.415000000000000000e+03
5.375000000000000000e+03
6.104000000000000000e+03
5.386000000000000000e+03
5.835000000000000000e+03
5.344000000000000000e+03
5.051000000000000000e+03
6.265000000000000000e+03
4.912000000000000000e+03
4.672000000000000000e+03
5.125000000000000000e+03
4.127000000000000000e+03
4.141000000000000000e+03
4.488000000000000000e+03
3.969000000000000000e+03
3.906000000000000000e+03
5.413000000000000000e+03
3.240000000000000000e+03
3.473000000000000000e+03
3.290000000000000000e+03
3.323000000000000000e+03
3.198000000000000000e+03
2.764000000000000000e+03
3.442000000000000000e+03
2.805000000000000000e+03
2.682000000000000000e+03
2.416000000000000000e+03
2.486000000000000000e+03
2.295000000000000000e+03
2.810000000000000000e+03
2.117000000000000000e+03
1.891000000000000000e+03
1.988000000000000000e+03
1.973000000000000000e+03
1.791000000000000000e+03
1.615000000000000000e+03
1.630000000000000000e+03
1.489000000000000000e+03
2.210000000000000000e+03
1.385000000000000000e+03
1.312000000000000000e+03
1.232000000000000000e+03
1.177000000000000000e+03
9.910000000000000000e+02
1.218000000000000000e+03
9.690000000000000000e+02
9.340000000000000000e+02
8.950000000000000000e+02
1.272000000000000000e+03
8.100000000000000000e+02
8.160000000000000000e+02
7.130000000000000000e+02
9.090000000000000000e+02
6.870000000000000000e+02
6.140000000000000000e+02
7.160000000000000000e+02
5.490000000000000000e+02
6.340000000000000000e+02
5.840000000000000000e+02
5.830000000000000000e+02
5.140000000000000000e+02
5.270000000000000000e+02
5.720000000000000000e+02
5.190000000000000000e+02
5.340000000000000000e+02
5.420000000000000000e+02
6.130000000000000000e+02
5.880000000000000000e+02
6.150000000000000000e+02
6.530000000000000000e+02
6.570000000000000000e+02
6.510000000000000000e+02
6.880000000000000000e+02
6.660000000000000000e+02
8.070000000000000000e+02
7.850000000000000000e+02
6.580000000000000000e+02
7.140000000000000000e+02
1.168000000000000000e+03
6.200000000000000000e+01
8.370000000000000000e+03
2.030000000000000000e+02
4.090000000000000000e+02
7.900000000000000000e+02
1.513000000000000000e+03
3.256000000000000000e+03
6.243000000000000000e+03
1.025000000000000000e+04
1.353700000000000000e+04
1.630200000000000000e+04
1.815600000000000000e+04
1.920900000000000000e+04
1.967000000000000000e+04
1.948700000000000000e+04
1.899000000000000000e+04
1.913500000000000000e+04
1.910800000000000000e+04
1.952300000000000000e+04
2.024600000000000000e+04
2.075100000000000000e+04
2.115300000000000000e+04
2.145400000000000000e+04
2.199400000000000000e+04
2.196600000000000000e+04
2.180800000000000000e+04
2.190100000000000000e+04
2.254000000000000000e+04
2.271000000000000000e+04
2.332500000000000000e+04
2.395600000000000000e+04
2.452400000000000000e+04
2.501400000000000000e+04
2.609500000000000000e+04
2.667300000000000000e+04
2.706300000000000000e+04
2.800900000000000000e+04
2.913800000000000000e+04
2.989200000000000000e+04
3.066400000000000000e+04
3.180200000000000000e+04
3.307100000000000000e+04
3.360000000000000000e+04
3.438400000000000000e+04
3.517700000000000000e+04
3.589500000000000000e+04
3.636700000000000000e+04
3.626300000000000000e+04
3.629100000000000000e+04
3.652700000000000000e+04
3.658100000000000000e+04
3.701400000000000000e+04
3.660700000000000000e+04
3.692900000000000000e+04
3.697600000000000000e+04
3.705300000000000000e+04
3.701100000000000000e+04
3.748800000000000000e+04
3.735200000000000000e+04
3.747900000000000000e+04
3.714800000000000000e+04
3.736300000000000000e+04
3.722000000000000000e+04
3.770400000000000000e+04
3.767800000000000000e+04
3.788100000000000000e+04
3.842300000000000000e+04
3.857100000000000000e+04
3.904100000000000000e+04
3.947400000000000000e+04
3.989200000000000000e+04
4.083600000000000000e+04
4.161200000000000000e+04
4.259000000000000000e+04
4.379500000000000000e+04
4.437100000000000000e+04
4.537000000000000000e+04
4.609700000000000000e+04
4.587800000000000000e+04
4.664500000000000000e+04
4.636500000000000000e+04
4.620300000000000000e+04
4.580600000000000000e+04
4.511900000000000000e+04
4.394900000000000000e+04
4.271600000000000000e+04
4.129800000000000000e+04
4.049900000000000000e+04
3.963600000000000000e+04
3.880000000000000000e+04
3.809600000000000000e+04
3.749500000000000000e+04
3.713300000000000000e+04
3.663600000000000000e+04
3.584800000000000000e+04
3.585200000000000000e+04
3.553700000000000000e+04
3.521200000000000000e+04
3.491800000000000000e+04
3.457000000000000000e+04
3.406400000000000000e+04
3.382200000000000000e+04
3.381800000000000000e+04
3.324900000000000000e+04
3.297600000000000000e+04
3.287900000000000000e+04
3.303700000000000000e+04
3.273300000000000000e+04
3.243400000000000000e+04
3.283500000000000000e+04
3.202900000000000000e+04
3.240000000000000000e+04
3.230700000000000000e+04
3.208600000000000000e+04
3.202500000000000000e+04
3.202900000000000000e+04
3.207800000000000000e+04
3.195600000000000000e+04
3.159400000000000000e+04
3.102200000000000000e+04
3.102300000000000000e+04
3.076800000000000000e+04
3.023800000000000000e+04
2.980500000000000000e+04
2.948500000000000000e+04
2.916600000000000000e+04
2.921700000000000000e+04
2.833300000000000000e+04
2.817300000000000000e+04
2.771900000000000000e+04
2.782000000000000000e+04
2.715700000000000000e+04
2.712500000000000000e+04
2.690000000000000000e+04
2.679600000000000000e+04
2.643700000000000000e+04
2.637100000000000000e+04
2.611300000000000000e+04
2.606000000000000000e+04
2.583800000000000000e+04
2.590000000000000000e+04
2.566500000000000000e+04
2.538700000000000000e+04
2.551400000000000000e+04
2.532300000000000000e+04
2.517900000000000000e+04
2.496100000000000000e+04
2.530600000000000000e+04
2.513400000000000000e+04
2.490800000000000000e+04
2.460600000000000000e+04
2.479500000000000000e+04
2.434800000000000000e+04
2.467800000000000000e+04
2.404600000000000000e+04
2.438100000000000000e+04
2.396100000000000000e+04
2.392800000000000000e+04
2.394500000000000000e+04
2.322900000000000000e+04
2.290000000000000000e+04
2.265800000000000000e+04
2.230700000000000000e+04
2.214600000000000000e+04
2.186000000000000000e+04
2.166700000000000000e+04
2.082900000000000000e+04
2.017400000000000000e+04
1.956800000000000000e+04
1.919600000000000000e+04
1.851900000000000000e+04
1.783800000000000000e+04
1.744400000000000000e+04
1.668800000000000000e+04
1.639900000000000000e+04
1.572800000000000000e+04
1.524700000000000000e+04
1.451800000000000000e+04
1.450500000000000000e+04
1.409900000000000000e+04
1.365200000000000000e+04
1.338700000000000000e+04
1.307700000000000000e+04
1.233700000000000000e+04
1.217400000000000000e+04
1.216700000000000000e+04
1.188400000000000000e+04
1.189700000000000000e+04
1.187300000000000000e+04
1.205200000000000000e+04
1.192100000000000000e+04
1.147800000000000000e+04
1.120100000000000000e+04
1.110600000000000000e+04
1.130900000000000000e+04
1.109800000000000000e+04
1.091800000000000000e+04
1.112200000000000000e+04
1.113500000000000000e+04
1.127900000000000000e+04
1.112200000000000000e+04
1.098700000000000000e+04
1.058000000000000000e+04
1.050100000000000000e+04
1.075500000000000000e+04
1.065900000000000000e+04
1.069000000000000000e+04
1.098000000000000000e+04
1.126300000000000000e+04
1.141700000000000000e+04
1.121200000000000000e+04
1.145300000000000000e+04
1.146100000000000000e+04
1.120300000000000000e+04
1.116700000000000000e+04
1.107900000000000000e+04
1.088700000000000000e+04
1.090300000000000000e+04
1.150800000000000000e+04
1.152000000000000000e+04
1.169800000000000000e+04
1.183900000000000000e+04
1.123800000000000000e+04
1.082500000000000000e+04
1.105600000000000000e+04
1.162300000000000000e+04
1.165300000000000000e+04
1.199100000000000000e+04
1.238700000000000000e+04
1.249700000000000000e+04
1.275700000000000000e+04
1.443900000000000000e+04
1.333700000000000000e+04
1.308200000000000000e+04
1.189400000000000000e+04
1.223800000000000000e+04
1.237500000000000000e+04
1.184800000000000000e+04
1.135400000000000000e+04
1.085600000000000000e+04
1.123300000000000000e+04
9.446000000000000000e+03
7.882000000000000000e+03
7.045000000000000000e+03
6.785000000000000000e+03
6.509000000000000000e+03
6.431000000000000000e+03
6.480000000000000000e+03
6.489000000000000000e+03
6.587000000000000000e+03
6.874000000000000000e+03
7.135000000000000000e+03
7.683000000000000000e+03
7.772000000000000000e+03
8.786000000000000000e+03
9.931000000000000000e+03
1.716000000000000000e+04
3.316900000000000000e+04
