8.582710000000000000e+05
3.257640000000000000e+05
1.085240000000000000e+05
8.367600000000000000e+04
1.097070000000000000e+05
5.986500000000000000e+04
1.060750000000000000e+05
1.501700000000000000e+04
5.229700000000000000e+04
1.219000000000000000e+04
1.140300000000000000e+04
2.044640000000000000e+05
4.016000000000000000e+04
3.785670000000000000e+05
1.826570000000000000e+05
3.390110000000000000e+05
4.492600000000000000e+05
3.283010000000000000e+05
1.494170000000000000e+05
2.916050000000000000e+05
2.304590000000000000e+05
2.091910000000000000e+05
7.401900000000000000e+04
5.785100000000000000e+04
1.235260000000000000e+05
6.580500000000000000e+04
4.680100000000000000e+04
3.740000000000000000e+03
5.481000000000000000e+03
3.719000000000000000e+03
1.334440000000000000e+05
4.210000000000000000e+02
9.629000000000000000e+03
1.660000000000000000e+03
1.473900000000000000e+04
3.868900000000000000e+04
4.335100000000000000e+04
1.231000000000000000e+03
3.924000000000000000e+03
1.726000000000000000e+03
5.185000000000000000e+03
2.035000000000000000e+03
1.316700000000000000e+04
1.108700000000000000e+04
1.967000000000000000e+03
1.570000000000000000e+03
6.542000000000000000e+03
6.800000000000000000e+01
3.893000000000000000e+03
1.233000000000000000e+03
2.155100000000000000e+04
7.532000000000000000e+03
1.539000000000000000e+03
8.200000000000000000e+02
2.994000000000000000e+03
7.512000000000000000e+03
3.555000000000000000e+03
3.621000000000000000e+03
6.310000000000000000e+02
5.700000000000000000e+01
6.166000000000000000e+03
4.700000000000000000e+01
1.040000000000000000e+03
4.780000000000000000e+03
8.300000000000000000e+01
6.777000000000000000e+03
1.205900000000000000e+04
1.976000000000000000e+03
6.952000000000000000e+03
3.714000000000000000e+03
3.676000000000000000e+03
1.677000000000000000e+03
1.009000000000000000e+03
2.494000000000000000e+03
1.124100000000000000e+04
3.835800000000000000e+04
3.311000000000000000e+03
4.505000000000000000e+03
7.300000000000000000e+01
6.636000000000000000e+03
2.093700000000000000e+04
1.737000000000000000e+03
5.590000000000000000e+02
1.435900000000000000e+04
1.328100000000000000e+04
7.119000000000000000e+03
4.900000000000000000e+03
2.483700000000000000e+04
7.101000000000000000e+03
1.936700000000000000e+04
6.737300000000000000e+04
4.644600000000000000e+04
4.857500000000000000e+04
5.607700000000000000e+04
1.367070000000000000e+05
2.122120000000000000e+05
1.932220000000000000e+05
1.764320000000000000e+05
4.187440000000000000e+05
3.510730000000000000e+05
4.660440000000000000e+05
7.841200000000000000e+05
3.116720000000000000e+05
4.368050000000000000e+05
1.583840000000000000e+05
2.570180000000000000e+05
2.080470000000000000e+05
9.100500000000000000e+04
5.258200000000000000e+04
1.221570000000000000e+05
8.154400000000000000e+04
8.473300000000000000e+04
4.536700000000000000e+04
3.524500000000000000e+04
9.148300000000000000e+04
5.517500000000000000e+04
7.463100000000000000e+04
2.376000000000000000e+03
1.270900000000000000e+04
7.788000000000000000e+03
2.769490000000000000e+05
1.200000000000000000e+02
4.243600000000000000e+04
4.262000000000000000e+03
4.126000000000000000e+04
9.044000000000000000e+04
7.637900000000000000e+04
1.092200000000000000e+04
3.068100000000000000e+04
7.312000000000000000e+03
1.167700000000000000e+04
2.880000000000000000e+02
1.557000000000000000e+04
4.135900000000000000e+04
9.915000000000000000e+03
1.113000000000000000e+04
4.046300000000000000e+04
5.100000000000000000e+01
4.900000000000000000e+04
3.170000000000000000e+03
4.473800000000000000e+04
2.096000000000000000e+04
2.358000000000000000e+04
5.249000000000000000e+03
1.106300000000000000e+04
1.218900000000000000e+04
4.996000000000000000e+04
1.277400000000000000e+04
7.711000000000000000e+03
1.474000000000000000e+03
1.822500000000000000e+04
7.200000000000000000e+01
9.907000000000000000e+03
1.573000000000000000e+04
5.520000000000000000e+02
5.987200000000000000e+04
1.695300000000000000e+04
4.407600000000000000e+04
2.383200000000000000e+04
2.576800000000000000e+04
1.615000000000000000e+04
4.906000000000000000e+03
1.540400000000000000e+04
5.290000000000000000e+03
3.028800000000000000e+04
1.392220000000000000e+05
1.487100000000000000e+04
1.676800000000000000e+04
1.065000000000000000e+03
2.162600000000000000e+04
5.654100000000000000e+04
9.001000000000000000e+03
1.867500000000000000e+04
3.339000000000000000e+04
4.149900000000000000e+04
2.666000000000000000e+04
1.449100000000000000e+04
4.978800000000000000e+04
3.179800000000000000e+04
6.536700000000000000e+04
6.806400000000000000e+05
9.400000000000000000e+02
3.175800000000000000e+04
3.409800000000000000e+04
4.012000000000000000e+04
4.457500000000000000e+04
6.064400000000000000e+04
5.238200000000000000e+04
6.442900000000000000e+04
7.029000000000000000e+04
7.602900000000000000e+04
7.636500000000000000e+04
8.524800000000000000e+04
8.383600000000000000e+04
8.714100000000000000e+04
8.631400000000000000e+04
9.032400000000000000e+04
8.748400000000000000e+04
9.702700000000000000e+04
1.058100000000000000e+05
1.058790000000000000e+05
1.077950000000000000e+05
1.114950000000000000e+05
1.227900000000000000e+05
1.226920000000000000e+05
1.253280000000000000e+05
1.453930000000000000e+05
1.407990000000000000e+05
1.410000000000000000e+05
1.298770000000000000e+05
1.518780000000000000e+05
1.416490000000000000e+05
1.536980000000000000e+05
1.541550000000000000e+05
1.589010000000000000e+05
1.612620000000000000e+05
1.937970000000000000e+05
1.420990000000000000e+05
1.776920000000000000e+05
1.767080000000000000e+05
1.792100000000000000e+05
1.780150000000000000e+05
1.776510000000000000e+05
1.869060000000000000e+05
1.808180000000000000e+05
1.934040000000000000e+05
2.049580000000000000e+05
2.048450000000000000e+05
2.051770000000000000e+05
2.006540000000000000e+05
2.007690000000000000e+05
1.915640000000000000e+05
1.641940000000000000e+05
1.440390000000000000e+05
1.301510000000000000e+05
1.206160000000000000e+05
9.858400000000000000e+04
1.120160000000000000e+05
9.431100000000000000e+04
7.379900000000000000e+04
8.933400000000000000e+04
7.000600000000000000e+04
8.015100000000000000e+04
5.350100000000000000e+04
1.095430000000000000e+05
5.849700000000000000e+04
6.755200000000000000e+04
6.249600000000000000e+04
6.612300000000000000e+04
5.413400000000000000e+04
6.724400000000000000e+04
5.801100000000000000e+04
5.491700000000000000e+04
7.217400000000000000e+04
5.870600000000000000e+04
5.881500000000000000e+04
5.235300000000000000e+04
6.582300000000000000e+04
5.949900000000000000e+04
4.804000000000000000e+04
5.089000000000000000e+04
5.458900000000000000e+04
4.639800000000000000e+04
5.631900000000000000e+04
4.178900000000000000e+04
9.095000000000000000e+04
4.286000000000000000e+04
5.220200000000000000e+04
4.902100000000000000e+04
4.642100000000000000e+04
5.211300000000000000e+04
4.171600000000000000e+04
4.366800000000000000e+04
3.743400000000000000e+04
3.774900000000000000e+04
2.922900000000000000e+04
4.877000000000000000e+04
3.107800000000000000e+04
3.847100000000000000e+04
3.087800000000000000e+04
3.769800000000000000e+04
2.841000000000000000e+04
5.578300000000000000e+04
2.985100000000000000e+04
3.332100000000000000e+04
2.438400000000000000e+04
4.106400000000000000e+04
2.914900000000000000e+04
3.104500000000000000e+04
3.682600000000000000e+04
2.014400000000000000e+04
2.271100000000000000e+04
2.617300000000000000e+04
3.026500000000000000e+04
2.194300000000000000e+04
1.861200000000000000e+04
3.141700000000000000e+04
2.367400000000000000e+04
2.363700000000000000e+04
2.146100000000000000e+04
2.212300000000000000e+04
2.165300000000000000e+04
2.229700000000000000e+04
1.995800000000000000e+04
1.559000000000000000e+04
1.746800000000000000e+04
5.843000000000000000e+03
2.639700000000000000e+04
8.754400000000000000e+04
4.936000000000000000e+03
1.354900000000000000e+04
1.676500000000000000e+04
1.247700000000000000e+04
1.361000000000000000e+04
1.698200000000000000e+04
1.813200000000000000e+04
1.936700000000000000e+04
1.590500000000000000e+04
1.418000000000000000e+04
1.186300000000000000e+04
1.726600000000000000e+04
7.985000000000000000e+03
1.519600000000000000e+04
1.689100000000000000e+04
7.482000000000000000e+03
9.308000000000000000e+03
1.885300000000000000e+04
8.393000000000000000e+03
1.204300000000000000e+04
1.518900000000000000e+04
6.932000000000000000e+03
9.166000000000000000e+03
4.310000000000000000e+03
2.322400000000000000e+04
5.231000000000000000e+03
8.862000000000000000e+03
1.062700000000000000e+04
7.117000000000000000e+03
9.534000000000000000e+03
1.810000000000000000e+04
3.921000000000000000e+03
9.969000000000000000e+03
2.208100000000000000e+04
4.417000000000000000e+03
1.016100000000000000e+04
1.019600000000000000e+04
5.520000000000000000e+03
1.106000000000000000e+04
5.885000000000000000e+03
1.471000000000000000e+03
5.627500000000000000e+04
1.868000000000000000e+03
6.170000000000000000e+03
1.087500000000000000e+04
5.828000000000000000e+03
1.209300000000000000e+04
9.785000000000000000e+03
1.328900000000000000e+04
5.440000000000000000e+03
1.971000000000000000e+04
7.349000000000000000e+03
3.260000000000000000e+04
1.278100000000000000e+04
4.053000000000000000e+03
1.056200000000000000e+04
2.418100000000000000e+04
5.297000000000000000e+03
2.550200000000000000e+04
6.545000000000000000e+03
9.728000000000000000e+03
1.477200000000000000e+04
2.463900000000000000e+04
2.202000000000000000e+03
3.031000000000000000e+04
6.631000000000000000e+03
1.606500000000000000e+04
1.035400000000000000e+04
1.372600000000000000e+04
1.240900000000000000e+04
4.522000000000000000e+03
5.164600000000000000e+04
6.484000000000000000e+03
2.108000000000000000e+03
5.658000000000000000e+03
2.331100000000000000e+04
1.063000000000000000e+04
6.607000000000000000e+03
7.563000000000000000e+03
2.001100000000000000e+04
5.956000000000000000e+03
1.918000000000000000e+03
3.016800000000000000e+04
2.956000000000000000e+03
5.815000000000000000e+03
1.082400000000000000e+04
4.193000000000000000e+03
2.918900000000000000e+04
1.006000000000000000e+03
5.381000000000000000e+03
3.219600000000000000e+04
1.743000000000000000e+03
1.008600000000000000e+04
2.899000000000000000e+03
2.868000000000000000e+03
2.321200000000000000e+04
3.651000000000000000e+03
1.226000000000000000e+03
7.651000000000000000e+03
5.800000000000000000e+02
3.098000000000000000e+03
1.288000000000000000e+03
2.188000000000000000e+03
1.198000000000000000e+03
1.292000000000000000e+03
1.410000000000000000e+03
6.670000000000000000e+02
1.970000000000000000e+02
6.580000000000000000e+02
1.890000000000000000e+02
6.640000000000000000e+02
8.170000000000000000e+02
2.200000000000000000e+02
2.290000000000000000e+02
1.610000000000000000e+02
2.020000000000000000e+02
2.400000000000000000e+02
1.950000000000000000e+02
3.250000000000000000e+02
1.610000000000000000e+02
8.300000000000000000e+01
7.300000000000000000e+01
6.200000000000000000e+01
5.300000000000000000e+01
3.400000000000000000e+01
1.400000000000000000e+01
2.868400000000000000e+04
4.626900000000000000e+04
9.215500000000000000e+04
6.010300000000000000e+04
6.054300000000000000e+04
5.658000000000000000e+04
5.371400000000000000e+04
5.288400000000000000e+04
5.056000000000000000e+04
3.991200000000000000e+04
3.775800000000000000e+04
4.573700000000000000e+04
5.789700000000000000e+04
4.462100000000000000e+04
4.463000000000000000e+04
4.752700000000000000e+04
4.625100000000000000e+04
4.297000000000000000e+04
4.245000000000000000e+04
4.863600000000000000e+04
4.652100000000000000e+04
5.058600000000000000e+04
5.082200000000000000e+04
4.764700000000000000e+04
5.271900000000000000e+04
5.146500000000000000e+04
7.076500000000000000e+04
9.571700000000000000e+04
8.807800000000000000e+04
1.243310000000000000e+05
1.179100000000000000e+05
1.096680000000000000e+05
1.050180000000000000e+05
9.141200000000000000e+04
8.518700000000000000e+04
8.658500000000000000e+04
7.261500000000000000e+04
7.714400000000000000e+04
7.601600000000000000e+04
7.725600000000000000e+04
7.267700000000000000e+04
7.212100000000000000e+04
6.736800000000000000e+04
6.688500000000000000e+04
7.006000000000000000e+04
5.687900000000000000e+04
5.781600000000000000e+04
5.683000000000000000e+04
5.339000000000000000e+04
5.602000000000000000e+04
5.372600000000000000e+04
5.283900000000000000e+04
5.378100000000000000e+04
6.043900000000000000e+04
5.904100000000000000e+04
5.917200000000000000e+04
6.238500000000000000e+04
6.394900000000000000e+04
6.343200000000000000e+04
6.831500000000000000e+04
6.369100000000000000e+04
6.291900000000000000e+04
6.226600000000000000e+04
6.041400000000000000e+04
6.115400000000000000e+04
5.814600000000000000e+04
5.694400000000000000e+04
5.424900000000000000e+04
5.356800000000000000e+04
5.090400000000000000e+04
4.835100000000000000e+04
4.667900000000000000e+04
4.674100000000000000e+04
4.533200000000000000e+04
4.416400000000000000e+04
4.520700000000000000e+04
4.287500000000000000e+04
4.270400000000000000e+04
4.304400000000000000e+04
4.153000000000000000e+04
4.257000000000000000e+04
4.190600000000000000e+04
4.043900000000000000e+04
4.220100000000000000e+04
4.274000000000000000e+04
4.244700000000000000e+04
4.339000000000000000e+04
4.343200000000000000e+04
4.432400000000000000e+04
4.458400000000000000e+04
4.463800000000000000e+04
4.573600000000000000e+04
4.684000000000000000e+04
4.595100000000000000e+04
4.596200000000000000e+04
4.789600000000000000e+04
4.666200000000000000e+04
5.020400000000000000e+04
5.156200000000000000e+04
5.101000000000000000e+04
5.258200000000000000e+04
5.121200000000000000e+04
5.163800000000000000e+04
5.294200000000000000e+04
5.348000000000000000e+04
5.292200000000000000e+04
5.343900000000000000e+04
5.294200000000000000e+04
5.285800000000000000e+04
5.270700000000000000e+04
5.272800000000000000e+04
5.283500000000000000e+04
5.269000000000000000e+04
5.202600000000000000e+04
5.108800000000000000e+04
5.126900000000000000e+04
5.029200000000000000e+04
5.024200000000000000e+04
5.041600000000000000e+04
4.914700000000000000e+04
4.963900000000000000e+04
4.953600000000000000e+04
5.015800000000000000e+04
4.913700000000000000e+04
4.889600000000000000e+04
4.770200000000000000e+04
4.709500000000000000e+04
4.758600000000000000e+04
4.769300000000000000e+04
4.804000000000000000e+04
4.817200000000000000e+04
4.819700000000000000e+04
4.834200000000000000e+04
4.913000000000000000e+04
4.894000000000000000e+04
4.933500000000000000e+04
4.948500000000000000e+04
5.022800000000000000e+04
5.043500000000000000e+04
5.112900000000000000e+04
5.171600000000000000e+04
5.250400000000000000e+04
5.267600000000000000e+04
5.357600000000000000e+04
5.364000000000000000e+04
5.468700000000000000e+04
5.559200000000000000e+04
5.608300000000000000e+04
5.639900000000000000e+04
5.711200000000000000e+04
5.820700000000000000e+04
5.896600000000000000e+04
5.998000000000000000e+04
6.039000000000000000e+04
6.029700000000000000e+04
6.082800000000000000e+04
6.150900000000000000e+04
6.149900000000000000e+04
6.213100000000000000e+04
6.228200000000000000e+04
6.324500000000000000e+04
6.414300000000000000e+04
6.430400000000000000e+04
6.478200000000000000e+04
6.459900000000000000e+04
6.535800000000000000e+04
6.518100000000000000e+04
6.529300000000000000e+04
6.554400000000000000e+04
6.556700000000000000e+04
6.516500000000000000e+04
6.480500000000000000e+04
6.555400000000000000e+04
6.508900000000000000e+04
6.468800000000000000e+04
6.462400000000000000e+04
6.470800000000000000e+04
6.481900000000000000e+04
6.440500000000000000e+04
6.396600000000000000e+04
6.405300000000000000e+04
6.391400000000000000e+04
6.375300000000000000e+04
6.331300000000000000e+04
6.286600000000000000e+04
6.196800000000000000e+04
6.198900000000000000e+04
6.102100000000000000e+04
6.113700000000000000e+04
6.122700000000000000e+04
6.014900000000000000e+04
5.875800000000000000e+04
5.815800000000000000e+04
5.816900000000000000e+04
5.502000000000000000e+04
5.379100000000000000e+04
5.130900000000000000e+04
4.916600000000000000e+04
4.765700000000000000e+04
4.432100000000000000e+04
4.423400000000000000e+04
4.302700000000000000e+04
4.398200000000000000e+04
4.389600000000000000e+04
4.433400000000000000e+04
4.338300000000000000e+04
4.107300000000000000e+04
3.865500000000000000e+04
3.675500000000000000e+04
3.582900000000000000e+04
3.457700000000000000e+04
3.115700000000000000e+04
2.953500000000000000e+04
2.802200000000000000e+04
2.704700000000000000e+04
2.659200000000000000e+04
2.589300000000000000e+04
2.467000000000000000e+04
2.277300000000000000e+04
2.004700000000000000e+04
1.834400000000000000e+04
1.911500000000000000e+04
1.952600000000000000e+04
1.595800000000000000e+04
1.663300000000000000e+04
1.493900000000000000e+04
1.517800000000000000e+04
1.493400000000000000e+04
1.335900000000000000e+04
1.270000000000000000e+04
1.298600000000000000e+04
1.248000000000000000e+04
1.248200000000000000e+04
1.225500000000000000e+04
1.302900000000000000e+04
1.284000000000000000e+04
1.195700000000000000e+04
9.729000000000000000e+03
8.107000000000000000e+03
7.483000000000000000e+03
5.778000000000000000e+03
4.860000000000000000e+03
4.358000000000000000e+03
3.865000000000000000e+03
3.158000000000000000e+03
3.006000000000000000e+03
3.162000000000000000e+03
3.171000000000000000e+03
3.746000000000000000e+03
2.972000000000000000e+03
2.954000000000000000e+03
3.864000000000000000e+03
4.977000000000000000e+03
4.899000000000000000e+03
7.000000000000000000e+03
4.386000000000000000e+03
6.769000000000000000e+03
