4.587000000000000000e+03
7.770000000000000000e+02
5.840000000000000000e+02
5.970000000000000000e+02
2.550000000000000000e+02
1.105000000000000000e+03
1.566000000000000000e+03
6.000000000000000000e+01
1.612000000000000000e+03
2.640000000000000000e+02
1.530000000000000000e+02
2.438000000000000000e+03
2.770000000000000000e+02
1.297800000000000000e+04
1.286000000000000000e+03
1.360000000000000000e+03
4.654000000000000000e+03
8.340000000000000000e+02
2.219000000000000000e+03
4.715000000000000000e+03
6.861000000000000000e+03
7.656000000000000000e+03
1.916000000000000000e+03
1.736000000000000000e+03
2.499400000000000000e+04
1.343800000000000000e+04
1.489000000000000000e+03
1.230000000000000000e+02
1.210000000000000000e+02
8.100000000000000000e+01
1.584500000000000000e+04
6.000000000000000000e+00
2.660000000000000000e+02
4.900000000000000000e+01
1.133000000000000000e+03
2.720000000000000000e+03
2.485000000000000000e+03
2.000000000000000000e+01
1.830000000000000000e+02
5.600000000000000000e+01
2.900000000000000000e+02
0.000000000000000000e+00
1.120000000000000000e+03
6.680000000000000000e+02
3.000000000000000000e+00
4.800000000000000000e+01
1.000000000000000000e+01
0.000000000000000000e+00
1.220000000000000000e+02
1.000000000000000000e+00
2.071000000000000000e+03
2.240000000000000000e+02
4.500000000000000000e+01
2.000000000000000000e+00
6.000000000000000000e+00
4.760000000000000000e+02
9.000000000000000000e+01
1.300000000000000000e+01
2.000000000000000000e+00
0.000000000000000000e+00
2.960000000000000000e+02
0.000000000000000000e+00
0.000000000000000000e+00
3.100000000000000000e+01
0.000000000000000000e+00
2.600000000000000000e+01
1.232000000000000000e+03
1.400000000000000000e+01
3.100000000000000000e+01
2.100000000000000000e+01
5.940000000000000000e+02
6.000000000000000000e+00
4.000000000000000000e+00
1.880000000000000000e+02
1.770000000000000000e+02
3.853000000000000000e+03
2.800000000000000000e+01
1.800000000000000000e+01
2.000000000000000000e+00
3.090000000000000000e+02
2.045000000000000000e+03
6.500000000000000000e+01
1.690000000000000000e+02
2.855000000000000000e+03
4.670000000000000000e+02
7.030000000000000000e+02
1.430000000000000000e+02
4.657000000000000000e+03
1.070000000000000000e+02
2.030000000000000000e+02
4.002000000000000000e+03
1.440000000000000000e+02
4.160000000000000000e+02
1.541000000000000000e+03
9.700000000000000000e+01
6.608000000000000000e+03
1.503800000000000000e+04
1.403000000000000000e+03
1.950000000000000000e+04
2.602000000000000000e+03
1.808000000000000000e+03
2.107600000000000000e+04
5.678000000000000000e+03
4.508300000000000000e+04
2.289900000000000000e+04
3.686400000000000000e+04
8.371400000000000000e+04
5.283700000000000000e+04
7.035000000000000000e+04
1.295630000000000000e+05
5.028300000000000000e+04
1.526390000000000000e+05
3.168100000000000000e+04
2.084600000000000000e+04
3.727100000000000000e+04
6.425400000000000000e+04
2.155000000000000000e+04
2.100000000000000000e+03
2.448000000000000000e+03
2.600000000000000000e+03
3.070400000000000000e+04
6.200000000000000000e+01
2.275000000000000000e+03
5.460000000000000000e+02
3.511000000000000000e+03
6.219000000000000000e+03
3.366000000000000000e+03
1.870000000000000000e+02
5.830000000000000000e+02
2.420000000000000000e+02
7.670000000000000000e+02
5.300000000000000000e+01
1.331000000000000000e+03
1.177000000000000000e+03
4.100000000000000000e+01
2.570000000000000000e+02
1.710000000000000000e+02
8.000000000000000000e+00
4.980000000000000000e+02
2.800000000000000000e+01
1.456000000000000000e+03
4.830000000000000000e+02
2.060000000000000000e+02
3.200000000000000000e+01
1.070000000000000000e+02
5.700000000000000000e+02
2.870000000000000000e+02
1.290000000000000000e+02
6.700000000000000000e+01
4.600000000000000000e+01
4.200000000000000000e+02
2.000000000000000000e+01
7.200000000000000000e+01
1.850000000000000000e+02
3.100000000000000000e+01
1.020000000000000000e+02
9.930000000000000000e+02
1.250000000000000000e+02
1.220000000000000000e+02
2.050000000000000000e+02
4.680000000000000000e+02
1.530000000000000000e+02
1.200000000000000000e+02
3.170000000000000000e+02
4.480000000000000000e+02
1.656000000000000000e+03
2.540000000000000000e+02
2.890000000000000000e+02
1.730000000000000000e+02
3.140000000000000000e+02
1.402000000000000000e+03
1.850000000000000000e+02
4.530000000000000000e+02
1.218000000000000000e+03
7.180000000000000000e+02
7.740000000000000000e+02
6.740000000000000000e+02
1.712000000000000000e+03
8.860000000000000000e+02
7.690000000000000000e+02
2.705000000000000000e+03
5.100000000000000000e+01
3.511000000000000000e+03
8.946000000000000000e+03
2.195600000000000000e+04
7.670000000000000000e+03
3.525900000000000000e+04
2.204100000000000000e+04
2.007100000000000000e+04
2.620400000000000000e+04
3.274000000000000000e+04
4.909200000000000000e+04
4.277300000000000000e+04
2.683000000000000000e+04
1.822200000000000000e+04
2.049300000000000000e+04
1.701800000000000000e+04
1.615200000000000000e+04
2.440700000000000000e+04
2.420200000000000000e+04
2.153700000000000000e+04
1.928100000000000000e+04
1.675500000000000000e+04
1.687000000000000000e+04
1.933700000000000000e+04
1.638400000000000000e+04
1.520700000000000000e+04
1.635100000000000000e+04
1.578800000000000000e+04
1.618300000000000000e+04
1.472800000000000000e+04
1.314300000000000000e+04
1.167700000000000000e+04
9.064000000000000000e+03
1.164900000000000000e+04
7.789000000000000000e+03
8.648000000000000000e+03
5.661000000000000000e+03
7.233000000000000000e+03
5.957000000000000000e+03
7.131000000000000000e+03
5.171000000000000000e+03
4.150000000000000000e+03
5.012000000000000000e+03
5.381000000000000000e+03
4.405000000000000000e+03
5.015000000000000000e+03
4.597000000000000000e+03
4.607000000000000000e+03
4.745000000000000000e+03
3.944000000000000000e+03
5.445000000000000000e+03
4.076000000000000000e+03
4.904000000000000000e+03
4.382000000000000000e+03
4.635000000000000000e+03
3.749000000000000000e+03
4.485000000000000000e+03
5.694000000000000000e+03
3.361000000000000000e+03
3.581000000000000000e+03
3.140000000000000000e+03
3.196000000000000000e+03
2.084000000000000000e+03
4.249000000000000000e+03
2.595000000000000000e+03
3.038000000000000000e+03
3.043000000000000000e+03
3.434000000000000000e+03
2.245000000000000000e+03
3.512000000000000000e+03
2.736000000000000000e+03
1.887000000000000000e+03
3.325000000000000000e+03
2.589000000000000000e+03
2.741000000000000000e+03
3.205000000000000000e+03
2.769000000000000000e+03
4.301000000000000000e+03
2.402000000000000000e+03
3.015000000000000000e+03
3.299000000000000000e+03
4.315000000000000000e+03
3.803000000000000000e+03
2.461000000000000000e+03
7.051000000000000000e+03
2.367000000000000000e+03
3.177000000000000000e+03
3.575000000000000000e+03
8.488000000000000000e+03
4.410000000000000000e+03
4.018000000000000000e+03
4.946000000000000000e+03
1.178600000000000000e+04
5.625000000000000000e+03
4.294000000000000000e+03
6.194000000000000000e+03
8.923000000000000000e+03
4.030000000000000000e+03
3.087000000000000000e+03
4.348000000000000000e+03
2.376000000000000000e+03
6.528000000000000000e+03
2.373000000000000000e+03
4.617000000000000000e+03
2.289000000000000000e+03
2.784000000000000000e+03
6.293000000000000000e+03
3.385000000000000000e+03
3.439000000000000000e+03
1.694000000000000000e+03
2.049000000000000000e+03
3.612000000000000000e+03
1.101800000000000000e+04
2.293000000000000000e+03
2.620000000000000000e+03
2.446000000000000000e+03
3.720000000000000000e+03
2.771000000000000000e+03
1.665000000000000000e+03
4.179000000000000000e+03
3.025000000000000000e+03
3.802000000000000000e+03
2.327000000000000000e+03
1.901000000000000000e+03
1.636000000000000000e+03
1.190000000000000000e+03
3.724000000000000000e+03
4.523000000000000000e+03
1.189000000000000000e+03
1.576000000000000000e+03
1.683000000000000000e+03
1.850000000000000000e+03
1.977000000000000000e+03
3.149000000000000000e+03
2.232000000000000000e+03
1.828000000000000000e+03
1.926000000000000000e+03
1.813000000000000000e+03
1.720000000000000000e+03
2.304000000000000000e+03
1.415000000000000000e+03
1.875000000000000000e+03
1.802000000000000000e+03
1.435000000000000000e+03
1.533000000000000000e+03
1.592000000000000000e+03
1.513000000000000000e+03
2.125000000000000000e+03
1.539000000000000000e+03
1.283000000000000000e+03
1.381000000000000000e+03
1.004000000000000000e+03
1.310000000000000000e+03
9.960000000000000000e+02
1.125000000000000000e+03
1.240000000000000000e+03
9.150000000000000000e+02
1.043000000000000000e+03
9.650000000000000000e+02
6.650000000000000000e+02
8.140000000000000000e+02
8.540000000000000000e+02
6.510000000000000000e+02
6.490000000000000000e+02
9.540000000000000000e+02
9.800000000000000000e+02
8.110000000000000000e+02
7.880000000000000000e+02
9.050000000000000000e+02
1.319000000000000000e+03
1.199000000000000000e+03
1.285000000000000000e+03
1.437000000000000000e+03
1.602000000000000000e+03
1.563000000000000000e+03
1.501000000000000000e+03
1.756000000000000000e+03
1.776000000000000000e+03
1.745000000000000000e+03
1.376000000000000000e+03
1.182000000000000000e+03
1.075000000000000000e+03
9.210000000000000000e+02
6.310000000000000000e+02
5.200000000000000000e+02
3.900000000000000000e+02
4.330000000000000000e+02
3.030000000000000000e+02
2.350000000000000000e+02
1.850000000000000000e+02
3.520000000000000000e+02
7.800000000000000000e+01
1.200000000000000000e+02
1.240000000000000000e+02
1.100000000000000000e+02
7.800000000000000000e+01
8.800000000000000000e+01
6.900000000000000000e+01
3.600000000000000000e+01
9.500000000000000000e+01
6.300000000000000000e+01
5.900000000000000000e+01
3.500000000000000000e+01
9.800000000000000000e+01
3.400000000000000000e+01
5.000000000000000000e+01
5.700000000000000000e+01
2.900000000000000000e+01
7.100000000000000000e+01
4.500000000000000000e+01
4.000000000000000000e+01
8.000000000000000000e+00
6.700000000000000000e+01
2.300000000000000000e+01
1.700000000000000000e+01
4.100000000000000000e+01
2.600000000000000000e+01
1.600000000000000000e+01
3.800000000000000000e+01
2.600000000000000000e+01
2.800000000000000000e+01
1.800000000000000000e+01
2.400000000000000000e+01
2.000000000000000000e+01
1.400000000000000000e+01
1.200000000000000000e+01
3.100000000000000000e+01
1.600000000000000000e+01
1.100000000000000000e+01
1.500000000000000000e+01
1.300000000000000000e+01
1.800000000000000000e+01
7.000000000000000000e+00
1.700000000000000000e+01
1.600000000000000000e+01
3.000000000000000000e+00
1.300000000000000000e+01
8.000000000000000000e+00
1.400000000000000000e+01
7.000000000000000000e+00
9.000000000000000000e+00
9.000000000000000000e+00
1.100000000000000000e+01
2.000000000000000000e+00
5.000000000000000000e+00
4.000000000000000000e+00
6.000000000000000000e+00
7.000000000000000000e+00
2.000000000000000000e+00
2.000000000000000000e+00
1.000000000000000000e+00
0.000000000000000000e+00
0.000000000000000000e+00
0.000000000000000000e+00
2.600000000000000000e+02
0.000000000000000000e+00
2.000000000000000000e+00
3.000000000000000000e+00
3.000000000000000000e+00
2.000000000000000000e+00
1.200000000000000000e+01
8.000000000000000000e+00
2.400000000000000000e+01
3.200000000000000000e+01
5.700000000000000000e+01
7.900000000000000000e+01
1.230000000000000000e+02
2.130000000000000000e+02
3.700000000000000000e+02
5.870000000000000000e+02
1.289000000000000000e+03
2.092000000000000000e+03
4.080000000000000000e+03
1.133200000000000000e+04
7.337000000000000000e+03
6.384000000000000000e+03
8.783000000000000000e+03
1.037500000000000000e+04
1.056000000000000000e+04
8.769000000000000000e+03
6.453000000000000000e+03
6.123000000000000000e+03
5.397000000000000000e+03
4.844000000000000000e+03
4.456000000000000000e+03
4.285000000000000000e+03
4.247000000000000000e+03
4.030000000000000000e+03
3.906000000000000000e+03
3.635000000000000000e+03
3.797000000000000000e+03
3.792000000000000000e+03
3.690000000000000000e+03
3.423000000000000000e+03
3.425000000000000000e+03
3.212000000000000000e+03
2.895000000000000000e+03
2.906000000000000000e+03
2.560000000000000000e+03
2.509000000000000000e+03
2.210000000000000000e+03
2.139000000000000000e+03
1.953000000000000000e+03
1.886000000000000000e+03
1.832000000000000000e+03
1.838000000000000000e+03
1.601000000000000000e+03
1.681000000000000000e+03
1.644000000000000000e+03
1.570000000000000000e+03
1.574000000000000000e+03
1.546000000000000000e+03
1.522000000000000000e+03
1.516000000000000000e+03
1.517000000000000000e+03
1.450000000000000000e+03
1.417000000000000000e+03
1.353000000000000000e+03
1.322000000000000000e+03
1.304000000000000000e+03
1.266000000000000000e+03
1.244000000000000000e+03
1.206000000000000000e+03
1.166000000000000000e+03
1.115000000000000000e+03
1.158000000000000000e+03
1.132000000000000000e+03
1.185000000000000000e+03
1.213000000000000000e+03
1.192000000000000000e+03
1.102000000000000000e+03
1.139000000000000000e+03
1.197000000000000000e+03
1.215000000000000000e+03
1.261000000000000000e+03
1.214000000000000000e+03
1.201000000000000000e+03
1.202000000000000000e+03
1.197000000000000000e+03
1.212000000000000000e+03
1.299000000000000000e+03
1.269000000000000000e+03
1.398000000000000000e+03
1.526000000000000000e+03
1.536000000000000000e+03
1.722000000000000000e+03
1.834000000000000000e+03
1.988000000000000000e+03
2.127000000000000000e+03
2.419000000000000000e+03
2.658000000000000000e+03
3.063000000000000000e+03
3.380000000000000000e+03
3.682000000000000000e+03
3.851000000000000000e+03
4.044000000000000000e+03
4.409000000000000000e+03
4.721000000000000000e+03
5.104000000000000000e+03
5.604000000000000000e+03
5.963000000000000000e+03
6.846000000000000000e+03
7.468000000000000000e+03
8.509000000000000000e+03
9.115000000000000000e+03
9.549000000000000000e+03
9.099000000000000000e+03
8.817000000000000000e+03
8.317000000000000000e+03
7.935000000000000000e+03
7.313000000000000000e+03
6.901000000000000000e+03
6.362000000000000000e+03
6.238000000000000000e+03
5.817000000000000000e+03
5.764000000000000000e+03
5.721000000000000000e+03
5.729000000000000000e+03
5.962000000000000000e+03
6.361000000000000000e+03
6.893000000000000000e+03
7.038000000000000000e+03
7.623000000000000000e+03
8.094000000000000000e+03
8.696000000000000000e+03
9.061000000000000000e+03
9.918000000000000000e+03
1.063600000000000000e+04
1.081500000000000000e+04
1.111200000000000000e+04
1.172600000000000000e+04
1.196500000000000000e+04
1.229300000000000000e+04
1.316700000000000000e+04
1.336800000000000000e+04
1.310500000000000000e+04
1.243400000000000000e+04
1.178400000000000000e+04
1.144200000000000000e+04
1.122000000000000000e+04
1.046700000000000000e+04
9.829000000000000000e+03
8.892000000000000000e+03
8.024000000000000000e+03
7.245000000000000000e+03
6.704000000000000000e+03
6.175000000000000000e+03
5.844000000000000000e+03
5.377000000000000000e+03
4.969000000000000000e+03
4.714000000000000000e+03
4.730000000000000000e+03
4.843000000000000000e+03
4.742000000000000000e+03
4.667000000000000000e+03
4.328000000000000000e+03
4.388000000000000000e+03
4.631000000000000000e+03
4.604000000000000000e+03
4.595000000000000000e+03
5.183000000000000000e+03
5.388000000000000000e+03
4.812000000000000000e+03
4.636000000000000000e+03
4.599000000000000000e+03
3.882000000000000000e+03
3.403000000000000000e+03
3.208000000000000000e+03
3.050000000000000000e+03
2.976000000000000000e+03
3.134000000000000000e+03
3.530000000000000000e+03
3.654000000000000000e+03
3.768000000000000000e+03
3.668000000000000000e+03
4.399000000000000000e+03
4.263000000000000000e+03
4.565000000000000000e+03
4.667000000000000000e+03
4.206000000000000000e+03
3.853000000000000000e+03
3.893000000000000000e+03
4.033000000000000000e+03
4.504000000000000000e+03
4.652000000000000000e+03
4.900000000000000000e+03
5.269000000000000000e+03
5.572000000000000000e+03
5.641000000000000000e+03
6.314000000000000000e+03
6.802000000000000000e+03
6.118000000000000000e+03
5.708000000000000000e+03
5.908000000000000000e+03
7.277000000000000000e+03
7.560000000000000000e+03
7.541000000000000000e+03
7.590000000000000000e+03
9.450000000000000000e+03
1.094600000000000000e+04
1.066100000000000000e+04
1.119300000000000000e+04
1.132200000000000000e+04
1.127800000000000000e+04
1.087300000000000000e+04
1.091500000000000000e+04
9.828000000000000000e+03
8.618000000000000000e+03
7.600000000000000000e+03
6.797000000000000000e+03
6.652000000000000000e+03
7.660000000000000000e+03
5.440000000000000000e+03
5.085000000000000000e+03
4.233000000000000000e+03
3.509000000000000000e+03
2.624000000000000000e+03
2.291000000000000000e+03
2.017000000000000000e+03
1.813000000000000000e+03
1.681000000000000000e+03
1.882000000000000000e+03
1.742000000000000000e+03
1.603000000000000000e+03
1.701000000000000000e+03
1.619000000000000000e+03
1.667000000000000000e+03
1.705000000000000000e+03
1.670000000000000000e+03
1.721000000000000000e+03
1.585000000000000000e+03
1.335000000000000000e+03
1.440000000000000000e+03
1.438000000000000000e+03
1.055000000000000000e+03
9.040000000000000000e+02
1.001000000000000000e+03
9.690000000000000000e+02
9.590000000000000000e+02
8.440000000000000000e+02
7.950000000000000000e+02
8.570000000000000000e+02
1.013000000000000000e+03
1.032000000000000000e+03
8.470000000000000000e+02
8.320000000000000000e+02
1.095000000000000000e+03
7.000000000000000000e+02
5.840000000000000000e+02
4.340000000000000000e+02
4.840000000000000000e+02
