3.301340000000000000e+06
1.781550000000000000e+05
4.829900000000000000e+04
2.120100000000000000e+04
6.708000000000000000e+03
1.465400000000000000e+04
4.410100000000000000e+04
2.446000000000000000e+03
1.228660000000000000e+05
1.120500000000000000e+04
1.018400000000000000e+04
2.889500000000000000e+04
3.652000000000000000e+04
4.255700000000000000e+05
2.449700000000000000e+05
6.096080000000000000e+05
5.042900000000000000e+05
1.412395000000000000e+06
5.627270000000000000e+05
4.498560000000000000e+05
2.294200000000000000e+05
3.912560000000000000e+05
2.984720000000000000e+05
1.955800000000000000e+04
1.676700000000000000e+04
2.718000000000000000e+03
6.567000000000000000e+03
3.300000000000000000e+01
1.400000000000000000e+02
3.700000000000000000e+01
3.726000000000000000e+03
0.000000000000000000e+00
2.420000000000000000e+02
6.000000000000000000e+00
1.281000000000000000e+03
1.635900000000000000e+04
5.062890000000000000e+05
1.000000000000000000e+00
1.870000000000000000e+02
2.000000000000000000e+01
3.000000000000000000e+01
0.000000000000000000e+00
7.260000000000000000e+02
4.790000000000000000e+02
1.000000000000000000e+00
6.400000000000000000e+01
0.000000000000000000e+00
4.000000000000000000e+00
2.600000000000000000e+01
0.000000000000000000e+00
5.140000000000000000e+02
2.900000000000000000e+01
1.000000000000000000e+00
3.300000000000000000e+01
1.400000000000000000e+01
1.043200000000000000e+04
8.000000000000000000e+00
1.000000000000000000e+00
0.000000000000000000e+00
0.000000000000000000e+00
7.400000000000000000e+01
0.000000000000000000e+00
0.000000000000000000e+00
0.000000000000000000e+00
1.000000000000000000e+00
2.000000000000000000e+00
7.800000000000000000e+01
2.000000000000000000e+00
6.000000000000000000e+00
2.000000000000000000e+00
4.700000000000000000e+01
1.000000000000000000e+00
1.000000000000000000e+00
3.000000000000000000e+00
4.000000000000000000e+00
2.517000000000000000e+03
0.000000000000000000e+00
2.000000000000000000e+00
0.000000000000000000e+00
1.200000000000000000e+01
3.440000000000000000e+02
8.000000000000000000e+00
2.000000000000000000e+00
1.695052000000000000e+06
3.200000000000000000e+01
9.000000000000000000e+00
9.000000000000000000e+00
1.900000000000000000e+01
2.000000000000000000e+00
0.000000000000000000e+00
1.621000000000000000e+03
0.000000000000000000e+00
1.000000000000000000e+00
8.000000000000000000e+00
0.000000000000000000e+00
2.000000000000000000e+00
9.160000000000000000e+02
0.000000000000000000e+00
3.000000000000000000e+00
2.000000000000000000e+00
3.011000000000000000e+03
1.056000000000000000e+03
0.000000000000000000e+00
1.593086000000000000e+06
1.000000000000000000e+00
3.800000000000000000e+01
1.320000000000000000e+02
0.000000000000000000e+00
0.000000000000000000e+00
3.700000000000000000e+01
2.540000000000000000e+02
1.811800000000000000e+04
0.000000000000000000e+00
1.310000000000000000e+02
4.720000000000000000e+02
1.600000000000000000e+01
0.000000000000000000e+00
0.000000000000000000e+00
0.000000000000000000e+00
0.000000000000000000e+00
8.950000000000000000e+02
0.000000000000000000e+00
0.000000000000000000e+00
0.000000000000000000e+00
1.517200000000000000e+04
6.900000000000000000e+01
1.167371000000000000e+06
0.000000000000000000e+00
7.260000000000000000e+02
0.000000000000000000e+00
2.760000000000000000e+02
0.000000000000000000e+00
7.970000000000000000e+02
5.000000000000000000e+01
0.000000000000000000e+00
2.060000000000000000e+02
0.000000000000000000e+00
0.000000000000000000e+00
1.488000000000000000e+03
0.000000000000000000e+00
3.880000000000000000e+02
1.060000000000000000e+02
2.300000000000000000e+01
0.000000000000000000e+00
0.000000000000000000e+00
3.931700000000000000e+04
5.700000000000000000e+01
2.500000000000000000e+01
1.000000000000000000e+00
0.000000000000000000e+00
2.932000000000000000e+03
0.000000000000000000e+00
2.000000000000000000e+01
5.400000000000000000e+01
9.000000000000000000e+00
4.600000000000000000e+01
4.133000000000000000e+03
3.300000000000000000e+01
3.670000000000000000e+02
4.960000000000000000e+02
5.050000000000000000e+02
2.470000000000000000e+02
2.350000000000000000e+02
5.950000000000000000e+02
8.370000000000000000e+02
5.788000000000000000e+03
5.000000000000000000e+02
6.190000000000000000e+02
4.170000000000000000e+02
9.582000000000000000e+03
4.488200000000000000e+04
2.375000000000000000e+03
2.631000000000000000e+03
1.676440000000000000e+05
2.371200000000000000e+04
4.009500000000000000e+04
8.565700000000000000e+04
2.896560000000000000e+05
5.712780000000000000e+05
6.591230000000000000e+05
2.852480000000000000e+06
2.381000000000000000e+03
5.188000000000000000e+03
3.292000000000000000e+03
1.615161000000000000e+06
9.561970000000000000e+05
2.898810000000000000e+05
1.501164000000000000e+06
1.613450000000000000e+05
1.154260000000000000e+05
6.490800000000000000e+04
6.397000000000000000e+04
7.300900000000000000e+04
6.226200000000000000e+04
5.378500000000000000e+04
3.300400000000000000e+04
3.901000000000000000e+04
4.718400000000000000e+04
3.865800000000000000e+04
3.894100000000000000e+04
4.658800000000000000e+04
3.585800000000000000e+04
3.062600000000000000e+04
4.924800000000000000e+04
1.569350000000000000e+05
9.025600000000000000e+04
1.848310000000000000e+05
1.010440000000000000e+05
1.014700000000000000e+05
1.441660000000000000e+05
6.689900000000000000e+04
8.999100000000000000e+04
2.098070000000000000e+05
6.292400000000000000e+04
1.577970000000000000e+05
3.296950000000000000e+05
8.022600000000000000e+04
9.799000000000000000e+04
8.469800000000000000e+04
1.050360000000000000e+05
6.573000000000000000e+04
9.037300000000000000e+04
6.778800000000000000e+04
8.400600000000000000e+04
4.752200000000000000e+04
6.306000000000000000e+04
5.095200000000000000e+04
5.913500000000000000e+04
4.979200000000000000e+04
7.129700000000000000e+04
3.543800000000000000e+04
5.263500000000000000e+04
3.382700000000000000e+04
4.308900000000000000e+04
5.189700000000000000e+04
4.831000000000000000e+04
5.258500000000000000e+04
4.596200000000000000e+04
5.839500000000000000e+04
4.907200000000000000e+04
6.515400000000000000e+04
6.383700000000000000e+04
6.110200000000000000e+04
4.952000000000000000e+04
7.626100000000000000e+04
9.419600000000000000e+04
7.441700000000000000e+04
7.020000000000000000e+04
6.710300000000000000e+04
5.185500000000000000e+04
5.414900000000000000e+04
5.679400000000000000e+04
6.490900000000000000e+04
5.649700000000000000e+04
4.877600000000000000e+04
5.609500000000000000e+04
4.127200000000000000e+04
4.756800000000000000e+04
4.536700000000000000e+04
4.296400000000000000e+04
3.741300000000000000e+04
3.697600000000000000e+04
3.452100000000000000e+04
3.343800000000000000e+04
2.951200000000000000e+04
3.855600000000000000e+04
2.740700000000000000e+04
3.043600000000000000e+04
3.119100000000000000e+04
3.062900000000000000e+04
3.228500000000000000e+04
2.817400000000000000e+04
2.573600000000000000e+04
2.514900000000000000e+04
2.809000000000000000e+04
2.623300000000000000e+04
2.527000000000000000e+04
2.217700000000000000e+04
3.080100000000000000e+04
2.676100000000000000e+04
2.642100000000000000e+04
2.465000000000000000e+04
2.422600000000000000e+04
2.251300000000000000e+04
2.784400000000000000e+04
2.570900000000000000e+04
2.981000000000000000e+04
1.976700000000000000e+04
2.034600000000000000e+04
1.912100000000000000e+04
1.793400000000000000e+04
1.713700000000000000e+04
1.615900000000000000e+04
1.788300000000000000e+04
1.461200000000000000e+04
1.593600000000000000e+04
1.561800000000000000e+04
1.356100000000000000e+04
1.767900000000000000e+04
1.435300000000000000e+04
1.466100000000000000e+04
1.482100000000000000e+04
2.075100000000000000e+04
1.570000000000000000e+04
1.608800000000000000e+04
1.763300000000000000e+04
1.469700000000000000e+04
1.499300000000000000e+04
2.581400000000000000e+04
1.585800000000000000e+04
1.514400000000000000e+04
1.682700000000000000e+04
1.468100000000000000e+04
1.984000000000000000e+04
1.768800000000000000e+04
2.208500000000000000e+04
1.838400000000000000e+04
1.874600000000000000e+04
2.127500000000000000e+04
1.730700000000000000e+04
1.925300000000000000e+04
1.679700000000000000e+04
1.878900000000000000e+04
2.395000000000000000e+04
1.543800000000000000e+04
1.767700000000000000e+04
1.865900000000000000e+04
1.848800000000000000e+04
2.190700000000000000e+04
1.708300000000000000e+04
1.929600000000000000e+04
1.597100000000000000e+04
2.070300000000000000e+04
2.060600000000000000e+04
2.038400000000000000e+04
2.040300000000000000e+04
2.282000000000000000e+04
2.127300000000000000e+04
2.005500000000000000e+04
2.333300000000000000e+04
2.412000000000000000e+04
2.799700000000000000e+04
2.526300000000000000e+04
2.365600000000000000e+04
2.041200000000000000e+04
2.180500000000000000e+04
2.348000000000000000e+04
2.262100000000000000e+04
2.270200000000000000e+04
1.655200000000000000e+04
2.093300000000000000e+04
1.693800000000000000e+04
1.711700000000000000e+04
1.687900000000000000e+04
1.706500000000000000e+04
1.401000000000000000e+04
1.447500000000000000e+04
1.467600000000000000e+04
1.466600000000000000e+04
1.524600000000000000e+04
1.569500000000000000e+04
1.460400000000000000e+04
1.637500000000000000e+04
1.762200000000000000e+04
1.771500000000000000e+04
1.859700000000000000e+04
1.763200000000000000e+04
1.712900000000000000e+04
2.064400000000000000e+04
1.789500000000000000e+04
1.786700000000000000e+04
1.807400000000000000e+04
2.138500000000000000e+04
1.878100000000000000e+04
2.484400000000000000e+04
2.547500000000000000e+04
2.363300000000000000e+04
2.895300000000000000e+04
2.785300000000000000e+04
3.805800000000000000e+04
3.927300000000000000e+04
4.375000000000000000e+04
4.136400000000000000e+04
6.189200000000000000e+04
2.859500000000000000e+04
5.115200000000000000e+04
1.774600000000000000e+04
2.277800000000000000e+04
1.605400000000000000e+04
1.777400000000000000e+04
1.144900000000000000e+04
9.650000000000000000e+03
7.015000000000000000e+03
7.623000000000000000e+03
7.641000000000000000e+03
8.131000000000000000e+03
6.450000000000000000e+03
6.817000000000000000e+03
6.656000000000000000e+03
6.612000000000000000e+03
6.552000000000000000e+03
7.208000000000000000e+03
7.237000000000000000e+03
6.434000000000000000e+03
6.398000000000000000e+03
6.930000000000000000e+03
6.149000000000000000e+03
6.666000000000000000e+03
7.184000000000000000e+03
6.728000000000000000e+03
6.731000000000000000e+03
6.661000000000000000e+03
7.049000000000000000e+03
7.388000000000000000e+03
6.341000000000000000e+03
7.324000000000000000e+03
8.180000000000000000e+03
7.648000000000000000e+03
1.227700000000000000e+04
9.779000000000000000e+03
1.177700000000000000e+04
1.322500000000000000e+04
1.524600000000000000e+04
1.485000000000000000e+04
2.493100000000000000e+04
1.884700000000000000e+04
1.579000000000000000e+04
2.628800000000000000e+04
2.878900000000000000e+04
2.184200000000000000e+04
2.416000000000000000e+04
2.020000000000000000e+04
2.828300000000000000e+04
2.748600000000000000e+04
1.684000000000000000e+03
3.172800000000000000e+04
3.000000000000000000e+00
1.100000000000000000e+01
2.500000000000000000e+01
1.200000000000000000e+02
2.450000000000000000e+02
3.797000000000000000e+03
2.391800000000000000e+04
1.966000000000000000e+03
2.406600000000000000e+04
1.962700000000000000e+04
1.475400000000000000e+04
1.707500000000000000e+04
1.326600000000000000e+04
2.067300000000000000e+04
1.727300000000000000e+04
1.050000000000000000e+04
1.754600000000000000e+04
1.708900000000000000e+04
1.390600000000000000e+04
1.758800000000000000e+04
1.135000000000000000e+04
1.608400000000000000e+04
1.745300000000000000e+04
1.315300000000000000e+04
1.681600000000000000e+04
1.832800000000000000e+04
2.516400000000000000e+04
2.424600000000000000e+04
3.636100000000000000e+04
2.603400000000000000e+04
4.094400000000000000e+04
4.502000000000000000e+04
2.178000000000000000e+04
3.347800000000000000e+04
2.913400000000000000e+04
4.593800000000000000e+04
3.047100000000000000e+04
4.576100000000000000e+04
5.598500000000000000e+04
2.816800000000000000e+04
5.499100000000000000e+04
3.033200000000000000e+04
4.409200000000000000e+04
4.415700000000000000e+04
3.232300000000000000e+04
5.466500000000000000e+04
3.499000000000000000e+04
3.907900000000000000e+04
4.394000000000000000e+04
2.031600000000000000e+04
3.793000000000000000e+04
3.476000000000000000e+04
2.317100000000000000e+04
3.804200000000000000e+04
2.607400000000000000e+04
1.958500000000000000e+04
2.006200000000000000e+04
1.664300000000000000e+04
1.811100000000000000e+04
1.716100000000000000e+04
1.459200000000000000e+04
1.537800000000000000e+04
1.413700000000000000e+04
1.415700000000000000e+04
1.343200000000000000e+04
1.204800000000000000e+04
1.211400000000000000e+04
1.094800000000000000e+04
1.081300000000000000e+04
1.116000000000000000e+04
9.832000000000000000e+03
1.032500000000000000e+04
1.013500000000000000e+04
9.339000000000000000e+03
9.434000000000000000e+03
8.864000000000000000e+03
9.271000000000000000e+03
9.259000000000000000e+03
8.991000000000000000e+03
9.510000000000000000e+03
9.604000000000000000e+03
1.176400000000000000e+04
1.150400000000000000e+04
1.743800000000000000e+04
1.560200000000000000e+04
1.328200000000000000e+04
1.717300000000000000e+04
1.845200000000000000e+04
1.735700000000000000e+04
1.713600000000000000e+04
1.906000000000000000e+04
1.950500000000000000e+04
1.640500000000000000e+04
2.027700000000000000e+04
1.649300000000000000e+04
2.005500000000000000e+04
2.066200000000000000e+04
1.472700000000000000e+04
2.016600000000000000e+04
1.470400000000000000e+04
1.789300000000000000e+04
1.761500000000000000e+04
1.416500000000000000e+04
1.689900000000000000e+04
1.772500000000000000e+04
1.552400000000000000e+04
1.645200000000000000e+04
1.555300000000000000e+04
1.760800000000000000e+04
1.842600000000000000e+04
1.730300000000000000e+04
1.983800000000000000e+04
1.783900000000000000e+04
2.074900000000000000e+04
1.984800000000000000e+04
1.825800000000000000e+04
2.008000000000000000e+04
1.779400000000000000e+04
1.919100000000000000e+04
1.953400000000000000e+04
1.677700000000000000e+04
2.020100000000000000e+04
1.893300000000000000e+04
1.860500000000000000e+04
1.943800000000000000e+04
1.967000000000000000e+04
2.154400000000000000e+04
2.071000000000000000e+04
2.265000000000000000e+04
2.200700000000000000e+04
2.323900000000000000e+04
2.506800000000000000e+04
2.337600000000000000e+04
2.454200000000000000e+04
2.481700000000000000e+04
2.583200000000000000e+04
2.815800000000000000e+04
2.698700000000000000e+04
2.890900000000000000e+04
2.896500000000000000e+04
2.859300000000000000e+04
2.818200000000000000e+04
3.177900000000000000e+04
3.380200000000000000e+04
3.166100000000000000e+04
3.962500000000000000e+04
3.488200000000000000e+04
3.511900000000000000e+04
4.100500000000000000e+04
3.797600000000000000e+04
3.762800000000000000e+04
4.230300000000000000e+04
4.460800000000000000e+04
4.602900000000000000e+04
4.952800000000000000e+04
4.698500000000000000e+04
5.200000000000000000e+04
4.579100000000000000e+04
5.361800000000000000e+04
5.158800000000000000e+04
5.340200000000000000e+04
5.763400000000000000e+04
5.489300000000000000e+04
5.410700000000000000e+04
5.329700000000000000e+04
5.524900000000000000e+04
5.406600000000000000e+04
5.950200000000000000e+04
5.917400000000000000e+04
6.203400000000000000e+04
5.535500000000000000e+04
5.406600000000000000e+04
5.819300000000000000e+04
5.341900000000000000e+04
6.158200000000000000e+04
5.408600000000000000e+04
6.185500000000000000e+04
6.903000000000000000e+04
5.225100000000000000e+04
6.663500000000000000e+04
6.186600000000000000e+04
5.847900000000000000e+04
6.873000000000000000e+04
5.188100000000000000e+04
6.975800000000000000e+04
6.759600000000000000e+04
5.274600000000000000e+04
6.732400000000000000e+04
6.069600000000000000e+04
5.291000000000000000e+04
5.858200000000000000e+04
5.818300000000000000e+04
6.136300000000000000e+04
5.716600000000000000e+04
6.836300000000000000e+04
5.988500000000000000e+04
5.439000000000000000e+04
6.725000000000000000e+04
5.622900000000000000e+04
7.117300000000000000e+04
6.193600000000000000e+04
6.012200000000000000e+04
5.504100000000000000e+04
4.434400000000000000e+04
4.468700000000000000e+04
4.484900000000000000e+04
3.976200000000000000e+04
5.035600000000000000e+04
4.894300000000000000e+04
5.386200000000000000e+04
5.541700000000000000e+04
4.931300000000000000e+04
5.025400000000000000e+04
5.728300000000000000e+04
5.963600000000000000e+04
5.514200000000000000e+04
6.688000000000000000e+04
7.526900000000000000e+04
5.306900000000000000e+04
6.211500000000000000e+04
5.406400000000000000e+04
6.378000000000000000e+04
8.545400000000000000e+04
6.313800000000000000e+04
9.474500000000000000e+04
6.889800000000000000e+04
8.612200000000000000e+04
8.668000000000000000e+04
6.685300000000000000e+04
1.100650000000000000e+05
1.780960000000000000e+05
1.273230000000000000e+05
1.487050000000000000e+05
1.377090000000000000e+05
1.218250000000000000e+05
1.613060000000000000e+05
1.769550000000000000e+05
1.600840000000000000e+05
2.499250000000000000e+05
2.941290000000000000e+05
3.118350000000000000e+05
4.578870000000000000e+05
1.894750000000000000e+05
6.986400000000000000e+05
3.888230000000000000e+05
5.239930000000000000e+05
5.675550000000000000e+05
7.846780000000000000e+05
3.502290000000000000e+05
1.146973000000000000e+06
1.506830000000000000e+05
1.966070000000000000e+05
1.772840000000000000e+05
9.233100000000000000e+04
8.689000000000000000e+04
2.255120000000000000e+05
