1.366080000000000000e+05
1.215000000000000000e+03
2.055000000000000000e+03
3.306000000000000000e+03
1.528000000000000000e+03
8.282000000000000000e+03
7.714000000000000000e+03
2.004000000000000000e+03
7.704000000000000000e+03
4.668000000000000000e+03
5.290000000000000000e+03
1.415600000000000000e+04
8.679000000000000000e+03
2.104600000000000000e+04
1.094600000000000000e+04
2.040000000000000000e+04
1.616400000000000000e+04
1.927300000000000000e+04
1.042800000000000000e+04
1.051100000000000000e+04
1.062400000000000000e+04
5.637000000000000000e+03
2.850000000000000000e+03
1.852000000000000000e+03
4.883000000000000000e+03
3.195000000000000000e+03
2.105000000000000000e+03
2.080000000000000000e+02
3.650000000000000000e+02
3.600000000000000000e+02
1.186200000000000000e+04
6.700000000000000000e+01
9.240000000000000000e+02
4.770000000000000000e+02
2.192000000000000000e+03
4.838000000000000000e+03
3.994000000000000000e+03
5.140000000000000000e+02
1.340000000000000000e+03
6.210000000000000000e+02
1.448000000000000000e+03
2.220000000000000000e+02
2.810000000000000000e+03
2.593000000000000000e+03
2.350000000000000000e+02
1.130000000000000000e+03
6.630000000000000000e+02
1.260000000000000000e+02
1.395000000000000000e+03
2.310000000000000000e+02
3.624000000000000000e+03
1.244000000000000000e+03
5.720000000000000000e+02
2.380000000000000000e+02
3.830000000000000000e+02
1.461000000000000000e+03
7.550000000000000000e+02
4.100000000000000000e+02
2.050000000000000000e+02
1.500000000000000000e+02
9.490000000000000000e+02
1.070000000000000000e+02
2.540000000000000000e+02
5.320000000000000000e+02
1.330000000000000000e+02
3.390000000000000000e+02
2.144000000000000000e+03
3.310000000000000000e+02
3.300000000000000000e+02
4.310000000000000000e+02
8.290000000000000000e+02
1.910000000000000000e+02
1.840000000000000000e+02
4.850000000000000000e+02
5.720000000000000000e+02
3.878000000000000000e+03
1.920000000000000000e+02
1.870000000000000000e+02
5.700000000000000000e+01
3.330000000000000000e+02
1.405000000000000000e+03
6.000000000000000000e+01
8.100000000000000000e+01
1.551000000000000000e+03
3.170000000000000000e+02
2.170000000000000000e+02
7.900000000000000000e+01
7.160000000000000000e+02
1.450000000000000000e+02
1.250000000000000000e+02
2.693000000000000000e+03
2.120000000000000000e+02
2.200000000000000000e+02
4.170000000000000000e+02
1.540000000000000000e+02
1.028000000000000000e+03
1.598000000000000000e+03
2.210000000000000000e+02
7.900000000000000000e+02
4.450000000000000000e+02
3.940000000000000000e+02
1.138000000000000000e+03
3.940000000000000000e+02
1.679000000000000000e+03
4.730000000000000000e+02
8.880000000000000000e+02
7.020000000000000000e+02
7.400000000000000000e+02
5.010000000000000000e+02
1.033000000000000000e+03
3.606000000000000000e+03
1.361000000000000000e+03
1.790000000000000000e+03
1.934000000000000000e+03
3.736000000000000000e+03
2.690000000000000000e+03
4.037000000000000000e+03
3.854000000000000000e+03
4.835000000000000000e+03
4.573000000000000000e+03
1.311600000000000000e+04
6.020000000000000000e+03
6.523000000000000000e+03
9.971000000000000000e+03
9.445000000000000000e+03
1.541400000000000000e+04
1.073700000000000000e+04
1.196500000000000000e+04
1.633500000000000000e+04
1.476400000000000000e+04
1.343800000000000000e+04
1.153600000000000000e+04
1.186400000000000000e+04
1.024300000000000000e+04
4.871000000000000000e+03
4.232000000000000000e+03
4.054000000000000000e+03
1.581000000000000000e+03
4.548000000000000000e+03
1.362000000000000000e+03
6.043000000000000000e+03
3.708000000000000000e+03
2.254000000000000000e+03
1.438000000000000000e+03
1.840000000000000000e+03
3.637000000000000000e+03
2.860000000000000000e+03
1.832000000000000000e+03
1.185000000000000000e+03
5.750000000000000000e+02
5.363000000000000000e+03
2.810000000000000000e+02
1.303000000000000000e+03
2.030000000000000000e+03
2.590000000000000000e+02
1.373000000000000000e+03
5.379000000000000000e+03
1.471000000000000000e+03
1.477000000000000000e+03
2.104000000000000000e+03
2.671000000000000000e+03
7.840000000000000000e+02
8.590000000000000000e+02
1.960000000000000000e+03
3.339000000000000000e+03
5.933000000000000000e+03
1.401000000000000000e+03
7.550000000000000000e+02
1.360000000000000000e+02
2.466000000000000000e+03
7.367000000000000000e+03
4.400000000000000000e+02
3.920000000000000000e+02
3.890000000000000000e+03
2.669000000000000000e+03
2.079000000000000000e+03
5.200000000000000000e+02
5.519000000000000000e+03
1.186000000000000000e+03
6.670000000000000000e+02
1.287550000000000000e+05
3.252000000000000000e+03
7.298000000000000000e+03
3.523000000000000000e+03
2.262000000000000000e+03
3.047000000000000000e+03
3.099000000000000000e+03
2.717000000000000000e+03
2.822000000000000000e+03
3.148000000000000000e+03
3.727000000000000000e+03
3.810000000000000000e+03
4.454000000000000000e+03
4.761000000000000000e+03
4.766000000000000000e+03
5.461000000000000000e+03
5.154000000000000000e+03
5.109000000000000000e+03
5.317000000000000000e+03
5.386000000000000000e+03
5.745000000000000000e+03
6.173000000000000000e+03
5.981000000000000000e+03
6.978000000000000000e+03
6.390000000000000000e+03
6.462000000000000000e+03
7.311000000000000000e+03
6.971000000000000000e+03
7.649000000000000000e+03
6.612000000000000000e+03
7.580000000000000000e+03
7.431000000000000000e+03
7.031000000000000000e+03
7.936000000000000000e+03
8.558000000000000000e+03
7.852000000000000000e+03
9.344000000000000000e+03
7.177000000000000000e+03
9.015000000000000000e+03
8.581000000000000000e+03
8.830000000000000000e+03
8.471000000000000000e+03
7.749000000000000000e+03
8.163000000000000000e+03
7.949000000000000000e+03
7.464000000000000000e+03
7.705000000000000000e+03
7.022000000000000000e+03
7.157000000000000000e+03
6.794000000000000000e+03
6.875000000000000000e+03
6.880000000000000000e+03
6.254000000000000000e+03
6.533000000000000000e+03
6.083000000000000000e+03
5.912000000000000000e+03
5.037000000000000000e+03
5.366000000000000000e+03
4.770000000000000000e+03
4.401000000000000000e+03
4.298000000000000000e+03
4.061000000000000000e+03
3.770000000000000000e+03
3.103000000000000000e+03
3.645000000000000000e+03
3.495000000000000000e+03
2.651000000000000000e+03
3.021000000000000000e+03
2.816000000000000000e+03
2.395000000000000000e+03
2.763000000000000000e+03
2.687000000000000000e+03
2.283000000000000000e+03
2.480000000000000000e+03
2.429000000000000000e+03
2.354000000000000000e+03
2.284000000000000000e+03
2.574000000000000000e+03
2.659000000000000000e+03
2.426000000000000000e+03
2.494000000000000000e+03
2.668000000000000000e+03
2.504000000000000000e+03
3.052000000000000000e+03
2.056000000000000000e+03
3.533000000000000000e+03
2.010000000000000000e+03
2.820000000000000000e+03
2.727000000000000000e+03
2.419000000000000000e+03
2.628000000000000000e+03
2.466000000000000000e+03
2.523000000000000000e+03
2.369000000000000000e+03
2.744000000000000000e+03
2.323000000000000000e+03
2.460000000000000000e+03
2.226000000000000000e+03
2.401000000000000000e+03
2.316000000000000000e+03
2.355000000000000000e+03
2.289000000000000000e+03
2.036000000000000000e+03
2.196000000000000000e+03
2.205000000000000000e+03
2.185000000000000000e+03
2.260000000000000000e+03
2.239000000000000000e+03
2.078000000000000000e+03
2.428000000000000000e+03
1.971000000000000000e+03
2.296000000000000000e+03
2.202000000000000000e+03
2.370000000000000000e+03
2.336000000000000000e+03
2.222000000000000000e+03
2.341000000000000000e+03
2.236000000000000000e+03
2.222000000000000000e+03
2.297000000000000000e+03
2.234000000000000000e+03
2.342000000000000000e+03
2.264000000000000000e+03
2.271000000000000000e+03
2.317000000000000000e+03
2.324000000000000000e+03
2.145000000000000000e+03
2.206000000000000000e+03
2.588000000000000000e+03
2.194000000000000000e+03
2.192000000000000000e+03
2.253000000000000000e+03
2.109000000000000000e+03
2.234000000000000000e+03
2.021000000000000000e+03
2.090000000000000000e+03
2.103000000000000000e+03
1.988000000000000000e+03
1.943000000000000000e+03
1.978000000000000000e+03
1.852000000000000000e+03
1.878000000000000000e+03
1.749000000000000000e+03
1.877000000000000000e+03
1.672000000000000000e+03
1.698000000000000000e+03
1.479000000000000000e+03
1.576000000000000000e+03
1.402000000000000000e+03
1.404000000000000000e+03
1.323000000000000000e+03
1.295000000000000000e+03
1.260000000000000000e+03
1.212000000000000000e+03
1.145000000000000000e+03
1.147000000000000000e+03
1.074000000000000000e+03
9.400000000000000000e+02
9.370000000000000000e+02
9.420000000000000000e+02
8.510000000000000000e+02
7.880000000000000000e+02
8.270000000000000000e+02
7.130000000000000000e+02
6.920000000000000000e+02
7.330000000000000000e+02
6.660000000000000000e+02
6.060000000000000000e+02
5.190000000000000000e+02
5.740000000000000000e+02
3.950000000000000000e+02
5.240000000000000000e+02
4.190000000000000000e+02
4.530000000000000000e+02
3.980000000000000000e+02
3.530000000000000000e+02
3.290000000000000000e+02
3.360000000000000000e+02
2.620000000000000000e+02
3.040000000000000000e+02
2.430000000000000000e+02
2.330000000000000000e+02
2.660000000000000000e+02
1.750000000000000000e+02
1.500000000000000000e+02
1.700000000000000000e+02
1.350000000000000000e+02
1.280000000000000000e+02
1.180000000000000000e+02
1.100000000000000000e+02
1.030000000000000000e+02
8.600000000000000000e+01
7.300000000000000000e+01
7.600000000000000000e+01
8.000000000000000000e+01
7.200000000000000000e+01
6.400000000000000000e+01
5.100000000000000000e+01
6.100000000000000000e+01
6.200000000000000000e+01
6.200000000000000000e+01
4.800000000000000000e+01
7.000000000000000000e+01
4.900000000000000000e+01
6.600000000000000000e+01
3.900000000000000000e+01
4.100000000000000000e+01
4.800000000000000000e+01
4.000000000000000000e+01
3.300000000000000000e+01
2.700000000000000000e+01
2.500000000000000000e+01
1.800000000000000000e+01
3.300000000000000000e+01
1.200000000000000000e+01
1.500000000000000000e+01
1.300000000000000000e+01
8.000000000000000000e+00
7.000000000000000000e+00
9.000000000000000000e+00
5.000000000000000000e+00
2.000000000000000000e+00
4.000000000000000000e+00
8.000000000000000000e+00
2.000000000000000000e+00
4.000000000000000000e+00
1.000000000000000000e+00
3.000000000000000000e+00
3.000000000000000000e+00
1.000000000000000000e+00
3.000000000000000000e+00
2.000000000000000000e+00
4.000000000000000000e+00
1.000000000000000000e+00
2.000000000000000000e+00
2.000000000000000000e+00
0.000000000000000000e+00
3.000000000000000000e+00
0.000000000000000000e+00
1.000000000000000000e+00
1.000000000000000000e+00
1.000000000000000000e+00
1.000000000000000000e+00
1.000000000000000000e+00
2.000000000000000000e+00
1.000000000000000000e+00
2.000000000000000000e+00
1.000000000000000000e+00
1.000000000000000000e+00
0.000000000000000000e+00
0.000000000000000000e+00
0.000000000000000000e+00
0.000000000000000000e+00
0.000000000000000000e+00
0.000000000000000000e+00
1.960000000000000000e+02
4.400000000000000000e+01
5.500000000000000000e+01
5.700000000000000000e+01
3.400000000000000000e+01
4.100000000000000000e+01
5.100000000000000000e+01
7.800000000000000000e+01
6.600000000000000000e+01
7.200000000000000000e+01
7.200000000000000000e+01
8.200000000000000000e+01
9.300000000000000000e+01
8.900000000000000000e+01
1.150000000000000000e+02
1.220000000000000000e+02
1.670000000000000000e+02
1.260000000000000000e+02
1.510000000000000000e+02
1.690000000000000000e+02
1.890000000000000000e+02
2.020000000000000000e+02
2.160000000000000000e+02
2.330000000000000000e+02
2.630000000000000000e+02
2.760000000000000000e+02
3.490000000000000000e+02
3.800000000000000000e+02
4.790000000000000000e+02
5.880000000000000000e+02
8.010000000000000000e+02
1.140000000000000000e+03
1.571000000000000000e+03
1.957000000000000000e+03
2.417000000000000000e+03
2.837000000000000000e+03
3.116000000000000000e+03
3.419000000000000000e+03
3.625000000000000000e+03
3.665000000000000000e+03
3.803000000000000000e+03
3.803000000000000000e+03
3.898000000000000000e+03
3.898000000000000000e+03
4.093000000000000000e+03
3.970000000000000000e+03
4.005000000000000000e+03
4.046000000000000000e+03
4.050000000000000000e+03
3.934000000000000000e+03
3.986000000000000000e+03
3.886000000000000000e+03
3.803000000000000000e+03
3.782000000000000000e+03
3.740000000000000000e+03
3.654000000000000000e+03
3.657000000000000000e+03
3.549000000000000000e+03
3.613000000000000000e+03
3.533000000000000000e+03
3.541000000000000000e+03
3.462000000000000000e+03
3.303000000000000000e+03
3.339000000000000000e+03
3.238000000000000000e+03
3.195000000000000000e+03
3.181000000000000000e+03
3.016000000000000000e+03
2.973000000000000000e+03
2.919000000000000000e+03
2.828000000000000000e+03
2.993000000000000000e+03
2.824000000000000000e+03
2.827000000000000000e+03
2.748000000000000000e+03
2.690000000000000000e+03
2.598000000000000000e+03
2.550000000000000000e+03
2.472000000000000000e+03
2.394000000000000000e+03
2.491000000000000000e+03
2.270000000000000000e+03
2.355000000000000000e+03
2.270000000000000000e+03
2.135000000000000000e+03
2.125000000000000000e+03
2.144000000000000000e+03
1.913000000000000000e+03
2.014000000000000000e+03
1.938000000000000000e+03
1.816000000000000000e+03
1.789000000000000000e+03
1.858000000000000000e+03
1.720000000000000000e+03
1.633000000000000000e+03
1.720000000000000000e+03
1.646000000000000000e+03
1.645000000000000000e+03
1.667000000000000000e+03
1.671000000000000000e+03
1.670000000000000000e+03
1.662000000000000000e+03
1.692000000000000000e+03
1.676000000000000000e+03
1.607000000000000000e+03
1.640000000000000000e+03
1.632000000000000000e+03
1.706000000000000000e+03
1.640000000000000000e+03
1.705000000000000000e+03
1.635000000000000000e+03
1.700000000000000000e+03
1.658000000000000000e+03
1.755000000000000000e+03
1.710000000000000000e+03
1.776000000000000000e+03
1.773000000000000000e+03
1.768000000000000000e+03
1.803000000000000000e+03
1.743000000000000000e+03
1.711000000000000000e+03
1.819000000000000000e+03
1.754000000000000000e+03
1.713000000000000000e+03
1.722000000000000000e+03
1.791000000000000000e+03
1.771000000000000000e+03
1.773000000000000000e+03
1.731000000000000000e+03
1.758000000000000000e+03
1.738000000000000000e+03
1.710000000000000000e+03
1.704000000000000000e+03
1.805000000000000000e+03
1.767000000000000000e+03
1.700000000000000000e+03
1.706000000000000000e+03
1.757000000000000000e+03
1.786000000000000000e+03
1.715000000000000000e+03
1.755000000000000000e+03
1.753000000000000000e+03
1.762000000000000000e+03
1.717000000000000000e+03
1.835000000000000000e+03
1.765000000000000000e+03
1.811000000000000000e+03
1.800000000000000000e+03
1.864000000000000000e+03
1.888000000000000000e+03
1.774000000000000000e+03
2.003000000000000000e+03
1.912000000000000000e+03
1.891000000000000000e+03
1.932000000000000000e+03
1.939000000000000000e+03
1.997000000000000000e+03
2.039000000000000000e+03
1.937000000000000000e+03
1.976000000000000000e+03
1.958000000000000000e+03
1.945000000000000000e+03
1.997000000000000000e+03
1.924000000000000000e+03
1.872000000000000000e+03
1.908000000000000000e+03
1.877000000000000000e+03
1.782000000000000000e+03
1.834000000000000000e+03
1.861000000000000000e+03
1.810000000000000000e+03
1.704000000000000000e+03
1.785000000000000000e+03
1.823000000000000000e+03
1.831000000000000000e+03
1.776000000000000000e+03
1.861000000000000000e+03
1.789000000000000000e+03
1.806000000000000000e+03
1.986000000000000000e+03
1.995000000000000000e+03
2.039000000000000000e+03
2.076000000000000000e+03
2.117000000000000000e+03
2.078000000000000000e+03
2.209000000000000000e+03
2.236000000000000000e+03
2.369000000000000000e+03
2.530000000000000000e+03
2.583000000000000000e+03
2.724000000000000000e+03
2.866000000000000000e+03
2.927000000000000000e+03
3.120000000000000000e+03
3.088000000000000000e+03
3.328000000000000000e+03
3.406000000000000000e+03
3.671000000000000000e+03
3.903000000000000000e+03
3.863000000000000000e+03
4.138000000000000000e+03
4.252000000000000000e+03
4.214000000000000000e+03
4.356000000000000000e+03
4.481000000000000000e+03
4.588000000000000000e+03
4.607000000000000000e+03
4.608000000000000000e+03
4.541000000000000000e+03
4.511000000000000000e+03
4.391000000000000000e+03
4.338000000000000000e+03
4.299000000000000000e+03
4.101000000000000000e+03
4.030000000000000000e+03
3.849000000000000000e+03
3.742000000000000000e+03
3.615000000000000000e+03
3.589000000000000000e+03
3.541000000000000000e+03
3.500000000000000000e+03
3.466000000000000000e+03
3.275000000000000000e+03
3.370000000000000000e+03
3.324000000000000000e+03
3.230000000000000000e+03
3.223000000000000000e+03
3.326000000000000000e+03
3.282000000000000000e+03
3.353000000000000000e+03
3.286000000000000000e+03
3.302000000000000000e+03
3.276000000000000000e+03
3.342000000000000000e+03
3.477000000000000000e+03
3.378000000000000000e+03
3.456000000000000000e+03
3.515000000000000000e+03
3.510000000000000000e+03
3.518000000000000000e+03
3.360000000000000000e+03
3.450000000000000000e+03
3.313000000000000000e+03
3.213000000000000000e+03
3.082000000000000000e+03
3.015000000000000000e+03
2.827000000000000000e+03
2.608000000000000000e+03
2.374000000000000000e+03
2.116000000000000000e+03
2.032000000000000000e+03
1.833000000000000000e+03
1.739000000000000000e+03
1.748000000000000000e+03
2.227000000000000000e+03
5.586000000000000000e+03
1.313010000000000000e+05
