9.379000000000000000e+04
2.100000000000000000e+01
4.700000000000000000e+01
8.130000000000000000e+02
2.700000000000000000e+01
1.787000000000000000e+03
1.146800000000000000e+04
7.200000000000000000e+01
5.007000000000000000e+03
1.639000000000000000e+03
3.696000000000000000e+03
2.377300000000000000e+04
3.044500000000000000e+04
4.910300000000000000e+04
1.268200000000000000e+04
6.044000000000000000e+03
8.652000000000000000e+03
1.498000000000000000e+03
8.200000000000000000e+02
4.103000000000000000e+03
2.816300000000000000e+04
5.432000000000000000e+03
1.411000000000000000e+03
2.181000000000000000e+03
5.045000000000000000e+03
2.366000000000000000e+03
8.890000000000000000e+02
3.300000000000000000e+01
3.200000000000000000e+01
2.300000000000000000e+01
6.004000000000000000e+03
4.000000000000000000e+00
1.910000000000000000e+02
3.300000000000000000e+01
1.890000000000000000e+02
5.920000000000000000e+02
1.439000000000000000e+03
2.000000000000000000e+00
3.500000000000000000e+01
1.500000000000000000e+01
5.000000000000000000e+01
4.000000000000000000e+00
1.800000000000000000e+02
4.900000000000000000e+01
1.000000000000000000e+00
3.200000000000000000e+01
3.000000000000000000e+00
5.000000000000000000e+00
2.800000000000000000e+01
2.000000000000000000e+00
1.044000000000000000e+03
3.600000000000000000e+01
9.000000000000000000e+00
9.000000000000000000e+00
4.000000000000000000e+00
8.900000000000000000e+01
3.300000000000000000e+01
1.000000000000000000e+01
5.000000000000000000e+00
3.000000000000000000e+00
9.700000000000000000e+01
1.000000000000000000e+00
1.400000000000000000e+01
3.300000000000000000e+01
3.000000000000000000e+00
4.100000000000000000e+01
1.950000000000000000e+02
4.600000000000000000e+01
6.200000000000000000e+01
1.310000000000000000e+02
1.360000000000000000e+02
4.000000000000000000e+01
5.100000000000000000e+01
1.220000000000000000e+02
3.880000000000000000e+02
3.258000000000000000e+03
9.900000000000000000e+01
3.400000000000000000e+01
1.000000000000000000e+00
5.670000000000000000e+02
2.044000000000000000e+03
2.600000000000000000e+01
9.200000000000000000e+01
1.546000000000000000e+03
1.012000000000000000e+03
6.280000000000000000e+02
2.200000000000000000e+01
2.428000000000000000e+03
9.000000000000000000e+01
8.700000000000000000e+01
2.710000000000000000e+03
1.900000000000000000e+01
2.990000000000000000e+02
4.060000000000000000e+02
1.000000000000000000e+01
2.006000000000000000e+03
2.312000000000000000e+03
1.000000000000000000e+01
2.384000000000000000e+03
1.460000000000000000e+02
5.000000000000000000e+01
1.541000000000000000e+03
3.500000000000000000e+01
7.506000000000000000e+03
7.270000000000000000e+02
3.250000000000000000e+02
2.327000000000000000e+03
2.570000000000000000e+02
2.660000000000000000e+02
1.456900000000000000e+04
1.385000000000000000e+04
2.756000000000000000e+03
1.720000000000000000e+02
6.590000000000000000e+02
1.293500000000000000e+04
1.426300000000000000e+04
1.790000000000000000e+02
1.300000000000000000e+01
1.600000000000000000e+01
1.400000000000000000e+01
3.083400000000000000e+04
5.000000000000000000e+00
1.000000000000000000e+02
2.700000000000000000e+01
8.430000000000000000e+02
3.271000000000000000e+03
4.133000000000000000e+03
1.400000000000000000e+01
9.100000000000000000e+01
3.600000000000000000e+01
1.700000000000000000e+02
8.000000000000000000e+00
6.810000000000000000e+02
3.500000000000000000e+02
7.000000000000000000e+00
6.300000000000000000e+01
1.700000000000000000e+01
2.000000000000000000e+00
5.400000000000000000e+01
8.000000000000000000e+00
3.066000000000000000e+03
6.700000000000000000e+01
2.700000000000000000e+01
1.400000000000000000e+01
1.500000000000000000e+01
1.590000000000000000e+02
4.000000000000000000e+01
1.300000000000000000e+01
6.000000000000000000e+00
3.000000000000000000e+00
5.030000000000000000e+02
3.000000000000000000e+00
5.000000000000000000e+00
1.100000000000000000e+01
4.000000000000000000e+00
1.700000000000000000e+01
8.030000000000000000e+02
1.300000000000000000e+01
9.000000000000000000e+00
1.800000000000000000e+01
2.840000000000000000e+02
0.000000000000000000e+00
6.000000000000000000e+00
7.200000000000000000e+01
2.100000000000000000e+01
2.004900000000000000e+04
5.000000000000000000e+00
2.000000000000000000e+00
8.000000000000000000e+00
4.900000000000000000e+01
1.409000000000000000e+03
0.000000000000000000e+00
2.000000000000000000e+00
3.865000000000000000e+03
8.000000000000000000e+00
1.400000000000000000e+01
8.000000000000000000e+00
1.446000000000000000e+03
1.400000000000000000e+01
1.000000000000000000e+01
8.824100000000000000e+04
7.710000000000000000e+02
1.307200000000000000e+04
2.013600000000000000e+04
1.383900000000000000e+04
1.441800000000000000e+04
1.480500000000000000e+04
1.264600000000000000e+04
1.531800000000000000e+04
1.407900000000000000e+04
1.095500000000000000e+04
9.554000000000000000e+03
8.907000000000000000e+03
8.278000000000000000e+03
8.324000000000000000e+03
7.406000000000000000e+03
6.730000000000000000e+03
6.084000000000000000e+03
6.016000000000000000e+03
4.929000000000000000e+03
5.120000000000000000e+03
4.392000000000000000e+03
4.199000000000000000e+03
4.372000000000000000e+03
4.327000000000000000e+03
3.574000000000000000e+03
4.476000000000000000e+03
4.257000000000000000e+03
4.272000000000000000e+03
3.056000000000000000e+03
3.788000000000000000e+03
3.207000000000000000e+03
4.024000000000000000e+03
3.622000000000000000e+03
3.827000000000000000e+03
3.820000000000000000e+03
5.081000000000000000e+03
3.193000000000000000e+03
4.851000000000000000e+03
4.508000000000000000e+03
5.054000000000000000e+03
4.696000000000000000e+03
5.048000000000000000e+03
6.333000000000000000e+03
5.538000000000000000e+03
5.943000000000000000e+03
5.615000000000000000e+03
6.204000000000000000e+03
6.036000000000000000e+03
5.059000000000000000e+03
4.309000000000000000e+03
5.234000000000000000e+03
3.231000000000000000e+03
3.245000000000000000e+03
2.969000000000000000e+03
2.734000000000000000e+03
2.339000000000000000e+03
2.180000000000000000e+03
2.140000000000000000e+03
1.636000000000000000e+03
1.640000000000000000e+03
1.522000000000000000e+03
1.378000000000000000e+03
9.770000000000000000e+02
1.923000000000000000e+03
8.560000000000000000e+02
1.103000000000000000e+03
1.050000000000000000e+03
9.490000000000000000e+02
6.790000000000000000e+02
1.044000000000000000e+03
7.120000000000000000e+02
5.660000000000000000e+02
7.160000000000000000e+02
5.460000000000000000e+02
5.180000000000000000e+02
4.140000000000000000e+02
6.200000000000000000e+02
5.060000000000000000e+02
2.950000000000000000e+02
4.130000000000000000e+02
4.450000000000000000e+02
3.480000000000000000e+02
2.460000000000000000e+02
1.600000000000000000e+02
8.250000000000000000e+02
1.310000000000000000e+02
1.630000000000000000e+02
2.460000000000000000e+02
2.540000000000000000e+02
2.450000000000000000e+02
2.230000000000000000e+02
1.420000000000000000e+02
1.170000000000000000e+02
2.220000000000000000e+02
1.130000000000000000e+02
2.290000000000000000e+02
1.520000000000000000e+02
1.720000000000000000e+02
8.400000000000000000e+01
1.640000000000000000e+02
4.200000000000000000e+01
1.630000000000000000e+02
4.200000000000000000e+01
9.900000000000000000e+01
8.000000000000000000e+01
1.380000000000000000e+02
9.200000000000000000e+01
4.800000000000000000e+01
1.300000000000000000e+02
3.700000000000000000e+01
4.700000000000000000e+01
6.400000000000000000e+01
8.400000000000000000e+01
3.500000000000000000e+01
3.400000000000000000e+01
8.600000000000000000e+01
3.200000000000000000e+01
6.500000000000000000e+01
4.200000000000000000e+01
4.400000000000000000e+01
3.100000000000000000e+01
1.400000000000000000e+01
1.600000000000000000e+01
1.500000000000000000e+01
2.000000000000000000e+01
4.000000000000000000e+00
3.000000000000000000e+01
2.200000000000000000e+02
2.000000000000000000e+00
1.000000000000000000e+01
7.000000000000000000e+00
8.000000000000000000e+00
1.100000000000000000e+01
6.000000000000000000e+00
1.700000000000000000e+01
2.400000000000000000e+01
2.900000000000000000e+01
6.000000000000000000e+00
2.700000000000000000e+01
1.000000000000000000e+01
4.000000000000000000e+00
4.100000000000000000e+01
1.600000000000000000e+01
6.000000000000000000e+00
4.000000000000000000e+00
1.800000000000000000e+01
7.000000000000000000e+00
9.000000000000000000e+00
3.000000000000000000e+01
4.000000000000000000e+00
1.000000000000000000e+01
2.000000000000000000e+00
8.100000000000000000e+01
1.000000000000000000e+00
2.000000000000000000e+00
3.000000000000000000e+00
1.200000000000000000e+01
7.000000000000000000e+00
3.200000000000000000e+01
1.000000000000000000e+00
3.000000000000000000e+00
2.500000000000000000e+01
4.000000000000000000e+00
5.000000000000000000e+00
8.000000000000000000e+00
4.000000000000000000e+00
1.000000000000000000e+00
3.000000000000000000e+00
1.000000000000000000e+00
2.500000000000000000e+02
0.000000000000000000e+00
1.000000000000000000e+00
1.000000000000000000e+00
4.000000000000000000e+00
5.000000000000000000e+00
2.000000000000000000e+00
7.000000000000000000e+00
0.000000000000000000e+00
2.600000000000000000e+01
1.000000000000000000e+00
3.000000000000000000e+00
2.300000000000000000e+01
1.000000000000000000e+00
0.000000000000000000e+00
1.000000000000000000e+01
0.000000000000000000e+00
0.000000000000000000e+00
1.000000000000000000e+00
1.000000000000000000e+00
1.000000000000000000e+00
8.300000000000000000e+01
0.000000000000000000e+00
2.000000000000000000e+00
1.000000000000000000e+00
0.000000000000000000e+00
3.000000000000000000e+00
0.000000000000000000e+00
3.000000000000000000e+01
0.000000000000000000e+00
1.000000000000000000e+00
0.000000000000000000e+00
0.000000000000000000e+00
0.000000000000000000e+00
1.700000000000000000e+01
0.000000000000000000e+00
0.000000000000000000e+00
2.000000000000000000e+00
0.000000000000000000e+00
4.000000000000000000e+00
0.000000000000000000e+00
0.000000000000000000e+00
0.000000000000000000e+00
1.400000000000000000e+01
1.000000000000000000e+00
1.000000000000000000e+00
1.000000000000000000e+00
0.000000000000000000e+00
0.000000000000000000e+00
1.000000000000000000e+01
0.000000000000000000e+00
3.000000000000000000e+00
0.000000000000000000e+00
3.600000000000000000e+01
0.000000000000000000e+00
0.000000000000000000e+00
0.000000000000000000e+00
4.000000000000000000e+00
0.000000000000000000e+00
0.000000000000000000e+00
2.000000000000000000e+00
0.000000000000000000e+00
1.000000000000000000e+00
0.000000000000000000e+00
2.000000000000000000e+00
0.000000000000000000e+00
0.000000000000000000e+00
1.000000000000000000e+00
0.000000000000000000e+00
0.000000000000000000e+00
2.000000000000000000e+00
0.000000000000000000e+00
0.000000000000000000e+00
0.000000000000000000e+00
0.000000000000000000e+00
0.000000000000000000e+00
1.000000000000000000e+00
0.000000000000000000e+00
2.000000000000000000e+00
0.000000000000000000e+00
0.000000000000000000e+00
0.000000000000000000e+00
0.000000000000000000e+00
0.000000000000000000e+00
0.000000000000000000e+00
2.059000000000000000e+03
5.020000000000000000e+04
1.233000000000000000e+03
6.480000000000000000e+02
5.840000000000000000e+02
2.470000000000000000e+02
1.710000000000000000e+02
1.810000000000000000e+02
2.250000000000000000e+02
2.420000000000000000e+02
3.710000000000000000e+02
4.190000000000000000e+02
5.800000000000000000e+02
1.079000000000000000e+03
2.204000000000000000e+03
2.063000000000000000e+03
2.465000000000000000e+03
2.946000000000000000e+03
3.041000000000000000e+03
3.281000000000000000e+03
3.186000000000000000e+03
2.888000000000000000e+03
2.727000000000000000e+03
2.468000000000000000e+03
2.305000000000000000e+03
1.993000000000000000e+03
1.908000000000000000e+03
2.011000000000000000e+03
1.776000000000000000e+03
1.795000000000000000e+03
1.744000000000000000e+03
1.820000000000000000e+03
1.836000000000000000e+03
1.703000000000000000e+03
1.743000000000000000e+03
1.446000000000000000e+03
1.368000000000000000e+03
1.385000000000000000e+03
1.301000000000000000e+03
1.410000000000000000e+03
1.338000000000000000e+03
1.214000000000000000e+03
1.271000000000000000e+03
1.204000000000000000e+03
1.208000000000000000e+03
1.122000000000000000e+03
1.149000000000000000e+03
1.163000000000000000e+03
1.190000000000000000e+03
1.208000000000000000e+03
1.213000000000000000e+03
1.152000000000000000e+03
1.285000000000000000e+03
1.371000000000000000e+03
1.535000000000000000e+03
1.533000000000000000e+03
1.430000000000000000e+03
1.395000000000000000e+03
1.431000000000000000e+03
1.591000000000000000e+03
1.497000000000000000e+03
1.538000000000000000e+03
1.671000000000000000e+03
1.647000000000000000e+03
1.677000000000000000e+03
1.614000000000000000e+03
1.674000000000000000e+03
1.724000000000000000e+03
1.650000000000000000e+03
1.673000000000000000e+03
1.640000000000000000e+03
1.733000000000000000e+03
1.769000000000000000e+03
1.708000000000000000e+03
1.751000000000000000e+03
1.742000000000000000e+03
1.704000000000000000e+03
1.755000000000000000e+03
1.756000000000000000e+03
1.651000000000000000e+03
1.815000000000000000e+03
1.674000000000000000e+03
1.705000000000000000e+03
1.659000000000000000e+03
1.638000000000000000e+03
1.599000000000000000e+03
1.663000000000000000e+03
1.658000000000000000e+03
1.603000000000000000e+03
1.613000000000000000e+03
1.613000000000000000e+03
1.563000000000000000e+03
1.672000000000000000e+03
1.691000000000000000e+03
1.649000000000000000e+03
1.752000000000000000e+03
1.704000000000000000e+03
1.749000000000000000e+03
1.739000000000000000e+03
1.790000000000000000e+03
1.862000000000000000e+03
1.884000000000000000e+03
1.902000000000000000e+03
1.840000000000000000e+03
2.011000000000000000e+03
1.979000000000000000e+03
2.030000000000000000e+03
2.049000000000000000e+03
2.003000000000000000e+03
2.171000000000000000e+03
2.158000000000000000e+03
2.237000000000000000e+03
2.169000000000000000e+03
2.249000000000000000e+03
2.221000000000000000e+03
2.253000000000000000e+03
2.282000000000000000e+03
2.334000000000000000e+03
2.268000000000000000e+03
2.303000000000000000e+03
2.291000000000000000e+03
2.322000000000000000e+03
2.300000000000000000e+03
2.321000000000000000e+03
2.215000000000000000e+03
2.265000000000000000e+03
2.333000000000000000e+03
2.344000000000000000e+03
2.331000000000000000e+03
2.331000000000000000e+03
2.259000000000000000e+03
2.384000000000000000e+03
2.373000000000000000e+03
2.334000000000000000e+03
2.372000000000000000e+03
2.323000000000000000e+03
2.328000000000000000e+03
2.331000000000000000e+03
2.327000000000000000e+03
2.240000000000000000e+03
2.227000000000000000e+03
2.233000000000000000e+03
2.212000000000000000e+03
2.190000000000000000e+03
2.150000000000000000e+03
2.238000000000000000e+03
2.198000000000000000e+03
2.136000000000000000e+03
2.297000000000000000e+03
2.093000000000000000e+03
2.111000000000000000e+03
1.976000000000000000e+03
2.090000000000000000e+03
1.982000000000000000e+03
1.949000000000000000e+03
1.915000000000000000e+03
1.805000000000000000e+03
1.842000000000000000e+03
1.872000000000000000e+03
1.763000000000000000e+03
1.712000000000000000e+03
1.691000000000000000e+03
1.658000000000000000e+03
1.642000000000000000e+03
1.553000000000000000e+03
1.601000000000000000e+03
1.518000000000000000e+03
1.478000000000000000e+03
1.366000000000000000e+03
1.347000000000000000e+03
1.317000000000000000e+03
1.348000000000000000e+03
1.275000000000000000e+03
1.344000000000000000e+03
1.234000000000000000e+03
1.229000000000000000e+03
1.271000000000000000e+03
1.224000000000000000e+03
1.228000000000000000e+03
1.134000000000000000e+03
1.112000000000000000e+03
1.080000000000000000e+03
1.121000000000000000e+03
1.096000000000000000e+03
1.054000000000000000e+03
1.025000000000000000e+03
1.069000000000000000e+03
1.031000000000000000e+03
1.005000000000000000e+03
1.045000000000000000e+03
9.990000000000000000e+02
9.760000000000000000e+02
1.017000000000000000e+03
1.053000000000000000e+03
1.016000000000000000e+03
1.023000000000000000e+03
1.111000000000000000e+03
1.005000000000000000e+03
1.033000000000000000e+03
1.061000000000000000e+03
1.028000000000000000e+03
1.063000000000000000e+03
1.052000000000000000e+03
1.054000000000000000e+03
1.054000000000000000e+03
1.114000000000000000e+03
1.128000000000000000e+03
1.088000000000000000e+03
1.121000000000000000e+03
1.133000000000000000e+03
1.136000000000000000e+03
1.075000000000000000e+03
1.094000000000000000e+03
1.114000000000000000e+03
1.099000000000000000e+03
1.104000000000000000e+03
1.277000000000000000e+03
1.215000000000000000e+03
1.282000000000000000e+03
1.247000000000000000e+03
1.295000000000000000e+03
1.325000000000000000e+03
1.387000000000000000e+03
1.264000000000000000e+03
1.371000000000000000e+03
1.388000000000000000e+03
1.376000000000000000e+03
1.378000000000000000e+03
1.454000000000000000e+03
1.532000000000000000e+03
1.672000000000000000e+03
1.651000000000000000e+03
1.778000000000000000e+03
1.649000000000000000e+03
1.729000000000000000e+03
1.774000000000000000e+03
1.769000000000000000e+03
1.898000000000000000e+03
1.688000000000000000e+03
1.655000000000000000e+03
1.700000000000000000e+03
1.541000000000000000e+03
1.482000000000000000e+03
1.498000000000000000e+03
1.653000000000000000e+03
1.821000000000000000e+03
1.841000000000000000e+03
2.110000000000000000e+03
2.388000000000000000e+03
2.801000000000000000e+03
3.242000000000000000e+03
3.430000000000000000e+03
3.113000000000000000e+03
2.790000000000000000e+03
2.518000000000000000e+03
2.593000000000000000e+03
6.939000000000000000e+03
