1.133700000000000000e+04
6.900000000000000000e+01
1.000000000000000000e+02
1.280000000000000000e+02
1.990000000000000000e+02
6.100000000000000000e+02
1.418000000000000000e+03
3.460000000000000000e+02
7.290000000000000000e+02
3.320000000000000000e+02
2.690000000000000000e+02
8.430000000000000000e+02
3.260000000000000000e+02
1.662000000000000000e+03
6.350000000000000000e+02
1.638000000000000000e+03
1.730000000000000000e+03
4.110000000000000000e+03
4.242000000000000000e+03
1.181300000000000000e+04
1.516300000000000000e+04
2.172300000000000000e+04
1.971100000000000000e+04
8.540000000000000000e+03
6.319000000000000000e+03
3.775000000000000000e+03
4.187000000000000000e+03
1.083000000000000000e+03
9.610000000000000000e+02
7.040000000000000000e+02
3.339000000000000000e+03
4.200000000000000000e+01
2.580000000000000000e+02
1.070000000000000000e+02
3.820000000000000000e+02
7.760000000000000000e+02
7.630000000000000000e+02
2.700000000000000000e+01
1.080000000000000000e+02
5.100000000000000000e+01
1.700000000000000000e+02
3.000000000000000000e+00
3.970000000000000000e+02
3.010000000000000000e+02
5.000000000000000000e+00
6.200000000000000000e+01
3.700000000000000000e+01
0.000000000000000000e+00
1.200000000000000000e+02
4.000000000000000000e+01
1.381000000000000000e+03
2.170000000000000000e+02
4.700000000000000000e+01
6.000000000000000000e+00
5.500000000000000000e+01
2.420000000000000000e+02
9.800000000000000000e+01
5.100000000000000000e+01
3.000000000000000000e+00
0.000000000000000000e+00
1.670000000000000000e+02
0.000000000000000000e+00
2.000000000000000000e+00
5.400000000000000000e+01
2.000000000000000000e+00
1.900000000000000000e+01
4.680000000000000000e+02
1.200000000000000000e+01
4.300000000000000000e+01
2.600000000000000000e+01
2.310000000000000000e+02
3.000000000000000000e+00
1.000000000000000000e+00
1.700000000000000000e+02
1.190000000000000000e+02
1.849000000000000000e+03
2.600000000000000000e+01
1.100000000000000000e+01
0.000000000000000000e+00
1.700000000000000000e+02
7.360000000000000000e+02
5.000000000000000000e+00
3.000000000000000000e+00
6.570000000000000000e+02
9.300000000000000000e+01
1.910000000000000000e+02
1.000000000000000000e+01
7.570000000000000000e+02
5.400000000000000000e+01
4.100000000000000000e+01
1.480000000000000000e+03
1.210000000000000000e+02
2.400000000000000000e+02
6.900000000000000000e+02
5.800000000000000000e+01
2.675000000000000000e+03
2.215000000000000000e+03
1.450000000000000000e+02
2.762000000000000000e+03
7.610000000000000000e+02
9.290000000000000000e+02
6.664000000000000000e+03
4.363000000000000000e+03
1.934800000000000000e+04
7.519000000000000000e+03
7.500000000000000000e+03
1.998300000000000000e+04
2.482000000000000000e+03
1.635000000000000000e+03
1.414900000000000000e+04
3.956000000000000000e+03
2.964700000000000000e+04
1.050000000000000000e+03
2.067000000000000000e+03
6.264000000000000000e+03
5.190000000000000000e+03
1.201000000000000000e+03
2.000000000000000000e+00
1.600000000000000000e+01
3.000000000000000000e+00
7.697000000000000000e+03
0.000000000000000000e+00
7.900000000000000000e+01
3.000000000000000000e+00
5.060000000000000000e+02
2.160000000000000000e+03
6.691000000000000000e+03
4.000000000000000000e+00
5.100000000000000000e+01
9.000000000000000000e+00
1.230000000000000000e+02
0.000000000000000000e+00
6.830000000000000000e+02
3.510000000000000000e+02
0.000000000000000000e+00
1.800000000000000000e+01
3.000000000000000000e+00
0.000000000000000000e+00
3.100000000000000000e+01
0.000000000000000000e+00
9.910000000000000000e+02
6.700000000000000000e+01
1.600000000000000000e+01
2.000000000000000000e+00
0.000000000000000000e+00
1.280000000000000000e+02
2.200000000000000000e+01
1.000000000000000000e+00
0.000000000000000000e+00
0.000000000000000000e+00
9.800000000000000000e+01
0.000000000000000000e+00
1.000000000000000000e+00
6.000000000000000000e+00
0.000000000000000000e+00
3.000000000000000000e+00
2.560000000000000000e+02
3.000000000000000000e+00
3.000000000000000000e+00
5.000000000000000000e+00
6.000000000000000000e+01
3.000000000000000000e+00
1.000000000000000000e+00
1.300000000000000000e+01
1.500000000000000000e+01
1.675000000000000000e+03
2.000000000000000000e+00
4.000000000000000000e+00
1.000000000000000000e+00
1.400000000000000000e+01
2.030000000000000000e+02
7.000000000000000000e+00
9.000000000000000000e+00
4.190000000000000000e+02
2.300000000000000000e+01
2.600000000000000000e+01
1.800000000000000000e+01
1.060000000000000000e+02
2.900000000000000000e+01
3.600000000000000000e+01
1.105000000000000000e+04
1.220000000000000000e+02
1.182000000000000000e+03
7.870000000000000000e+02
6.640000000000000000e+02
1.289000000000000000e+03
1.221000000000000000e+03
1.645000000000000000e+03
1.682000000000000000e+03
2.051000000000000000e+03
2.257000000000000000e+03
1.975000000000000000e+03
2.041000000000000000e+03
2.108000000000000000e+03
1.902000000000000000e+03
2.100000000000000000e+03
1.960000000000000000e+03
2.131000000000000000e+03
1.846000000000000000e+03
1.622000000000000000e+03
1.903000000000000000e+03
1.730000000000000000e+03
1.871000000000000000e+03
2.171000000000000000e+03
2.011000000000000000e+03
1.783000000000000000e+03
2.282000000000000000e+03
2.029000000000000000e+03
2.073000000000000000e+03
1.747000000000000000e+03
2.150000000000000000e+03
1.769000000000000000e+03
1.934000000000000000e+03
1.992000000000000000e+03
1.925000000000000000e+03
1.682000000000000000e+03
2.156000000000000000e+03
1.287000000000000000e+03
1.985000000000000000e+03
1.898000000000000000e+03
2.136000000000000000e+03
1.899000000000000000e+03
1.850000000000000000e+03
2.230000000000000000e+03
2.218000000000000000e+03
1.780000000000000000e+03
2.406000000000000000e+03
2.118000000000000000e+03
1.923000000000000000e+03
2.240000000000000000e+03
1.664000000000000000e+03
2.370000000000000000e+03
1.663000000000000000e+03
2.304000000000000000e+03
1.939000000000000000e+03
2.954000000000000000e+03
2.280000000000000000e+03
3.271000000000000000e+03
3.511000000000000000e+03
3.086000000000000000e+03
3.494000000000000000e+03
3.916000000000000000e+03
2.886000000000000000e+03
2.118000000000000000e+03
3.384000000000000000e+03
1.745000000000000000e+03
2.010000000000000000e+03
2.290000000000000000e+03
1.815000000000000000e+03
9.400000000000000000e+02
1.998000000000000000e+03
1.202000000000000000e+03
1.119000000000000000e+03
1.472000000000000000e+03
1.085000000000000000e+03
9.860000000000000000e+02
1.505000000000000000e+03
1.084000000000000000e+03
1.613000000000000000e+03
5.970000000000000000e+02
1.187000000000000000e+03
8.570000000000000000e+02
1.529000000000000000e+03
1.027000000000000000e+03
5.260000000000000000e+02
2.799000000000000000e+03
5.260000000000000000e+02
8.950000000000000000e+02
9.970000000000000000e+02
2.080000000000000000e+03
1.045000000000000000e+03
1.325000000000000000e+03
6.760000000000000000e+02
2.567000000000000000e+03
1.205000000000000000e+03
1.140000000000000000e+03
1.276000000000000000e+03
2.699000000000000000e+03
1.668000000000000000e+03
9.250000000000000000e+02
1.674000000000000000e+03
9.460000000000000000e+02
2.549000000000000000e+03
1.000000000000000000e+03
1.316000000000000000e+03
9.850000000000000000e+02
1.815000000000000000e+03
1.252000000000000000e+03
9.220000000000000000e+02
1.109000000000000000e+03
7.110000000000000000e+02
1.441000000000000000e+03
7.490000000000000000e+02
1.049000000000000000e+03
7.090000000000000000e+02
5.130000000000000000e+02
1.699000000000000000e+03
6.580000000000000000e+02
8.470000000000000000e+02
3.370000000000000000e+02
1.149000000000000000e+03
8.790000000000000000e+02
5.500000000000000000e+02
1.150000000000000000e+03
2.840000000000000000e+02
2.380000000000000000e+02
1.650000000000000000e+02
1.718000000000000000e+03
1.694000000000000000e+03
1.370000000000000000e+02
2.580000000000000000e+02
1.970000000000000000e+02
4.700000000000000000e+02
1.774000000000000000e+03
9.520000000000000000e+02
2.630000000000000000e+02
3.760000000000000000e+02
4.360000000000000000e+02
1.708000000000000000e+03
3.190000000000000000e+02
3.810000000000000000e+02
3.380000000000000000e+02
9.540000000000000000e+02
2.510000000000000000e+02
2.047000000000000000e+03
1.820000000000000000e+02
3.620000000000000000e+02
4.420000000000000000e+02
3.890000000000000000e+02
1.990000000000000000e+02
5.530000000000000000e+02
2.959000000000000000e+03
1.290000000000000000e+02
6.250000000000000000e+02
1.490000000000000000e+02
1.760000000000000000e+02
3.520000000000000000e+02
1.970000000000000000e+02
4.168000000000000000e+03
9.890000000000000000e+02
1.300000000000000000e+02
2.320000000000000000e+02
1.500000000000000000e+02
1.610000000000000000e+02
1.480000000000000000e+02
3.590000000000000000e+02
3.694000000000000000e+03
1.550000000000000000e+02
1.380000000000000000e+02
1.310000000000000000e+02
4.680000000000000000e+02
1.490000000000000000e+02
1.370000000000000000e+02
1.400000000000000000e+02
1.595000000000000000e+03
3.130000000000000000e+02
1.390000000000000000e+02
1.580000000000000000e+02
1.460000000000000000e+02
1.670000000000000000e+02
1.880000000000000000e+02
1.410000000000000000e+02
3.720000000000000000e+02
1.650000000000000000e+02
4.290000000000000000e+02
1.840000000000000000e+02
1.620000000000000000e+02
2.750000000000000000e+02
1.750000000000000000e+02
1.660000000000000000e+02
2.000000000000000000e+02
2.820000000000000000e+02
2.180000000000000000e+02
1.760000000000000000e+02
1.930000000000000000e+02
2.370000000000000000e+02
2.040000000000000000e+02
2.140000000000000000e+02
2.160000000000000000e+02
2.230000000000000000e+02
3.040000000000000000e+02
2.430000000000000000e+02
2.790000000000000000e+02
2.700000000000000000e+02
3.180000000000000000e+02
3.280000000000000000e+02
3.030000000000000000e+02
3.240000000000000000e+02
3.380000000000000000e+02
4.220000000000000000e+02
3.830000000000000000e+02
4.310000000000000000e+02
3.850000000000000000e+02
5.250000000000000000e+02
4.480000000000000000e+02
4.350000000000000000e+02
4.690000000000000000e+02
4.680000000000000000e+02
4.800000000000000000e+02
5.070000000000000000e+02
4.250000000000000000e+02
4.950000000000000000e+02
4.940000000000000000e+02
4.930000000000000000e+02
5.470000000000000000e+02
6.230000000000000000e+02
5.910000000000000000e+02
6.010000000000000000e+02
6.330000000000000000e+02
7.010000000000000000e+02
7.430000000000000000e+02
7.770000000000000000e+02
7.560000000000000000e+02
8.090000000000000000e+02
7.870000000000000000e+02
8.320000000000000000e+02
9.360000000000000000e+02
9.850000000000000000e+02
9.170000000000000000e+02
1.125000000000000000e+03
1.117000000000000000e+03
1.185000000000000000e+03
1.259000000000000000e+03
1.203000000000000000e+03
1.144000000000000000e+03
1.184000000000000000e+03
1.191000000000000000e+03
1.380000000000000000e+03
1.716000000000000000e+03
2.184000000000000000e+03
2.945000000000000000e+03
2.430000000000000000e+03
4.076000000000000000e+03
1.907000000000000000e+03
1.105000000000000000e+03
3.511000000000000000e+03
7.000000000000000000e+00
2.200000000000000000e+01
3.600000000000000000e+01
4.200000000000000000e+01
7.700000000000000000e+01
7.600000000000000000e+01
9.500000000000000000e+01
1.250000000000000000e+02
1.250000000000000000e+02
2.470000000000000000e+02
2.880000000000000000e+02
3.680000000000000000e+02
4.730000000000000000e+02
6.440000000000000000e+02
8.470000000000000000e+02
1.169000000000000000e+03
1.637000000000000000e+03
1.830000000000000000e+03
2.112000000000000000e+03
3.352000000000000000e+03
5.864000000000000000e+03
7.421000000000000000e+03
6.666000000000000000e+03
5.736000000000000000e+03
5.167000000000000000e+03
4.820000000000000000e+03
4.123000000000000000e+03
3.266000000000000000e+03
2.850000000000000000e+03
2.639000000000000000e+03
2.364000000000000000e+03
2.393000000000000000e+03
2.648000000000000000e+03
2.500000000000000000e+03
1.938000000000000000e+03
1.841000000000000000e+03
1.777000000000000000e+03
1.684000000000000000e+03
1.777000000000000000e+03
1.868000000000000000e+03
2.035000000000000000e+03
2.203000000000000000e+03
2.166000000000000000e+03
2.134000000000000000e+03
1.823000000000000000e+03
1.739000000000000000e+03
1.841000000000000000e+03
1.849000000000000000e+03
1.726000000000000000e+03
1.627000000000000000e+03
1.656000000000000000e+03
1.708000000000000000e+03
1.555000000000000000e+03
1.466000000000000000e+03
1.543000000000000000e+03
1.506000000000000000e+03
1.438000000000000000e+03
1.333000000000000000e+03
1.366000000000000000e+03
1.467000000000000000e+03
1.389000000000000000e+03
1.124000000000000000e+03
1.085000000000000000e+03
1.148000000000000000e+03
1.099000000000000000e+03
1.091000000000000000e+03
1.067000000000000000e+03
1.068000000000000000e+03
1.005000000000000000e+03
9.490000000000000000e+02
9.390000000000000000e+02
9.930000000000000000e+02
9.610000000000000000e+02
9.790000000000000000e+02
1.084000000000000000e+03
1.073000000000000000e+03
1.092000000000000000e+03
1.102000000000000000e+03
1.079000000000000000e+03
9.570000000000000000e+02
9.450000000000000000e+02
9.210000000000000000e+02
9.040000000000000000e+02
9.030000000000000000e+02
8.840000000000000000e+02
8.880000000000000000e+02
9.120000000000000000e+02
9.100000000000000000e+02
9.560000000000000000e+02
9.460000000000000000e+02
8.750000000000000000e+02
9.370000000000000000e+02
9.870000000000000000e+02
1.030000000000000000e+03
1.115000000000000000e+03
1.035000000000000000e+03
1.000000000000000000e+03
1.027000000000000000e+03
1.079000000000000000e+03
1.070000000000000000e+03
1.128000000000000000e+03
1.113000000000000000e+03
1.251000000000000000e+03
1.301000000000000000e+03
1.328000000000000000e+03
1.342000000000000000e+03
1.374000000000000000e+03
1.353000000000000000e+03
1.323000000000000000e+03
1.227000000000000000e+03
1.193000000000000000e+03
1.142000000000000000e+03
1.129000000000000000e+03
1.178000000000000000e+03
1.138000000000000000e+03
1.094000000000000000e+03
1.050000000000000000e+03
1.038000000000000000e+03
1.002000000000000000e+03
1.022000000000000000e+03
9.880000000000000000e+02
9.870000000000000000e+02
9.320000000000000000e+02
8.990000000000000000e+02
9.270000000000000000e+02
1.013000000000000000e+03
1.015000000000000000e+03
1.004000000000000000e+03
1.010000000000000000e+03
9.020000000000000000e+02
8.820000000000000000e+02
7.780000000000000000e+02
7.540000000000000000e+02
6.770000000000000000e+02
7.250000000000000000e+02
6.350000000000000000e+02
6.940000000000000000e+02
7.100000000000000000e+02
7.000000000000000000e+02
6.690000000000000000e+02
6.820000000000000000e+02
6.790000000000000000e+02
7.120000000000000000e+02
6.930000000000000000e+02
7.220000000000000000e+02
7.020000000000000000e+02
8.120000000000000000e+02
8.680000000000000000e+02
8.850000000000000000e+02
8.650000000000000000e+02
8.960000000000000000e+02
9.200000000000000000e+02
9.390000000000000000e+02
1.054000000000000000e+03
1.030000000000000000e+03
1.175000000000000000e+03
1.232000000000000000e+03
1.274000000000000000e+03
1.475000000000000000e+03
1.444000000000000000e+03
1.242000000000000000e+03
1.239000000000000000e+03
1.228000000000000000e+03
1.121000000000000000e+03
1.193000000000000000e+03
1.108000000000000000e+03
1.190000000000000000e+03
1.130000000000000000e+03
1.193000000000000000e+03
1.177000000000000000e+03
1.137000000000000000e+03
1.199000000000000000e+03
1.113000000000000000e+03
1.179000000000000000e+03
1.186000000000000000e+03
1.162000000000000000e+03
1.123000000000000000e+03
1.140000000000000000e+03
1.090000000000000000e+03
1.109000000000000000e+03
1.177000000000000000e+03
1.125000000000000000e+03
1.080000000000000000e+03
1.084000000000000000e+03
1.168000000000000000e+03
1.231000000000000000e+03
1.131000000000000000e+03
1.121000000000000000e+03
1.074000000000000000e+03
1.078000000000000000e+03
9.670000000000000000e+02
1.028000000000000000e+03
9.490000000000000000e+02
8.700000000000000000e+02
8.820000000000000000e+02
8.400000000000000000e+02
8.790000000000000000e+02
9.190000000000000000e+02
8.380000000000000000e+02
8.500000000000000000e+02
8.030000000000000000e+02
6.860000000000000000e+02
7.270000000000000000e+02
7.320000000000000000e+02
7.620000000000000000e+02
8.420000000000000000e+02
8.610000000000000000e+02
8.950000000000000000e+02
1.019000000000000000e+03
9.790000000000000000e+02
9.780000000000000000e+02
1.047000000000000000e+03
1.055000000000000000e+03
1.103000000000000000e+03
1.147000000000000000e+03
1.132000000000000000e+03
1.198000000000000000e+03
1.191000000000000000e+03
1.092000000000000000e+03
1.065000000000000000e+03
9.510000000000000000e+02
9.440000000000000000e+02
8.470000000000000000e+02
7.390000000000000000e+02
6.660000000000000000e+02
5.940000000000000000e+02
5.550000000000000000e+02
5.240000000000000000e+02
5.040000000000000000e+02
5.040000000000000000e+02
5.480000000000000000e+02
5.850000000000000000e+02
6.400000000000000000e+02
6.560000000000000000e+02
7.690000000000000000e+02
7.770000000000000000e+02
7.400000000000000000e+02
6.650000000000000000e+02
5.810000000000000000e+02
6.340000000000000000e+02
7.190000000000000000e+02
7.110000000000000000e+02
7.730000000000000000e+02
8.980000000000000000e+02
1.001000000000000000e+03
1.067000000000000000e+03
9.870000000000000000e+02
8.890000000000000000e+02
5.450000000000000000e+02
3.960000000000000000e+02
4.150000000000000000e+02
4.680000000000000000e+02
5.740000000000000000e+02
8.140000000000000000e+02
1.159000000000000000e+03
2.408000000000000000e+03
