7.713000000000000000e+03
4.530000000000000000e+02
4.570000000000000000e+02
5.530000000000000000e+02
7.290000000000000000e+02
1.021000000000000000e+03
9.250000000000000000e+02
2.360000000000000000e+02
5.450000000000000000e+02
2.660000000000000000e+02
1.390000000000000000e+02
3.590000000000000000e+02
5.300000000000000000e+01
5.430000000000000000e+02
1.420000000000000000e+02
1.110000000000000000e+02
2.250000000000000000e+02
8.300000000000000000e+01
1.160000000000000000e+02
2.900000000000000000e+02
7.410000000000000000e+02
7.620000000000000000e+02
1.646000000000000000e+03
4.770000000000000000e+02
8.489000000000000000e+03
3.670000000000000000e+02
1.156000000000000000e+03
3.100000000000000000e+01
4.100000000000000000e+01
1.400000000000000000e+01
5.620000000000000000e+02
0.000000000000000000e+00
0.000000000000000000e+00
0.000000000000000000e+00
7.000000000000000000e+00
4.500000000000000000e+01
1.300000000000000000e+02
0.000000000000000000e+00
2.000000000000000000e+00
0.000000000000000000e+00
9.000000000000000000e+00
0.000000000000000000e+00
3.000000000000000000e+01
8.000000000000000000e+00
0.000000000000000000e+00
4.000000000000000000e+00
1.000000000000000000e+00
0.000000000000000000e+00
4.000000000000000000e+00
0.000000000000000000e+00
8.600000000000000000e+01
1.100000000000000000e+01
5.000000000000000000e+00
3.000000000000000000e+00
5.000000000000000000e+00
2.000000000000000000e+01
3.000000000000000000e+00
1.000000000000000000e+00
4.000000000000000000e+00
1.000000000000000000e+00
2.600000000000000000e+01
0.000000000000000000e+00
1.000000000000000000e+01
2.200000000000000000e+01
1.500000000000000000e+01
1.700000000000000000e+01
7.700000000000000000e+01
3.400000000000000000e+01
1.900000000000000000e+01
4.800000000000000000e+01
4.300000000000000000e+01
4.500000000000000000e+01
3.500000000000000000e+01
7.700000000000000000e+01
9.200000000000000000e+01
3.750000000000000000e+02
1.050000000000000000e+02
1.530000000000000000e+02
1.400000000000000000e+02
7.000000000000000000e+01
3.650000000000000000e+02
1.210000000000000000e+02
2.220000000000000000e+02
3.100000000000000000e+02
3.570000000000000000e+02
2.210000000000000000e+02
9.800000000000000000e+01
2.560000000000000000e+02
1.460000000000000000e+02
1.420000000000000000e+02
2.400000000000000000e+02
1.180000000000000000e+02
9.500000000000000000e+01
6.400000000000000000e+01
3.800000000000000000e+01
5.300000000000000000e+01
3.090000000000000000e+02
7.000000000000000000e+00
4.200000000000000000e+01
1.700000000000000000e+01
6.000000000000000000e+00
5.100000000000000000e+01
1.000000000000000000e+00
2.130000000000000000e+02
2.000000000000000000e+00
1.000000000000000000e+00
2.000000000000000000e+00
0.000000000000000000e+00
0.000000000000000000e+00
1.130000000000000000e+02
1.429000000000000000e+03
8.000000000000000000e+00
0.000000000000000000e+00
0.000000000000000000e+00
6.640000000000000000e+02
1.970000000000000000e+02
0.000000000000000000e+00
0.000000000000000000e+00
0.000000000000000000e+00
0.000000000000000000e+00
4.585400000000000000e+04
0.000000000000000000e+00
0.000000000000000000e+00
0.000000000000000000e+00
2.600000000000000000e+01
3.510000000000000000e+02
4.103000000000000000e+03
0.000000000000000000e+00
0.000000000000000000e+00
0.000000000000000000e+00
1.200000000000000000e+01
0.000000000000000000e+00
1.594000000000000000e+03
1.570000000000000000e+02
0.000000000000000000e+00
1.000000000000000000e+00
0.000000000000000000e+00
0.000000000000000000e+00
1.000000000000000000e+01
0.000000000000000000e+00
3.854000000000000000e+03
5.700000000000000000e+01
4.000000000000000000e+00
0.000000000000000000e+00
0.000000000000000000e+00
1.690000000000000000e+02
2.500000000000000000e+01
3.000000000000000000e+00
0.000000000000000000e+00
0.000000000000000000e+00
4.600000000000000000e+01
0.000000000000000000e+00
0.000000000000000000e+00
1.200000000000000000e+01
0.000000000000000000e+00
6.000000000000000000e+00
4.970000000000000000e+02
3.000000000000000000e+00
2.000000000000000000e+01
1.400000000000000000e+01
1.680000000000000000e+02
4.000000000000000000e+00
0.000000000000000000e+00
9.000000000000000000e+01
1.270000000000000000e+02
1.298000000000000000e+03
3.500000000000000000e+01
1.200000000000000000e+01
0.000000000000000000e+00
1.550000000000000000e+02
6.380000000000000000e+02
1.800000000000000000e+01
1.900000000000000000e+01
6.090000000000000000e+02
2.190000000000000000e+02
1.590000000000000000e+02
8.300000000000000000e+01
5.820000000000000000e+02
1.540000000000000000e+02
1.810000000000000000e+02
6.493000000000000000e+03
0.000000000000000000e+00
4.764100000000000000e+04
5.832000000000000000e+03
5.250000000000000000e+02
6.417000000000000000e+03
1.665000000000000000e+03
1.319000000000000000e+03
7.100000000000000000e+02
6.730000000000000000e+02
4.570000000000000000e+02
4.600000000000000000e+02
3.990000000000000000e+02
3.660000000000000000e+02
3.280000000000000000e+02
2.630000000000000000e+02
2.900000000000000000e+02
4.620000000000000000e+02
2.890000000000000000e+02
2.540000000000000000e+02
4.090000000000000000e+02
1.900000000000000000e+02
2.760000000000000000e+02
2.770000000000000000e+02
1.800000000000000000e+02
3.470000000000000000e+02
2.700000000000000000e+02
3.920000000000000000e+02
5.180000000000000000e+02
4.590000000000000000e+02
3.280000000000000000e+02
4.270000000000000000e+02
1.079000000000000000e+03
4.210000000000000000e+02
2.037000000000000000e+03
5.730000000000000000e+02
9.960000000000000000e+02
1.317000000000000000e+03
1.301000000000000000e+03
7.670000000000000000e+02
1.028000000000000000e+03
2.250000000000000000e+02
2.460000000000000000e+02
2.070000000000000000e+02
1.710000000000000000e+02
1.040000000000000000e+02
1.320000000000000000e+02
1.230000000000000000e+02
9.900000000000000000e+01
1.270000000000000000e+02
1.250000000000000000e+02
8.900000000000000000e+01
1.010000000000000000e+02
1.010000000000000000e+02
1.020000000000000000e+02
9.500000000000000000e+01
1.020000000000000000e+02
8.900000000000000000e+01
7.800000000000000000e+01
1.040000000000000000e+02
9.500000000000000000e+01
1.030000000000000000e+02
8.900000000000000000e+01
7.100000000000000000e+01
9.800000000000000000e+01
9.300000000000000000e+01
6.500000000000000000e+01
9.300000000000000000e+01
7.700000000000000000e+01
6.900000000000000000e+01
9.000000000000000000e+01
6.700000000000000000e+01
7.800000000000000000e+01
8.500000000000000000e+01
9.800000000000000000e+01
7.400000000000000000e+01
6.400000000000000000e+01
8.500000000000000000e+01
8.600000000000000000e+01
6.500000000000000000e+01
7.500000000000000000e+01
7.300000000000000000e+01
6.900000000000000000e+01
7.200000000000000000e+01
6.200000000000000000e+01
9.000000000000000000e+01
6.400000000000000000e+01
5.600000000000000000e+01
6.400000000000000000e+01
6.100000000000000000e+01
7.900000000000000000e+01
6.400000000000000000e+01
6.000000000000000000e+01
6.100000000000000000e+01
6.300000000000000000e+01
5.700000000000000000e+01
7.200000000000000000e+01
6.000000000000000000e+01
5.800000000000000000e+01
5.300000000000000000e+01
6.500000000000000000e+01
6.000000000000000000e+01
6.600000000000000000e+01
4.700000000000000000e+01
5.200000000000000000e+01
3.900000000000000000e+01
4.700000000000000000e+01
3.800000000000000000e+01
3.800000000000000000e+01
7.800000000000000000e+01
3.800000000000000000e+01
4.800000000000000000e+01
4.400000000000000000e+01
6.100000000000000000e+01
4.700000000000000000e+01
4.400000000000000000e+01
5.300000000000000000e+01
3.900000000000000000e+01
5.100000000000000000e+01
4.000000000000000000e+01
4.000000000000000000e+01
5.400000000000000000e+01
5.100000000000000000e+01
3.900000000000000000e+01
4.400000000000000000e+01
4.400000000000000000e+01
2.800000000000000000e+01
4.500000000000000000e+01
6.400000000000000000e+01
2.000000000000000000e+01
3.700000000000000000e+01
3.600000000000000000e+01
3.300000000000000000e+01
3.000000000000000000e+01
3.300000000000000000e+01
3.800000000000000000e+01
3.900000000000000000e+01
3.400000000000000000e+01
3.600000000000000000e+01
3.500000000000000000e+01
3.000000000000000000e+01
3.200000000000000000e+01
3.500000000000000000e+01
4.700000000000000000e+01
3.300000000000000000e+01
2.700000000000000000e+01
5.200000000000000000e+01
3.500000000000000000e+01
4.300000000000000000e+01
2.400000000000000000e+01
2.300000000000000000e+01
4.000000000000000000e+01
3.200000000000000000e+01
4.800000000000000000e+01
2.700000000000000000e+01
2.800000000000000000e+01
3.400000000000000000e+01
2.100000000000000000e+01
3.100000000000000000e+01
4.300000000000000000e+01
1.700000000000000000e+01
3.200000000000000000e+01
2.800000000000000000e+01
2.500000000000000000e+01
2.200000000000000000e+01
3.900000000000000000e+01
1.700000000000000000e+01
3.000000000000000000e+01
3.800000000000000000e+01
1.200000000000000000e+01
6.300000000000000000e+01
7.000000000000000000e+00
2.600000000000000000e+01
2.200000000000000000e+01
2.400000000000000000e+01
2.200000000000000000e+01
2.400000000000000000e+01
2.700000000000000000e+01
1.900000000000000000e+01
2.900000000000000000e+01
2.800000000000000000e+01
2.200000000000000000e+01
2.200000000000000000e+01
8.000000000000000000e+00
1.800000000000000000e+01
3.000000000000000000e+01
2.200000000000000000e+01
2.600000000000000000e+01
1.900000000000000000e+01
2.200000000000000000e+01
1.900000000000000000e+01
4.400000000000000000e+01
6.000000000000000000e+00
2.300000000000000000e+01
1.700000000000000000e+01
1.800000000000000000e+01
1.500000000000000000e+01
1.700000000000000000e+01
2.100000000000000000e+01
1.300000000000000000e+01
2.300000000000000000e+01
1.200000000000000000e+01
1.500000000000000000e+01
1.400000000000000000e+01
3.200000000000000000e+01
1.200000000000000000e+01
1.600000000000000000e+01
1.600000000000000000e+01
1.400000000000000000e+01
1.500000000000000000e+01
2.000000000000000000e+00
1.800000000000000000e+01
6.000000000000000000e+00
2.900000000000000000e+01
1.400000000000000000e+01
1.200000000000000000e+01
1.500000000000000000e+01
7.000000000000000000e+00
1.200000000000000000e+01
1.500000000000000000e+01
1.500000000000000000e+01
1.700000000000000000e+01
1.000000000000000000e+01
9.000000000000000000e+00
1.300000000000000000e+01
5.000000000000000000e+00
1.200000000000000000e+01
1.100000000000000000e+01
8.000000000000000000e+00
7.000000000000000000e+00
1.500000000000000000e+01
1.800000000000000000e+01
1.200000000000000000e+01
8.000000000000000000e+00
1.000000000000000000e+01
1.500000000000000000e+01
3.000000000000000000e+00
9.000000000000000000e+00
8.000000000000000000e+00
1.200000000000000000e+01
8.000000000000000000e+00
6.000000000000000000e+00
1.200000000000000000e+01
1.000000000000000000e+01
7.000000000000000000e+00
1.000000000000000000e+01
1.800000000000000000e+01
2.000000000000000000e+01
1.000000000000000000e+01
7.000000000000000000e+00
3.000000000000000000e+00
0.000000000000000000e+00
0.000000000000000000e+00
0.000000000000000000e+00
0.000000000000000000e+00
4.710000000000000000e+02
0.000000000000000000e+00
0.000000000000000000e+00
5.000000000000000000e+00
7.000000000000000000e+00
2.000000000000000000e+00
3.000000000000000000e+00
9.000000000000000000e+00
1.200000000000000000e+01
1.400000000000000000e+01
7.000000000000000000e+00
1.800000000000000000e+01
1.600000000000000000e+01
3.000000000000000000e+01
3.800000000000000000e+01
3.300000000000000000e+01
4.600000000000000000e+01
4.700000000000000000e+01
5.700000000000000000e+01
5.700000000000000000e+01
5.800000000000000000e+01
6.600000000000000000e+01
7.800000000000000000e+01
8.500000000000000000e+01
7.200000000000000000e+01
7.500000000000000000e+01
9.400000000000000000e+01
1.090000000000000000e+02
1.120000000000000000e+02
1.030000000000000000e+02
1.070000000000000000e+02
1.180000000000000000e+02
1.140000000000000000e+02
1.160000000000000000e+02
1.230000000000000000e+02
1.080000000000000000e+02
1.250000000000000000e+02
1.090000000000000000e+02
1.250000000000000000e+02
1.340000000000000000e+02
1.050000000000000000e+02
1.010000000000000000e+02
1.090000000000000000e+02
1.200000000000000000e+02
1.090000000000000000e+02
9.100000000000000000e+01
9.600000000000000000e+01
1.090000000000000000e+02
9.000000000000000000e+01
1.060000000000000000e+02
8.900000000000000000e+01
9.800000000000000000e+01
9.100000000000000000e+01
9.200000000000000000e+01
8.400000000000000000e+01
9.100000000000000000e+01
9.000000000000000000e+01
7.600000000000000000e+01
7.300000000000000000e+01
8.200000000000000000e+01
9.500000000000000000e+01
8.900000000000000000e+01
6.900000000000000000e+01
7.900000000000000000e+01
8.600000000000000000e+01
8.000000000000000000e+01
7.400000000000000000e+01
7.600000000000000000e+01
8.500000000000000000e+01
8.200000000000000000e+01
8.000000000000000000e+01
6.900000000000000000e+01
6.200000000000000000e+01
8.500000000000000000e+01
7.300000000000000000e+01
7.600000000000000000e+01
7.400000000000000000e+01
6.800000000000000000e+01
7.300000000000000000e+01
6.700000000000000000e+01
7.900000000000000000e+01
6.100000000000000000e+01
6.900000000000000000e+01
7.400000000000000000e+01
5.800000000000000000e+01
7.300000000000000000e+01
7.200000000000000000e+01
6.700000000000000000e+01
7.000000000000000000e+01
7.300000000000000000e+01
7.100000000000000000e+01
7.300000000000000000e+01
6.000000000000000000e+01
6.900000000000000000e+01
6.500000000000000000e+01
6.000000000000000000e+01
6.300000000000000000e+01
7.000000000000000000e+01
7.700000000000000000e+01
6.900000000000000000e+01
6.400000000000000000e+01
7.700000000000000000e+01
7.400000000000000000e+01
6.300000000000000000e+01
6.500000000000000000e+01
7.300000000000000000e+01
7.200000000000000000e+01
6.300000000000000000e+01
5.500000000000000000e+01
7.500000000000000000e+01
6.700000000000000000e+01
7.400000000000000000e+01
7.200000000000000000e+01
6.700000000000000000e+01
6.700000000000000000e+01
5.400000000000000000e+01
4.600000000000000000e+01
6.100000000000000000e+01
5.200000000000000000e+01
6.300000000000000000e+01
5.800000000000000000e+01
5.200000000000000000e+01
4.600000000000000000e+01
6.500000000000000000e+01
5.800000000000000000e+01
6.100000000000000000e+01
5.900000000000000000e+01
5.800000000000000000e+01
5.400000000000000000e+01
5.900000000000000000e+01
6.400000000000000000e+01
5.800000000000000000e+01
5.100000000000000000e+01
7.100000000000000000e+01
5.500000000000000000e+01
4.800000000000000000e+01
6.800000000000000000e+01
5.400000000000000000e+01
6.800000000000000000e+01
7.100000000000000000e+01
6.900000000000000000e+01
5.400000000000000000e+01
6.200000000000000000e+01
5.800000000000000000e+01
7.200000000000000000e+01
5.400000000000000000e+01
5.000000000000000000e+01
5.400000000000000000e+01
5.000000000000000000e+01
4.800000000000000000e+01
4.300000000000000000e+01
5.400000000000000000e+01
5.100000000000000000e+01
5.800000000000000000e+01
5.900000000000000000e+01
5.100000000000000000e+01
3.700000000000000000e+01
4.200000000000000000e+01
4.900000000000000000e+01
4.500000000000000000e+01
5.000000000000000000e+01
5.900000000000000000e+01
4.600000000000000000e+01
5.300000000000000000e+01
3.800000000000000000e+01
5.000000000000000000e+01
3.700000000000000000e+01
4.400000000000000000e+01
5.200000000000000000e+01
3.900000000000000000e+01
4.800000000000000000e+01
4.500000000000000000e+01
4.300000000000000000e+01
4.500000000000000000e+01
4.000000000000000000e+01
5.000000000000000000e+01
5.100000000000000000e+01
4.700000000000000000e+01
4.100000000000000000e+01
4.500000000000000000e+01
3.500000000000000000e+01
4.000000000000000000e+01
4.200000000000000000e+01
4.200000000000000000e+01
4.800000000000000000e+01
3.000000000000000000e+01
3.800000000000000000e+01
4.100000000000000000e+01
3.400000000000000000e+01
3.600000000000000000e+01
4.300000000000000000e+01
3.200000000000000000e+01
2.900000000000000000e+01
3.300000000000000000e+01
3.800000000000000000e+01
4.200000000000000000e+01
2.500000000000000000e+01
2.500000000000000000e+01
5.100000000000000000e+01
2.900000000000000000e+01
2.600000000000000000e+01
4.100000000000000000e+01
2.900000000000000000e+01
2.000000000000000000e+01
2.900000000000000000e+01
2.500000000000000000e+01
3.300000000000000000e+01
2.900000000000000000e+01
3.300000000000000000e+01
2.600000000000000000e+01
3.800000000000000000e+01
2.700000000000000000e+01
3.800000000000000000e+01
3.800000000000000000e+01
2.800000000000000000e+01
3.000000000000000000e+01
3.100000000000000000e+01
4.200000000000000000e+01
5.600000000000000000e+01
8.500000000000000000e+01
1.300000000000000000e+02
2.200000000000000000e+02
5.420000000000000000e+02
1.237000000000000000e+03
2.289000000000000000e+03
2.810000000000000000e+03
2.865000000000000000e+03
2.307000000000000000e+03
2.521000000000000000e+03
4.988000000000000000e+03
3.670000000000000000e+03
5.982000000000000000e+03
4.305900000000000000e+04
4.070000000000000000e+03
5.195000000000000000e+03
1.117000000000000000e+03
4.160000000000000000e+02
3.240000000000000000e+02
2.410000000000000000e+02
1.830000000000000000e+02
1.600000000000000000e+02
1.250000000000000000e+02
1.090000000000000000e+02
1.000000000000000000e+02
9.300000000000000000e+01
4.900000000000000000e+01
5.900000000000000000e+01
5.400000000000000000e+01
4.800000000000000000e+01
3.300000000000000000e+01
2.800000000000000000e+01
3.000000000000000000e+01
1.600000000000000000e+01
1.600000000000000000e+01
1.300000000000000000e+01
1.900000000000000000e+01
3.500000000000000000e+01
