3.473300000000000000e+04
2.490000000000000000e+02
3.810000000000000000e+02
5.830000000000000000e+02
4.190000000000000000e+02
9.690000000000000000e+02
1.505000000000000000e+03
7.000000000000000000e+01
9.010000000000000000e+02
2.800000000000000000e+02
1.540000000000000000e+02
1.640000000000000000e+03
1.910000000000000000e+02
2.526000000000000000e+03
1.104000000000000000e+03
3.654000000000000000e+03
8.702000000000000000e+03
6.816000000000000000e+03
1.957000000000000000e+03
6.430000000000000000e+02
1.550000000000000000e+03
2.040000000000000000e+02
2.300000000000000000e+01
3.800000000000000000e+01
6.340000000000000000e+02
1.290000000000000000e+02
1.000000000000000000e+00
0.000000000000000000e+00
0.000000000000000000e+00
0.000000000000000000e+00
2.030000000000000000e+03
0.000000000000000000e+00
0.000000000000000000e+00
0.000000000000000000e+00
2.000000000000000000e+00
2.600000000000000000e+01
1.470000000000000000e+02
0.000000000000000000e+00
1.000000000000000000e+00
0.000000000000000000e+00
3.000000000000000000e+00
0.000000000000000000e+00
4.200000000000000000e+01
2.000000000000000000e+00
0.000000000000000000e+00
1.000000000000000000e+00
0.000000000000000000e+00
0.000000000000000000e+00
0.000000000000000000e+00
0.000000000000000000e+00
3.050000000000000000e+02
0.000000000000000000e+00
0.000000000000000000e+00
0.000000000000000000e+00
0.000000000000000000e+00
4.000000000000000000e+00
0.000000000000000000e+00
0.000000000000000000e+00
0.000000000000000000e+00
0.000000000000000000e+00
1.200000000000000000e+01
0.000000000000000000e+00
0.000000000000000000e+00
0.000000000000000000e+00
0.000000000000000000e+00
0.000000000000000000e+00
5.200000000000000000e+01
0.000000000000000000e+00
0.000000000000000000e+00
0.000000000000000000e+00
1.300000000000000000e+01
0.000000000000000000e+00
0.000000000000000000e+00
7.000000000000000000e+00
5.000000000000000000e+00
1.416100000000000000e+04
0.000000000000000000e+00
0.000000000000000000e+00
0.000000000000000000e+00
2.000000000000000000e+00
3.100000000000000000e+01
0.000000000000000000e+00
0.000000000000000000e+00
8.470000000000000000e+02
0.000000000000000000e+00
0.000000000000000000e+00
0.000000000000000000e+00
1.500000000000000000e+01
0.000000000000000000e+00
0.000000000000000000e+00
6.700000000000000000e+01
0.000000000000000000e+00
0.000000000000000000e+00
0.000000000000000000e+00
0.000000000000000000e+00
2.000000000000000000e+00
4.640000000000000000e+02
0.000000000000000000e+00
9.000000000000000000e+00
0.000000000000000000e+00
0.000000000000000000e+00
4.800000000000000000e+01
0.000000000000000000e+00
5.150000000000000000e+02
5.000000000000000000e+00
1.000000000000000000e+00
4.000000000000000000e+00
0.000000000000000000e+00
0.000000000000000000e+00
5.600000000000000000e+01
4.869000000000000000e+03
7.000000000000000000e+00
0.000000000000000000e+00
0.000000000000000000e+00
5.280000000000000000e+02
4.700000000000000000e+01
0.000000000000000000e+00
0.000000000000000000e+00
0.000000000000000000e+00
0.000000000000000000e+00
1.069000000000000000e+03
0.000000000000000000e+00
0.000000000000000000e+00
0.000000000000000000e+00
0.000000000000000000e+00
1.100000000000000000e+01
1.990000000000000000e+02
0.000000000000000000e+00
0.000000000000000000e+00
0.000000000000000000e+00
0.000000000000000000e+00
0.000000000000000000e+00
3.100000000000000000e+01
0.000000000000000000e+00
0.000000000000000000e+00
0.000000000000000000e+00
0.000000000000000000e+00
0.000000000000000000e+00
0.000000000000000000e+00
0.000000000000000000e+00
3.000000000000000000e+02
0.000000000000000000e+00
0.000000000000000000e+00
0.000000000000000000e+00
0.000000000000000000e+00
6.000000000000000000e+00
0.000000000000000000e+00
0.000000000000000000e+00
0.000000000000000000e+00
0.000000000000000000e+00
5.000000000000000000e+00
0.000000000000000000e+00
0.000000000000000000e+00
0.000000000000000000e+00
0.000000000000000000e+00
0.000000000000000000e+00
5.700000000000000000e+01
0.000000000000000000e+00
0.000000000000000000e+00
0.000000000000000000e+00
1.500000000000000000e+01
0.000000000000000000e+00
0.000000000000000000e+00
1.500000000000000000e+01
1.000000000000000000e+00
9.770000000000000000e+02
1.000000000000000000e+00
0.000000000000000000e+00
0.000000000000000000e+00
1.200000000000000000e+01
1.690000000000000000e+02
1.000000000000000000e+00
1.500000000000000000e+01
4.620000000000000000e+02
6.200000000000000000e+01
4.000000000000000000e+01
2.600000000000000000e+01
2.290000000000000000e+02
7.600000000000000000e+01
1.390000000000000000e+02
3.386400000000000000e+04
1.000000000000000000e+00
1.640800000000000000e+04
5.355000000000000000e+03
1.075000000000000000e+03
9.270000000000000000e+02
1.691000000000000000e+03
7.300000000000000000e+02
7.950000000000000000e+02
7.020000000000000000e+02
5.270000000000000000e+02
4.310000000000000000e+02
4.180000000000000000e+02
4.600000000000000000e+02
3.540000000000000000e+02
4.160000000000000000e+02
2.660000000000000000e+02
3.730000000000000000e+02
3.630000000000000000e+02
2.390000000000000000e+02
2.800000000000000000e+02
3.100000000000000000e+02
4.190000000000000000e+02
3.200000000000000000e+02
2.520000000000000000e+02
3.410000000000000000e+02
2.770000000000000000e+02
1.990000000000000000e+02
2.600000000000000000e+02
1.980000000000000000e+02
2.670000000000000000e+02
2.250000000000000000e+02
1.910000000000000000e+02
2.510000000000000000e+02
2.660000000000000000e+02
1.900000000000000000e+02
3.000000000000000000e+02
2.420000000000000000e+02
2.250000000000000000e+02
2.570000000000000000e+02
2.710000000000000000e+02
3.690000000000000000e+02
2.890000000000000000e+02
3.730000000000000000e+02
3.660000000000000000e+02
5.740000000000000000e+02
4.910000000000000000e+02
6.720000000000000000e+02
6.550000000000000000e+02
1.082000000000000000e+03
9.900000000000000000e+02
1.445000000000000000e+03
1.713000000000000000e+03
1.995000000000000000e+03
1.778000000000000000e+03
1.115000000000000000e+03
1.279000000000000000e+03
7.900000000000000000e+02
1.084000000000000000e+03
7.980000000000000000e+02
7.750000000000000000e+02
1.023000000000000000e+03
6.730000000000000000e+02
3.370000000000000000e+02
3.380000000000000000e+02
3.260000000000000000e+02
3.290000000000000000e+02
1.010000000000000000e+02
7.500000000000000000e+01
4.900000000000000000e+01
9.900000000000000000e+01
7.800000000000000000e+01
7.400000000000000000e+01
8.600000000000000000e+01
5.800000000000000000e+01
6.000000000000000000e+01
8.200000000000000000e+01
9.000000000000000000e+01
6.100000000000000000e+01
5.000000000000000000e+01
6.300000000000000000e+01
7.500000000000000000e+01
4.000000000000000000e+01
5.900000000000000000e+01
3.000000000000000000e+01
1.580000000000000000e+02
2.300000000000000000e+01
5.500000000000000000e+01
5.000000000000000000e+01
5.000000000000000000e+01
8.500000000000000000e+01
5.400000000000000000e+01
6.000000000000000000e+01
4.200000000000000000e+01
5.000000000000000000e+01
4.200000000000000000e+01
6.600000000000000000e+01
5.200000000000000000e+01
5.800000000000000000e+01
4.000000000000000000e+01
4.900000000000000000e+01
3.600000000000000000e+01
7.200000000000000000e+01
2.900000000000000000e+01
5.600000000000000000e+01
4.000000000000000000e+01
5.000000000000000000e+01
5.100000000000000000e+01
4.000000000000000000e+01
5.000000000000000000e+01
4.200000000000000000e+01
4.300000000000000000e+01
3.900000000000000000e+01
4.700000000000000000e+01
3.700000000000000000e+01
4.600000000000000000e+01
3.400000000000000000e+01
3.300000000000000000e+01
5.300000000000000000e+01
3.400000000000000000e+01
4.200000000000000000e+01
3.400000000000000000e+01
3.200000000000000000e+01
3.700000000000000000e+01
3.000000000000000000e+01
1.900000000000000000e+01
1.500000000000000000e+01
3.700000000000000000e+01
1.120000000000000000e+02
1.800000000000000000e+01
2.800000000000000000e+01
2.100000000000000000e+01
3.500000000000000000e+01
2.600000000000000000e+01
2.600000000000000000e+01
2.200000000000000000e+01
2.100000000000000000e+01
2.600000000000000000e+01
2.400000000000000000e+01
3.500000000000000000e+01
3.100000000000000000e+01
1.600000000000000000e+01
3.300000000000000000e+01
3.000000000000000000e+01
1.800000000000000000e+01
1.100000000000000000e+01
3.000000000000000000e+01
1.400000000000000000e+01
2.200000000000000000e+01
3.000000000000000000e+01
2.600000000000000000e+01
2.800000000000000000e+01
1.700000000000000000e+01
3.900000000000000000e+01
1.500000000000000000e+01
1.900000000000000000e+01
2.800000000000000000e+01
3.100000000000000000e+01
2.600000000000000000e+01
4.000000000000000000e+01
1.700000000000000000e+01
2.600000000000000000e+01
2.700000000000000000e+01
1.200000000000000000e+01
1.700000000000000000e+01
1.800000000000000000e+01
1.900000000000000000e+01
1.600000000000000000e+01
1.100000000000000000e+01
1.200000000000000000e+01
4.600000000000000000e+01
1.400000000000000000e+01
1.200000000000000000e+01
2.200000000000000000e+01
1.900000000000000000e+01
2.000000000000000000e+01
7.000000000000000000e+00
2.000000000000000000e+01
1.300000000000000000e+01
3.100000000000000000e+01
1.000000000000000000e+01
2.000000000000000000e+01
2.100000000000000000e+01
1.600000000000000000e+01
2.000000000000000000e+01
1.600000000000000000e+01
8.000000000000000000e+00
1.800000000000000000e+01
1.100000000000000000e+01
1.000000000000000000e+01
6.000000000000000000e+00
3.200000000000000000e+01
5.000000000000000000e+00
7.000000000000000000e+00
1.500000000000000000e+01
1.300000000000000000e+01
1.700000000000000000e+01
1.000000000000000000e+01
1.400000000000000000e+01
6.000000000000000000e+00
1.700000000000000000e+01
9.000000000000000000e+00
9.000000000000000000e+00
7.000000000000000000e+00
2.400000000000000000e+01
8.000000000000000000e+00
1.200000000000000000e+01
2.000000000000000000e+00
8.000000000000000000e+00
9.000000000000000000e+00
1.000000000000000000e+01
9.000000000000000000e+00
6.000000000000000000e+00
2.400000000000000000e+01
5.000000000000000000e+00
7.000000000000000000e+00
1.500000000000000000e+01
1.300000000000000000e+01
7.000000000000000000e+00
2.200000000000000000e+01
5.000000000000000000e+00
7.000000000000000000e+00
4.000000000000000000e+00
2.000000000000000000e+01
1.000000000000000000e+01
1.000000000000000000e+01
5.000000000000000000e+00
1.300000000000000000e+01
6.000000000000000000e+00
1.000000000000000000e+00
1.200000000000000000e+01
1.400000000000000000e+01
1.200000000000000000e+01
1.000000000000000000e+01
1.600000000000000000e+01
8.000000000000000000e+00
8.000000000000000000e+00
3.000000000000000000e+00
8.000000000000000000e+00
1.000000000000000000e+01
7.000000000000000000e+00
5.000000000000000000e+00
1.100000000000000000e+01
5.000000000000000000e+00
7.000000000000000000e+00
1.000000000000000000e+00
6.000000000000000000e+00
6.000000000000000000e+00
2.000000000000000000e+00
5.000000000000000000e+00
3.000000000000000000e+00
2.000000000000000000e+00
0.000000000000000000e+00
0.000000000000000000e+00
0.000000000000000000e+00
4.500000000000000000e+02
5.000000000000000000e+00
2.200000000000000000e+01
1.700000000000000000e+01
3.200000000000000000e+01
4.000000000000000000e+01
2.400000000000000000e+01
4.900000000000000000e+01
4.700000000000000000e+01
7.500000000000000000e+01
4.800000000000000000e+01
8.300000000000000000e+01
8.400000000000000000e+01
8.400000000000000000e+01
9.100000000000000000e+01
9.800000000000000000e+01
1.040000000000000000e+02
9.900000000000000000e+01
9.200000000000000000e+01
1.090000000000000000e+02
8.900000000000000000e+01
1.190000000000000000e+02
1.370000000000000000e+02
1.080000000000000000e+02
9.600000000000000000e+01
1.220000000000000000e+02
1.080000000000000000e+02
1.300000000000000000e+02
1.460000000000000000e+02
1.150000000000000000e+02
1.230000000000000000e+02
1.360000000000000000e+02
1.250000000000000000e+02
1.370000000000000000e+02
1.280000000000000000e+02
1.370000000000000000e+02
1.230000000000000000e+02
1.430000000000000000e+02
1.680000000000000000e+02
1.400000000000000000e+02
1.340000000000000000e+02
1.540000000000000000e+02
1.550000000000000000e+02
1.160000000000000000e+02
1.510000000000000000e+02
1.670000000000000000e+02
1.330000000000000000e+02
1.350000000000000000e+02
1.560000000000000000e+02
1.350000000000000000e+02
1.420000000000000000e+02
1.240000000000000000e+02
1.350000000000000000e+02
1.330000000000000000e+02
1.290000000000000000e+02
1.130000000000000000e+02
1.270000000000000000e+02
1.380000000000000000e+02
1.250000000000000000e+02
1.190000000000000000e+02
1.170000000000000000e+02
1.100000000000000000e+02
1.070000000000000000e+02
1.190000000000000000e+02
1.070000000000000000e+02
1.310000000000000000e+02
1.290000000000000000e+02
1.210000000000000000e+02
1.360000000000000000e+02
1.330000000000000000e+02
1.380000000000000000e+02
1.250000000000000000e+02
9.200000000000000000e+01
1.100000000000000000e+02
1.250000000000000000e+02
1.230000000000000000e+02
1.170000000000000000e+02
1.140000000000000000e+02
1.160000000000000000e+02
1.070000000000000000e+02
1.000000000000000000e+02
1.090000000000000000e+02
1.330000000000000000e+02
1.110000000000000000e+02
1.190000000000000000e+02
1.240000000000000000e+02
1.570000000000000000e+02
1.290000000000000000e+02
1.120000000000000000e+02
1.180000000000000000e+02
1.180000000000000000e+02
1.400000000000000000e+02
1.120000000000000000e+02
1.360000000000000000e+02
1.270000000000000000e+02
1.140000000000000000e+02
1.330000000000000000e+02
1.310000000000000000e+02
1.130000000000000000e+02
1.240000000000000000e+02
1.330000000000000000e+02
1.220000000000000000e+02
1.230000000000000000e+02
1.190000000000000000e+02
1.230000000000000000e+02
1.260000000000000000e+02
1.170000000000000000e+02
1.230000000000000000e+02
1.200000000000000000e+02
1.140000000000000000e+02
1.070000000000000000e+02
1.230000000000000000e+02
1.260000000000000000e+02
1.160000000000000000e+02
8.600000000000000000e+01
9.800000000000000000e+01
1.150000000000000000e+02
1.070000000000000000e+02
1.100000000000000000e+02
1.010000000000000000e+02
1.130000000000000000e+02
1.100000000000000000e+02
1.020000000000000000e+02
1.090000000000000000e+02
8.800000000000000000e+01
9.900000000000000000e+01
7.900000000000000000e+01
9.000000000000000000e+01
9.600000000000000000e+01
8.100000000000000000e+01
8.100000000000000000e+01
7.500000000000000000e+01
7.800000000000000000e+01
8.600000000000000000e+01
8.800000000000000000e+01
7.000000000000000000e+01
7.300000000000000000e+01
6.600000000000000000e+01
7.400000000000000000e+01
7.500000000000000000e+01
8.600000000000000000e+01
6.900000000000000000e+01
6.300000000000000000e+01
6.900000000000000000e+01
7.000000000000000000e+01
5.700000000000000000e+01
6.300000000000000000e+01
5.000000000000000000e+01
4.200000000000000000e+01
6.800000000000000000e+01
5.500000000000000000e+01
5.200000000000000000e+01
4.600000000000000000e+01
6.400000000000000000e+01
4.600000000000000000e+01
4.300000000000000000e+01
4.700000000000000000e+01
3.500000000000000000e+01
4.400000000000000000e+01
4.800000000000000000e+01
5.100000000000000000e+01
3.500000000000000000e+01
2.900000000000000000e+01
3.300000000000000000e+01
2.900000000000000000e+01
4.200000000000000000e+01
3.400000000000000000e+01
3.900000000000000000e+01
2.600000000000000000e+01
3.500000000000000000e+01
3.300000000000000000e+01
3.200000000000000000e+01
3.700000000000000000e+01
3.100000000000000000e+01
3.600000000000000000e+01
1.600000000000000000e+01
2.700000000000000000e+01
2.400000000000000000e+01
2.100000000000000000e+01
2.000000000000000000e+01
2.100000000000000000e+01
2.300000000000000000e+01
3.100000000000000000e+01
2.700000000000000000e+01
2.900000000000000000e+01
2.300000000000000000e+01
2.300000000000000000e+01
2.700000000000000000e+01
2.600000000000000000e+01
2.200000000000000000e+01
2.300000000000000000e+01
2.100000000000000000e+01
3.000000000000000000e+01
2.400000000000000000e+01
1.500000000000000000e+01
2.000000000000000000e+01
2.000000000000000000e+01
1.900000000000000000e+01
2.300000000000000000e+01
2.100000000000000000e+01
2.100000000000000000e+01
2.500000000000000000e+01
3.000000000000000000e+01
3.200000000000000000e+01
2.400000000000000000e+01
2.400000000000000000e+01
1.900000000000000000e+01
2.000000000000000000e+01
3.100000000000000000e+01
3.900000000000000000e+01
4.500000000000000000e+01
6.400000000000000000e+01
1.340000000000000000e+02
2.450000000000000000e+02
4.160000000000000000e+02
7.720000000000000000e+02
1.261000000000000000e+03
1.778000000000000000e+03
2.514000000000000000e+03
3.025000000000000000e+03
3.349000000000000000e+03
2.956000000000000000e+03
2.460000000000000000e+03
1.716000000000000000e+03
1.398000000000000000e+03
1.500000000000000000e+03
5.965000000000000000e+03
1.902000000000000000e+04
2.020600000000000000e+04
7.241000000000000000e+03
1.938000000000000000e+03
6.730000000000000000e+02
4.250000000000000000e+02
2.500000000000000000e+02
1.640000000000000000e+02
1.640000000000000000e+02
1.470000000000000000e+02
1.060000000000000000e+02
9.500000000000000000e+01
8.300000000000000000e+01
5.900000000000000000e+01
4.900000000000000000e+01
4.500000000000000000e+01
3.700000000000000000e+01
3.700000000000000000e+01
2.500000000000000000e+01
2.300000000000000000e+01
2.200000000000000000e+01
1.000000000000000000e+01
1.900000000000000000e+01
1.700000000000000000e+01
1.000000000000000000e+01
5.000000000000000000e+00
6.000000000000000000e+00
3.000000000000000000e+00
1.000000000000000000e+00
1.300000000000000000e+01
