3.923100000000000000e+04
2.400000000000000000e+01
4.000000000000000000e+01
4.600000000000000000e+01
7.300000000000000000e+01
1.520000000000000000e+02
3.470000000000000000e+02
2.340000000000000000e+02
4.350000000000000000e+02
4.230000000000000000e+02
5.760000000000000000e+02
9.570000000000000000e+02
9.130000000000000000e+02
1.867000000000000000e+03
1.164000000000000000e+03
1.318000000000000000e+03
8.950000000000000000e+02
6.090000000000000000e+02
4.100000000000000000e+02
1.665000000000000000e+03
7.167000000000000000e+03
5.269000000000000000e+03
3.161000000000000000e+03
2.360000000000000000e+02
4.780000000000000000e+02
1.960000000000000000e+02
1.240000000000000000e+02
1.300000000000000000e+01
1.300000000000000000e+01
1.600000000000000000e+01
1.739000000000000000e+03
0.000000000000000000e+00
4.600000000000000000e+01
4.000000000000000000e+00
5.600000000000000000e+01
1.780000000000000000e+02
3.260000000000000000e+02
4.000000000000000000e+00
3.000000000000000000e+01
2.100000000000000000e+01
2.100000000000000000e+01
0.000000000000000000e+00
2.090000000000000000e+02
5.800000000000000000e+01
0.000000000000000000e+00
2.500000000000000000e+01
3.000000000000000000e+00
0.000000000000000000e+00
3.500000000000000000e+01
0.000000000000000000e+00
5.150000000000000000e+02
2.700000000000000000e+01
1.000000000000000000e+01
0.000000000000000000e+00
1.000000000000000000e+00
4.600000000000000000e+01
1.800000000000000000e+01
1.000000000000000000e+00
0.000000000000000000e+00
0.000000000000000000e+00
3.600000000000000000e+01
0.000000000000000000e+00
0.000000000000000000e+00
6.000000000000000000e+00
0.000000000000000000e+00
2.000000000000000000e+00
2.230000000000000000e+02
0.000000000000000000e+00
1.600000000000000000e+01
1.000000000000000000e+00
7.600000000000000000e+01
0.000000000000000000e+00
0.000000000000000000e+00
3.500000000000000000e+01
3.400000000000000000e+01
1.560700000000000000e+04
0.000000000000000000e+00
0.000000000000000000e+00
0.000000000000000000e+00
8.300000000000000000e+01
3.110000000000000000e+02
0.000000000000000000e+00
0.000000000000000000e+00
6.570000000000000000e+02
6.000000000000000000e+00
1.100000000000000000e+02
3.000000000000000000e+00
2.230000000000000000e+02
1.800000000000000000e+01
0.000000000000000000e+00
3.510000000000000000e+02
0.000000000000000000e+00
2.200000000000000000e+01
1.560000000000000000e+02
2.000000000000000000e+00
1.040000000000000000e+02
5.930000000000000000e+02
0.000000000000000000e+00
5.000000000000000000e+01
3.000000000000000000e+00
1.000000000000000000e+00
2.480000000000000000e+02
0.000000000000000000e+00
4.720000000000000000e+02
1.200000000000000000e+01
1.000000000000000000e+00
1.700000000000000000e+01
0.000000000000000000e+00
1.000000000000000000e+00
5.500000000000000000e+01
3.535000000000000000e+03
1.200000000000000000e+01
0.000000000000000000e+00
5.000000000000000000e+00
4.030000000000000000e+02
3.600000000000000000e+01
0.000000000000000000e+00
0.000000000000000000e+00
0.000000000000000000e+00
0.000000000000000000e+00
2.023000000000000000e+03
0.000000000000000000e+00
2.000000000000000000e+00
0.000000000000000000e+00
1.500000000000000000e+01
2.500000000000000000e+01
3.510000000000000000e+02
1.000000000000000000e+00
1.100000000000000000e+01
1.000000000000000000e+00
7.000000000000000000e+00
0.000000000000000000e+00
4.300000000000000000e+01
7.000000000000000000e+00
0.000000000000000000e+00
1.000000000000000000e+00
0.000000000000000000e+00
0.000000000000000000e+00
3.000000000000000000e+00
0.000000000000000000e+00
1.770000000000000000e+02
1.000000000000000000e+00
1.000000000000000000e+00
0.000000000000000000e+00
0.000000000000000000e+00
1.500000000000000000e+01
1.000000000000000000e+00
0.000000000000000000e+00
0.000000000000000000e+00
0.000000000000000000e+00
3.000000000000000000e+00
0.000000000000000000e+00
0.000000000000000000e+00
0.000000000000000000e+00
0.000000000000000000e+00
0.000000000000000000e+00
2.100000000000000000e+01
0.000000000000000000e+00
0.000000000000000000e+00
0.000000000000000000e+00
6.000000000000000000e+00
0.000000000000000000e+00
0.000000000000000000e+00
4.000000000000000000e+00
0.000000000000000000e+00
5.100000000000000000e+02
0.000000000000000000e+00
0.000000000000000000e+00
0.000000000000000000e+00
2.000000000000000000e+00
2.000000000000000000e+01
0.000000000000000000e+00
0.000000000000000000e+00
6.400000000000000000e+01
2.000000000000000000e+00
3.000000000000000000e+00
1.000000000000000000e+00
2.400000000000000000e+01
3.000000000000000000e+00
5.000000000000000000e+00
3.912300000000000000e+04
0.000000000000000000e+00
1.961600000000000000e+04
4.647000000000000000e+03
5.870000000000000000e+02
5.080000000000000000e+02
1.911000000000000000e+03
6.530000000000000000e+02
6.620000000000000000e+02
6.350000000000000000e+02
3.740000000000000000e+02
4.360000000000000000e+02
3.620000000000000000e+02
2.450000000000000000e+02
3.190000000000000000e+02
2.370000000000000000e+02
1.970000000000000000e+02
2.750000000000000000e+02
2.890000000000000000e+02
2.120000000000000000e+02
2.390000000000000000e+02
1.550000000000000000e+02
1.760000000000000000e+02
1.230000000000000000e+02
1.770000000000000000e+02
1.320000000000000000e+02
1.600000000000000000e+02
1.150000000000000000e+02
1.650000000000000000e+02
1.090000000000000000e+02
1.570000000000000000e+02
1.400000000000000000e+02
1.170000000000000000e+02
1.740000000000000000e+02
1.160000000000000000e+02
1.410000000000000000e+02
1.110000000000000000e+02
8.400000000000000000e+01
1.200000000000000000e+02
1.120000000000000000e+02
1.410000000000000000e+02
1.120000000000000000e+02
1.320000000000000000e+02
1.600000000000000000e+02
1.840000000000000000e+02
1.160000000000000000e+02
2.320000000000000000e+02
1.210000000000000000e+02
2.540000000000000000e+02
3.100000000000000000e+02
3.880000000000000000e+02
5.970000000000000000e+02
4.270000000000000000e+02
5.160000000000000000e+02
5.830000000000000000e+02
7.730000000000000000e+02
1.724000000000000000e+03
6.150000000000000000e+02
1.243000000000000000e+03
6.660000000000000000e+02
7.900000000000000000e+02
1.438000000000000000e+03
6.040000000000000000e+02
1.426000000000000000e+03
3.340000000000000000e+02
6.520000000000000000e+02
3.930000000000000000e+02
2.330000000000000000e+02
2.160000000000000000e+02
2.830000000000000000e+02
2.100000000000000000e+02
1.090000000000000000e+02
9.600000000000000000e+01
9.600000000000000000e+01
7.400000000000000000e+01
6.200000000000000000e+01
6.400000000000000000e+01
6.300000000000000000e+01
6.500000000000000000e+01
5.100000000000000000e+01
6.800000000000000000e+01
6.600000000000000000e+01
8.400000000000000000e+01
5.500000000000000000e+01
5.300000000000000000e+01
7.200000000000000000e+01
4.700000000000000000e+01
4.600000000000000000e+01
4.700000000000000000e+01
4.300000000000000000e+01
5.300000000000000000e+01
4.200000000000000000e+01
5.300000000000000000e+01
5.100000000000000000e+01
4.400000000000000000e+01
4.900000000000000000e+01
5.200000000000000000e+01
5.400000000000000000e+01
3.800000000000000000e+01
5.600000000000000000e+01
5.200000000000000000e+01
4.100000000000000000e+01
5.800000000000000000e+01
5.700000000000000000e+01
5.900000000000000000e+01
3.700000000000000000e+01
5.200000000000000000e+01
6.000000000000000000e+01
5.700000000000000000e+01
7.300000000000000000e+01
5.500000000000000000e+01
6.800000000000000000e+01
6.900000000000000000e+01
5.800000000000000000e+01
5.600000000000000000e+01
6.000000000000000000e+01
6.600000000000000000e+01
7.000000000000000000e+01
6.400000000000000000e+01
6.500000000000000000e+01
7.200000000000000000e+01
6.400000000000000000e+01
5.800000000000000000e+01
5.700000000000000000e+01
6.900000000000000000e+01
5.200000000000000000e+01
6.900000000000000000e+01
5.500000000000000000e+01
4.700000000000000000e+01
6.000000000000000000e+01
4.800000000000000000e+01
4.400000000000000000e+01
6.700000000000000000e+01
6.100000000000000000e+01
7.100000000000000000e+01
6.100000000000000000e+01
4.600000000000000000e+01
3.800000000000000000e+01
5.400000000000000000e+01
5.200000000000000000e+01
5.500000000000000000e+01
6.800000000000000000e+01
5.100000000000000000e+01
5.100000000000000000e+01
5.400000000000000000e+01
5.400000000000000000e+01
4.400000000000000000e+01
3.300000000000000000e+01
6.900000000000000000e+01
4.800000000000000000e+01
4.800000000000000000e+01
4.600000000000000000e+01
3.600000000000000000e+01
4.100000000000000000e+01
4.000000000000000000e+01
4.600000000000000000e+01
5.100000000000000000e+01
4.600000000000000000e+01
4.800000000000000000e+01
6.300000000000000000e+01
3.700000000000000000e+01
5.000000000000000000e+01
4.300000000000000000e+01
3.700000000000000000e+01
4.500000000000000000e+01
3.400000000000000000e+01
2.700000000000000000e+01
5.200000000000000000e+01
4.700000000000000000e+01
4.100000000000000000e+01
4.000000000000000000e+01
4.200000000000000000e+01
4.000000000000000000e+01
4.000000000000000000e+01
5.100000000000000000e+01
3.300000000000000000e+01
3.000000000000000000e+01
4.500000000000000000e+01
4.500000000000000000e+01
3.800000000000000000e+01
5.300000000000000000e+01
3.700000000000000000e+01
3.700000000000000000e+01
3.200000000000000000e+01
3.200000000000000000e+01
3.700000000000000000e+01
3.600000000000000000e+01
4.200000000000000000e+01
3.500000000000000000e+01
3.200000000000000000e+01
2.500000000000000000e+01
4.100000000000000000e+01
3.500000000000000000e+01
3.200000000000000000e+01
3.100000000000000000e+01
3.300000000000000000e+01
3.500000000000000000e+01
3.400000000000000000e+01
3.000000000000000000e+01
3.500000000000000000e+01
2.900000000000000000e+01
2.700000000000000000e+01
2.000000000000000000e+01
3.200000000000000000e+01
2.300000000000000000e+01
3.400000000000000000e+01
2.500000000000000000e+01
2.400000000000000000e+01
1.600000000000000000e+01
3.000000000000000000e+01
1.800000000000000000e+01
2.500000000000000000e+01
2.900000000000000000e+01
2.800000000000000000e+01
2.200000000000000000e+01
2.200000000000000000e+01
2.000000000000000000e+01
1.500000000000000000e+01
1.400000000000000000e+01
2.000000000000000000e+01
1.700000000000000000e+01
2.600000000000000000e+01
1.500000000000000000e+01
1.600000000000000000e+01
1.500000000000000000e+01
2.400000000000000000e+01
2.000000000000000000e+01
2.500000000000000000e+01
2.400000000000000000e+01
1.100000000000000000e+01
2.300000000000000000e+01
2.400000000000000000e+01
2.200000000000000000e+01
2.400000000000000000e+01
1.700000000000000000e+01
1.700000000000000000e+01
1.500000000000000000e+01
2.400000000000000000e+01
1.600000000000000000e+01
1.600000000000000000e+01
2.300000000000000000e+01
1.700000000000000000e+01
1.500000000000000000e+01
1.200000000000000000e+01
1.000000000000000000e+01
1.000000000000000000e+01
1.700000000000000000e+01
1.700000000000000000e+01
1.700000000000000000e+01
8.000000000000000000e+00
1.000000000000000000e+01
1.200000000000000000e+01
6.000000000000000000e+00
2.000000000000000000e+00
0.000000000000000000e+00
6.920000000000000000e+02
0.000000000000000000e+00
1.000000000000000000e+00
0.000000000000000000e+00
0.000000000000000000e+00
2.000000000000000000e+00
2.000000000000000000e+00
2.000000000000000000e+00
5.000000000000000000e+00
6.000000000000000000e+00
5.000000000000000000e+00
6.000000000000000000e+00
7.000000000000000000e+00
5.000000000000000000e+00
1.200000000000000000e+01
1.400000000000000000e+01
1.200000000000000000e+01
9.000000000000000000e+00
1.600000000000000000e+01
1.900000000000000000e+01
1.900000000000000000e+01
2.100000000000000000e+01
2.100000000000000000e+01
2.000000000000000000e+01
2.300000000000000000e+01
2.000000000000000000e+01
1.800000000000000000e+01
2.900000000000000000e+01
1.600000000000000000e+01
3.000000000000000000e+01
3.000000000000000000e+01
2.900000000000000000e+01
3.000000000000000000e+01
2.500000000000000000e+01
2.800000000000000000e+01
2.300000000000000000e+01
3.900000000000000000e+01
3.600000000000000000e+01
3.000000000000000000e+01
3.900000000000000000e+01
4.000000000000000000e+01
2.900000000000000000e+01
3.300000000000000000e+01
4.200000000000000000e+01
3.100000000000000000e+01
5.600000000000000000e+01
4.700000000000000000e+01
4.300000000000000000e+01
3.200000000000000000e+01
3.600000000000000000e+01
5.200000000000000000e+01
3.900000000000000000e+01
3.600000000000000000e+01
4.900000000000000000e+01
4.600000000000000000e+01
3.300000000000000000e+01
5.600000000000000000e+01
6.000000000000000000e+01
4.700000000000000000e+01
4.700000000000000000e+01
4.800000000000000000e+01
4.900000000000000000e+01
5.000000000000000000e+01
4.300000000000000000e+01
5.400000000000000000e+01
5.900000000000000000e+01
5.700000000000000000e+01
5.500000000000000000e+01
5.700000000000000000e+01
4.800000000000000000e+01
5.400000000000000000e+01
7.400000000000000000e+01
6.200000000000000000e+01
5.800000000000000000e+01
5.700000000000000000e+01
6.600000000000000000e+01
5.400000000000000000e+01
7.300000000000000000e+01
7.200000000000000000e+01
5.700000000000000000e+01
5.500000000000000000e+01
7.600000000000000000e+01
8.300000000000000000e+01
7.300000000000000000e+01
7.100000000000000000e+01
6.200000000000000000e+01
7.700000000000000000e+01
7.300000000000000000e+01
5.700000000000000000e+01
7.300000000000000000e+01
6.400000000000000000e+01
7.300000000000000000e+01
5.900000000000000000e+01
7.700000000000000000e+01
8.600000000000000000e+01
7.500000000000000000e+01
8.200000000000000000e+01
1.000000000000000000e+02
8.700000000000000000e+01
8.700000000000000000e+01
8.400000000000000000e+01
7.800000000000000000e+01
8.400000000000000000e+01
7.600000000000000000e+01
7.400000000000000000e+01
1.000000000000000000e+02
9.500000000000000000e+01
9.100000000000000000e+01
1.030000000000000000e+02
9.500000000000000000e+01
8.100000000000000000e+01
7.900000000000000000e+01
9.000000000000000000e+01
8.600000000000000000e+01
9.200000000000000000e+01
9.300000000000000000e+01
9.100000000000000000e+01
8.500000000000000000e+01
9.000000000000000000e+01
1.050000000000000000e+02
9.400000000000000000e+01
1.080000000000000000e+02
1.020000000000000000e+02
9.100000000000000000e+01
9.200000000000000000e+01
8.700000000000000000e+01
1.000000000000000000e+02
9.600000000000000000e+01
9.800000000000000000e+01
9.900000000000000000e+01
8.800000000000000000e+01
9.800000000000000000e+01
9.300000000000000000e+01
8.600000000000000000e+01
8.600000000000000000e+01
1.050000000000000000e+02
9.400000000000000000e+01
1.010000000000000000e+02
1.110000000000000000e+02
1.070000000000000000e+02
9.400000000000000000e+01
1.130000000000000000e+02
9.800000000000000000e+01
8.400000000000000000e+01
9.800000000000000000e+01
1.120000000000000000e+02
9.600000000000000000e+01
8.900000000000000000e+01
9.500000000000000000e+01
1.010000000000000000e+02
1.080000000000000000e+02
1.240000000000000000e+02
1.000000000000000000e+02
1.090000000000000000e+02
9.800000000000000000e+01
9.700000000000000000e+01
9.800000000000000000e+01
1.070000000000000000e+02
9.200000000000000000e+01
8.100000000000000000e+01
1.090000000000000000e+02
9.000000000000000000e+01
8.600000000000000000e+01
9.000000000000000000e+01
9.000000000000000000e+01
9.000000000000000000e+01
9.900000000000000000e+01
1.020000000000000000e+02
7.600000000000000000e+01
8.400000000000000000e+01
6.200000000000000000e+01
8.500000000000000000e+01
7.700000000000000000e+01
7.000000000000000000e+01
5.700000000000000000e+01
7.500000000000000000e+01
6.800000000000000000e+01
5.100000000000000000e+01
4.100000000000000000e+01
5.400000000000000000e+01
5.800000000000000000e+01
5.800000000000000000e+01
4.700000000000000000e+01
4.600000000000000000e+01
4.600000000000000000e+01
3.900000000000000000e+01
3.700000000000000000e+01
4.800000000000000000e+01
3.400000000000000000e+01
3.800000000000000000e+01
3.600000000000000000e+01
3.700000000000000000e+01
3.200000000000000000e+01
3.600000000000000000e+01
3.500000000000000000e+01
2.800000000000000000e+01
2.300000000000000000e+01
2.400000000000000000e+01
2.100000000000000000e+01
2.100000000000000000e+01
3.000000000000000000e+01
3.000000000000000000e+01
2.900000000000000000e+01
2.500000000000000000e+01
1.800000000000000000e+01
2.800000000000000000e+01
1.900000000000000000e+01
1.600000000000000000e+01
1.700000000000000000e+01
2.600000000000000000e+01
2.700000000000000000e+01
2.800000000000000000e+01
3.400000000000000000e+01
2.400000000000000000e+01
3.800000000000000000e+01
4.300000000000000000e+01
5.900000000000000000e+01
5.800000000000000000e+01
6.000000000000000000e+01
8.200000000000000000e+01
1.180000000000000000e+02
1.700000000000000000e+02
2.310000000000000000e+02
4.070000000000000000e+02
7.320000000000000000e+02
1.546000000000000000e+03
5.097000000000000000e+03
1.318400000000000000e+04
2.888500000000000000e+04
1.593000000000000000e+04
1.238500000000000000e+04
3.381000000000000000e+03
1.165000000000000000e+03
5.540000000000000000e+02
2.830000000000000000e+02
2.210000000000000000e+02
2.060000000000000000e+02
1.500000000000000000e+02
1.390000000000000000e+02
1.140000000000000000e+02
8.800000000000000000e+01
9.200000000000000000e+01
7.600000000000000000e+01
5.400000000000000000e+01
5.200000000000000000e+01
4.200000000000000000e+01
3.500000000000000000e+01
2.700000000000000000e+01
2.000000000000000000e+01
1.800000000000000000e+01
1.700000000000000000e+01
9.000000000000000000e+00
9.000000000000000000e+00
6.000000000000000000e+00
7.000000000000000000e+00
4.000000000000000000e+00
1.700000000000000000e+01
