5.433400000000000000e+04
1.800000000000000000e+01
3.300000000000000000e+01
5.890000000000000000e+02
2.100000000000000000e+01
3.238000000000000000e+03
4.688000000000000000e+03
1.100000000000000000e+01
2.482000000000000000e+03
8.600000000000000000e+01
9.400000000000000000e+01
2.219500000000000000e+04
8.450000000000000000e+02
2.363700000000000000e+04
1.209200000000000000e+04
2.152400000000000000e+04
1.052800000000000000e+04
3.803000000000000000e+03
2.727000000000000000e+03
6.900000000000000000e+03
1.113400000000000000e+04
7.246000000000000000e+03
3.956000000000000000e+03
2.797000000000000000e+03
7.356000000000000000e+03
3.948000000000000000e+03
3.655000000000000000e+03
2.030000000000000000e+02
4.670000000000000000e+02
3.480000000000000000e+02
2.300100000000000000e+04
2.000000000000000000e+00
8.170000000000000000e+02
1.360000000000000000e+02
1.131000000000000000e+03
2.441000000000000000e+03
3.042000000000000000e+03
2.390000000000000000e+02
7.970000000000000000e+02
4.180000000000000000e+02
5.220000000000000000e+02
1.230000000000000000e+02
1.269000000000000000e+03
1.226000000000000000e+03
2.300000000000000000e+02
4.880000000000000000e+02
6.510000000000000000e+02
2.900000000000000000e+01
1.073000000000000000e+03
2.930000000000000000e+02
1.532000000000000000e+03
1.040000000000000000e+03
7.830000000000000000e+02
3.880000000000000000e+02
5.350000000000000000e+02
1.267000000000000000e+03
6.360000000000000000e+02
5.680000000000000000e+02
4.310000000000000000e+02
1.470000000000000000e+02
1.183000000000000000e+03
5.800000000000000000e+01
6.560000000000000000e+02
1.810000000000000000e+03
1.810000000000000000e+02
2.790000000000000000e+02
1.954000000000000000e+03
6.120000000000000000e+02
4.020000000000000000e+02
1.070000000000000000e+03
9.630000000000000000e+02
3.590000000000000000e+02
9.340000000000000000e+02
5.970000000000000000e+02
9.230000000000000000e+02
2.359000000000000000e+03
4.740000000000000000e+02
5.740000000000000000e+02
1.670000000000000000e+02
4.960000000000000000e+02
2.016000000000000000e+03
1.380000000000000000e+02
3.410000000000000000e+02
1.872000000000000000e+03
5.230000000000000000e+02
3.850000000000000000e+02
1.690000000000000000e+02
1.791000000000000000e+03
5.400000000000000000e+02
1.930000000000000000e+02
7.665000000000000000e+03
3.600000000000000000e+02
6.530000000000000000e+02
1.390000000000000000e+03
4.400000000000000000e+02
7.192000000000000000e+03
1.244700000000000000e+04
5.700000000000000000e+02
6.588000000000000000e+03
9.740000000000000000e+02
6.010000000000000000e+02
9.490000000000000000e+03
8.940000000000000000e+02
6.178000000000000000e+03
2.440000000000000000e+03
1.573000000000000000e+03
4.063000000000000000e+03
4.450000000000000000e+02
2.272000000000000000e+03
2.017000000000000000e+03
3.583000000000000000e+03
5.850000000000000000e+03
4.350000000000000000e+03
4.384000000000000000e+03
3.105000000000000000e+03
3.620000000000000000e+03
8.082000000000000000e+03
9.500000000000000000e+01
8.400000000000000000e+02
7.600000000000000000e+01
1.394700000000000000e+04
0.000000000000000000e+00
1.479000000000000000e+03
7.000000000000000000e+01
2.166000000000000000e+03
5.081000000000000000e+03
4.101000000000000000e+03
8.000000000000000000e+00
4.710000000000000000e+02
9.300000000000000000e+01
7.900000000000000000e+02
0.000000000000000000e+00
4.218000000000000000e+03
1.379000000000000000e+03
0.000000000000000000e+00
6.600000000000000000e+01
2.000000000000000000e+00
0.000000000000000000e+00
1.160000000000000000e+02
0.000000000000000000e+00
5.405000000000000000e+03
4.030000000000000000e+02
2.100000000000000000e+01
0.000000000000000000e+00
2.000000000000000000e+00
1.054000000000000000e+03
6.500000000000000000e+01
6.000000000000000000e+00
0.000000000000000000e+00
0.000000000000000000e+00
2.765000000000000000e+03
0.000000000000000000e+00
5.000000000000000000e+00
1.500000000000000000e+01
0.000000000000000000e+00
1.400000000000000000e+01
1.529000000000000000e+03
1.400000000000000000e+01
4.500000000000000000e+01
2.100000000000000000e+01
4.280000000000000000e+02
1.500000000000000000e+01
8.000000000000000000e+00
8.200000000000000000e+01
3.500000000000000000e+01
7.234000000000000000e+03
6.000000000000000000e+00
9.000000000000000000e+00
4.000000000000000000e+00
4.000000000000000000e+01
7.590000000000000000e+02
5.000000000000000000e+00
1.400000000000000000e+01
1.651000000000000000e+03
4.600000000000000000e+01
5.400000000000000000e+01
2.500000000000000000e+01
5.810000000000000000e+02
6.200000000000000000e+01
2.500000000000000000e+01
5.245800000000000000e+04
3.930000000000000000e+03
3.870000000000000000e+03
4.357000000000000000e+03
4.788000000000000000e+03
5.589000000000000000e+03
5.226000000000000000e+03
6.366000000000000000e+03
8.254000000000000000e+03
7.988000000000000000e+03
6.861000000000000000e+03
6.908000000000000000e+03
6.567000000000000000e+03
9.806000000000000000e+03
8.447000000000000000e+03
8.646000000000000000e+03
1.537300000000000000e+04
1.162900000000000000e+04
1.097400000000000000e+04
9.761000000000000000e+03
1.028200000000000000e+04
1.069300000000000000e+04
8.062000000000000000e+03
8.806000000000000000e+03
8.586000000000000000e+03
8.021000000000000000e+03
1.038000000000000000e+04
9.314000000000000000e+03
8.219000000000000000e+03
8.270000000000000000e+03
7.840000000000000000e+03
6.943000000000000000e+03
7.196000000000000000e+03
6.056000000000000000e+03
6.626000000000000000e+03
5.978000000000000000e+03
6.816000000000000000e+03
4.138000000000000000e+03
5.260000000000000000e+03
4.535000000000000000e+03
3.780000000000000000e+03
3.242000000000000000e+03
2.721000000000000000e+03
3.894000000000000000e+03
2.704000000000000000e+03
2.605000000000000000e+03
3.293000000000000000e+03
2.175000000000000000e+03
2.180000000000000000e+03
2.067000000000000000e+03
1.858000000000000000e+03
3.015000000000000000e+03
1.773000000000000000e+03
1.933000000000000000e+03
1.404000000000000000e+03
1.823000000000000000e+03
1.105000000000000000e+03
1.995000000000000000e+03
1.490000000000000000e+03
1.216000000000000000e+03
1.097000000000000000e+03
1.412000000000000000e+03
1.094000000000000000e+03
6.370000000000000000e+02
2.415000000000000000e+03
9.640000000000000000e+02
8.760000000000000000e+02
1.239000000000000000e+03
8.890000000000000000e+02
7.290000000000000000e+02
1.104000000000000000e+03
1.112000000000000000e+03
6.540000000000000000e+02
1.541000000000000000e+03
7.530000000000000000e+02
9.640000000000000000e+02
6.180000000000000000e+02
1.005000000000000000e+03
8.950000000000000000e+02
5.110000000000000000e+02
8.260000000000000000e+02
7.830000000000000000e+02
5.850000000000000000e+02
5.600000000000000000e+02
2.970000000000000000e+02
2.115000000000000000e+03
3.330000000000000000e+02
5.010000000000000000e+02
5.280000000000000000e+02
5.730000000000000000e+02
5.600000000000000000e+02
6.080000000000000000e+02
4.340000000000000000e+02
4.410000000000000000e+02
5.150000000000000000e+02
2.640000000000000000e+02
6.370000000000000000e+02
3.280000000000000000e+02
5.550000000000000000e+02
3.060000000000000000e+02
3.110000000000000000e+02
1.980000000000000000e+02
1.062000000000000000e+03
2.250000000000000000e+02
2.540000000000000000e+02
2.210000000000000000e+02
4.180000000000000000e+02
2.700000000000000000e+02
2.010000000000000000e+02
4.010000000000000000e+02
1.210000000000000000e+02
1.620000000000000000e+02
2.090000000000000000e+02
2.450000000000000000e+02
1.330000000000000000e+02
1.110000000000000000e+02
2.790000000000000000e+02
1.230000000000000000e+02
1.750000000000000000e+02
1.240000000000000000e+02
1.380000000000000000e+02
1.140000000000000000e+02
1.010000000000000000e+02
1.000000000000000000e+02
8.200000000000000000e+01
6.600000000000000000e+01
1.400000000000000000e+01
1.210000000000000000e+02
7.590000000000000000e+02
1.600000000000000000e+01
4.700000000000000000e+01
5.700000000000000000e+01
6.600000000000000000e+01
4.800000000000000000e+01
8.700000000000000000e+01
6.500000000000000000e+01
7.900000000000000000e+01
7.900000000000000000e+01
4.900000000000000000e+01
8.800000000000000000e+01
6.200000000000000000e+01
2.800000000000000000e+01
1.360000000000000000e+02
5.600000000000000000e+01
2.600000000000000000e+01
2.000000000000000000e+01
8.300000000000000000e+01
2.100000000000000000e+01
3.700000000000000000e+01
5.700000000000000000e+01
3.800000000000000000e+01
3.300000000000000000e+01
1.300000000000000000e+01
1.820000000000000000e+02
8.000000000000000000e+00
2.200000000000000000e+01
3.100000000000000000e+01
4.000000000000000000e+01
3.300000000000000000e+01
9.800000000000000000e+01
6.000000000000000000e+00
2.300000000000000000e+01
4.200000000000000000e+01
6.000000000000000000e+00
3.400000000000000000e+01
2.000000000000000000e+01
1.600000000000000000e+01
1.200000000000000000e+01
1.200000000000000000e+01
2.000000000000000000e+00
2.140000000000000000e+02
7.000000000000000000e+00
1.000000000000000000e+01
1.200000000000000000e+01
1.100000000000000000e+01
2.000000000000000000e+01
3.000000000000000000e+00
3.100000000000000000e+01
7.000000000000000000e+00
3.700000000000000000e+01
9.000000000000000000e+00
7.000000000000000000e+00
8.300000000000000000e+01
7.000000000000000000e+00
1.700000000000000000e+01
3.800000000000000000e+01
6.000000000000000000e+00
1.800000000000000000e+01
5.000000000000000000e+00
7.000000000000000000e+00
3.000000000000000000e+00
9.700000000000000000e+01
1.000000000000000000e+00
4.000000000000000000e+00
7.000000000000000000e+00
8.000000000000000000e+00
1.600000000000000000e+01
8.000000000000000000e+00
2.000000000000000000e+01
0.000000000000000000e+00
1.600000000000000000e+01
9.000000000000000000e+00
2.000000000000000000e+00
1.000000000000000000e+00
3.700000000000000000e+01
0.000000000000000000e+00
9.000000000000000000e+00
1.100000000000000000e+01
3.000000000000000000e+00
1.100000000000000000e+01
1.000000000000000000e+00
6.000000000000000000e+00
2.000000000000000000e+00
5.600000000000000000e+01
3.000000000000000000e+00
2.000000000000000000e+00
1.500000000000000000e+01
2.000000000000000000e+00
1.000000000000000000e+00
2.400000000000000000e+01
2.000000000000000000e+00
2.000000000000000000e+00
1.000000000000000000e+00
1.700000000000000000e+01
2.000000000000000000e+00
3.000000000000000000e+00
1.000000000000000000e+00
1.900000000000000000e+01
8.000000000000000000e+00
1.000000000000000000e+00
6.000000000000000000e+00
6.000000000000000000e+00
1.300000000000000000e+01
1.000000000000000000e+00
1.200000000000000000e+01
3.000000000000000000e+00
1.000000000000000000e+00
4.000000000000000000e+00
2.000000000000000000e+00
4.000000000000000000e+00
6.000000000000000000e+00
0.000000000000000000e+00
3.000000000000000000e+00
4.000000000000000000e+00
1.000000000000000000e+00
0.000000000000000000e+00
0.000000000000000000e+00
0.000000000000000000e+00
0.000000000000000000e+00
1.000000000000000000e+00
0.000000000000000000e+00
0.000000000000000000e+00
1.000000000000000000e+00
0.000000000000000000e+00
0.000000000000000000e+00
8.860000000000000000e+02
1.230000000000000000e+02
2.330000000000000000e+02
1.440000000000000000e+02
3.360000000000000000e+02
6.460000000000000000e+02
1.647000000000000000e+03
1.764000000000000000e+03
1.676000000000000000e+03
1.630000000000000000e+03
1.586000000000000000e+03
1.688000000000000000e+03
1.754000000000000000e+03
1.847000000000000000e+03
1.900000000000000000e+03
1.927000000000000000e+03
1.873000000000000000e+03
1.963000000000000000e+03
1.981000000000000000e+03
2.125000000000000000e+03
2.019000000000000000e+03
2.243000000000000000e+03
2.496000000000000000e+03
2.357000000000000000e+03
2.093000000000000000e+03
2.104000000000000000e+03
1.890000000000000000e+03
1.718000000000000000e+03
1.535000000000000000e+03
1.407000000000000000e+03
1.363000000000000000e+03
1.267000000000000000e+03
1.338000000000000000e+03
1.345000000000000000e+03
1.338000000000000000e+03
1.271000000000000000e+03
1.359000000000000000e+03
1.289000000000000000e+03
1.283000000000000000e+03
1.258000000000000000e+03
1.259000000000000000e+03
1.136000000000000000e+03
1.226000000000000000e+03
1.177000000000000000e+03
1.250000000000000000e+03
1.297000000000000000e+03
1.161000000000000000e+03
1.142000000000000000e+03
1.106000000000000000e+03
1.100000000000000000e+03
1.085000000000000000e+03
1.135000000000000000e+03
1.169000000000000000e+03
1.193000000000000000e+03
1.173000000000000000e+03
1.204000000000000000e+03
1.179000000000000000e+03
1.219000000000000000e+03
1.212000000000000000e+03
1.260000000000000000e+03
1.306000000000000000e+03
1.303000000000000000e+03
1.369000000000000000e+03
1.437000000000000000e+03
1.449000000000000000e+03
1.498000000000000000e+03
1.612000000000000000e+03
1.501000000000000000e+03
1.586000000000000000e+03
1.614000000000000000e+03
1.545000000000000000e+03
1.559000000000000000e+03
1.527000000000000000e+03
1.496000000000000000e+03
1.444000000000000000e+03
1.467000000000000000e+03
1.485000000000000000e+03
1.484000000000000000e+03
1.617000000000000000e+03
1.580000000000000000e+03
1.617000000000000000e+03
1.564000000000000000e+03
1.532000000000000000e+03
1.548000000000000000e+03
1.655000000000000000e+03
1.616000000000000000e+03
1.582000000000000000e+03
1.469000000000000000e+03
1.534000000000000000e+03
1.453000000000000000e+03
1.517000000000000000e+03
1.390000000000000000e+03
1.523000000000000000e+03
1.423000000000000000e+03
1.488000000000000000e+03
1.540000000000000000e+03
1.528000000000000000e+03
1.613000000000000000e+03
1.483000000000000000e+03
1.513000000000000000e+03
1.568000000000000000e+03
1.698000000000000000e+03
1.622000000000000000e+03
1.610000000000000000e+03
1.705000000000000000e+03
1.750000000000000000e+03
1.696000000000000000e+03
1.708000000000000000e+03
1.779000000000000000e+03
1.823000000000000000e+03
1.846000000000000000e+03
1.824000000000000000e+03
1.921000000000000000e+03
1.857000000000000000e+03
1.948000000000000000e+03
1.959000000000000000e+03
2.017000000000000000e+03
2.027000000000000000e+03
1.952000000000000000e+03
2.053000000000000000e+03
2.082000000000000000e+03
1.983000000000000000e+03
2.077000000000000000e+03
1.992000000000000000e+03
1.994000000000000000e+03
2.040000000000000000e+03
2.100000000000000000e+03
2.012000000000000000e+03
1.940000000000000000e+03
1.914000000000000000e+03
1.900000000000000000e+03
1.959000000000000000e+03
1.920000000000000000e+03
1.906000000000000000e+03
1.937000000000000000e+03
1.933000000000000000e+03
1.929000000000000000e+03
1.936000000000000000e+03
2.113000000000000000e+03
2.023000000000000000e+03
1.942000000000000000e+03
2.022000000000000000e+03
1.945000000000000000e+03
2.013000000000000000e+03
2.024000000000000000e+03
2.107000000000000000e+03
2.133000000000000000e+03
2.138000000000000000e+03
2.077000000000000000e+03
2.156000000000000000e+03
2.480000000000000000e+03
2.595000000000000000e+03
3.075000000000000000e+03
2.794000000000000000e+03
3.135000000000000000e+03
3.269000000000000000e+03
3.628000000000000000e+03
4.346000000000000000e+03
5.221000000000000000e+03
4.883000000000000000e+03
5.423000000000000000e+03
5.719000000000000000e+03
5.931000000000000000e+03
5.061000000000000000e+03
5.289000000000000000e+03
4.512000000000000000e+03
4.519000000000000000e+03
4.086000000000000000e+03
3.239000000000000000e+03
3.172000000000000000e+03
2.778000000000000000e+03
2.546000000000000000e+03
2.378000000000000000e+03
2.067000000000000000e+03
2.214000000000000000e+03
2.036000000000000000e+03
1.659000000000000000e+03
1.674000000000000000e+03
1.647000000000000000e+03
1.582000000000000000e+03
1.543000000000000000e+03
1.630000000000000000e+03
1.421000000000000000e+03
1.436000000000000000e+03
1.480000000000000000e+03
1.430000000000000000e+03
1.325000000000000000e+03
1.288000000000000000e+03
1.182000000000000000e+03
1.186000000000000000e+03
1.177000000000000000e+03
1.078000000000000000e+03
1.064000000000000000e+03
8.920000000000000000e+02
8.930000000000000000e+02
7.670000000000000000e+02
8.220000000000000000e+02
7.530000000000000000e+02
7.390000000000000000e+02
6.920000000000000000e+02
7.050000000000000000e+02
6.670000000000000000e+02
6.050000000000000000e+02
6.020000000000000000e+02
5.530000000000000000e+02
4.990000000000000000e+02
5.100000000000000000e+02
4.490000000000000000e+02
4.070000000000000000e+02
4.260000000000000000e+02
4.110000000000000000e+02
3.980000000000000000e+02
3.740000000000000000e+02
3.930000000000000000e+02
3.910000000000000000e+02
3.940000000000000000e+02
3.860000000000000000e+02
4.310000000000000000e+02
4.480000000000000000e+02
4.220000000000000000e+02
4.680000000000000000e+02
4.640000000000000000e+02
5.260000000000000000e+02
5.640000000000000000e+02
5.090000000000000000e+02
5.760000000000000000e+02
5.620000000000000000e+02
6.450000000000000000e+02
6.280000000000000000e+02
7.270000000000000000e+02
7.830000000000000000e+02
9.530000000000000000e+02
1.165000000000000000e+03
1.368000000000000000e+03
1.062000000000000000e+03
9.610000000000000000e+02
8.040000000000000000e+02
7.720000000000000000e+02
6.950000000000000000e+02
6.850000000000000000e+02
4.790000000000000000e+02
4.180000000000000000e+02
3.420000000000000000e+02
3.260000000000000000e+02
2.610000000000000000e+02
2.770000000000000000e+02
2.630000000000000000e+02
2.540000000000000000e+02
2.580000000000000000e+02
2.350000000000000000e+02
2.550000000000000000e+02
2.730000000000000000e+02
3.320000000000000000e+02
3.450000000000000000e+02
3.750000000000000000e+02
5.510000000000000000e+02
4.293600000000000000e+04
