1.903910000000000000e+05
8.500000000000000000e+01
9.090000000000000000e+02
5.527000000000000000e+03
4.600000000000000000e+01
7.973000000000000000e+03
1.669900000000000000e+04
2.730000000000000000e+02
6.959000000000000000e+03
2.281000000000000000e+03
2.944000000000000000e+03
2.179100000000000000e+04
2.171400000000000000e+04
7.415000000000000000e+04
8.042000000000000000e+03
1.338800000000000000e+04
5.408000000000000000e+03
2.043000000000000000e+03
1.150000000000000000e+03
2.774000000000000000e+03
1.607700000000000000e+04
1.919000000000000000e+03
1.233000000000000000e+03
1.624000000000000000e+03
4.621000000000000000e+03
1.996000000000000000e+03
1.040000000000000000e+03
2.230000000000000000e+02
2.140000000000000000e+02
1.970000000000000000e+02
8.110000000000000000e+03
4.700000000000000000e+01
2.120000000000000000e+02
5.670000000000000000e+02
1.199000000000000000e+03
2.471000000000000000e+03
2.191000000000000000e+03
1.013000000000000000e+03
1.666000000000000000e+03
1.022000000000000000e+03
1.036000000000000000e+03
4.200000000000000000e+02
1.522000000000000000e+03
2.260000000000000000e+03
5.910000000000000000e+02
1.225000000000000000e+03
1.510000000000000000e+03
9.300000000000000000e+01
1.798000000000000000e+03
3.320000000000000000e+02
2.196000000000000000e+03
1.122000000000000000e+03
7.780000000000000000e+02
2.280000000000000000e+02
4.620000000000000000e+02
9.300000000000000000e+02
7.150000000000000000e+02
4.670000000000000000e+02
2.620000000000000000e+02
1.240000000000000000e+02
1.119000000000000000e+03
8.100000000000000000e+01
4.120000000000000000e+02
6.640000000000000000e+02
3.300000000000000000e+01
3.570000000000000000e+02
1.758000000000000000e+03
4.930000000000000000e+02
2.890000000000000000e+02
7.890000000000000000e+02
9.200000000000000000e+02
2.490000000000000000e+02
8.410000000000000000e+02
6.270000000000000000e+02
1.374000000000000000e+03
3.725000000000000000e+03
7.480000000000000000e+02
1.525000000000000000e+03
8.330000000000000000e+02
7.990000000000000000e+02
3.126000000000000000e+03
3.420000000000000000e+02
4.680000000000000000e+02
1.604000000000000000e+03
1.727000000000000000e+03
1.015000000000000000e+03
5.060000000000000000e+02
3.717000000000000000e+03
9.300000000000000000e+02
1.010000000000000000e+03
1.038000000000000000e+04
1.958000000000000000e+03
1.955000000000000000e+03
2.931000000000000000e+03
3.390000000000000000e+03
8.624000000000000000e+03
1.253400000000000000e+04
5.245000000000000000e+03
3.151900000000000000e+04
1.298000000000000000e+04
1.438700000000000000e+04
1.889000000000000000e+04
1.000000000000000000e+04
3.113200000000000000e+04
1.828900000000000000e+04
6.784100000000000000e+04
4.116900000000000000e+04
6.491900000000000000e+04
2.764200000000000000e+04
3.520800000000000000e+04
1.951300000000000000e+04
2.513800000000000000e+04
2.256800000000000000e+04
3.637600000000000000e+04
2.153200000000000000e+04
2.998600000000000000e+04
4.610300000000000000e+04
3.680000000000000000e+02
9.930000000000000000e+02
2.960000000000000000e+02
1.749500000000000000e+04
1.000000000000000000e+01
1.407000000000000000e+03
9.400000000000000000e+01
2.643000000000000000e+03
8.471000000000000000e+03
9.362000000000000000e+03
4.100000000000000000e+01
5.030000000000000000e+02
1.070000000000000000e+02
1.124000000000000000e+03
1.200000000000000000e+01
7.017000000000000000e+03
2.880000000000000000e+03
1.100000000000000000e+01
1.620000000000000000e+02
4.700000000000000000e+01
1.000000000000000000e+01
2.870000000000000000e+02
8.000000000000000000e+00
9.772000000000000000e+03
9.300000000000000000e+02
1.010000000000000000e+02
6.000000000000000000e+00
1.800000000000000000e+01
2.582000000000000000e+03
2.490000000000000000e+02
4.000000000000000000e+01
2.000000000000000000e+00
0.000000000000000000e+00
1.795000000000000000e+03
0.000000000000000000e+00
2.000000000000000000e+00
1.500000000000000000e+02
0.000000000000000000e+00
8.000000000000000000e+01
6.071000000000000000e+03
3.000000000000000000e+01
1.730000000000000000e+02
6.500000000000000000e+01
2.213000000000000000e+03
2.700000000000000000e+01
9.000000000000000000e+00
9.120000000000000000e+02
6.200000000000000000e+02
1.539200000000000000e+04
4.500000000000000000e+01
4.000000000000000000e+00
1.000000000000000000e+00
8.990000000000000000e+02
8.883000000000000000e+03
7.000000000000000000e+00
2.000000000000000000e+00
1.276900000000000000e+04
3.010000000000000000e+02
4.920000000000000000e+02
1.400000000000000000e+01
6.114000000000000000e+03
1.170000000000000000e+02
1.500000000000000000e+01
1.760800000000000000e+05
2.198000000000000000e+03
1.489400000000000000e+04
1.542200000000000000e+04
7.913000000000000000e+03
7.541000000000000000e+03
7.114000000000000000e+03
6.771000000000000000e+03
1.384600000000000000e+04
8.050000000000000000e+03
8.354000000000000000e+03
9.704000000000000000e+03
9.867000000000000000e+03
9.956000000000000000e+03
9.491000000000000000e+03
1.074500000000000000e+04
1.046200000000000000e+04
9.899000000000000000e+03
1.210500000000000000e+04
1.460200000000000000e+04
2.231500000000000000e+04
4.194600000000000000e+04
1.346700000000000000e+04
1.260900000000000000e+04
3.084100000000000000e+04
1.105700000000000000e+04
2.001100000000000000e+04
2.565600000000000000e+04
1.474800000000000000e+04
1.647000000000000000e+04
1.838300000000000000e+04
1.166600000000000000e+04
1.162200000000000000e+04
1.600600000000000000e+04
1.376400000000000000e+04
1.328700000000000000e+04
1.441200000000000000e+04
1.228500000000000000e+04
1.354300000000000000e+04
1.472200000000000000e+04
1.417200000000000000e+04
1.926600000000000000e+04
2.017100000000000000e+04
2.046900000000000000e+04
1.825500000000000000e+04
1.936200000000000000e+04
2.179800000000000000e+04
1.328700000000000000e+04
1.527700000000000000e+04
1.716600000000000000e+04
1.235000000000000000e+04
9.576000000000000000e+03
8.556000000000000000e+03
1.008500000000000000e+04
7.115000000000000000e+03
9.397000000000000000e+03
6.361000000000000000e+03
8.772000000000000000e+03
9.419000000000000000e+03
8.824000000000000000e+03
1.288000000000000000e+04
1.153600000000000000e+04
1.325600000000000000e+04
1.320000000000000000e+04
1.354300000000000000e+04
1.217300000000000000e+04
1.189600000000000000e+04
1.564700000000000000e+04
1.187400000000000000e+04
1.137300000000000000e+04
1.673800000000000000e+04
1.665200000000000000e+04
1.398200000000000000e+04
7.530000000000000000e+03
4.090000000000000000e+03
4.308000000000000000e+03
3.034000000000000000e+03
2.717000000000000000e+03
2.254000000000000000e+03
2.193000000000000000e+03
2.224000000000000000e+03
2.161000000000000000e+03
1.900000000000000000e+03
1.854000000000000000e+03
1.426000000000000000e+03
2.595000000000000000e+03
1.294000000000000000e+03
1.377000000000000000e+03
2.000000000000000000e+03
1.886000000000000000e+03
1.838000000000000000e+03
1.299000000000000000e+03
9.650000000000000000e+02
1.225000000000000000e+03
1.013000000000000000e+03
8.300000000000000000e+02
1.111000000000000000e+03
7.550000000000000000e+02
9.610000000000000000e+02
7.550000000000000000e+02
9.000000000000000000e+02
8.640000000000000000e+02
9.790000000000000000e+02
8.290000000000000000e+02
8.290000000000000000e+02
7.590000000000000000e+02
7.870000000000000000e+02
4.210000000000000000e+02
3.930000000000000000e+02
4.340000000000000000e+02
2.290000000000000000e+02
2.590000000000000000e+02
2.480000000000000000e+02
3.150000000000000000e+02
1.830000000000000000e+02
1.900000000000000000e+02
3.110000000000000000e+02
1.910000000000000000e+02
1.850000000000000000e+02
1.630000000000000000e+02
1.640000000000000000e+02
1.340000000000000000e+02
1.410000000000000000e+02
1.000000000000000000e+02
9.200000000000000000e+01
8.800000000000000000e+01
7.800000000000000000e+01
8.800000000000000000e+01
4.580000000000000000e+02
6.300000000000000000e+01
6.500000000000000000e+01
6.500000000000000000e+01
7.400000000000000000e+01
5.700000000000000000e+01
7.600000000000000000e+01
7.100000000000000000e+01
9.000000000000000000e+01
1.090000000000000000e+02
6.400000000000000000e+01
9.300000000000000000e+01
7.000000000000000000e+01
8.100000000000000000e+01
1.730000000000000000e+02
9.600000000000000000e+01
7.500000000000000000e+01
7.100000000000000000e+01
1.160000000000000000e+02
8.800000000000000000e+01
8.600000000000000000e+01
8.500000000000000000e+01
6.700000000000000000e+01
8.600000000000000000e+01
7.800000000000000000e+01
1.610000000000000000e+02
7.000000000000000000e+01
6.300000000000000000e+01
1.060000000000000000e+02
7.400000000000000000e+01
6.400000000000000000e+01
1.480000000000000000e+02
5.500000000000000000e+01
5.300000000000000000e+01
7.500000000000000000e+01
4.600000000000000000e+01
5.200000000000000000e+01
4.800000000000000000e+01
5.900000000000000000e+01
4.700000000000000000e+01
4.300000000000000000e+01
3.300000000000000000e+01
1.030000000000000000e+02
3.100000000000000000e+01
1.800000000000000000e+01
2.600000000000000000e+01
2.800000000000000000e+01
1.900000000000000000e+01
1.400000000000000000e+01
1.900000000000000000e+01
1.300000000000000000e+01
3.400000000000000000e+01
1.300000000000000000e+01
1.200000000000000000e+01
5.600000000000000000e+01
5.000000000000000000e+00
9.000000000000000000e+00
1.700000000000000000e+01
9.000000000000000000e+00
5.000000000000000000e+00
1.000000000000000000e+01
6.000000000000000000e+00
6.000000000000000000e+00
6.700000000000000000e+01
6.000000000000000000e+00
5.000000000000000000e+00
8.000000000000000000e+00
4.000000000000000000e+00
6.000000000000000000e+00
1.000000000000000000e+00
2.300000000000000000e+01
5.000000000000000000e+00
1.000000000000000000e+01
7.000000000000000000e+00
4.000000000000000000e+00
8.000000000000000000e+00
1.700000000000000000e+01
4.000000000000000000e+00
7.000000000000000000e+00
5.000000000000000000e+00
2.000000000000000000e+00
1.100000000000000000e+01
4.000000000000000000e+00
3.000000000000000000e+00
2.000000000000000000e+00
3.100000000000000000e+01
2.000000000000000000e+00
1.000000000000000000e+00
4.000000000000000000e+00
1.000000000000000000e+00
1.000000000000000000e+00
1.000000000000000000e+01
0.000000000000000000e+00
2.000000000000000000e+00
2.000000000000000000e+00
1.600000000000000000e+01
1.000000000000000000e+00
2.000000000000000000e+00
1.000000000000000000e+00
1.000000000000000000e+01
0.000000000000000000e+00
0.000000000000000000e+00
8.000000000000000000e+00
1.000000000000000000e+00
5.000000000000000000e+00
1.000000000000000000e+00
1.000000000000000000e+00
0.000000000000000000e+00
2.000000000000000000e+00
1.000000000000000000e+00
2.000000000000000000e+00
1.000000000000000000e+00
1.000000000000000000e+00
2.000000000000000000e+00
0.000000000000000000e+00
1.000000000000000000e+00
1.000000000000000000e+00
0.000000000000000000e+00
1.000000000000000000e+00
1.000000000000000000e+00
0.000000000000000000e+00
0.000000000000000000e+00
0.000000000000000000e+00
0.000000000000000000e+00
0.000000000000000000e+00
1.000000000000000000e+00
0.000000000000000000e+00
1.690000000000000000e+02
1.600000000000000000e+01
2.400000000000000000e+01
5.100000000000000000e+01
5.900000000000000000e+01
1.190000000000000000e+02
1.620000000000000000e+02
2.690000000000000000e+02
2.930000000000000000e+02
4.300000000000000000e+02
4.810000000000000000e+02
5.550000000000000000e+02
7.570000000000000000e+02
8.900000000000000000e+02
8.200000000000000000e+02
6.920000000000000000e+02
5.920000000000000000e+02
5.230000000000000000e+02
5.300000000000000000e+02
6.190000000000000000e+02
6.750000000000000000e+02
6.990000000000000000e+02
8.430000000000000000e+02
9.240000000000000000e+02
1.082000000000000000e+03
1.238000000000000000e+03
1.297000000000000000e+03
1.454000000000000000e+03
1.705000000000000000e+03
1.929000000000000000e+03
2.165000000000000000e+03
2.228000000000000000e+03
2.352000000000000000e+03
2.235000000000000000e+03
2.244000000000000000e+03
2.314000000000000000e+03
2.338000000000000000e+03
2.330000000000000000e+03
2.343000000000000000e+03
2.422000000000000000e+03
2.499000000000000000e+03
2.525000000000000000e+03
2.490000000000000000e+03
2.370000000000000000e+03
2.417000000000000000e+03
2.453000000000000000e+03
2.431000000000000000e+03
2.399000000000000000e+03
2.362000000000000000e+03
2.449000000000000000e+03
2.480000000000000000e+03
2.379000000000000000e+03
2.544000000000000000e+03
2.495000000000000000e+03
2.522000000000000000e+03
2.319000000000000000e+03
2.343000000000000000e+03
2.359000000000000000e+03
2.300000000000000000e+03
2.418000000000000000e+03
2.406000000000000000e+03
2.422000000000000000e+03
2.425000000000000000e+03
2.271000000000000000e+03
2.251000000000000000e+03
2.317000000000000000e+03
2.341000000000000000e+03
2.200000000000000000e+03
2.287000000000000000e+03
2.230000000000000000e+03
2.250000000000000000e+03
2.236000000000000000e+03
2.293000000000000000e+03
2.368000000000000000e+03
2.413000000000000000e+03
2.494000000000000000e+03
2.418000000000000000e+03
2.520000000000000000e+03
2.610000000000000000e+03
2.753000000000000000e+03
2.882000000000000000e+03
3.131000000000000000e+03
3.049000000000000000e+03
2.947000000000000000e+03
2.875000000000000000e+03
2.930000000000000000e+03
2.772000000000000000e+03
2.776000000000000000e+03
2.872000000000000000e+03
2.819000000000000000e+03
2.841000000000000000e+03
2.767000000000000000e+03
2.779000000000000000e+03
2.885000000000000000e+03
2.687000000000000000e+03
2.727000000000000000e+03
2.679000000000000000e+03
2.906000000000000000e+03
2.874000000000000000e+03
2.985000000000000000e+03
3.541000000000000000e+03
3.410000000000000000e+03
3.019000000000000000e+03
2.856000000000000000e+03
2.535000000000000000e+03
2.502000000000000000e+03
2.422000000000000000e+03
2.405000000000000000e+03
2.456000000000000000e+03
2.317000000000000000e+03
2.337000000000000000e+03
2.398000000000000000e+03
2.400000000000000000e+03
2.384000000000000000e+03
2.366000000000000000e+03
2.314000000000000000e+03
2.290000000000000000e+03
2.200000000000000000e+03
2.319000000000000000e+03
2.328000000000000000e+03
2.289000000000000000e+03
2.300000000000000000e+03
2.448000000000000000e+03
2.255000000000000000e+03
2.391000000000000000e+03
2.397000000000000000e+03
2.496000000000000000e+03
2.611000000000000000e+03
2.562000000000000000e+03
2.612000000000000000e+03
2.614000000000000000e+03
2.720000000000000000e+03
2.746000000000000000e+03
2.813000000000000000e+03
2.648000000000000000e+03
2.767000000000000000e+03
2.813000000000000000e+03
2.808000000000000000e+03
2.595000000000000000e+03
2.551000000000000000e+03
2.415000000000000000e+03
2.332000000000000000e+03
2.376000000000000000e+03
2.297000000000000000e+03
2.271000000000000000e+03
2.254000000000000000e+03
2.191000000000000000e+03
2.211000000000000000e+03
2.141000000000000000e+03
2.126000000000000000e+03
2.093000000000000000e+03
2.106000000000000000e+03
2.057000000000000000e+03
2.059000000000000000e+03
2.122000000000000000e+03
2.156000000000000000e+03
2.140000000000000000e+03
2.240000000000000000e+03
2.302000000000000000e+03
2.315000000000000000e+03
2.246000000000000000e+03
2.402000000000000000e+03
2.459000000000000000e+03
2.588000000000000000e+03
2.689000000000000000e+03
2.771000000000000000e+03
3.088000000000000000e+03
3.513000000000000000e+03
3.761000000000000000e+03
4.102000000000000000e+03
4.777000000000000000e+03
6.012000000000000000e+03
7.787000000000000000e+03
1.031500000000000000e+04
9.609000000000000000e+03
9.262000000000000000e+03
1.040100000000000000e+04
1.140600000000000000e+04
1.175500000000000000e+04
1.416600000000000000e+04
1.471400000000000000e+04
1.536700000000000000e+04
1.575500000000000000e+04
1.551500000000000000e+04
1.562700000000000000e+04
1.667100000000000000e+04
1.569800000000000000e+04
1.752200000000000000e+04
1.583100000000000000e+04
1.735800000000000000e+04
1.986800000000000000e+04
2.153700000000000000e+04
2.605900000000000000e+04
2.908200000000000000e+04
2.390000000000000000e+04
1.713300000000000000e+04
1.109200000000000000e+04
8.205000000000000000e+03
7.326000000000000000e+03
6.622000000000000000e+03
6.287000000000000000e+03
5.420000000000000000e+03
4.921000000000000000e+03
4.736000000000000000e+03
4.231000000000000000e+03
3.972000000000000000e+03
3.806000000000000000e+03
3.635000000000000000e+03
3.783000000000000000e+03
3.710000000000000000e+03
3.532000000000000000e+03
3.518000000000000000e+03
3.377000000000000000e+03
3.498000000000000000e+03
3.161000000000000000e+03
3.066000000000000000e+03
3.225000000000000000e+03
3.608000000000000000e+03
3.411000000000000000e+03
3.603000000000000000e+03
3.696000000000000000e+03
3.974000000000000000e+03
3.785000000000000000e+03
3.626000000000000000e+03
3.427000000000000000e+03
3.560000000000000000e+03
4.293000000000000000e+03
4.878000000000000000e+03
4.765000000000000000e+03
5.500000000000000000e+03
5.929000000000000000e+03
6.917000000000000000e+03
8.241000000000000000e+03
8.318000000000000000e+03
8.458000000000000000e+03
8.130000000000000000e+03
9.604000000000000000e+03
1.128300000000000000e+04
1.122200000000000000e+04
1.183100000000000000e+04
8.901000000000000000e+03
6.885000000000000000e+03
5.703000000000000000e+03
4.076000000000000000e+03
3.151000000000000000e+03
2.676000000000000000e+03
2.534000000000000000e+03
2.687000000000000000e+03
2.738000000000000000e+03
2.796000000000000000e+03
2.713000000000000000e+03
3.333000000000000000e+03
3.657000000000000000e+03
4.317000000000000000e+03
5.507000000000000000e+03
7.525000000000000000e+03
1.512930000000000000e+05
