2.388000000000000000e+04
6.200000000000000000e+01
6.640000000000000000e+02
7.410000000000000000e+03
1.926000000000000000e+03
4.761000000000000000e+03
1.061100000000000000e+04
3.050000000000000000e+03
3.959000000000000000e+03
6.535000000000000000e+03
9.568000000000000000e+03
6.485000000000000000e+03
5.164000000000000000e+03
1.437800000000000000e+04
8.439000000000000000e+03
1.132100000000000000e+04
8.972000000000000000e+03
9.897000000000000000e+03
1.107700000000000000e+04
5.464000000000000000e+03
7.887000000000000000e+03
5.724000000000000000e+03
2.777000000000000000e+03
1.983000000000000000e+03
1.999000000000000000e+03
7.640000000000000000e+02
1.580000000000000000e+03
1.177000000000000000e+03
6.600000000000000000e+02
4.900000000000000000e+02
1.783000000000000000e+03
3.290000000000000000e+02
3.490000000000000000e+02
4.350000000000000000e+02
4.360000000000000000e+02
4.680000000000000000e+02
6.520000000000000000e+02
8.800000000000000000e+01
1.780000000000000000e+02
1.710000000000000000e+02
5.190000000000000000e+02
1.490000000000000000e+02
1.070000000000000000e+02
7.500000000000000000e+01
2.900000000000000000e+01
1.750000000000000000e+02
5.300000000000000000e+01
1.800000000000000000e+01
8.300000000000000000e+01
1.400000000000000000e+01
1.390000000000000000e+02
1.400000000000000000e+01
9.000000000000000000e+00
1.630000000000000000e+02
1.000000000000000000e+01
4.100000000000000000e+01
4.400000000000000000e+01
2.400000000000000000e+01
9.000000000000000000e+00
7.000000000000000000e+00
2.940000000000000000e+02
3.000000000000000000e+00
1.800000000000000000e+01
2.000000000000000000e+01
3.800000000000000000e+01
5.400000000000000000e+01
8.000000000000000000e+01
9.000000000000000000e+00
2.300000000000000000e+01
1.700000000000000000e+01
2.700000000000000000e+01
2.400000000000000000e+01
3.100000000000000000e+01
1.300000000000000000e+01
9.000000000000000000e+00
5.230000000000000000e+02
1.000000000000000000e+01
1.300000000000000000e+01
1.190000000000000000e+02
1.000000000000000000e+01
3.880000000000000000e+02
3.300000000000000000e+01
3.000000000000000000e+00
4.200000000000000000e+01
3.900000000000000000e+01
1.800000000000000000e+01
1.900000000000000000e+01
6.000000000000000000e+01
1.100000000000000000e+01
1.500000000000000000e+01
1.052000000000000000e+03
4.000000000000000000e+01
1.250000000000000000e+02
2.180000000000000000e+02
2.860000000000000000e+02
4.260000000000000000e+02
1.107000000000000000e+03
5.070000000000000000e+02
1.002000000000000000e+03
1.562000000000000000e+03
5.061000000000000000e+03
7.113000000000000000e+03
1.725500000000000000e+04
3.050300000000000000e+04
4.700400000000000000e+04
3.906200000000000000e+04
2.588900000000000000e+04
1.177100000000000000e+04
7.014000000000000000e+03
2.962000000000000000e+03
1.366800000000000000e+04
2.042000000000000000e+03
5.361000000000000000e+03
1.241400000000000000e+04
9.663000000000000000e+03
1.642000000000000000e+03
2.283400000000000000e+04
1.213400000000000000e+04
3.857000000000000000e+03
4.200000000000000000e+02
2.848900000000000000e+04
2.950000000000000000e+02
6.690000000000000000e+02
4.226000000000000000e+03
1.852500000000000000e+04
5.763000000000000000e+03
3.011600000000000000e+04
8.500000000000000000e+01
4.608000000000000000e+03
1.767000000000000000e+03
6.369000000000000000e+03
6.403000000000000000e+03
4.843000000000000000e+03
9.849000000000000000e+03
4.335000000000000000e+03
2.704800000000000000e+04
1.171800000000000000e+04
8.540000000000000000e+02
2.288200000000000000e+04
8.355000000000000000e+03
3.040000000000000000e+04
2.099000000000000000e+03
8.750000000000000000e+02
2.302200000000000000e+04
3.040000000000000000e+03
1.189400000000000000e+04
1.546200000000000000e+04
5.507000000000000000e+03
1.812000000000000000e+03
4.600000000000000000e+01
4.836300000000000000e+04
2.000000000000000000e+01
5.670000000000000000e+02
1.173000000000000000e+03
8.027000000000000000e+03
4.523000000000000000e+03
2.743300000000000000e+04
2.300000000000000000e+01
2.809000000000000000e+03
1.021300000000000000e+04
7.703000000000000000e+03
9.325000000000000000e+03
5.205000000000000000e+03
2.173000000000000000e+03
4.037000000000000000e+03
7.493000000000000000e+03
2.358000000000000000e+03
3.577000000000000000e+03
1.500500000000000000e+04
4.872000000000000000e+03
1.537900000000000000e+04
1.384400000000000000e+04
6.700000000000000000e+01
3.111000000000000000e+03
4.749000000000000000e+03
7.011000000000000000e+03
1.544000000000000000e+03
1.148200000000000000e+04
5.890000000000000000e+02
7.000000000000000000e+01
6.450000000000000000e+03
1.190000000000000000e+02
2.260000000000000000e+02
1.189000000000000000e+03
2.201000000000000000e+03
3.312000000000000000e+03
3.880000000000000000e+03
6.536000000000000000e+03
7.647000000000000000e+03
1.265100000000000000e+04
1.112200000000000000e+04
1.769100000000000000e+04
1.198200000000000000e+04
1.402300000000000000e+04
1.454200000000000000e+04
1.431200000000000000e+04
1.563000000000000000e+04
1.599900000000000000e+04
1.484600000000000000e+04
1.404000000000000000e+04
1.398400000000000000e+04
1.641300000000000000e+04
1.364500000000000000e+04
1.365100000000000000e+04
1.345100000000000000e+04
1.259000000000000000e+04
1.188300000000000000e+04
1.237100000000000000e+04
1.189000000000000000e+04
1.150500000000000000e+04
1.088100000000000000e+04
1.201500000000000000e+04
1.164800000000000000e+04
1.223300000000000000e+04
1.076000000000000000e+04
1.219100000000000000e+04
1.404700000000000000e+04
8.417000000000000000e+03
1.365300000000000000e+04
1.004900000000000000e+04
1.050800000000000000e+04
9.836000000000000000e+03
9.463000000000000000e+03
1.275600000000000000e+04
8.582000000000000000e+03
6.967000000000000000e+03
8.299000000000000000e+03
5.827000000000000000e+03
7.379000000000000000e+03
7.045000000000000000e+03
5.684000000000000000e+03
8.823000000000000000e+03
4.354000000000000000e+03
5.299000000000000000e+03
3.825000000000000000e+03
4.783000000000000000e+03
2.907000000000000000e+03
3.164000000000000000e+03
3.311000000000000000e+03
2.442000000000000000e+03
3.776000000000000000e+03
4.478000000000000000e+03
5.462000000000000000e+03
1.354000000000000000e+03
1.037900000000000000e+04
2.252000000000000000e+03
2.578000000000000000e+03
7.288000000000000000e+03
3.376000000000000000e+03
2.239000000000000000e+03
5.937000000000000000e+03
3.734000000000000000e+03
1.697000000000000000e+03
4.331000000000000000e+03
3.029000000000000000e+03
4.970000000000000000e+03
2.224000000000000000e+03
5.179000000000000000e+03
4.453000000000000000e+03
2.552000000000000000e+03
3.350000000000000000e+03
4.422000000000000000e+03
2.019000000000000000e+03
3.404000000000000000e+03
7.830000000000000000e+02
1.058000000000000000e+04
7.410000000000000000e+02
2.894000000000000000e+03
1.298000000000000000e+03
3.013000000000000000e+03
5.100000000000000000e+03
2.505000000000000000e+03
2.827000000000000000e+03
1.931000000000000000e+03
3.324000000000000000e+03
1.941000000000000000e+03
7.234000000000000000e+03
1.683000000000000000e+03
2.744000000000000000e+03
2.323000000000000000e+03
2.253000000000000000e+03
1.308000000000000000e+03
4.929000000000000000e+03
2.659000000000000000e+03
2.321000000000000000e+03
3.287000000000000000e+03
4.055000000000000000e+03
3.967000000000000000e+03
3.405000000000000000e+03
3.867000000000000000e+03
1.973000000000000000e+03
3.092000000000000000e+03
3.796000000000000000e+03
3.247000000000000000e+03
2.901000000000000000e+03
3.888000000000000000e+03
3.145000000000000000e+03
3.274000000000000000e+03
2.789000000000000000e+03
3.528000000000000000e+03
3.447000000000000000e+03
2.785000000000000000e+03
2.509000000000000000e+03
3.750000000000000000e+03
4.974000000000000000e+03
2.017000000000000000e+03
2.786000000000000000e+03
2.889000000000000000e+03
1.038500000000000000e+04
2.842000000000000000e+03
2.680000000000000000e+03
4.234000000000000000e+03
5.643000000000000000e+03
3.714000000000000000e+03
3.837000000000000000e+03
4.233000000000000000e+03
4.551000000000000000e+03
5.469000000000000000e+03
4.410000000000000000e+03
4.861000000000000000e+03
4.511000000000000000e+03
4.830000000000000000e+03
5.567000000000000000e+03
5.993000000000000000e+03
4.736000000000000000e+03
5.331000000000000000e+03
6.572000000000000000e+03
3.266000000000000000e+03
2.196000000000000000e+03
3.243000000000000000e+03
2.638000000000000000e+03
2.716000000000000000e+03
1.837000000000000000e+03
3.227000000000000000e+03
1.387000000000000000e+03
2.837000000000000000e+03
1.688000000000000000e+03
1.776000000000000000e+03
1.576000000000000000e+03
2.760000000000000000e+03
1.326000000000000000e+03
1.264000000000000000e+03
1.638000000000000000e+03
1.450000000000000000e+03
9.850000000000000000e+02
1.346000000000000000e+03
8.460000000000000000e+02
1.617000000000000000e+03
4.130000000000000000e+02
4.430000000000000000e+02
8.580000000000000000e+03
5.410000000000000000e+02
1.750000000000000000e+02
1.439000000000000000e+03
8.190000000000000000e+02
3.610000000000000000e+02
4.190000000000000000e+02
8.900000000000000000e+02
1.990000000000000000e+02
1.110000000000000000e+03
2.610000000000000000e+02
3.890000000000000000e+02
5.550000000000000000e+02
1.500000000000000000e+02
2.660000000000000000e+02
7.460000000000000000e+02
1.470000000000000000e+02
1.780000000000000000e+02
5.870000000000000000e+02
2.790000000000000000e+02
4.200000000000000000e+01
4.392000000000000000e+03
2.500000000000000000e+01
1.090000000000000000e+02
6.110000000000000000e+02
1.960000000000000000e+02
5.450000000000000000e+02
8.700000000000000000e+01
3.970000000000000000e+02
4.200000000000000000e+01
2.780000000000000000e+02
1.370000000000000000e+02
2.460000000000000000e+02
2.600000000000000000e+01
7.790000000000000000e+02
2.500000000000000000e+01
3.950000000000000000e+02
1.520000000000000000e+02
7.100000000000000000e+01
1.750000000000000000e+02
1.900000000000000000e+02
4.400000000000000000e+02
1.500000000000000000e+01
7.490000000000000000e+02
3.010000000000000000e+02
1.850000000000000000e+02
4.800000000000000000e+01
3.430000000000000000e+02
1.100000000000000000e+01
3.770000000000000000e+02
2.150000000000000000e+02
9.300000000000000000e+01
9.700000000000000000e+01
4.500000000000000000e+02
7.100000000000000000e+01
5.600000000000000000e+01
5.400000000000000000e+01
2.240000000000000000e+02
1.850000000000000000e+02
2.800000000000000000e+01
3.150000000000000000e+02
1.190000000000000000e+02
1.950000000000000000e+02
1.780000000000000000e+02
7.700000000000000000e+01
1.890000000000000000e+02
1.500000000000000000e+01
1.010000000000000000e+02
7.100000000000000000e+01
1.100000000000000000e+02
1.160000000000000000e+02
1.200000000000000000e+02
2.940000000000000000e+02
2.350000000000000000e+02
1.440000000000000000e+02
4.800000000000000000e+01
4.100000000000000000e+01
1.300000000000000000e+01
1.200000000000000000e+01
5.000000000000000000e+00
8.000000000000000000e+00
5.000000000000000000e+00
0.000000000000000000e+00
0.000000000000000000e+00
0.000000000000000000e+00
1.388100000000000000e+04
1.386000000000000000e+03
8.740000000000000000e+02
2.969000000000000000e+03
5.008000000000000000e+03
5.034000000000000000e+03
2.246000000000000000e+03
7.597000000000000000e+03
4.538000000000000000e+03
5.244000000000000000e+03
5.041000000000000000e+03
5.023000000000000000e+03
4.270000000000000000e+03
4.018000000000000000e+03
2.581000000000000000e+03
2.886000000000000000e+03
4.713000000000000000e+03
6.245000000000000000e+03
7.212000000000000000e+03
6.029000000000000000e+03
6.906000000000000000e+03
5.271000000000000000e+03
4.556000000000000000e+03
6.662000000000000000e+03
6.068000000000000000e+03
6.476000000000000000e+03
6.549000000000000000e+03
6.842000000000000000e+03
5.338000000000000000e+03
7.311000000000000000e+03
6.467000000000000000e+03
8.602000000000000000e+03
9.274000000000000000e+03
1.049700000000000000e+04
9.731000000000000000e+03
7.556000000000000000e+03
8.992000000000000000e+03
7.431000000000000000e+03
9.347000000000000000e+03
7.718000000000000000e+03
8.010000000000000000e+03
7.332000000000000000e+03
7.475000000000000000e+03
9.046000000000000000e+03
6.720000000000000000e+03
7.725000000000000000e+03
6.626000000000000000e+03
8.175000000000000000e+03
6.025000000000000000e+03
6.755000000000000000e+03
8.067000000000000000e+03
6.310000000000000000e+03
8.141000000000000000e+03
5.268000000000000000e+03
7.348000000000000000e+03
5.859000000000000000e+03
6.508000000000000000e+03
6.450000000000000000e+03
5.257000000000000000e+03
6.361000000000000000e+03
4.788000000000000000e+03
6.308000000000000000e+03
4.592000000000000000e+03
4.837000000000000000e+03
5.460000000000000000e+03
4.239000000000000000e+03
4.943000000000000000e+03
3.816000000000000000e+03
4.407000000000000000e+03
4.117000000000000000e+03
4.056000000000000000e+03
4.333000000000000000e+03
3.944000000000000000e+03
4.731000000000000000e+03
4.122000000000000000e+03
4.097000000000000000e+03
4.037000000000000000e+03
3.940000000000000000e+03
3.760000000000000000e+03
3.693000000000000000e+03
4.302000000000000000e+03
3.877000000000000000e+03
3.888000000000000000e+03
3.978000000000000000e+03
3.623000000000000000e+03
4.469000000000000000e+03
4.076000000000000000e+03
4.556000000000000000e+03
4.298000000000000000e+03
4.035000000000000000e+03
4.194000000000000000e+03
3.528000000000000000e+03
3.502000000000000000e+03
3.227000000000000000e+03
3.659000000000000000e+03
3.460000000000000000e+03
3.158000000000000000e+03
3.346000000000000000e+03
3.131000000000000000e+03
3.211000000000000000e+03
2.847000000000000000e+03
3.313000000000000000e+03
3.115000000000000000e+03
3.317000000000000000e+03
4.122000000000000000e+03
5.628000000000000000e+03
3.777000000000000000e+03
3.489000000000000000e+03
3.537000000000000000e+03
3.554000000000000000e+03
3.008000000000000000e+03
3.379000000000000000e+03
4.011000000000000000e+03
2.853000000000000000e+03
4.441000000000000000e+03
4.875000000000000000e+03
5.172000000000000000e+03
4.409000000000000000e+03
4.852000000000000000e+03
4.511000000000000000e+03
3.157000000000000000e+03
4.315000000000000000e+03
3.979000000000000000e+03
4.344000000000000000e+03
3.492000000000000000e+03
3.956000000000000000e+03
3.690000000000000000e+03
2.882000000000000000e+03
4.192000000000000000e+03
2.991000000000000000e+03
4.206000000000000000e+03
3.519000000000000000e+03
4.218000000000000000e+03
3.823000000000000000e+03
3.619000000000000000e+03
3.617000000000000000e+03
3.237000000000000000e+03
4.097000000000000000e+03
3.370000000000000000e+03
4.381000000000000000e+03
3.661000000000000000e+03
3.407000000000000000e+03
4.201000000000000000e+03
3.817000000000000000e+03
3.839000000000000000e+03
3.797000000000000000e+03
4.373000000000000000e+03
3.473000000000000000e+03
3.867000000000000000e+03
4.185000000000000000e+03
3.599000000000000000e+03
3.825000000000000000e+03
3.246000000000000000e+03
3.329000000000000000e+03
3.130000000000000000e+03
3.103000000000000000e+03
3.274000000000000000e+03
2.758000000000000000e+03
3.281000000000000000e+03
3.193000000000000000e+03
2.892000000000000000e+03
2.973000000000000000e+03
3.238000000000000000e+03
3.985000000000000000e+03
3.587000000000000000e+03
3.791000000000000000e+03
3.438000000000000000e+03
3.744000000000000000e+03
3.356000000000000000e+03
3.401000000000000000e+03
3.765000000000000000e+03
3.100000000000000000e+03
3.317000000000000000e+03
2.947000000000000000e+03
3.150000000000000000e+03
3.401000000000000000e+03
2.614000000000000000e+03
3.075000000000000000e+03
2.491000000000000000e+03
2.906000000000000000e+03
2.780000000000000000e+03
2.966000000000000000e+03
3.060000000000000000e+03
2.471000000000000000e+03
3.241000000000000000e+03
2.637000000000000000e+03
3.133000000000000000e+03
2.742000000000000000e+03
3.063000000000000000e+03
3.117000000000000000e+03
2.518000000000000000e+03
3.160000000000000000e+03
2.716000000000000000e+03
3.433000000000000000e+03
2.710000000000000000e+03
3.265000000000000000e+03
3.011000000000000000e+03
3.108000000000000000e+03
3.545000000000000000e+03
3.126000000000000000e+03
3.446000000000000000e+03
2.723000000000000000e+03
3.281000000000000000e+03
3.109000000000000000e+03
3.133000000000000000e+03
3.249000000000000000e+03
2.724000000000000000e+03
3.001000000000000000e+03
2.473000000000000000e+03
2.929000000000000000e+03
2.830000000000000000e+03
2.626000000000000000e+03
2.546000000000000000e+03
2.688000000000000000e+03
2.248000000000000000e+03
2.125000000000000000e+03
2.298000000000000000e+03
2.062000000000000000e+03
2.029000000000000000e+03
2.078000000000000000e+03
1.997000000000000000e+03
2.045000000000000000e+03
1.801000000000000000e+03
1.690000000000000000e+03
1.573000000000000000e+03
1.482000000000000000e+03
1.464000000000000000e+03
1.442000000000000000e+03
1.268000000000000000e+03
1.288000000000000000e+03
1.135000000000000000e+03
1.133000000000000000e+03
1.118000000000000000e+03
1.128000000000000000e+03
1.038000000000000000e+03
9.180000000000000000e+02
9.460000000000000000e+02
7.960000000000000000e+02
8.620000000000000000e+02
7.930000000000000000e+02
9.640000000000000000e+02
8.730000000000000000e+02
1.030000000000000000e+03
9.980000000000000000e+02
1.163000000000000000e+03
1.093000000000000000e+03
1.089000000000000000e+03
1.077000000000000000e+03
1.072000000000000000e+03
9.830000000000000000e+02
9.130000000000000000e+02
9.090000000000000000e+02
1.018000000000000000e+03
1.003000000000000000e+03
1.160000000000000000e+03
1.034000000000000000e+03
6.069000000000000000e+03
