7.249000000000000000e+03
7.000000000000000000e+00
2.000000000000000000e+00
5.100000000000000000e+01
8.000000000000000000e+00
1.220000000000000000e+02
7.610000000000000000e+02
3.307000000000000000e+03
1.464500000000000000e+04
7.740000000000000000e+02
3.540000000000000000e+02
2.200000000000000000e+02
5.800000000000000000e+01
1.740000000000000000e+02
4.500000000000000000e+01
4.080000000000000000e+02
6.800000000000000000e+01
7.200000000000000000e+01
1.500000000000000000e+02
7.700000000000000000e+01
6.680000000000000000e+02
8.300000000000000000e+01
4.200000000000000000e+01
1.370000000000000000e+02
3.860000000000000000e+02
4.900000000000000000e+02
9.180000000000000000e+02
9.800000000000000000e+02
8.470000000000000000e+02
4.950000000000000000e+02
3.871000000000000000e+03
1.590000000000000000e+02
1.440000000000000000e+02
1.390000000000000000e+02
1.700000000000000000e+02
2.530000000000000000e+02
5.530000000000000000e+02
6.000000000000000000e+01
2.930000000000000000e+02
3.500000000000000000e+01
1.500000000000000000e+02
2.800000000000000000e+01
4.610000000000000000e+02
2.240000000000000000e+02
1.600000000000000000e+01
5.620000000000000000e+02
7.000000000000000000e+01
1.370000000000000000e+02
2.460000000000000000e+02
8.700000000000000000e+01
1.172000000000000000e+03
2.500000000000000000e+02
1.960000000000000000e+02
5.790000000000000000e+02
5.250000000000000000e+02
7.190000000000000000e+02
1.233000000000000000e+03
2.492000000000000000e+03
5.988000000000000000e+03
1.351170000000000000e+05
6.097000000000000000e+03
8.359000000000000000e+03
3.053000000000000000e+03
1.498000000000000000e+03
8.460000000000000000e+02
4.390000000000000000e+02
4.420000000000000000e+02
1.130000000000000000e+02
3.000000000000000000e+02
2.950000000000000000e+02
5.050000000000000000e+02
9.500000000000000000e+01
6.200000000000000000e+01
6.900000000000000000e+01
3.500000000000000000e+01
1.444000000000000000e+03
5.000000000000000000e+00
3.400000000000000000e+01
4.000000000000000000e+00
2.400000000000000000e+01
1.680000000000000000e+02
7.000000000000000000e+00
0.000000000000000000e+00
4.360000000000000000e+02
4.800000000000000000e+01
1.200000000000000000e+01
1.800000000000000000e+01
8.100000000000000000e+01
4.000000000000000000e+00
1.000000000000000000e+00
1.855000000000000000e+03
2.000000000000000000e+00
1.200000000000000000e+01
4.200000000000000000e+01
1.000000000000000000e+00
1.930000000000000000e+02
4.240000000000000000e+02
5.400000000000000000e+01
1.112000000000000000e+03
8.790000000000000000e+02
1.294000000000000000e+03
2.297000000000000000e+03
1.152000000000000000e+03
4.134000000000000000e+03
4.597000000000000000e+03
8.389000000000000000e+03
1.071200000000000000e+04
1.306800000000000000e+04
6.187000000000000000e+03
2.342200000000000000e+04
3.850000000000000000e+04
3.787800000000000000e+04
2.622000000000000000e+04
1.756700000000000000e+04
5.578000000000000000e+03
1.306400000000000000e+04
3.724900000000000000e+04
7.260000000000000000e+02
2.326000000000000000e+03
9.560000000000000000e+02
4.934500000000000000e+04
4.300000000000000000e+01
9.395000000000000000e+03
6.340000000000000000e+02
9.558000000000000000e+03
2.896300000000000000e+04
2.336000000000000000e+03
4.680000000000000000e+02
3.932000000000000000e+03
1.861000000000000000e+03
5.504000000000000000e+03
1.310000000000000000e+02
4.310000000000000000e+03
1.174800000000000000e+04
1.570000000000000000e+02
1.366000000000000000e+03
6.290000000000000000e+02
8.400000000000000000e+01
4.740000000000000000e+03
1.390000000000000000e+02
8.193000000000000000e+03
4.485000000000000000e+03
2.420000000000000000e+03
3.320000000000000000e+02
5.740000000000000000e+02
1.744000000000000000e+03
2.421000000000000000e+03
1.610000000000000000e+03
5.570000000000000000e+02
1.480000000000000000e+02
6.403000000000000000e+03
9.300000000000000000e+01
8.850000000000000000e+02
1.956000000000000000e+03
1.980000000000000000e+02
1.981000000000000000e+03
2.973000000000000000e+03
4.000000000000000000e+03
1.399000000000000000e+03
4.935000000000000000e+03
2.979000000000000000e+03
2.434000000000000000e+03
5.095000000000000000e+03
3.396000000000000000e+03
6.985000000000000000e+03
6.912000000000000000e+03
3.911000000000000000e+03
4.935000000000000000e+03
7.056000000000000000e+03
2.746000000000000000e+03
1.166900000000000000e+04
1.166000000000000000e+04
2.161100000000000000e+04
2.529100000000000000e+04
2.668200000000000000e+04
2.457700000000000000e+04
3.473200000000000000e+04
3.281900000000000000e+04
2.469300000000000000e+04
4.856000000000000000e+03
6.656000000000000000e+03
3.024000000000000000e+03
1.009900000000000000e+04
1.198900000000000000e+04
3.549000000000000000e+03
6.119000000000000000e+03
4.528000000000000000e+03
5.503000000000000000e+03
1.028900000000000000e+04
6.202000000000000000e+03
3.707000000000000000e+03
3.170000000000000000e+03
4.322000000000000000e+03
5.628000000000000000e+03
4.194000000000000000e+03
4.499000000000000000e+03
4.149000000000000000e+03
3.483000000000000000e+03
6.105000000000000000e+03
4.011000000000000000e+03
5.009000000000000000e+03
5.009000000000000000e+03
5.734000000000000000e+03
6.491000000000000000e+03
4.880000000000000000e+03
4.924000000000000000e+03
5.463000000000000000e+03
6.375000000000000000e+03
5.582000000000000000e+03
5.327000000000000000e+03
5.242000000000000000e+03
5.074000000000000000e+03
5.473000000000000000e+03
4.908000000000000000e+03
5.110000000000000000e+03
4.955000000000000000e+03
5.654000000000000000e+03
4.095000000000000000e+03
5.090000000000000000e+03
4.915000000000000000e+03
5.212000000000000000e+03
4.279000000000000000e+03
4.463000000000000000e+03
4.477000000000000000e+03
4.065000000000000000e+03
4.131000000000000000e+03
4.673000000000000000e+03
4.039000000000000000e+03
3.650000000000000000e+03
3.786000000000000000e+03
3.787000000000000000e+03
3.141000000000000000e+03
3.464000000000000000e+03
4.086000000000000000e+03
3.827000000000000000e+03
3.873000000000000000e+03
3.683000000000000000e+03
3.957000000000000000e+03
3.539000000000000000e+03
3.890000000000000000e+03
3.732000000000000000e+03
3.467000000000000000e+03
3.384000000000000000e+03
2.413000000000000000e+03
2.650000000000000000e+03
2.788000000000000000e+03
2.289000000000000000e+03
2.540000000000000000e+03
2.411000000000000000e+03
2.132000000000000000e+03
2.436000000000000000e+03
2.413000000000000000e+03
2.245000000000000000e+03
2.255000000000000000e+03
2.512000000000000000e+03
2.089000000000000000e+03
2.123000000000000000e+03
2.633000000000000000e+03
2.563000000000000000e+03
2.222000000000000000e+03
2.199000000000000000e+03
2.408000000000000000e+03
2.115000000000000000e+03
2.330000000000000000e+03
2.119000000000000000e+03
2.846000000000000000e+03
2.256000000000000000e+03
2.224000000000000000e+03
2.589000000000000000e+03
2.637000000000000000e+03
2.717000000000000000e+03
2.459000000000000000e+03
2.276000000000000000e+03
2.580000000000000000e+03
2.683000000000000000e+03
2.630000000000000000e+03
3.241000000000000000e+03
3.340000000000000000e+03
3.096000000000000000e+03
2.741000000000000000e+03
3.053000000000000000e+03
2.359000000000000000e+03
2.840000000000000000e+03
2.299000000000000000e+03
2.495000000000000000e+03
2.349000000000000000e+03
2.497000000000000000e+03
2.488000000000000000e+03
2.205000000000000000e+03
2.857000000000000000e+03
1.949000000000000000e+03
2.424000000000000000e+03
2.309000000000000000e+03
2.707000000000000000e+03
2.033000000000000000e+03
2.025000000000000000e+03
2.423000000000000000e+03
2.472000000000000000e+03
2.547000000000000000e+03
2.171000000000000000e+03
3.028000000000000000e+03
3.119000000000000000e+03
2.619000000000000000e+03
2.197000000000000000e+03
2.394000000000000000e+03
3.949000000000000000e+03
3.018000000000000000e+03
2.166000000000000000e+03
1.295320000000000000e+05
1.973000000000000000e+03
3.213000000000000000e+03
4.171000000000000000e+03
2.118000000000000000e+03
3.525000000000000000e+03
3.871000000000000000e+03
2.735000000000000000e+03
2.173000000000000000e+03
2.355000000000000000e+03
2.524000000000000000e+03
3.045000000000000000e+03
2.973000000000000000e+03
1.926000000000000000e+03
2.112000000000000000e+03
2.122000000000000000e+03
1.573000000000000000e+03
1.640000000000000000e+03
2.187000000000000000e+03
1.782000000000000000e+03
1.876000000000000000e+03
1.969000000000000000e+03
1.829000000000000000e+03
1.549000000000000000e+03
1.385000000000000000e+03
2.335000000000000000e+03
1.223000000000000000e+03
1.886000000000000000e+03
1.421000000000000000e+03
1.586000000000000000e+03
1.631000000000000000e+03
2.490000000000000000e+03
1.603000000000000000e+03
2.260000000000000000e+03
3.756000000000000000e+03
2.477000000000000000e+03
4.088000000000000000e+03
3.500000000000000000e+03
3.490000000000000000e+03
3.563000000000000000e+03
3.874000000000000000e+03
2.957000000000000000e+03
6.322000000000000000e+03
4.151000000000000000e+03
4.451000000000000000e+03
5.107000000000000000e+03
4.271000000000000000e+03
3.744000000000000000e+03
2.804000000000000000e+03
3.718000000000000000e+03
2.254000000000000000e+03
3.717000000000000000e+03
3.341000000000000000e+03
2.976000000000000000e+03
4.653000000000000000e+03
3.015000000000000000e+03
3.422000000000000000e+03
4.664000000000000000e+03
3.145000000000000000e+03
4.360000000000000000e+03
4.968000000000000000e+03
3.168000000000000000e+03
3.728000000000000000e+03
5.565000000000000000e+03
2.785000000000000000e+03
2.879000000000000000e+03
3.366000000000000000e+03
3.376000000000000000e+03
4.616000000000000000e+03
3.860000000000000000e+03
4.892000000000000000e+03
5.297000000000000000e+03
4.662000000000000000e+03
4.485000000000000000e+03
3.041000000000000000e+03
2.524000000000000000e+03
5.996000000000000000e+03
1.792000000000000000e+03
2.955000000000000000e+03
2.683000000000000000e+03
2.822000000000000000e+03
3.189000000000000000e+03
2.673000000000000000e+03
2.255000000000000000e+03
9.600000000000000000e+02
3.546000000000000000e+03
1.160000000000000000e+03
1.415000000000000000e+03
1.409000000000000000e+03
1.080000000000000000e+03
9.790000000000000000e+02
3.198000000000000000e+03
8.600000000000000000e+02
1.297000000000000000e+03
8.840000000000000000e+02
2.021000000000000000e+03
1.077000000000000000e+03
1.079100000000000000e+04
1.786000000000000000e+03
3.760000000000000000e+03
8.030000000000000000e+02
9.950000000000000000e+02
6.310000000000000000e+02
4.880000000000000000e+02
9.840000000000000000e+02
3.540000000000000000e+02
5.660000000000000000e+02
7.210000000000000000e+02
2.170000000000000000e+02
2.930000000000000000e+02
4.720000000000000000e+02
4.120000000000000000e+02
2.670000000000000000e+02
1.890000000000000000e+02
1.880000000000000000e+02
2.530000000000000000e+02
1.530000000000000000e+02
8.700000000000000000e+01
1.040000000000000000e+02
8.700000000000000000e+01
7.500000000000000000e+01
8.400000000000000000e+01
5.800000000000000000e+01
3.000000000000000000e+00
1.000000000000000000e+00
0.000000000000000000e+00
0.000000000000000000e+00
1.856900000000000000e+04
2.000000000000000000e+00
1.600000000000000000e+01
4.600000000000000000e+01
7.600000000000000000e+01
3.000000000000000000e+02
1.631000000000000000e+03
9.804000000000000000e+03
2.371000000000000000e+03
2.480000000000000000e+03
3.147000000000000000e+03
2.717000000000000000e+03
2.325000000000000000e+03
2.055000000000000000e+03
2.597000000000000000e+03
2.769000000000000000e+03
2.397000000000000000e+03
2.817000000000000000e+03
3.078000000000000000e+03
3.130000000000000000e+03
3.675000000000000000e+03
3.248000000000000000e+03
2.999000000000000000e+03
2.756000000000000000e+03
2.775000000000000000e+03
2.743000000000000000e+03
2.505000000000000000e+03
2.331000000000000000e+03
2.387000000000000000e+03
2.282000000000000000e+03
2.161000000000000000e+03
2.051000000000000000e+03
1.922000000000000000e+03
1.976000000000000000e+03
1.932000000000000000e+03
1.868000000000000000e+03
1.771000000000000000e+03
1.818000000000000000e+03
1.646000000000000000e+03
1.606000000000000000e+03
1.597000000000000000e+03
1.661000000000000000e+03
1.629000000000000000e+03
1.766000000000000000e+03
2.003000000000000000e+03
2.018000000000000000e+03
2.148000000000000000e+03
2.050000000000000000e+03
2.156000000000000000e+03
2.211000000000000000e+03
2.326000000000000000e+03
2.344000000000000000e+03
2.507000000000000000e+03
2.642000000000000000e+03
3.155000000000000000e+03
2.775000000000000000e+03
2.762000000000000000e+03
2.786000000000000000e+03
2.821000000000000000e+03
2.670000000000000000e+03
2.700000000000000000e+03
2.742000000000000000e+03
2.768000000000000000e+03
2.820000000000000000e+03
2.682000000000000000e+03
2.837000000000000000e+03
2.921000000000000000e+03
3.060000000000000000e+03
3.256000000000000000e+03
3.013000000000000000e+03
2.831000000000000000e+03
2.959000000000000000e+03
2.843000000000000000e+03
2.808000000000000000e+03
2.733000000000000000e+03
2.795000000000000000e+03
2.583000000000000000e+03
2.528000000000000000e+03
2.345000000000000000e+03
2.442000000000000000e+03
2.449000000000000000e+03
2.475000000000000000e+03
2.432000000000000000e+03
2.530000000000000000e+03
2.731000000000000000e+03
2.655000000000000000e+03
3.010000000000000000e+03
2.857000000000000000e+03
2.963000000000000000e+03
2.987000000000000000e+03
3.057000000000000000e+03
3.252000000000000000e+03
3.208000000000000000e+03
3.117000000000000000e+03
3.493000000000000000e+03
3.617000000000000000e+03
4.578000000000000000e+03
5.219000000000000000e+03
4.325000000000000000e+03
5.965000000000000000e+03
4.793000000000000000e+03
6.345000000000000000e+03
7.463000000000000000e+03
1.338970000000000000e+05
7.677000000000000000e+03
5.105000000000000000e+03
3.382000000000000000e+03
3.025000000000000000e+03
2.604000000000000000e+03
2.547000000000000000e+03
2.492000000000000000e+03
2.440000000000000000e+03
2.487000000000000000e+03
2.425000000000000000e+03
2.529000000000000000e+03
2.677000000000000000e+03
2.817000000000000000e+03
2.984000000000000000e+03
3.014000000000000000e+03
2.723000000000000000e+03
2.670000000000000000e+03
2.861000000000000000e+03
4.550000000000000000e+03
3.761000000000000000e+03
3.556000000000000000e+03
3.244000000000000000e+03
2.863000000000000000e+03
2.646000000000000000e+03
2.811000000000000000e+03
2.538000000000000000e+03
2.544000000000000000e+03
2.519000000000000000e+03
2.415000000000000000e+03
2.411000000000000000e+03
2.577000000000000000e+03
2.336000000000000000e+03
2.899000000000000000e+03
2.851000000000000000e+03
2.755000000000000000e+03
2.654000000000000000e+03
2.854000000000000000e+03
3.382000000000000000e+03
3.552000000000000000e+03
3.920000000000000000e+03
3.060000000000000000e+03
3.198000000000000000e+03
3.456000000000000000e+03
3.597000000000000000e+03
4.307000000000000000e+03
5.091000000000000000e+03
5.269000000000000000e+03
5.516000000000000000e+03
5.303000000000000000e+03
5.496000000000000000e+03
6.058000000000000000e+03
6.549000000000000000e+03
7.162000000000000000e+03
6.647000000000000000e+03
6.395000000000000000e+03
5.642000000000000000e+03
5.061000000000000000e+03
4.640000000000000000e+03
4.550000000000000000e+03
4.036000000000000000e+03
3.926000000000000000e+03
3.777000000000000000e+03
3.838000000000000000e+03
3.933000000000000000e+03
3.993000000000000000e+03
3.991000000000000000e+03
3.714000000000000000e+03
3.745000000000000000e+03
3.507000000000000000e+03
3.113000000000000000e+03
3.055000000000000000e+03
3.198000000000000000e+03
3.167000000000000000e+03
3.098000000000000000e+03
2.944000000000000000e+03
2.769000000000000000e+03
2.869000000000000000e+03
3.040000000000000000e+03
3.306000000000000000e+03
3.669000000000000000e+03
3.951000000000000000e+03
4.280000000000000000e+03
4.667000000000000000e+03
3.929000000000000000e+03
4.455000000000000000e+03
3.929000000000000000e+03
3.644000000000000000e+03
3.510000000000000000e+03
3.319000000000000000e+03
3.190000000000000000e+03
3.024000000000000000e+03
3.078000000000000000e+03
3.325000000000000000e+03
3.612000000000000000e+03
4.149000000000000000e+03
4.199000000000000000e+03
3.732000000000000000e+03
3.422000000000000000e+03
3.054000000000000000e+03
3.205000000000000000e+03
3.066000000000000000e+03
2.871000000000000000e+03
3.214000000000000000e+03
3.686000000000000000e+03
3.140000000000000000e+03
3.638000000000000000e+03
4.018000000000000000e+03
3.706000000000000000e+03
3.662000000000000000e+03
3.520000000000000000e+03
3.473000000000000000e+03
3.144000000000000000e+03
2.635000000000000000e+03
2.352000000000000000e+03
2.295000000000000000e+03
2.082000000000000000e+03
2.286000000000000000e+03
1.948000000000000000e+03
1.858000000000000000e+03
2.491000000000000000e+03
2.881000000000000000e+03
1.148600000000000000e+04
1.459000000000000000e+03
2.221000000000000000e+03
2.434000000000000000e+03
2.023000000000000000e+03
2.983000000000000000e+03
2.665000000000000000e+03
5.699000000000000000e+03
3.521000000000000000e+03
4.008000000000000000e+03
2.352000000000000000e+03
2.182000000000000000e+03
2.344000000000000000e+03
2.134000000000000000e+03
1.707000000000000000e+03
1.386000000000000000e+03
1.008000000000000000e+03
7.410000000000000000e+02
5.970000000000000000e+02
4.880000000000000000e+02
3.960000000000000000e+02
3.830000000000000000e+02
3.360000000000000000e+02
3.410000000000000000e+02
3.430000000000000000e+02
4.070000000000000000e+02
5.380000000000000000e+02
7.690000000000000000e+02
9.980000000000000000e+02
1.298000000000000000e+03
2.443000000000000000e+03
2.116700000000000000e+04
