1.724000000000000000e+03
1.000000000000000000e+00
1.000000000000000000e+01
1.300000000000000000e+01
2.000000000000000000e+00
7.000000000000000000e+01
2.240000000000000000e+02
6.000000000000000000e+00
2.760000000000000000e+02
8.100000000000000000e+01
1.080000000000000000e+02
9.050000000000000000e+02
5.590000000000000000e+02
1.973000000000000000e+03
1.114000000000000000e+03
2.598000000000000000e+03
7.815000000000000000e+03
8.370000000000000000e+03
6.393000000000000000e+03
2.239500000000000000e+04
1.323600000000000000e+04
7.764000000000000000e+03
1.006000000000000000e+04
7.310000000000000000e+03
6.971000000000000000e+03
8.863000000000000000e+03
2.409900000000000000e+04
1.043000000000000000e+03
3.557000000000000000e+03
1.448000000000000000e+03
1.666100000000000000e+04
1.000000000000000000e+00
9.242000000000000000e+03
2.411000000000000000e+03
3.282300000000000000e+04
2.621600000000000000e+04
3.985000000000000000e+03
6.430000000000000000e+02
1.847000000000000000e+03
7.950000000000000000e+02
2.292000000000000000e+03
1.280000000000000000e+02
3.494000000000000000e+03
3.196000000000000000e+03
1.980000000000000000e+02
5.970000000000000000e+02
1.997000000000000000e+03
9.100000000000000000e+01
2.505000000000000000e+03
3.320000000000000000e+02
2.251000000000000000e+03
2.192000000000000000e+03
1.742000000000000000e+03
2.150000000000000000e+02
6.100000000000000000e+02
1.817000000000000000e+03
1.406000000000000000e+03
1.921000000000000000e+03
3.150000000000000000e+02
4.640000000000000000e+02
1.699000000000000000e+03
8.700000000000000000e+01
2.680000000000000000e+02
8.370000000000000000e+02
7.600000000000000000e+01
3.780000000000000000e+02
2.409000000000000000e+03
4.260000000000000000e+02
1.430000000000000000e+02
3.110000000000000000e+02
9.970000000000000000e+02
5.900000000000000000e+01
5.400000000000000000e+01
6.930000000000000000e+02
4.160000000000000000e+02
2.887000000000000000e+03
2.060000000000000000e+02
3.500000000000000000e+01
2.000000000000000000e+00
7.430000000000000000e+02
4.111000000000000000e+03
4.700000000000000000e+01
1.300000000000000000e+01
3.124000000000000000e+03
2.980000000000000000e+02
6.320000000000000000e+02
8.500000000000000000e+01
4.233000000000000000e+03
1.480000000000000000e+02
7.600000000000000000e+01
4.339000000000000000e+03
9.500000000000000000e+01
2.770000000000000000e+02
8.690000000000000000e+02
1.470000000000000000e+02
1.603000000000000000e+03
4.131000000000000000e+03
9.300000000000000000e+01
7.030000000000000000e+02
2.440000000000000000e+02
1.960000000000000000e+02
1.294000000000000000e+03
1.880000000000000000e+02
1.071000000000000000e+03
2.310000000000000000e+02
1.510000000000000000e+02
2.190000000000000000e+02
3.100000000000000000e+01
3.800000000000000000e+01
2.110000000000000000e+02
1.021000000000000000e+03
9.400000000000000000e+01
2.400000000000000000e+01
1.900000000000000000e+01
3.410000000000000000e+02
1.210000000000000000e+02
4.000000000000000000e+00
0.000000000000000000e+00
0.000000000000000000e+00
0.000000000000000000e+00
7.920000000000000000e+02
0.000000000000000000e+00
0.000000000000000000e+00
0.000000000000000000e+00
1.400000000000000000e+01
8.500000000000000000e+01
2.630000000000000000e+02
0.000000000000000000e+00
7.000000000000000000e+00
0.000000000000000000e+00
7.000000000000000000e+00
0.000000000000000000e+00
6.600000000000000000e+01
3.400000000000000000e+01
0.000000000000000000e+00
1.200000000000000000e+01
0.000000000000000000e+00
0.000000000000000000e+00
0.000000000000000000e+00
0.000000000000000000e+00
1.790000000000000000e+02
1.500000000000000000e+01
0.000000000000000000e+00
0.000000000000000000e+00
0.000000000000000000e+00
1.400000000000000000e+01
0.000000000000000000e+00
0.000000000000000000e+00
0.000000000000000000e+00
0.000000000000000000e+00
1.700000000000000000e+01
0.000000000000000000e+00
0.000000000000000000e+00
0.000000000000000000e+00
0.000000000000000000e+00
0.000000000000000000e+00
4.600000000000000000e+01
0.000000000000000000e+00
0.000000000000000000e+00
0.000000000000000000e+00
6.000000000000000000e+00
0.000000000000000000e+00
0.000000000000000000e+00
2.000000000000000000e+00
0.000000000000000000e+00
2.420000000000000000e+02
0.000000000000000000e+00
0.000000000000000000e+00
0.000000000000000000e+00
0.000000000000000000e+00
9.000000000000000000e+00
0.000000000000000000e+00
0.000000000000000000e+00
1.240000000000000000e+02
0.000000000000000000e+00
0.000000000000000000e+00
0.000000000000000000e+00
3.000000000000000000e+00
0.000000000000000000e+00
0.000000000000000000e+00
1.641000000000000000e+03
3.900000000000000000e+01
2.560000000000000000e+02
1.348000000000000000e+03
1.094000000000000000e+03
1.155000000000000000e+03
2.647000000000000000e+03
2.245000000000000000e+03
1.251400000000000000e+04
1.580100000000000000e+04
4.004000000000000000e+03
4.256000000000000000e+03
4.945000000000000000e+03
3.357000000000000000e+03
3.712000000000000000e+03
1.157700000000000000e+04
4.476000000000000000e+03
2.976000000000000000e+03
2.991000000000000000e+03
3.333000000000000000e+03
3.676000000000000000e+03
6.864000000000000000e+03
4.491000000000000000e+03
4.679000000000000000e+03
3.266000000000000000e+03
4.341000000000000000e+03
4.614000000000000000e+03
2.879000000000000000e+03
3.042000000000000000e+03
2.480000000000000000e+03
2.845000000000000000e+03
2.783000000000000000e+03
2.805000000000000000e+03
2.575000000000000000e+03
2.855000000000000000e+03
2.946000000000000000e+03
3.283000000000000000e+03
2.064000000000000000e+03
2.754000000000000000e+03
2.809000000000000000e+03
2.787000000000000000e+03
2.777000000000000000e+03
3.475000000000000000e+03
4.346000000000000000e+03
3.845000000000000000e+03
3.726000000000000000e+03
3.475000000000000000e+03
3.735000000000000000e+03
4.155000000000000000e+03
5.113000000000000000e+03
4.324000000000000000e+03
3.550000000000000000e+03
3.029000000000000000e+03
3.735000000000000000e+03
3.994000000000000000e+03
5.264000000000000000e+03
4.612000000000000000e+03
3.976000000000000000e+03
4.786000000000000000e+03
4.080000000000000000e+03
3.080000000000000000e+03
3.082000000000000000e+03
3.568000000000000000e+03
2.111000000000000000e+03
3.152000000000000000e+03
2.460000000000000000e+03
2.052000000000000000e+03
2.352000000000000000e+03
2.420000000000000000e+03
2.974000000000000000e+03
3.545000000000000000e+03
2.971000000000000000e+03
2.352000000000000000e+03
2.347000000000000000e+03
2.010000000000000000e+03
1.807000000000000000e+03
1.821000000000000000e+03
1.801000000000000000e+03
1.623000000000000000e+03
1.361000000000000000e+03
1.512000000000000000e+03
1.865000000000000000e+03
1.678000000000000000e+03
1.070000000000000000e+03
1.202000000000000000e+03
2.048000000000000000e+03
9.630000000000000000e+02
8.690000000000000000e+02
1.002000000000000000e+03
1.009000000000000000e+03
7.440000000000000000e+02
6.390000000000000000e+02
5.660000000000000000e+02
5.660000000000000000e+02
5.180000000000000000e+02
3.870000000000000000e+02
6.580000000000000000e+02
3.980000000000000000e+02
4.300000000000000000e+02
3.700000000000000000e+02
3.590000000000000000e+02
2.380000000000000000e+02
5.870000000000000000e+02
2.050000000000000000e+02
2.150000000000000000e+02
1.660000000000000000e+02
2.700000000000000000e+02
2.070000000000000000e+02
1.820000000000000000e+02
3.440000000000000000e+02
4.200000000000000000e+01
1.100000000000000000e+02
1.750000000000000000e+02
1.980000000000000000e+02
5.600000000000000000e+01
1.040000000000000000e+02
1.480000000000000000e+02
7.700000000000000000e+01
1.690000000000000000e+02
6.500000000000000000e+01
1.980000000000000000e+02
1.190000000000000000e+02
6.900000000000000000e+01
6.500000000000000000e+01
6.500000000000000000e+01
2.100000000000000000e+01
1.300000000000000000e+01
6.000000000000000000e+01
5.130000000000000000e+02
1.100000000000000000e+01
9.000000000000000000e+00
3.100000000000000000e+01
6.400000000000000000e+01
4.100000000000000000e+01
6.100000000000000000e+01
7.000000000000000000e+01
9.500000000000000000e+01
5.700000000000000000e+01
2.100000000000000000e+01
8.600000000000000000e+01
3.300000000000000000e+01
1.300000000000000000e+01
8.400000000000000000e+01
5.000000000000000000e+01
1.800000000000000000e+01
1.700000000000000000e+01
1.010000000000000000e+02
1.300000000000000000e+01
5.500000000000000000e+01
2.900000000000000000e+01
3.400000000000000000e+01
3.500000000000000000e+01
5.000000000000000000e+00
1.180000000000000000e+02
4.000000000000000000e+00
3.200000000000000000e+01
2.100000000000000000e+01
5.000000000000000000e+01
3.100000000000000000e+01
9.000000000000000000e+01
8.000000000000000000e+00
2.200000000000000000e+01
2.400000000000000000e+01
6.000000000000000000e+00
2.900000000000000000e+01
3.300000000000000000e+01
1.700000000000000000e+01
5.000000000000000000e+00
2.000000000000000000e+00
2.000000000000000000e+00
1.330000000000000000e+02
1.000000000000000000e+00
0.000000000000000000e+00
1.300000000000000000e+01
1.800000000000000000e+01
1.900000000000000000e+01
3.000000000000000000e+00
1.900000000000000000e+01
1.000000000000000000e+00
1.700000000000000000e+01
8.000000000000000000e+00
5.000000000000000000e+00
4.900000000000000000e+01
1.000000000000000000e+00
1.800000000000000000e+01
4.300000000000000000e+01
3.000000000000000000e+00
2.400000000000000000e+01
1.100000000000000000e+01
4.000000000000000000e+00
1.000000000000000000e+00
9.900000000000000000e+01
3.000000000000000000e+00
4.000000000000000000e+00
3.000000000000000000e+00
1.600000000000000000e+01
1.500000000000000000e+01
2.000000000000000000e+00
1.400000000000000000e+01
2.000000000000000000e+00
2.600000000000000000e+01
5.000000000000000000e+00
4.000000000000000000e+00
1.000000000000000000e+00
4.300000000000000000e+01
1.000000000000000000e+00
9.000000000000000000e+00
1.300000000000000000e+01
3.000000000000000000e+00
7.000000000000000000e+00
8.000000000000000000e+00
2.000000000000000000e+00
1.000000000000000000e+00
3.000000000000000000e+01
5.000000000000000000e+00
3.000000000000000000e+00
9.000000000000000000e+00
3.000000000000000000e+00
1.000000000000000000e+00
5.400000000000000000e+01
2.000000000000000000e+00
1.200000000000000000e+01
7.000000000000000000e+00
2.100000000000000000e+01
2.000000000000000000e+00
2.000000000000000000e+00
2.000000000000000000e+00
1.600000000000000000e+01
1.000000000000000000e+00
2.000000000000000000e+00
1.700000000000000000e+01
1.000000000000000000e+00
9.000000000000000000e+00
2.000000000000000000e+00
1.700000000000000000e+01
9.000000000000000000e+00
3.000000000000000000e+00
1.700000000000000000e+01
4.000000000000000000e+00
2.000000000000000000e+00
4.000000000000000000e+00
2.000000000000000000e+00
1.000000000000000000e+00
4.000000000000000000e+00
2.000000000000000000e+00
1.000000000000000000e+00
2.000000000000000000e+00
5.000000000000000000e+00
0.000000000000000000e+00
1.000000000000000000e+00
1.000000000000000000e+00
0.000000000000000000e+00
0.000000000000000000e+00
0.000000000000000000e+00
0.000000000000000000e+00
4.600000000000000000e+02
3.000000000000000000e+00
1.300000000000000000e+01
3.600000000000000000e+01
5.600000000000000000e+01
1.150000000000000000e+02
2.330000000000000000e+02
2.290000000000000000e+02
2.370000000000000000e+02
2.890000000000000000e+02
2.600000000000000000e+02
2.800000000000000000e+02
2.960000000000000000e+02
3.240000000000000000e+02
4.260000000000000000e+02
5.250000000000000000e+02
5.540000000000000000e+02
7.290000000000000000e+02
8.070000000000000000e+02
8.410000000000000000e+02
9.250000000000000000e+02
9.660000000000000000e+02
9.960000000000000000e+02
9.630000000000000000e+02
9.800000000000000000e+02
9.650000000000000000e+02
9.420000000000000000e+02
9.870000000000000000e+02
1.005000000000000000e+03
1.037000000000000000e+03
1.090000000000000000e+03
1.170000000000000000e+03
1.176000000000000000e+03
1.127000000000000000e+03
1.049000000000000000e+03
9.980000000000000000e+02
9.830000000000000000e+02
9.570000000000000000e+02
9.030000000000000000e+02
8.600000000000000000e+02
8.530000000000000000e+02
8.530000000000000000e+02
8.220000000000000000e+02
8.220000000000000000e+02
8.180000000000000000e+02
1.037000000000000000e+03
1.089000000000000000e+03
1.264000000000000000e+03
1.189000000000000000e+03
1.247000000000000000e+03
1.110000000000000000e+03
1.212000000000000000e+03
1.196000000000000000e+03
1.106000000000000000e+03
1.253000000000000000e+03
1.317000000000000000e+03
1.459000000000000000e+03
1.561000000000000000e+03
1.628000000000000000e+03
1.713000000000000000e+03
1.711000000000000000e+03
1.697000000000000000e+03
1.782000000000000000e+03
1.715000000000000000e+03
1.871000000000000000e+03
2.063000000000000000e+03
2.077000000000000000e+03
2.113000000000000000e+03
1.605000000000000000e+03
1.348000000000000000e+03
1.186000000000000000e+03
1.251000000000000000e+03
1.388000000000000000e+03
1.281000000000000000e+03
1.263000000000000000e+03
1.284000000000000000e+03
1.285000000000000000e+03
1.396000000000000000e+03
1.456000000000000000e+03
1.545000000000000000e+03
1.547000000000000000e+03
1.736000000000000000e+03
1.996000000000000000e+03
2.113000000000000000e+03
2.267000000000000000e+03
2.106000000000000000e+03
2.314000000000000000e+03
2.225000000000000000e+03
2.477000000000000000e+03
1.996000000000000000e+03
2.277000000000000000e+03
2.325000000000000000e+03
2.807000000000000000e+03
2.600000000000000000e+03
2.577000000000000000e+03
2.631000000000000000e+03
2.474000000000000000e+03
2.533000000000000000e+03
2.425000000000000000e+03
2.358000000000000000e+03
2.248000000000000000e+03
1.936000000000000000e+03
1.556000000000000000e+03
1.444000000000000000e+03
1.538000000000000000e+03
1.643000000000000000e+03
1.620000000000000000e+03
1.621000000000000000e+03
1.903000000000000000e+03
2.343000000000000000e+03
2.345000000000000000e+03
1.451000000000000000e+03
1.536000000000000000e+03
1.427000000000000000e+03
1.289000000000000000e+03
1.093000000000000000e+03
9.550000000000000000e+02
9.120000000000000000e+02
9.640000000000000000e+02
9.560000000000000000e+02
9.440000000000000000e+02
1.015000000000000000e+03
9.790000000000000000e+02
8.910000000000000000e+02
9.670000000000000000e+02
9.490000000000000000e+02
9.730000000000000000e+02
9.500000000000000000e+02
9.470000000000000000e+02
1.054000000000000000e+03
1.119000000000000000e+03
1.083000000000000000e+03
1.125000000000000000e+03
1.170000000000000000e+03
1.260000000000000000e+03
1.236000000000000000e+03
1.343000000000000000e+03
1.216000000000000000e+03
1.233000000000000000e+03
1.220000000000000000e+03
1.350000000000000000e+03
1.433000000000000000e+03
1.624000000000000000e+03
1.913000000000000000e+03
2.302000000000000000e+03
2.158000000000000000e+03
2.272000000000000000e+03
2.175000000000000000e+03
2.238000000000000000e+03
1.870000000000000000e+03
1.488000000000000000e+03
1.186000000000000000e+03
1.060000000000000000e+03
9.710000000000000000e+02
1.057000000000000000e+03
9.570000000000000000e+02
9.600000000000000000e+02
9.380000000000000000e+02
8.520000000000000000e+02
7.810000000000000000e+02
7.960000000000000000e+02
7.100000000000000000e+02
7.270000000000000000e+02
6.070000000000000000e+02
5.820000000000000000e+02
5.090000000000000000e+02
5.680000000000000000e+02
4.960000000000000000e+02
6.300000000000000000e+02
5.750000000000000000e+02
4.770000000000000000e+02
4.900000000000000000e+02
5.580000000000000000e+02
5.750000000000000000e+02
6.680000000000000000e+02
9.780000000000000000e+02
9.620000000000000000e+02
1.152000000000000000e+03
1.499000000000000000e+03
1.106000000000000000e+03
1.164000000000000000e+03
1.072000000000000000e+03
1.240000000000000000e+03
1.434000000000000000e+03
1.551000000000000000e+03
1.594000000000000000e+03
1.445000000000000000e+03
1.470000000000000000e+03
1.382000000000000000e+03
1.317000000000000000e+03
1.618000000000000000e+03
1.160000000000000000e+03
1.141000000000000000e+03
1.474000000000000000e+03
1.266000000000000000e+03
1.227000000000000000e+03
1.077000000000000000e+03
1.039000000000000000e+03
1.019000000000000000e+03
8.800000000000000000e+02
8.550000000000000000e+02
8.330000000000000000e+02
8.550000000000000000e+02
9.420000000000000000e+02
8.770000000000000000e+02
8.830000000000000000e+02
8.080000000000000000e+02
8.220000000000000000e+02
7.750000000000000000e+02
7.960000000000000000e+02
7.640000000000000000e+02
8.360000000000000000e+02
7.700000000000000000e+02
8.500000000000000000e+02
8.140000000000000000e+02
9.110000000000000000e+02
9.880000000000000000e+02
1.083000000000000000e+03
1.063000000000000000e+03
1.076000000000000000e+03
1.048000000000000000e+03
8.720000000000000000e+02
1.149000000000000000e+03
9.900000000000000000e+02
1.056000000000000000e+03
1.060000000000000000e+03
1.018000000000000000e+03
1.272000000000000000e+03
9.520000000000000000e+02
1.089000000000000000e+03
9.270000000000000000e+02
1.013000000000000000e+03
9.600000000000000000e+02
1.031000000000000000e+03
1.218000000000000000e+03
1.223000000000000000e+03
1.195000000000000000e+03
1.332000000000000000e+03
1.384000000000000000e+03
2.804000000000000000e+03
9.730000000000000000e+02
1.339000000000000000e+03
2.084000000000000000e+03
1.835000000000000000e+03
2.733000000000000000e+03
3.239000000000000000e+03
2.238000000000000000e+03
2.030000000000000000e+02
1.490000000000000000e+02
1.540000000000000000e+02
2.070000000000000000e+02
1.300000000000000000e+02
1.240000000000000000e+02
8.500000000000000000e+01
1.070000000000000000e+02
9.800000000000000000e+01
4.120000000000000000e+02
