1.885000000000000000e+04
2.900000000000000000e+01
2.200000000000000000e+01
1.200000000000000000e+01
1.900000000000000000e+01
5.100000000000000000e+01
2.140000000000000000e+02
8.000000000000000000e+00
9.200000000000000000e+01
1.600000000000000000e+01
1.800000000000000000e+01
3.300000000000000000e+02
1.400000000000000000e+01
2.400000000000000000e+02
1.370000000000000000e+02
1.180000000000000000e+02
1.580000000000000000e+02
7.800000000000000000e+01
5.500000000000000000e+01
2.020000000000000000e+02
6.910000000000000000e+02
2.570000000000000000e+02
2.420000000000000000e+02
3.910000000000000000e+02
6.820000000000000000e+02
8.940000000000000000e+02
2.547000000000000000e+03
2.392000000000000000e+03
1.437000000000000000e+03
7.590000000000000000e+02
1.376000000000000000e+03
4.600000000000000000e+02
4.150000000000000000e+02
2.220000000000000000e+02
2.830000000000000000e+02
3.720000000000000000e+02
2.550000000000000000e+02
7.000000000000000000e+01
1.260000000000000000e+02
7.600000000000000000e+01
8.200000000000000000e+01
2.200000000000000000e+01
1.160000000000000000e+02
1.100000000000000000e+02
9.000000000000000000e+00
6.000000000000000000e+01
1.900000000000000000e+01
3.000000000000000000e+00
5.600000000000000000e+01
2.000000000000000000e+00
2.370000000000000000e+02
4.400000000000000000e+01
1.100000000000000000e+01
1.900000000000000000e+01
9.000000000000000000e+00
6.600000000000000000e+01
3.300000000000000000e+01
1.400000000000000000e+01
5.000000000000000000e+00
0.000000000000000000e+00
9.200000000000000000e+01
0.000000000000000000e+00
2.000000000000000000e+00
2.600000000000000000e+01
2.000000000000000000e+00
2.100000000000000000e+01
1.660000000000000000e+02
9.000000000000000000e+00
2.200000000000000000e+01
1.800000000000000000e+01
1.080000000000000000e+02
9.000000000000000000e+00
9.000000000000000000e+00
5.500000000000000000e+01
5.500000000000000000e+01
2.438000000000000000e+03
1.400000000000000000e+01
5.000000000000000000e+00
2.000000000000000000e+00
9.400000000000000000e+01
6.330000000000000000e+02
9.000000000000000000e+00
9.000000000000000000e+00
7.050000000000000000e+02
4.300000000000000000e+01
4.600000000000000000e+01
1.300000000000000000e+01
3.640000000000000000e+02
4.400000000000000000e+01
3.200000000000000000e+01
1.156000000000000000e+03
4.900000000000000000e+01
8.700000000000000000e+01
2.110000000000000000e+02
5.500000000000000000e+01
7.860000000000000000e+02
1.644000000000000000e+03
4.000000000000000000e+00
1.367000000000000000e+03
2.600000000000000000e+01
1.600000000000000000e+01
8.023000000000000000e+03
2.500000000000000000e+01
6.631000000000000000e+03
1.494000000000000000e+03
1.060000000000000000e+02
3.128000000000000000e+03
4.100000000000000000e+01
6.800000000000000000e+01
1.884000000000000000e+03
1.887000000000000000e+03
1.175000000000000000e+03
1.310000000000000000e+02
1.660000000000000000e+02
1.962000000000000000e+03
7.110000000000000000e+02
1.250000000000000000e+02
8.000000000000000000e+00
1.800000000000000000e+01
1.900000000000000000e+01
4.392000000000000000e+03
1.000000000000000000e+00
3.700000000000000000e+01
1.200000000000000000e+01
1.580000000000000000e+02
4.730000000000000000e+02
1.318000000000000000e+03
2.000000000000000000e+01
8.600000000000000000e+01
1.100000000000000000e+01
1.810000000000000000e+02
6.000000000000000000e+00
5.860000000000000000e+02
2.600000000000000000e+02
0.000000000000000000e+00
8.400000000000000000e+01
9.000000000000000000e+00
0.000000000000000000e+00
1.060000000000000000e+02
1.000000000000000000e+00
4.930000000000000000e+02
6.000000000000000000e+01
6.000000000000000000e+00
1.000000000000000000e+00
5.000000000000000000e+00
2.740000000000000000e+02
1.400000000000000000e+01
1.000000000000000000e+01
0.000000000000000000e+00
0.000000000000000000e+00
3.470000000000000000e+02
0.000000000000000000e+00
5.000000000000000000e+00
1.100000000000000000e+01
1.000000000000000000e+00
1.100000000000000000e+01
2.610000000000000000e+02
8.000000000000000000e+00
9.000000000000000000e+00
8.000000000000000000e+00
6.400000000000000000e+01
3.000000000000000000e+00
1.200000000000000000e+01
3.700000000000000000e+01
2.600000000000000000e+01
1.077000000000000000e+03
1.500000000000000000e+01
1.300000000000000000e+01
4.000000000000000000e+00
3.500000000000000000e+01
1.650000000000000000e+02
2.500000000000000000e+01
3.500000000000000000e+01
1.226000000000000000e+03
9.200000000000000000e+01
9.300000000000000000e+01
6.500000000000000000e+01
1.250000000000000000e+02
4.700000000000000000e+01
4.100000000000000000e+01
1.864900000000000000e+04
2.590000000000000000e+02
6.980000000000000000e+02
8.690000000000000000e+02
1.361000000000000000e+03
1.502000000000000000e+03
1.354000000000000000e+03
1.017000000000000000e+03
1.726000000000000000e+03
1.554000000000000000e+03
1.199000000000000000e+03
9.960000000000000000e+02
1.021000000000000000e+03
1.146000000000000000e+03
1.049000000000000000e+03
1.349000000000000000e+03
1.484000000000000000e+03
1.587000000000000000e+03
1.422000000000000000e+03
1.295000000000000000e+03
1.415000000000000000e+03
1.342000000000000000e+03
1.095000000000000000e+03
1.322000000000000000e+03
1.224000000000000000e+03
8.960000000000000000e+02
1.299000000000000000e+03
1.129000000000000000e+03
1.190000000000000000e+03
9.230000000000000000e+02
1.895000000000000000e+03
2.025000000000000000e+03
1.440000000000000000e+03
1.796000000000000000e+03
1.004000000000000000e+03
9.160000000000000000e+02
9.500000000000000000e+02
5.230000000000000000e+02
8.320000000000000000e+02
6.120000000000000000e+02
5.630000000000000000e+02
5.780000000000000000e+02
5.980000000000000000e+02
5.860000000000000000e+02
4.940000000000000000e+02
5.280000000000000000e+02
5.030000000000000000e+02
3.080000000000000000e+02
3.050000000000000000e+02
3.420000000000000000e+02
3.850000000000000000e+02
3.760000000000000000e+02
2.350000000000000000e+02
2.740000000000000000e+02
2.370000000000000000e+02
2.530000000000000000e+02
1.940000000000000000e+02
2.410000000000000000e+02
1.980000000000000000e+02
1.790000000000000000e+02
1.700000000000000000e+02
1.650000000000000000e+02
1.580000000000000000e+02
1.270000000000000000e+02
2.430000000000000000e+02
1.590000000000000000e+02
1.390000000000000000e+02
1.400000000000000000e+02
1.320000000000000000e+02
1.040000000000000000e+02
1.430000000000000000e+02
1.600000000000000000e+02
1.230000000000000000e+02
1.740000000000000000e+02
9.900000000000000000e+01
1.070000000000000000e+02
1.310000000000000000e+02
1.310000000000000000e+02
1.010000000000000000e+02
8.900000000000000000e+01
8.500000000000000000e+01
8.900000000000000000e+01
6.200000000000000000e+01
6.700000000000000000e+01
6.200000000000000000e+01
1.680000000000000000e+02
6.800000000000000000e+01
6.500000000000000000e+01
7.100000000000000000e+01
6.200000000000000000e+01
5.600000000000000000e+01
7.900000000000000000e+01
5.300000000000000000e+01
7.900000000000000000e+01
7.000000000000000000e+01
5.800000000000000000e+01
6.500000000000000000e+01
5.600000000000000000e+01
7.200000000000000000e+01
8.200000000000000000e+01
7.000000000000000000e+01
4.500000000000000000e+01
9.200000000000000000e+01
5.300000000000000000e+01
7.800000000000000000e+01
6.300000000000000000e+01
7.100000000000000000e+01
5.800000000000000000e+01
6.800000000000000000e+01
7.200000000000000000e+01
4.300000000000000000e+01
4.400000000000000000e+01
5.600000000000000000e+01
8.600000000000000000e+01
4.700000000000000000e+01
5.400000000000000000e+01
6.000000000000000000e+01
7.600000000000000000e+01
5.100000000000000000e+01
4.400000000000000000e+01
3.500000000000000000e+01
4.500000000000000000e+01
6.700000000000000000e+01
4.900000000000000000e+01
6.100000000000000000e+01
5.400000000000000000e+01
4.200000000000000000e+01
4.700000000000000000e+01
9.400000000000000000e+01
4.200000000000000000e+01
4.300000000000000000e+01
3.800000000000000000e+01
3.600000000000000000e+01
3.300000000000000000e+01
4.400000000000000000e+01
4.400000000000000000e+01
3.100000000000000000e+01
3.600000000000000000e+01
1.600000000000000000e+01
2.000000000000000000e+01
3.000000000000000000e+01
3.300000000000000000e+01
3.000000000000000000e+01
4.500000000000000000e+01
1.000000000000000000e+01
3.500000000000000000e+01
6.000000000000000000e+01
5.600000000000000000e+01
4.300000000000000000e+01
3.100000000000000000e+01
3.800000000000000000e+01
3.200000000000000000e+01
3.500000000000000000e+01
8.500000000000000000e+01
3.500000000000000000e+01
2.800000000000000000e+01
4.100000000000000000e+01
3.300000000000000000e+01
6.500000000000000000e+01
7.800000000000000000e+01
1.190000000000000000e+02
4.900000000000000000e+01
9.400000000000000000e+01
4.500000000000000000e+01
8.300000000000000000e+01
6.800000000000000000e+01
7.500000000000000000e+01
6.400000000000000000e+01
4.000000000000000000e+01
6.700000000000000000e+01
7.500000000000000000e+01
3.200000000000000000e+01
4.700000000000000000e+01
3.800000000000000000e+01
3.900000000000000000e+01
3.000000000000000000e+01
4.300000000000000000e+01
4.100000000000000000e+01
1.600000000000000000e+01
4.200000000000000000e+01
3.200000000000000000e+01
3.400000000000000000e+01
6.400000000000000000e+01
2.800000000000000000e+01
4.100000000000000000e+01
4.400000000000000000e+01
2.600000000000000000e+01
2.200000000000000000e+01
3.000000000000000000e+01
3.600000000000000000e+01
1.900000000000000000e+01
3.700000000000000000e+01
9.000000000000000000e+00
1.700000000000000000e+01
1.200000000000000000e+01
1.600000000000000000e+01
1.200000000000000000e+01
1.300000000000000000e+01
2.300000000000000000e+01
3.300000000000000000e+01
2.500000000000000000e+01
3.600000000000000000e+01
6.000000000000000000e+01
1.190000000000000000e+02
1.250000000000000000e+02
1.040000000000000000e+02
7.600000000000000000e+01
1.730000000000000000e+02
1.660000000000000000e+02
1.400000000000000000e+02
1.830000000000000000e+02
2.010000000000000000e+02
1.300000000000000000e+02
2.020000000000000000e+02
1.730000000000000000e+02
2.400000000000000000e+02
3.020000000000000000e+02
2.220000000000000000e+02
1.290000000000000000e+02
1.290000000000000000e+02
6.700000000000000000e+01
5.100000000000000000e+01
4.500000000000000000e+01
5.100000000000000000e+01
2.300000000000000000e+01
3.900000000000000000e+01
2.300000000000000000e+01
3.200000000000000000e+01
1.700000000000000000e+01
1.500000000000000000e+01
1.200000000000000000e+01
1.600000000000000000e+01
1.100000000000000000e+01
1.200000000000000000e+01
7.000000000000000000e+00
7.000000000000000000e+00
7.000000000000000000e+00
5.000000000000000000e+00
6.000000000000000000e+00
1.000000000000000000e+00
9.000000000000000000e+00
5.000000000000000000e+00
5.000000000000000000e+00
4.000000000000000000e+00
3.000000000000000000e+00
5.000000000000000000e+00
6.000000000000000000e+00
1.500000000000000000e+01
1.100000000000000000e+01
7.000000000000000000e+00
1.000000000000000000e+00
3.000000000000000000e+00
0.000000000000000000e+00
0.000000000000000000e+00
0.000000000000000000e+00
9.720000000000000000e+02
1.950000000000000000e+02
6.700000000000000000e+01
1.000000000000000000e+02
7.700000000000000000e+01
1.350000000000000000e+02
1.630000000000000000e+02
2.670000000000000000e+02
4.090000000000000000e+02
7.840000000000000000e+02
4.110000000000000000e+02
3.920000000000000000e+02
3.640000000000000000e+02
2.980000000000000000e+02
2.680000000000000000e+02
2.770000000000000000e+02
2.580000000000000000e+02
2.340000000000000000e+02
2.050000000000000000e+02
2.260000000000000000e+02
1.990000000000000000e+02
1.950000000000000000e+02
2.090000000000000000e+02
2.200000000000000000e+02
2.300000000000000000e+02
2.010000000000000000e+02
2.340000000000000000e+02
2.300000000000000000e+02
2.190000000000000000e+02
2.470000000000000000e+02
2.500000000000000000e+02
2.640000000000000000e+02
2.680000000000000000e+02
2.860000000000000000e+02
3.430000000000000000e+02
3.210000000000000000e+02
3.620000000000000000e+02
3.220000000000000000e+02
3.660000000000000000e+02
3.610000000000000000e+02
3.370000000000000000e+02
3.190000000000000000e+02
3.020000000000000000e+02
3.000000000000000000e+02
3.200000000000000000e+02
2.700000000000000000e+02
3.050000000000000000e+02
2.770000000000000000e+02
3.460000000000000000e+02
3.570000000000000000e+02
3.720000000000000000e+02
3.620000000000000000e+02
4.200000000000000000e+02
4.280000000000000000e+02
4.070000000000000000e+02
4.740000000000000000e+02
4.380000000000000000e+02
4.850000000000000000e+02
4.770000000000000000e+02
5.410000000000000000e+02
6.970000000000000000e+02
8.170000000000000000e+02
1.334000000000000000e+03
1.414000000000000000e+03
9.820000000000000000e+02
9.700000000000000000e+02
1.636000000000000000e+03
1.095000000000000000e+03
1.269000000000000000e+03
8.970000000000000000e+02
8.010000000000000000e+02
6.520000000000000000e+02
7.380000000000000000e+02
7.030000000000000000e+02
7.030000000000000000e+02
7.060000000000000000e+02
8.290000000000000000e+02
8.100000000000000000e+02
7.980000000000000000e+02
8.190000000000000000e+02
7.810000000000000000e+02
7.720000000000000000e+02
7.310000000000000000e+02
8.150000000000000000e+02
7.200000000000000000e+02
6.450000000000000000e+02
6.470000000000000000e+02
6.240000000000000000e+02
6.420000000000000000e+02
6.750000000000000000e+02
5.990000000000000000e+02
5.970000000000000000e+02
6.120000000000000000e+02
5.740000000000000000e+02
5.620000000000000000e+02
6.010000000000000000e+02
6.110000000000000000e+02
5.790000000000000000e+02
5.420000000000000000e+02
5.670000000000000000e+02
5.370000000000000000e+02
5.570000000000000000e+02
5.260000000000000000e+02
5.000000000000000000e+02
4.750000000000000000e+02
6.000000000000000000e+02
5.890000000000000000e+02
5.890000000000000000e+02
5.550000000000000000e+02
6.720000000000000000e+02
6.940000000000000000e+02
6.370000000000000000e+02
6.550000000000000000e+02
5.670000000000000000e+02
5.470000000000000000e+02
4.820000000000000000e+02
5.000000000000000000e+02
5.350000000000000000e+02
4.940000000000000000e+02
5.250000000000000000e+02
4.710000000000000000e+02
4.570000000000000000e+02
4.320000000000000000e+02
4.460000000000000000e+02
4.450000000000000000e+02
3.750000000000000000e+02
3.700000000000000000e+02
3.470000000000000000e+02
3.210000000000000000e+02
2.920000000000000000e+02
2.920000000000000000e+02
2.580000000000000000e+02
2.910000000000000000e+02
2.270000000000000000e+02
2.790000000000000000e+02
2.790000000000000000e+02
2.780000000000000000e+02
2.510000000000000000e+02
2.120000000000000000e+02
2.530000000000000000e+02
2.390000000000000000e+02
2.320000000000000000e+02
2.190000000000000000e+02
1.880000000000000000e+02
2.110000000000000000e+02
2.280000000000000000e+02
2.000000000000000000e+02
1.680000000000000000e+02
1.630000000000000000e+02
1.780000000000000000e+02
1.460000000000000000e+02
1.580000000000000000e+02
1.630000000000000000e+02
1.410000000000000000e+02
1.240000000000000000e+02
1.130000000000000000e+02
1.130000000000000000e+02
1.120000000000000000e+02
1.070000000000000000e+02
9.000000000000000000e+01
1.000000000000000000e+02
1.170000000000000000e+02
1.300000000000000000e+02
1.120000000000000000e+02
1.070000000000000000e+02
1.080000000000000000e+02
9.800000000000000000e+01
1.030000000000000000e+02
1.210000000000000000e+02
1.060000000000000000e+02
1.060000000000000000e+02
1.320000000000000000e+02
9.700000000000000000e+01
1.020000000000000000e+02
9.100000000000000000e+01
1.000000000000000000e+02
1.280000000000000000e+02
1.170000000000000000e+02
7.800000000000000000e+01
7.600000000000000000e+01
7.600000000000000000e+01
1.060000000000000000e+02
9.500000000000000000e+01
9.300000000000000000e+01
8.000000000000000000e+01
1.120000000000000000e+02
9.700000000000000000e+01
1.180000000000000000e+02
9.100000000000000000e+01
7.700000000000000000e+01
1.170000000000000000e+02
8.400000000000000000e+01
8.000000000000000000e+01
7.900000000000000000e+01
8.500000000000000000e+01
8.100000000000000000e+01
7.400000000000000000e+01
7.100000000000000000e+01
6.900000000000000000e+01
7.200000000000000000e+01
6.900000000000000000e+01
7.600000000000000000e+01
6.400000000000000000e+01
6.000000000000000000e+01
7.900000000000000000e+01
6.000000000000000000e+01
7.800000000000000000e+01
7.500000000000000000e+01
1.030000000000000000e+02
7.000000000000000000e+01
1.050000000000000000e+02
1.680000000000000000e+02
1.920000000000000000e+02
1.370000000000000000e+02
1.470000000000000000e+02
1.980000000000000000e+02
2.050000000000000000e+02
1.570000000000000000e+02
1.240000000000000000e+02
1.360000000000000000e+02
1.740000000000000000e+02
2.710000000000000000e+02
2.980000000000000000e+02
3.440000000000000000e+02
3.060000000000000000e+02
2.880000000000000000e+02
3.690000000000000000e+02
3.730000000000000000e+02
3.580000000000000000e+02
3.860000000000000000e+02
3.200000000000000000e+02
3.000000000000000000e+02
2.350000000000000000e+02
1.610000000000000000e+02
2.090000000000000000e+02
1.390000000000000000e+02
1.130000000000000000e+02
9.200000000000000000e+01
6.800000000000000000e+01
6.700000000000000000e+01
6.700000000000000000e+01
6.500000000000000000e+01
7.500000000000000000e+01
7.400000000000000000e+01
9.900000000000000000e+01
9.600000000000000000e+01
9.300000000000000000e+01
8.700000000000000000e+01
1.190000000000000000e+02
1.150000000000000000e+02
1.170000000000000000e+02
1.290000000000000000e+02
1.250000000000000000e+02
1.510000000000000000e+02
1.520000000000000000e+02
1.690000000000000000e+02
2.582000000000000000e+03
