2.615570000000000000e+05
2.450000000000000000e+02
2.510000000000000000e+02
3.760000000000000000e+02
3.060000000000000000e+02
7.960000000000000000e+02
9.990000000000000000e+02
5.010000000000000000e+02
1.182000000000000000e+03
1.065000000000000000e+03
1.692000000000000000e+03
4.969000000000000000e+03
1.721700000000000000e+04
6.708900000000000000e+04
3.370200000000000000e+04
7.370000000000000000e+03
6.723000000000000000e+03
4.656000000000000000e+03
3.604000000000000000e+03
3.656000000000000000e+03
9.981000000000000000e+03
2.404000000000000000e+03
2.044000000000000000e+03
1.762000000000000000e+03
1.711000000000000000e+03
1.019000000000000000e+03
9.770000000000000000e+02
6.310000000000000000e+02
3.990000000000000000e+02
2.030000000000000000e+02
1.415000000000000000e+03
2.900000000000000000e+01
4.100000000000000000e+01
8.000000000000000000e+00
1.210000000000000000e+02
8.400000000000000000e+01
1.920000000000000000e+02
1.200000000000000000e+01
4.100000000000000000e+01
3.300000000000000000e+01
7.600000000000000000e+01
4.000000000000000000e+00
9.100000000000000000e+01
9.000000000000000000e+01
7.000000000000000000e+00
5.200000000000000000e+01
1.800000000000000000e+01
2.000000000000000000e+00
6.300000000000000000e+01
3.000000000000000000e+00
1.230000000000000000e+02
4.200000000000000000e+01
1.700000000000000000e+01
1.000000000000000000e+01
6.000000000000000000e+00
8.300000000000000000e+01
2.800000000000000000e+01
1.300000000000000000e+01
6.000000000000000000e+00
0.000000000000000000e+00
5.350000000000000000e+02
0.000000000000000000e+00
9.000000000000000000e+00
3.400000000000000000e+01
2.000000000000000000e+00
1.400000000000000000e+01
1.300000000000000000e+02
7.000000000000000000e+00
1.300000000000000000e+01
1.300000000000000000e+01
7.700000000000000000e+01
1.000000000000000000e+01
9.000000000000000000e+00
4.400000000000000000e+01
2.800000000000000000e+01
9.790000000000000000e+02
1.300000000000000000e+01
5.000000000000000000e+00
0.000000000000000000e+00
2.900000000000000000e+01
1.330000000000000000e+02
1.000000000000000000e+00
0.000000000000000000e+00
1.610000000000000000e+02
2.500000000000000000e+01
1.300000000000000000e+01
4.000000000000000000e+00
7.500000000000000000e+01
3.000000000000000000e+00
3.000000000000000000e+00
1.170000000000000000e+02
1.000000000000000000e+00
7.000000000000000000e+00
4.200000000000000000e+01
1.000000000000000000e+00
5.700000000000000000e+01
1.990000000000000000e+02
3.000000000000000000e+00
5.600000000000000000e+01
1.300000000000000000e+01
1.600000000000000000e+01
1.630000000000000000e+02
3.000000000000000000e+01
2.720000000000000000e+02
5.000000000000000000e+01
1.590000000000000000e+02
1.180000000000000000e+02
2.600000000000000000e+01
8.700000000000000000e+01
1.470000000000000000e+02
7.680000000000000000e+02
9.100000000000000000e+01
2.500000000000000000e+01
1.200000000000000000e+02
2.830000000000000000e+02
1.230000000000000000e+02
6.700000000000000000e+01
6.000000000000000000e+00
6.000000000000000000e+00
7.000000000000000000e+00
1.711000000000000000e+03
1.000000000000000000e+00
1.800000000000000000e+01
1.000000000000000000e+01
4.900000000000000000e+01
1.560000000000000000e+02
1.420000000000000000e+02
1.200000000000000000e+01
6.700000000000000000e+01
1.700000000000000000e+01
4.600000000000000000e+01
2.000000000000000000e+00
8.900000000000000000e+01
7.300000000000000000e+01
5.000000000000000000e+00
1.070000000000000000e+02
1.800000000000000000e+01
1.000000000000000000e+00
3.500000000000000000e+01
6.000000000000000000e+00
1.310000000000000000e+02
3.900000000000000000e+01
1.900000000000000000e+01
1.600000000000000000e+01
3.300000000000000000e+01
5.700000000000000000e+01
4.400000000000000000e+01
1.500000000000000000e+01
1.300000000000000000e+01
5.000000000000000000e+00
5.700000000000000000e+01
1.000000000000000000e+00
7.000000000000000000e+00
3.100000000000000000e+01
5.000000000000000000e+00
2.200000000000000000e+01
1.370000000000000000e+02
3.300000000000000000e+01
4.000000000000000000e+01
2.400000000000000000e+01
9.300000000000000000e+01
1.200000000000000000e+01
1.300000000000000000e+01
3.200000000000000000e+01
1.110000000000000000e+02
3.180000000000000000e+03
2.200000000000000000e+01
2.800000000000000000e+01
1.000000000000000000e+00
3.600000000000000000e+01
2.110000000000000000e+02
1.900000000000000000e+01
2.800000000000000000e+01
3.240000000000000000e+02
9.100000000000000000e+01
7.900000000000000000e+01
3.700000000000000000e+01
2.710000000000000000e+02
8.600000000000000000e+01
2.060000000000000000e+02
2.597570000000000000e+05
3.000000000000000000e+00
4.100000000000000000e+01
9.400000000000000000e+01
1.690000000000000000e+02
2.360000000000000000e+02
2.010000000000000000e+02
2.840000000000000000e+02
3.350000000000000000e+02
4.750000000000000000e+02
6.800000000000000000e+02
4.830000000000000000e+02
5.450000000000000000e+02
6.010000000000000000e+02
8.290000000000000000e+02
1.198000000000000000e+03
9.510000000000000000e+02
8.080000000000000000e+02
6.940000000000000000e+02
6.380000000000000000e+02
7.760000000000000000e+02
7.600000000000000000e+02
5.230000000000000000e+02
9.750000000000000000e+02
5.070000000000000000e+02
3.220000000000000000e+02
5.510000000000000000e+02
3.900000000000000000e+02
3.780000000000000000e+02
2.620000000000000000e+02
2.470000000000000000e+02
2.270000000000000000e+02
3.650000000000000000e+02
1.920000000000000000e+02
2.900000000000000000e+02
2.110000000000000000e+02
3.650000000000000000e+02
9.600000000000000000e+01
1.500000000000000000e+02
1.760000000000000000e+02
1.500000000000000000e+02
1.220000000000000000e+02
1.040000000000000000e+02
2.090000000000000000e+02
1.220000000000000000e+02
1.210000000000000000e+02
1.560000000000000000e+02
1.000000000000000000e+02
1.490000000000000000e+02
1.230000000000000000e+02
9.800000000000000000e+01
1.940000000000000000e+02
8.100000000000000000e+01
1.100000000000000000e+02
8.800000000000000000e+01
1.100000000000000000e+02
5.200000000000000000e+01
1.310000000000000000e+02
8.800000000000000000e+01
8.600000000000000000e+01
7.100000000000000000e+01
9.200000000000000000e+01
8.000000000000000000e+01
4.300000000000000000e+01
1.630000000000000000e+02
7.300000000000000000e+01
9.900000000000000000e+01
9.500000000000000000e+01
7.800000000000000000e+01
6.100000000000000000e+01
1.070000000000000000e+02
9.600000000000000000e+01
4.900000000000000000e+01
1.250000000000000000e+02
7.200000000000000000e+01
7.100000000000000000e+01
4.900000000000000000e+01
1.020000000000000000e+02
8.100000000000000000e+01
3.800000000000000000e+01
5.600000000000000000e+01
6.400000000000000000e+01
4.200000000000000000e+01
4.700000000000000000e+01
2.100000000000000000e+01
2.160000000000000000e+02
2.800000000000000000e+01
4.400000000000000000e+01
5.800000000000000000e+01
3.800000000000000000e+01
6.500000000000000000e+01
6.100000000000000000e+01
3.500000000000000000e+01
4.400000000000000000e+01
5.700000000000000000e+01
2.800000000000000000e+01
7.600000000000000000e+01
3.300000000000000000e+01
4.800000000000000000e+01
3.400000000000000000e+01
3.900000000000000000e+01
4.300000000000000000e+01
1.550000000000000000e+02
3.500000000000000000e+01
3.400000000000000000e+01
4.400000000000000000e+01
5.800000000000000000e+01
3.600000000000000000e+01
3.700000000000000000e+01
6.300000000000000000e+01
2.400000000000000000e+01
2.600000000000000000e+01
3.300000000000000000e+01
5.400000000000000000e+01
2.700000000000000000e+01
3.100000000000000000e+01
5.900000000000000000e+01
3.600000000000000000e+01
4.200000000000000000e+01
3.000000000000000000e+01
3.300000000000000000e+01
4.000000000000000000e+01
3.600000000000000000e+01
2.000000000000000000e+01
2.200000000000000000e+01
1.800000000000000000e+01
1.500000000000000000e+01
3.100000000000000000e+01
2.130000000000000000e+02
1.700000000000000000e+01
2.200000000000000000e+01
3.800000000000000000e+01
2.300000000000000000e+01
3.500000000000000000e+01
2.600000000000000000e+01
3.200000000000000000e+01
2.500000000000000000e+01
2.900000000000000000e+01
2.800000000000000000e+01
3.300000000000000000e+01
3.000000000000000000e+01
3.000000000000000000e+01
3.200000000000000000e+01
3.200000000000000000e+01
2.000000000000000000e+01
3.200000000000000000e+01
5.900000000000000000e+01
2.600000000000000000e+01
7.100000000000000000e+01
3.000000000000000000e+01
4.000000000000000000e+01
2.600000000000000000e+01
2.100000000000000000e+01
8.700000000000000000e+01
3.100000000000000000e+01
2.600000000000000000e+01
3.800000000000000000e+01
3.200000000000000000e+01
3.700000000000000000e+01
7.700000000000000000e+01
4.300000000000000000e+01
6.500000000000000000e+01
5.200000000000000000e+01
2.800000000000000000e+01
3.100000000000000000e+01
4.500000000000000000e+01
3.000000000000000000e+01
3.500000000000000000e+01
4.200000000000000000e+01
4.100000000000000000e+01
3.100000000000000000e+02
3.900000000000000000e+01
5.200000000000000000e+01
5.500000000000000000e+01
4.700000000000000000e+01
6.200000000000000000e+01
4.500000000000000000e+01
5.000000000000000000e+01
5.200000000000000000e+01
5.300000000000000000e+01
5.100000000000000000e+01
8.900000000000000000e+01
1.240000000000000000e+02
4.400000000000000000e+01
7.400000000000000000e+01
1.060000000000000000e+02
7.500000000000000000e+01
9.400000000000000000e+01
9.300000000000000000e+01
9.900000000000000000e+01
1.020000000000000000e+02
2.740000000000000000e+02
1.180000000000000000e+02
1.120000000000000000e+02
1.660000000000000000e+02
1.450000000000000000e+02
2.190000000000000000e+02
2.020000000000000000e+02
2.370000000000000000e+02
2.330000000000000000e+02
2.890000000000000000e+02
2.770000000000000000e+02
2.770000000000000000e+02
2.840000000000000000e+02
2.880000000000000000e+02
2.840000000000000000e+02
3.340000000000000000e+02
3.200000000000000000e+02
3.510000000000000000e+02
4.460000000000000000e+02
4.060000000000000000e+02
4.400000000000000000e+02
5.110000000000000000e+02
7.490000000000000000e+02
6.580000000000000000e+02
7.620000000000000000e+02
7.840000000000000000e+02
7.310000000000000000e+02
7.930000000000000000e+02
1.006000000000000000e+03
1.050000000000000000e+03
1.263000000000000000e+03
1.552000000000000000e+03
2.053000000000000000e+03
2.312000000000000000e+03
2.241000000000000000e+03
2.239000000000000000e+03
2.428000000000000000e+03
2.577000000000000000e+03
2.809000000000000000e+03
3.377000000000000000e+03
4.237000000000000000e+03
4.406000000000000000e+03
4.793000000000000000e+03
4.806000000000000000e+03
4.698000000000000000e+03
5.176000000000000000e+03
5.938000000000000000e+03
6.135000000000000000e+03
6.234000000000000000e+03
6.036000000000000000e+03
5.883000000000000000e+03
6.139000000000000000e+03
5.328000000000000000e+03
5.439000000000000000e+03
5.638000000000000000e+03
5.311000000000000000e+03
5.415000000000000000e+03
5.827000000000000000e+03
5.474000000000000000e+03
2.771000000000000000e+03
4.585000000000000000e+03
3.011000000000000000e+03
2.346000000000000000e+03
2.470000000000000000e+02
1.746400000000000000e+04
2.567000000000000000e+04
4.058000000000000000e+03
2.001000000000000000e+03
1.907000000000000000e+03
2.298000000000000000e+03
2.006000000000000000e+03
1.655000000000000000e+03
1.632000000000000000e+03
1.747000000000000000e+03
1.845000000000000000e+03
2.645000000000000000e+03
2.453000000000000000e+03
1.923000000000000000e+03
1.882000000000000000e+03
1.427000000000000000e+03
1.963000000000000000e+03
1.607000000000000000e+03
1.276000000000000000e+03
1.478000000000000000e+03
1.677000000000000000e+03
1.417000000000000000e+03
1.903000000000000000e+03
1.687000000000000000e+03
1.675000000000000000e+03
1.660000000000000000e+03
1.943000000000000000e+03
1.794000000000000000e+03
2.329000000000000000e+03
2.329000000000000000e+03
2.048000000000000000e+03
2.516000000000000000e+03
3.044000000000000000e+03
2.956000000000000000e+03
3.869000000000000000e+03
4.941000000000000000e+03
5.263000000000000000e+03
7.084000000000000000e+03
1.143200000000000000e+04
1.060700000000000000e+04
9.971000000000000000e+03
1.199900000000000000e+04
9.087000000000000000e+03
8.032000000000000000e+03
7.351000000000000000e+03
6.695000000000000000e+03
6.961000000000000000e+03
8.452000000000000000e+03
7.580000000000000000e+03
8.663000000000000000e+03
1.044400000000000000e+04
1.045600000000000000e+04
1.303000000000000000e+04
1.260400000000000000e+04
9.520000000000000000e+03
6.863000000000000000e+03
2.559000000000000000e+03
6.290000000000000000e+02
5.480000000000000000e+02
5.450000000000000000e+02
4.780000000000000000e+02
4.690000000000000000e+02
4.500000000000000000e+02
4.950000000000000000e+02
4.450000000000000000e+02
4.400000000000000000e+02
5.300000000000000000e+02
4.390000000000000000e+02
6.010000000000000000e+02
9.000000000000000000e+02
9.830000000000000000e+02
9.230000000000000000e+02
7.930000000000000000e+02
5.400000000000000000e+02
1.015000000000000000e+03
1.094000000000000000e+03
7.670000000000000000e+02
8.310000000000000000e+02
9.150000000000000000e+02
8.720000000000000000e+02
5.860000000000000000e+02
5.770000000000000000e+02
4.250000000000000000e+02
3.390000000000000000e+02
3.760000000000000000e+02
4.210000000000000000e+02
3.830000000000000000e+02
3.610000000000000000e+02
2.780000000000000000e+02
2.460000000000000000e+02
2.860000000000000000e+02
3.220000000000000000e+02
3.080000000000000000e+02
3.710000000000000000e+02
3.530000000000000000e+02
2.720000000000000000e+02
2.760000000000000000e+02
3.120000000000000000e+02
2.390000000000000000e+02
2.260000000000000000e+02
2.800000000000000000e+02
2.760000000000000000e+02
2.200000000000000000e+02
3.130000000000000000e+02
3.440000000000000000e+02
3.030000000000000000e+02
3.390000000000000000e+02
2.760000000000000000e+02
3.020000000000000000e+02
3.200000000000000000e+02
3.470000000000000000e+02
3.060000000000000000e+02
3.490000000000000000e+02
3.630000000000000000e+02
4.280000000000000000e+02
4.630000000000000000e+02
5.890000000000000000e+02
4.930000000000000000e+02
4.690000000000000000e+02
8.010000000000000000e+02
9.520000000000000000e+02
7.670000000000000000e+02
6.710000000000000000e+02
8.070000000000000000e+02
8.260000000000000000e+02
5.170000000000000000e+02
6.430000000000000000e+02
8.420000000000000000e+02
8.210000000000000000e+02
7.400000000000000000e+02
8.440000000000000000e+02
8.780000000000000000e+02
8.270000000000000000e+02
7.410000000000000000e+02
8.760000000000000000e+02
8.680000000000000000e+02
7.580000000000000000e+02
7.410000000000000000e+02
8.400000000000000000e+02
9.610000000000000000e+02
9.160000000000000000e+02
8.970000000000000000e+02
8.440000000000000000e+02
6.830000000000000000e+02
9.420000000000000000e+02
1.015000000000000000e+03
1.001000000000000000e+03
1.121000000000000000e+03
1.206000000000000000e+03
1.193000000000000000e+03
1.151000000000000000e+03
1.226000000000000000e+03
1.341000000000000000e+03
1.170000000000000000e+03
8.670000000000000000e+02
8.960000000000000000e+02
1.038000000000000000e+03
1.001000000000000000e+03
9.650000000000000000e+02
9.620000000000000000e+02
8.240000000000000000e+02
7.780000000000000000e+02
5.870000000000000000e+02
6.160000000000000000e+02
7.310000000000000000e+02
7.570000000000000000e+02
6.550000000000000000e+02
6.940000000000000000e+02
6.280000000000000000e+02
6.670000000000000000e+02
6.760000000000000000e+02
7.580000000000000000e+02
6.540000000000000000e+02
7.850000000000000000e+02
8.680000000000000000e+02
8.040000000000000000e+02
1.012000000000000000e+03
1.114000000000000000e+03
1.024000000000000000e+03
7.750000000000000000e+02
7.260000000000000000e+02
6.940000000000000000e+02
6.770000000000000000e+02
7.710000000000000000e+02
8.500000000000000000e+02
8.640000000000000000e+02
7.390000000000000000e+02
7.110000000000000000e+02
5.450000000000000000e+02
6.070000000000000000e+02
6.280000000000000000e+02
7.770000000000000000e+02
7.220000000000000000e+02
7.880000000000000000e+02
8.040000000000000000e+02
6.810000000000000000e+02
7.140000000000000000e+02
6.460000000000000000e+02
5.750000000000000000e+02
6.010000000000000000e+02
6.670000000000000000e+02
5.390000000000000000e+02
6.520000000000000000e+02
7.880000000000000000e+02
7.190000000000000000e+02
6.160000000000000000e+02
5.260000000000000000e+02
5.140000000000000000e+02
5.680000000000000000e+02
5.650000000000000000e+02
5.770000000000000000e+02
5.590000000000000000e+02
5.390000000000000000e+02
5.140000000000000000e+02
5.500000000000000000e+02
5.280000000000000000e+02
4.460000000000000000e+02
4.320000000000000000e+02
5.730000000000000000e+02
5.430000000000000000e+02
6.120000000000000000e+02
6.200000000000000000e+02
6.360000000000000000e+02
5.450000000000000000e+02
5.260000000000000000e+02
5.560000000000000000e+02
5.830000000000000000e+02
6.140000000000000000e+02
6.140000000000000000e+02
6.540000000000000000e+02
5.870000000000000000e+02
5.890000000000000000e+02
6.460000000000000000e+02
5.170000000000000000e+02
5.350000000000000000e+02
5.340000000000000000e+02
6.320000000000000000e+02
6.590000000000000000e+02
6.450000000000000000e+02
6.240000000000000000e+02
6.330000000000000000e+02
5.370000000000000000e+02
5.120000000000000000e+02
5.070000000000000000e+02
6.300000000000000000e+02
7.250000000000000000e+02
7.600000000000000000e+02
8.840000000000000000e+02
9.150000000000000000e+02
9.500000000000000000e+02
9.600000000000000000e+02
1.003000000000000000e+03
1.154000000000000000e+03
1.630000000000000000e+03
3.455000000000000000e+03
9.127000000000000000e+03
2.763900000000000000e+04
