1.088400000000000000e+04
1.600000000000000000e+01
2.300000000000000000e+01
2.000000000000000000e+01
2.100000000000000000e+01
1.120000000000000000e+02
8.260000000000000000e+02
2.400000000000000000e+01
1.202000000000000000e+03
1.180000000000000000e+02
1.560000000000000000e+02
2.139000000000000000e+03
6.230000000000000000e+02
1.352000000000000000e+04
1.341600000000000000e+04
4.796200000000000000e+04
5.967900000000000000e+04
6.376300000000000000e+04
4.431700000000000000e+04
2.925400000000000000e+04
3.105600000000000000e+04
2.441000000000000000e+04
5.616000000000000000e+03
3.034000000000000000e+03
5.516000000000000000e+03
2.852000000000000000e+03
1.788000000000000000e+03
1.470000000000000000e+02
2.300000000000000000e+02
3.580000000000000000e+02
9.044000000000000000e+03
6.500000000000000000e+01
1.290000000000000000e+02
7.030000000000000000e+02
3.010000000000000000e+02
9.060000000000000000e+02
2.252000000000000000e+03
1.900000000000000000e+01
2.200000000000000000e+01
1.500000000000000000e+01
2.200000000000000000e+01
4.000000000000000000e+00
2.770000000000000000e+02
3.400000000000000000e+01
0.000000000000000000e+00
2.000000000000000000e+00
0.000000000000000000e+00
0.000000000000000000e+00
1.000000000000000000e+00
0.000000000000000000e+00
8.570000000000000000e+02
7.000000000000000000e+00
0.000000000000000000e+00
2.000000000000000000e+00
1.000000000000000000e+00
2.000000000000000000e+01
4.000000000000000000e+00
0.000000000000000000e+00
0.000000000000000000e+00
0.000000000000000000e+00
8.600000000000000000e+01
0.000000000000000000e+00
0.000000000000000000e+00
0.000000000000000000e+00
1.000000000000000000e+00
0.000000000000000000e+00
1.310000000000000000e+02
2.000000000000000000e+00
2.030000000000000000e+02
6.800000000000000000e+01
2.100000000000000000e+01
0.000000000000000000e+00
0.000000000000000000e+00
1.100000000000000000e+01
4.250000000000000000e+02
1.088800000000000000e+04
0.000000000000000000e+00
1.000000000000000000e+00
1.000000000000000000e+00
4.670000000000000000e+02
3.590000000000000000e+02
3.000000000000000000e+00
0.000000000000000000e+00
5.910000000000000000e+02
2.500000000000000000e+01
2.610000000000000000e+02
8.000000000000000000e+00
5.630000000000000000e+02
1.080000000000000000e+02
4.800000000000000000e+01
1.783000000000000000e+03
1.690000000000000000e+02
6.920000000000000000e+02
1.021000000000000000e+03
1.080000000000000000e+02
8.482000000000000000e+03
3.509000000000000000e+03
6.400000000000000000e+01
4.351000000000000000e+03
3.900000000000000000e+02
6.000000000000000000e+01
6.930000000000000000e+03
7.080000000000000000e+02
2.958100000000000000e+04
8.735000000000000000e+03
4.314500000000000000e+04
6.132800000000000000e+04
7.564100000000000000e+04
4.635900000000000000e+04
4.013800000000000000e+04
5.000400000000000000e+04
3.132400000000000000e+04
1.457500000000000000e+04
5.764000000000000000e+03
8.227000000000000000e+03
2.661000000000000000e+03
9.020000000000000000e+02
4.000000000000000000e+00
7.000000000000000000e+00
2.000000000000000000e+00
7.524000000000000000e+03
0.000000000000000000e+00
2.300000000000000000e+01
1.000000000000000000e+00
2.970000000000000000e+02
6.560000000000000000e+02
1.288000000000000000e+03
2.000000000000000000e+00
2.200000000000000000e+01
4.000000000000000000e+00
8.800000000000000000e+01
0.000000000000000000e+00
3.350000000000000000e+02
7.400000000000000000e+01
0.000000000000000000e+00
2.000000000000000000e+00
0.000000000000000000e+00
0.000000000000000000e+00
2.000000000000000000e+01
0.000000000000000000e+00
7.370000000000000000e+02
1.900000000000000000e+01
5.000000000000000000e+00
0.000000000000000000e+00
0.000000000000000000e+00
2.100000000000000000e+01
9.000000000000000000e+00
2.000000000000000000e+00
0.000000000000000000e+00
0.000000000000000000e+00
1.900000000000000000e+01
0.000000000000000000e+00
0.000000000000000000e+00
3.000000000000000000e+00
0.000000000000000000e+00
2.000000000000000000e+00
7.400000000000000000e+01
3.000000000000000000e+00
7.000000000000000000e+00
4.000000000000000000e+00
3.600000000000000000e+01
4.000000000000000000e+00
4.000000000000000000e+00
8.000000000000000000e+00
1.400000000000000000e+01
3.148000000000000000e+03
9.000000000000000000e+00
8.000000000000000000e+00
0.000000000000000000e+00
1.000000000000000000e+01
8.900000000000000000e+01
2.000000000000000000e+00
6.000000000000000000e+00
1.630000000000000000e+02
2.900000000000000000e+01
1.300000000000000000e+01
1.600000000000000000e+01
8.400000000000000000e+01
7.000000000000000000e+00
5.000000000000000000e+00
1.071100000000000000e+04
8.000000000000000000e+00
3.200000000000000000e+02
8.917000000000000000e+03
7.573000000000000000e+03
3.783000000000000000e+03
3.365000000000000000e+03
7.858000000000000000e+03
4.179000000000000000e+03
1.445900000000000000e+04
1.105600000000000000e+04
1.212100000000000000e+04
1.916900000000000000e+04
2.341600000000000000e+04
1.702000000000000000e+04
1.687700000000000000e+04
1.343900000000000000e+04
1.280600000000000000e+04
2.543500000000000000e+04
3.763200000000000000e+04
3.949700000000000000e+04
2.430800000000000000e+04
3.035000000000000000e+04
5.668400000000000000e+04
2.899800000000000000e+04
3.110600000000000000e+04
3.142500000000000000e+04
2.717600000000000000e+04
2.550300000000000000e+04
2.811600000000000000e+04
2.795300000000000000e+04
2.899000000000000000e+04
2.790000000000000000e+04
2.826100000000000000e+04
2.358300000000000000e+04
2.090000000000000000e+04
1.965600000000000000e+04
1.292000000000000000e+04
1.327400000000000000e+04
9.797000000000000000e+03
7.835000000000000000e+03
6.161000000000000000e+03
4.892000000000000000e+03
4.525000000000000000e+03
3.057000000000000000e+03
2.976000000000000000e+03
2.407000000000000000e+03
2.059000000000000000e+03
2.026000000000000000e+03
1.628000000000000000e+03
1.345000000000000000e+03
1.599000000000000000e+03
1.076000000000000000e+03
1.100000000000000000e+03
8.610000000000000000e+02
1.251000000000000000e+03
6.270000000000000000e+02
8.000000000000000000e+02
7.790000000000000000e+02
7.200000000000000000e+02
5.540000000000000000e+02
5.680000000000000000e+02
4.930000000000000000e+02
2.370000000000000000e+02
1.043000000000000000e+03
2.650000000000000000e+02
3.360000000000000000e+02
4.790000000000000000e+02
3.110000000000000000e+02
2.470000000000000000e+02
5.160000000000000000e+02
3.900000000000000000e+02
1.900000000000000000e+02
3.480000000000000000e+02
1.970000000000000000e+02
3.400000000000000000e+02
1.700000000000000000e+02
4.350000000000000000e+02
2.790000000000000000e+02
7.600000000000000000e+01
2.800000000000000000e+02
1.950000000000000000e+02
1.690000000000000000e+02
9.400000000000000000e+01
5.300000000000000000e+01
9.390000000000000000e+02
5.500000000000000000e+01
7.100000000000000000e+01
1.120000000000000000e+02
1.970000000000000000e+02
1.140000000000000000e+02
1.790000000000000000e+02
6.000000000000000000e+01
1.350000000000000000e+02
1.690000000000000000e+02
4.600000000000000000e+01
6.090000000000000000e+02
1.310000000000000000e+02
1.910000000000000000e+02
1.220000000000000000e+02
5.800000000000000000e+01
3.600000000000000000e+01
2.610000000000000000e+02
3.100000000000000000e+01
5.900000000000000000e+01
9.000000000000000000e+01
1.720000000000000000e+02
1.010000000000000000e+02
2.700000000000000000e+01
4.090000000000000000e+02
1.700000000000000000e+01
7.000000000000000000e+01
8.500000000000000000e+01
1.020000000000000000e+02
2.700000000000000000e+01
2.000000000000000000e+01
1.310000000000000000e+02
1.600000000000000000e+01
4.800000000000000000e+01
8.200000000000000000e+01
8.300000000000000000e+01
5.400000000000000000e+01
2.600000000000000000e+01
1.400000000000000000e+01
1.300000000000000000e+01
6.000000000000000000e+00
1.300000000000000000e+01
2.000000000000000000e+01
6.750000000000000000e+02
1.200000000000000000e+01
1.500000000000000000e+01
1.200000000000000000e+01
1.400000000000000000e+01
2.300000000000000000e+01
5.300000000000000000e+01
2.400000000000000000e+01
5.800000000000000000e+01
9.000000000000000000e+01
7.000000000000000000e+00
6.200000000000000000e+01
1.600000000000000000e+01
2.700000000000000000e+01
1.500000000000000000e+02
3.100000000000000000e+01
2.800000000000000000e+01
2.300000000000000000e+01
1.040000000000000000e+02
1.900000000000000000e+01
2.600000000000000000e+01
1.080000000000000000e+02
3.900000000000000000e+01
2.200000000000000000e+01
1.500000000000000000e+01
2.820000000000000000e+02
2.300000000000000000e+01
2.700000000000000000e+01
3.200000000000000000e+01
8.300000000000000000e+01
1.900000000000000000e+01
2.020000000000000000e+02
2.200000000000000000e+01
2.800000000000000000e+01
1.200000000000000000e+02
2.700000000000000000e+01
2.600000000000000000e+01
2.900000000000000000e+01
2.800000000000000000e+01
2.500000000000000000e+01
2.200000000000000000e+01
1.800000000000000000e+01
1.850000000000000000e+02
2.200000000000000000e+01
2.300000000000000000e+01
2.500000000000000000e+01
2.700000000000000000e+01
2.400000000000000000e+01
2.200000000000000000e+01
2.800000000000000000e+01
1.400000000000000000e+01
1.330000000000000000e+02
2.500000000000000000e+01
1.900000000000000000e+01
2.730000000000000000e+02
2.800000000000000000e+01
2.300000000000000000e+01
7.400000000000000000e+01
2.200000000000000000e+01
2.500000000000000000e+01
2.300000000000000000e+01
2.200000000000000000e+01
2.000000000000000000e+01
1.550000000000000000e+02
1.900000000000000000e+01
2.100000000000000000e+01
1.200000000000000000e+01
1.800000000000000000e+01
2.600000000000000000e+01
2.000000000000000000e+01
1.320000000000000000e+02
1.800000000000000000e+01
2.100000000000000000e+01
1.400000000000000000e+01
7.000000000000000000e+00
1.400000000000000000e+01
5.600000000000000000e+01
1.500000000000000000e+01
7.000000000000000000e+00
1.600000000000000000e+01
1.000000000000000000e+01
1.500000000000000000e+01
6.000000000000000000e+00
1.300000000000000000e+01
6.000000000000000000e+00
1.480000000000000000e+02
9.000000000000000000e+00
5.000000000000000000e+00
1.000000000000000000e+01
6.000000000000000000e+00
7.000000000000000000e+00
2.200000000000000000e+01
7.000000000000000000e+00
4.000000000000000000e+00
2.000000000000000000e+00
8.800000000000000000e+01
2.000000000000000000e+00
3.000000000000000000e+00
1.000000000000000000e+00
3.900000000000000000e+01
7.000000000000000000e+00
3.000000000000000000e+00
1.000000000000000000e+01
8.000000000000000000e+00
1.000000000000000000e+01
1.000000000000000000e+00
1.300000000000000000e+01
5.000000000000000000e+00
0.000000000000000000e+00
4.000000000000000000e+00
3.000000000000000000e+00
8.000000000000000000e+00
2.000000000000000000e+00
1.000000000000000000e+00
5.000000000000000000e+00
2.000000000000000000e+00
7.000000000000000000e+00
5.000000000000000000e+00
5.000000000000000000e+00
4.000000000000000000e+00
0.000000000000000000e+00
4.000000000000000000e+00
1.000000000000000000e+00
1.000000000000000000e+00
5.000000000000000000e+00
1.000000000000000000e+00
0.000000000000000000e+00
1.057000000000000000e+03
7.000000000000000000e+01
1.110000000000000000e+02
2.620000000000000000e+02
1.930000000000000000e+02
3.090000000000000000e+02
4.940000000000000000e+02
6.520000000000000000e+02
8.510000000000000000e+02
1.009000000000000000e+03
8.280000000000000000e+02
7.420000000000000000e+02
7.570000000000000000e+02
8.270000000000000000e+02
8.650000000000000000e+02
9.200000000000000000e+02
1.034000000000000000e+03
1.202000000000000000e+03
1.391000000000000000e+03
1.614000000000000000e+03
1.863000000000000000e+03
1.856000000000000000e+03
1.957000000000000000e+03
1.928000000000000000e+03
1.917000000000000000e+03
1.810000000000000000e+03
1.667000000000000000e+03
1.591000000000000000e+03
1.357000000000000000e+03
1.347000000000000000e+03
1.249000000000000000e+03
1.306000000000000000e+03
1.269000000000000000e+03
1.182000000000000000e+03
1.079000000000000000e+03
1.004000000000000000e+03
9.760000000000000000e+02
8.550000000000000000e+02
8.860000000000000000e+02
8.130000000000000000e+02
7.590000000000000000e+02
7.170000000000000000e+02
7.260000000000000000e+02
6.990000000000000000e+02
7.070000000000000000e+02
7.120000000000000000e+02
7.440000000000000000e+02
7.390000000000000000e+02
7.400000000000000000e+02
7.950000000000000000e+02
7.400000000000000000e+02
7.850000000000000000e+02
7.800000000000000000e+02
7.900000000000000000e+02
7.890000000000000000e+02
8.250000000000000000e+02
7.730000000000000000e+02
7.760000000000000000e+02
8.390000000000000000e+02
8.180000000000000000e+02
8.880000000000000000e+02
9.210000000000000000e+02
9.000000000000000000e+02
9.470000000000000000e+02
9.390000000000000000e+02
8.790000000000000000e+02
9.550000000000000000e+02
9.470000000000000000e+02
9.400000000000000000e+02
9.760000000000000000e+02
9.600000000000000000e+02
9.780000000000000000e+02
1.020000000000000000e+03
1.297000000000000000e+03
1.574000000000000000e+03
1.542000000000000000e+03
1.403000000000000000e+03
1.243000000000000000e+03
1.317000000000000000e+03
1.414000000000000000e+03
1.468000000000000000e+03
1.687000000000000000e+03
1.656000000000000000e+03
1.779000000000000000e+03
1.810000000000000000e+03
1.638000000000000000e+03
1.467000000000000000e+03
1.601000000000000000e+03
1.593000000000000000e+03
1.458000000000000000e+03
1.552000000000000000e+03
1.710000000000000000e+03
1.863000000000000000e+03
1.879000000000000000e+03
1.682000000000000000e+03
1.799000000000000000e+03
1.783000000000000000e+03
1.722000000000000000e+03
1.749000000000000000e+03
1.691000000000000000e+03
1.673000000000000000e+03
1.645000000000000000e+03
1.710000000000000000e+03
1.667000000000000000e+03
1.718000000000000000e+03
1.780000000000000000e+03
1.739000000000000000e+03
1.866000000000000000e+03
1.941000000000000000e+03
2.022000000000000000e+03
2.002000000000000000e+03
2.065000000000000000e+03
2.023000000000000000e+03
2.136000000000000000e+03
2.081000000000000000e+03
2.193000000000000000e+03
2.153000000000000000e+03
2.278000000000000000e+03
2.319000000000000000e+03
2.478000000000000000e+03
2.431000000000000000e+03
2.503000000000000000e+03
2.551000000000000000e+03
2.798000000000000000e+03
2.873000000000000000e+03
2.960000000000000000e+03
3.043000000000000000e+03
3.150000000000000000e+03
3.154000000000000000e+03
3.409000000000000000e+03
3.429000000000000000e+03
3.516000000000000000e+03
3.606000000000000000e+03
3.891000000000000000e+03
3.796000000000000000e+03
3.931000000000000000e+03
4.091000000000000000e+03
4.297000000000000000e+03
4.289000000000000000e+03
4.664000000000000000e+03
4.766000000000000000e+03
4.951000000000000000e+03
5.195000000000000000e+03
5.238000000000000000e+03
5.507000000000000000e+03
5.656000000000000000e+03
6.012000000000000000e+03
6.351000000000000000e+03
6.692000000000000000e+03
6.817000000000000000e+03
7.136000000000000000e+03
7.239000000000000000e+03
7.333000000000000000e+03
7.570000000000000000e+03
7.658000000000000000e+03
7.822000000000000000e+03
7.891000000000000000e+03
7.972000000000000000e+03
7.954000000000000000e+03
7.922000000000000000e+03
7.506000000000000000e+03
7.001000000000000000e+03
6.851000000000000000e+03
6.902000000000000000e+03
7.052000000000000000e+03
6.911000000000000000e+03
6.494000000000000000e+03
6.435000000000000000e+03
5.798000000000000000e+03
5.472000000000000000e+03
5.307000000000000000e+03
4.925000000000000000e+03
4.681000000000000000e+03
4.239000000000000000e+03
4.025000000000000000e+03
3.749000000000000000e+03
3.307000000000000000e+03
3.448000000000000000e+03
3.277000000000000000e+03
2.886000000000000000e+03
2.472000000000000000e+03
2.320000000000000000e+03
2.054000000000000000e+03
2.102000000000000000e+03
1.940000000000000000e+03
1.903000000000000000e+03
1.908000000000000000e+03
2.101000000000000000e+03
2.677000000000000000e+03
4.020000000000000000e+03
3.551000000000000000e+03
3.259000000000000000e+03
3.600000000000000000e+03
4.296000000000000000e+03
4.330000000000000000e+03
4.334000000000000000e+03
4.333000000000000000e+03
4.641000000000000000e+03
4.296000000000000000e+03
4.099000000000000000e+03
4.091000000000000000e+03
3.635000000000000000e+03
3.524000000000000000e+03
3.369000000000000000e+03
4.066000000000000000e+03
4.900000000000000000e+03
5.003000000000000000e+03
4.637000000000000000e+03
5.541000000000000000e+03
5.384000000000000000e+03
8.080000000000000000e+03
1.257900000000000000e+04
1.337500000000000000e+04
9.854000000000000000e+03
8.621000000000000000e+03
8.040000000000000000e+03
5.869000000000000000e+03
5.629000000000000000e+03
7.283000000000000000e+03
6.485000000000000000e+03
5.716000000000000000e+03
6.767000000000000000e+03
6.815000000000000000e+03
8.206000000000000000e+03
8.393000000000000000e+03
7.491000000000000000e+03
7.450000000000000000e+03
7.159000000000000000e+03
7.610000000000000000e+03
7.176000000000000000e+03
6.756000000000000000e+03
7.347000000000000000e+03
8.252000000000000000e+03
8.337000000000000000e+03
7.666000000000000000e+03
7.318000000000000000e+03
7.608000000000000000e+03
6.180000000000000000e+03
5.918000000000000000e+03
4.677000000000000000e+03
4.079000000000000000e+03
3.558000000000000000e+03
3.277000000000000000e+03
2.486000000000000000e+03
2.172000000000000000e+03
2.395000000000000000e+03
2.432000000000000000e+03
1.999000000000000000e+03
2.487000000000000000e+03
2.738000000000000000e+03
3.562000000000000000e+03
5.522000000000000000e+03
6.017000000000000000e+03
7.494000000000000000e+03
2.677000000000000000e+03
1.065000000000000000e+03
1.855000000000000000e+03
