3.809000000000000000e+03
1.400000000000000000e+01
3.120000000000000000e+02
6.120000000000000000e+02
6.000000000000000000e+00
2.438000000000000000e+03
1.317000000000000000e+03
7.600000000000000000e+01
2.475000000000000000e+03
1.360000000000000000e+03
1.462000000000000000e+03
4.299000000000000000e+03
2.235000000000000000e+03
3.639000000000000000e+03
1.322000000000000000e+03
1.192000000000000000e+03
1.111000000000000000e+03
1.028000000000000000e+03
7.950000000000000000e+02
1.083000000000000000e+03
9.250000000000000000e+02
4.870000000000000000e+02
4.560000000000000000e+02
4.070000000000000000e+02
6.940000000000000000e+02
4.880000000000000000e+02
3.980000000000000000e+02
2.080000000000000000e+02
1.520000000000000000e+02
1.180000000000000000e+02
7.580000000000000000e+02
9.000000000000000000e+00
3.700000000000000000e+01
3.000000000000000000e+01
6.400000000000000000e+01
1.700000000000000000e+02
2.430000000000000000e+02
1.700000000000000000e+01
3.200000000000000000e+01
1.500000000000000000e+01
5.400000000000000000e+01
5.000000000000000000e+00
1.490000000000000000e+02
8.500000000000000000e+01
4.000000000000000000e+00
3.500000000000000000e+01
8.000000000000000000e+00
0.000000000000000000e+00
4.500000000000000000e+01
4.000000000000000000e+00
2.790000000000000000e+02
6.700000000000000000e+01
2.900000000000000000e+01
4.000000000000000000e+00
1.900000000000000000e+01
1.160000000000000000e+02
7.100000000000000000e+01
2.900000000000000000e+01
9.000000000000000000e+00
0.000000000000000000e+00
1.410000000000000000e+02
0.000000000000000000e+00
1.000000000000000000e+01
6.300000000000000000e+01
4.000000000000000000e+00
5.400000000000000000e+01
3.240000000000000000e+02
6.200000000000000000e+01
9.700000000000000000e+01
1.640000000000000000e+02
2.210000000000000000e+02
1.120000000000000000e+02
1.930000000000000000e+02
2.240000000000000000e+02
4.630000000000000000e+02
7.190000000000000000e+02
2.850000000000000000e+02
4.110000000000000000e+02
2.700000000000000000e+02
2.880000000000000000e+02
1.357000000000000000e+03
3.200000000000000000e+02
6.410000000000000000e+02
8.130000000000000000e+02
9.700000000000000000e+02
7.100000000000000000e+02
5.130000000000000000e+02
1.216000000000000000e+03
4.740000000000000000e+02
6.300000000000000000e+02
2.404000000000000000e+03
8.170000000000000000e+02
8.130000000000000000e+02
8.350000000000000000e+02
1.313000000000000000e+03
2.494000000000000000e+03
2.441000000000000000e+03
1.309000000000000000e+03
3.095000000000000000e+03
2.203000000000000000e+03
2.138000000000000000e+03
5.823000000000000000e+03
5.165000000000000000e+03
7.921000000000000000e+03
4.003000000000000000e+03
8.905000000000000000e+03
9.159000000000000000e+03
8.440000000000000000e+03
6.308000000000000000e+03
8.694000000000000000e+03
7.529000000000000000e+03
8.138000000000000000e+03
3.864000000000000000e+03
2.983000000000000000e+03
4.067000000000000000e+03
7.065000000000000000e+03
2.439000000000000000e+03
4.400000000000000000e+01
1.420000000000000000e+02
7.300000000000000000e+01
1.622500000000000000e+04
1.000000000000000000e+00
3.910000000000000000e+02
1.600000000000000000e+01
1.161000000000000000e+03
2.184200000000000000e+04
9.495000000000000000e+03
5.000000000000000000e+00
6.900000000000000000e+01
2.400000000000000000e+01
2.860000000000000000e+02
4.000000000000000000e+00
2.370000000000000000e+03
6.861000000000000000e+03
1.000000000000000000e+00
2.900000000000000000e+01
7.000000000000000000e+00
0.000000000000000000e+00
1.080000000000000000e+02
1.000000000000000000e+00
2.232000000000000000e+03
5.110000000000000000e+02
3.500000000000000000e+01
2.000000000000000000e+00
8.000000000000000000e+00
7.510000000000000000e+02
1.090000000000000000e+02
2.700000000000000000e+01
2.000000000000000000e+00
0.000000000000000000e+00
5.110000000000000000e+02
0.000000000000000000e+00
5.000000000000000000e+00
2.200000000000000000e+01
0.000000000000000000e+00
7.000000000000000000e+00
1.161000000000000000e+03
6.000000000000000000e+00
2.600000000000000000e+01
1.200000000000000000e+01
5.820000000000000000e+02
1.500000000000000000e+01
8.000000000000000000e+00
2.990000000000000000e+02
1.050000000000000000e+02
7.900000000000000000e+02
1.500000000000000000e+01
3.000000000000000000e+00
3.000000000000000000e+00
1.380000000000000000e+02
1.714000000000000000e+03
2.000000000000000000e+00
0.000000000000000000e+00
9.130000000000000000e+02
9.200000000000000000e+01
1.610000000000000000e+02
2.000000000000000000e+00
1.115000000000000000e+03
3.300000000000000000e+01
9.000000000000000000e+00
1.821000000000000000e+03
2.360000000000000000e+02
4.540000000000000000e+02
1.408000000000000000e+03
1.337000000000000000e+03
1.883000000000000000e+03
1.940000000000000000e+03
3.789000000000000000e+03
5.980000000000000000e+03
7.243000000000000000e+03
5.776000000000000000e+03
9.546000000000000000e+03
9.265000000000000000e+03
7.924000000000000000e+03
5.648000000000000000e+03
4.717000000000000000e+03
4.093000000000000000e+03
3.871000000000000000e+03
3.921000000000000000e+03
3.749000000000000000e+03
4.365000000000000000e+03
3.871000000000000000e+03
4.167000000000000000e+03
3.930000000000000000e+03
4.012000000000000000e+03
3.422000000000000000e+03
3.487000000000000000e+03
3.241000000000000000e+03
3.187000000000000000e+03
2.577000000000000000e+03
3.115000000000000000e+03
2.340000000000000000e+03
2.650000000000000000e+03
2.205000000000000000e+03
2.791000000000000000e+03
2.110000000000000000e+03
2.857000000000000000e+03
1.837000000000000000e+03
2.161000000000000000e+03
2.756000000000000000e+03
2.191000000000000000e+03
2.207000000000000000e+03
2.049000000000000000e+03
2.966000000000000000e+03
2.029000000000000000e+03
2.180000000000000000e+03
2.957000000000000000e+03
2.154000000000000000e+03
2.282000000000000000e+03
2.376000000000000000e+03
2.340000000000000000e+03
3.425000000000000000e+03
2.595000000000000000e+03
2.605000000000000000e+03
2.621000000000000000e+03
3.051000000000000000e+03
3.030000000000000000e+03
3.297000000000000000e+03
3.022000000000000000e+03
3.016000000000000000e+03
2.641000000000000000e+03
2.731000000000000000e+03
2.475000000000000000e+03
2.227000000000000000e+03
2.442000000000000000e+03
1.541000000000000000e+03
1.436000000000000000e+03
1.475000000000000000e+03
1.227000000000000000e+03
9.130000000000000000e+02
1.223000000000000000e+03
1.014000000000000000e+03
6.860000000000000000e+02
9.840000000000000000e+02
6.780000000000000000e+02
8.480000000000000000e+02
5.990000000000000000e+02
7.840000000000000000e+02
5.600000000000000000e+02
4.090000000000000000e+02
5.160000000000000000e+02
4.920000000000000000e+02
4.270000000000000000e+02
4.520000000000000000e+02
3.340000000000000000e+02
8.500000000000000000e+02
3.300000000000000000e+02
3.640000000000000000e+02
3.530000000000000000e+02
4.340000000000000000e+02
4.320000000000000000e+02
4.760000000000000000e+02
3.730000000000000000e+02
3.920000000000000000e+02
3.490000000000000000e+02
2.740000000000000000e+02
4.440000000000000000e+02
3.390000000000000000e+02
4.290000000000000000e+02
2.540000000000000000e+02
2.290000000000000000e+02
2.130000000000000000e+02
3.570000000000000000e+02
1.810000000000000000e+02
1.850000000000000000e+02
1.710000000000000000e+02
3.230000000000000000e+02
2.020000000000000000e+02
1.460000000000000000e+02
2.040000000000000000e+02
1.110000000000000000e+02
1.610000000000000000e+02
1.380000000000000000e+02
1.820000000000000000e+02
1.190000000000000000e+02
8.500000000000000000e+01
1.640000000000000000e+02
9.300000000000000000e+01
1.430000000000000000e+02
7.000000000000000000e+01
1.080000000000000000e+02
7.900000000000000000e+01
5.800000000000000000e+01
6.800000000000000000e+01
4.600000000000000000e+01
3.500000000000000000e+01
2.100000000000000000e+01
8.700000000000000000e+01
2.210000000000000000e+02
2.800000000000000000e+01
3.000000000000000000e+01
4.300000000000000000e+01
4.800000000000000000e+01
5.500000000000000000e+01
5.500000000000000000e+01
5.300000000000000000e+01
4.900000000000000000e+01
4.800000000000000000e+01
3.500000000000000000e+01
4.400000000000000000e+01
3.800000000000000000e+01
2.100000000000000000e+01
8.400000000000000000e+01
3.800000000000000000e+01
1.700000000000000000e+01
2.100000000000000000e+01
5.100000000000000000e+01
3.100000000000000000e+01
2.800000000000000000e+01
3.300000000000000000e+01
2.500000000000000000e+01
3.300000000000000000e+01
1.400000000000000000e+01
6.100000000000000000e+01
1.500000000000000000e+01
2.600000000000000000e+01
2.000000000000000000e+01
3.400000000000000000e+01
3.600000000000000000e+01
6.800000000000000000e+01
1.500000000000000000e+01
3.000000000000000000e+01
4.200000000000000000e+01
1.300000000000000000e+01
2.800000000000000000e+01
2.100000000000000000e+01
2.400000000000000000e+01
2.100000000000000000e+01
1.800000000000000000e+01
1.000000000000000000e+01
7.200000000000000000e+01
8.000000000000000000e+00
1.300000000000000000e+01
1.400000000000000000e+01
2.900000000000000000e+01
2.400000000000000000e+01
1.300000000000000000e+01
2.300000000000000000e+01
1.000000000000000000e+01
3.000000000000000000e+01
1.000000000000000000e+01
2.000000000000000000e+01
3.600000000000000000e+01
1.600000000000000000e+01
1.700000000000000000e+01
2.900000000000000000e+01
7.000000000000000000e+00
1.400000000000000000e+01
1.100000000000000000e+01
8.000000000000000000e+00
3.000000000000000000e+00
4.100000000000000000e+01
1.000000000000000000e+00
8.000000000000000000e+00
6.000000000000000000e+00
1.500000000000000000e+01
1.200000000000000000e+01
5.000000000000000000e+00
8.000000000000000000e+00
5.000000000000000000e+00
1.900000000000000000e+01
8.000000000000000000e+00
4.000000000000000000e+00
7.000000000000000000e+00
2.500000000000000000e+01
3.000000000000000000e+00
1.000000000000000000e+01
8.000000000000000000e+00
2.000000000000000000e+00
1.200000000000000000e+01
5.000000000000000000e+00
6.000000000000000000e+00
7.000000000000000000e+00
2.700000000000000000e+01
9.000000000000000000e+00
3.000000000000000000e+00
8.000000000000000000e+00
8.000000000000000000e+00
1.000000000000000000e+00
1.800000000000000000e+01
6.000000000000000000e+00
9.000000000000000000e+00
6.000000000000000000e+00
7.000000000000000000e+00
6.000000000000000000e+00
3.000000000000000000e+00
1.000000000000000000e+00
1.100000000000000000e+01
2.000000000000000000e+00
1.000000000000000000e+00
4.000000000000000000e+00
0.000000000000000000e+00
9.000000000000000000e+00
3.000000000000000000e+00
7.000000000000000000e+00
5.000000000000000000e+00
2.000000000000000000e+00
2.000000000000000000e+00
5.000000000000000000e+00
5.000000000000000000e+00
1.000000000000000000e+00
2.000000000000000000e+00
4.000000000000000000e+00
2.000000000000000000e+00
5.000000000000000000e+00
1.000000000000000000e+00
4.000000000000000000e+00
1.000000000000000000e+00
0.000000000000000000e+00
0.000000000000000000e+00
0.000000000000000000e+00
0.000000000000000000e+00
0.000000000000000000e+00
0.000000000000000000e+00
0.000000000000000000e+00
3.020000000000000000e+02
1.000000000000000000e+00
3.000000000000000000e+00
9.000000000000000000e+00
1.400000000000000000e+01
4.000000000000000000e+01
6.700000000000000000e+01
1.460000000000000000e+02
2.480000000000000000e+02
4.630000000000000000e+02
7.210000000000000000e+02
9.860000000000000000e+02
1.104000000000000000e+03
1.120000000000000000e+03
1.087000000000000000e+03
1.098000000000000000e+03
9.770000000000000000e+02
8.250000000000000000e+02
8.220000000000000000e+02
8.310000000000000000e+02
9.210000000000000000e+02
8.350000000000000000e+02
7.870000000000000000e+02
8.180000000000000000e+02
7.890000000000000000e+02
7.300000000000000000e+02
6.880000000000000000e+02
7.290000000000000000e+02
6.780000000000000000e+02
6.350000000000000000e+02
6.020000000000000000e+02
5.990000000000000000e+02
5.820000000000000000e+02
5.450000000000000000e+02
5.610000000000000000e+02
5.330000000000000000e+02
5.300000000000000000e+02
5.420000000000000000e+02
5.040000000000000000e+02
5.120000000000000000e+02
4.820000000000000000e+02
4.890000000000000000e+02
4.600000000000000000e+02
4.620000000000000000e+02
4.700000000000000000e+02
4.460000000000000000e+02
4.580000000000000000e+02
4.190000000000000000e+02
4.260000000000000000e+02
4.370000000000000000e+02
4.520000000000000000e+02
4.140000000000000000e+02
3.900000000000000000e+02
3.870000000000000000e+02
3.820000000000000000e+02
3.600000000000000000e+02
4.110000000000000000e+02
3.860000000000000000e+02
3.470000000000000000e+02
3.530000000000000000e+02
3.550000000000000000e+02
3.510000000000000000e+02
3.580000000000000000e+02
3.440000000000000000e+02
3.420000000000000000e+02
3.280000000000000000e+02
3.530000000000000000e+02
3.670000000000000000e+02
3.580000000000000000e+02
4.040000000000000000e+02
3.880000000000000000e+02
4.300000000000000000e+02
4.100000000000000000e+02
3.740000000000000000e+02
3.890000000000000000e+02
4.180000000000000000e+02
4.190000000000000000e+02
4.580000000000000000e+02
4.430000000000000000e+02
4.520000000000000000e+02
4.240000000000000000e+02
4.720000000000000000e+02
4.510000000000000000e+02
4.600000000000000000e+02
5.360000000000000000e+02
5.160000000000000000e+02
5.030000000000000000e+02
5.330000000000000000e+02
5.890000000000000000e+02
5.840000000000000000e+02
6.230000000000000000e+02
6.700000000000000000e+02
6.800000000000000000e+02
7.230000000000000000e+02
7.400000000000000000e+02
7.520000000000000000e+02
8.230000000000000000e+02
7.900000000000000000e+02
8.940000000000000000e+02
8.940000000000000000e+02
9.470000000000000000e+02
8.720000000000000000e+02
9.360000000000000000e+02
9.470000000000000000e+02
9.720000000000000000e+02
9.220000000000000000e+02
9.190000000000000000e+02
9.910000000000000000e+02
9.630000000000000000e+02
9.670000000000000000e+02
9.390000000000000000e+02
9.380000000000000000e+02
1.059000000000000000e+03
1.031000000000000000e+03
1.132000000000000000e+03
1.109000000000000000e+03
1.143000000000000000e+03
1.172000000000000000e+03
1.234000000000000000e+03
1.245000000000000000e+03
1.233000000000000000e+03
1.291000000000000000e+03
1.459000000000000000e+03
1.412000000000000000e+03
1.359000000000000000e+03
1.495000000000000000e+03
1.447000000000000000e+03
1.387000000000000000e+03
1.380000000000000000e+03
1.400000000000000000e+03
1.359000000000000000e+03
1.381000000000000000e+03
1.385000000000000000e+03
1.302000000000000000e+03
1.358000000000000000e+03
1.273000000000000000e+03
1.342000000000000000e+03
1.313000000000000000e+03
1.412000000000000000e+03
1.457000000000000000e+03
1.376000000000000000e+03
1.444000000000000000e+03
1.501000000000000000e+03
1.378000000000000000e+03
1.269000000000000000e+03
1.176000000000000000e+03
1.177000000000000000e+03
1.240000000000000000e+03
1.246000000000000000e+03
1.220000000000000000e+03
1.301000000000000000e+03
1.294000000000000000e+03
1.273000000000000000e+03
1.269000000000000000e+03
1.207000000000000000e+03
1.225000000000000000e+03
1.316000000000000000e+03
1.331000000000000000e+03
1.227000000000000000e+03
1.221000000000000000e+03
1.217000000000000000e+03
1.207000000000000000e+03
1.192000000000000000e+03
1.263000000000000000e+03
1.275000000000000000e+03
1.306000000000000000e+03
1.298000000000000000e+03
1.257000000000000000e+03
1.288000000000000000e+03
1.318000000000000000e+03
1.247000000000000000e+03
1.174000000000000000e+03
1.198000000000000000e+03
1.143000000000000000e+03
1.177000000000000000e+03
1.135000000000000000e+03
1.129000000000000000e+03
1.190000000000000000e+03
1.096000000000000000e+03
1.166000000000000000e+03
1.225000000000000000e+03
1.249000000000000000e+03
1.112000000000000000e+03
1.165000000000000000e+03
1.261000000000000000e+03
1.145000000000000000e+03
1.187000000000000000e+03
1.282000000000000000e+03
1.233000000000000000e+03
1.240000000000000000e+03
1.163000000000000000e+03
1.180000000000000000e+03
1.129000000000000000e+03
1.236000000000000000e+03
1.065000000000000000e+03
1.132000000000000000e+03
1.136000000000000000e+03
1.162000000000000000e+03
1.075000000000000000e+03
1.005000000000000000e+03
9.570000000000000000e+02
8.180000000000000000e+02
8.790000000000000000e+02
9.500000000000000000e+02
9.200000000000000000e+02
1.014000000000000000e+03
1.019000000000000000e+03
1.032000000000000000e+03
9.790000000000000000e+02
1.047000000000000000e+03
1.032000000000000000e+03
1.065000000000000000e+03
1.102000000000000000e+03
1.150000000000000000e+03
1.181000000000000000e+03
1.104000000000000000e+03
1.220000000000000000e+03
1.228000000000000000e+03
1.202000000000000000e+03
1.315000000000000000e+03
1.114000000000000000e+03
1.124000000000000000e+03
1.119000000000000000e+03
1.130000000000000000e+03
1.083000000000000000e+03
1.103000000000000000e+03
1.071000000000000000e+03
1.047000000000000000e+03
1.058000000000000000e+03
9.770000000000000000e+02
9.980000000000000000e+02
8.980000000000000000e+02
8.840000000000000000e+02
9.550000000000000000e+02
9.470000000000000000e+02
8.880000000000000000e+02
8.970000000000000000e+02
8.460000000000000000e+02
8.840000000000000000e+02
8.790000000000000000e+02
9.060000000000000000e+02
9.100000000000000000e+02
9.360000000000000000e+02
9.030000000000000000e+02
8.950000000000000000e+02
9.900000000000000000e+02
9.680000000000000000e+02
1.051000000000000000e+03
1.231000000000000000e+03
1.399000000000000000e+03
1.770000000000000000e+03
2.018000000000000000e+03
1.924000000000000000e+03
1.734000000000000000e+03
1.361000000000000000e+03
1.113000000000000000e+03
5.032000000000000000e+03
