1.732420000000000000e+05
4.550000000000000000e+02
4.870000000000000000e+02
5.600000000000000000e+02
4.230000000000000000e+02
1.515000000000000000e+03
2.060000000000000000e+03
9.940000000000000000e+02
1.849000000000000000e+03
1.403000000000000000e+03
1.119000000000000000e+03
3.650000000000000000e+03
1.004000000000000000e+03
1.551700000000000000e+04
2.082000000000000000e+03
2.646000000000000000e+03
2.572000000000000000e+03
1.171000000000000000e+03
9.220000000000000000e+02
4.609000000000000000e+03
2.237000000000000000e+03
3.409000000000000000e+03
1.087000000000000000e+03
1.507000000000000000e+03
2.900000000000000000e+03
1.919000000000000000e+03
3.063000000000000000e+03
3.810000000000000000e+02
7.510000000000000000e+02
1.336000000000000000e+03
1.300200000000000000e+04
9.080000000000000000e+02
3.072000000000000000e+03
1.503000000000000000e+03
1.182700000000000000e+04
3.485000000000000000e+04
6.266700000000000000e+04
1.523000000000000000e+03
1.565900000000000000e+04
5.481000000000000000e+03
4.760000000000000000e+03
1.421000000000000000e+03
3.449000000000000000e+03
2.889000000000000000e+03
5.200000000000000000e+01
3.774000000000000000e+03
8.700000000000000000e+01
1.200000000000000000e+01
1.115000000000000000e+03
1.000000000000000000e+01
1.414000000000000000e+03
1.683000000000000000e+03
6.000000000000000000e+01
4.400000000000000000e+01
2.200000000000000000e+01
1.771400000000000000e+04
1.190000000000000000e+02
2.600000000000000000e+01
9.000000000000000000e+00
5.000000000000000000e+00
4.000000000000000000e+03
1.000000000000000000e+00
1.000000000000000000e+01
4.500000000000000000e+01
2.000000000000000000e+00
2.200000000000000000e+01
1.547000000000000000e+03
1.400000000000000000e+01
3.000000000000000000e+01
1.300000000000000000e+01
2.110000000000000000e+02
1.300000000000000000e+01
1.100000000000000000e+01
9.100000000000000000e+01
8.500000000000000000e+01
2.286000000000000000e+03
2.900000000000000000e+01
1.100000000000000000e+01
7.000000000000000000e+00
7.100000000000000000e+01
6.240000000000000000e+02
1.100000000000000000e+01
1.200000000000000000e+01
1.212300000000000000e+04
7.200000000000000000e+01
7.100000000000000000e+01
2.500000000000000000e+01
2.920000000000000000e+02
5.300000000000000000e+01
4.700000000000000000e+01
7.510000000000000000e+02
1.770000000000000000e+02
2.130000000000000000e+02
2.780000000000000000e+02
3.440000000000000000e+02
6.580000000000000000e+02
2.126000000000000000e+03
1.570000000000000000e+02
7.300000000000000000e+02
3.720000000000000000e+02
3.450000000000000000e+02
1.437000000000000000e+03
1.304000000000000000e+03
7.402000000000000000e+03
1.287000000000000000e+03
1.417000000000000000e+03
1.061000000000000000e+03
6.520000000000000000e+02
4.610000000000000000e+02
1.406600000000000000e+04
1.495000000000000000e+03
1.365000000000000000e+03
5.610000000000000000e+02
7.120000000000000000e+02
1.719000000000000000e+03
1.267000000000000000e+03
5.130000000000000000e+02
5.800000000000000000e+01
6.800000000000000000e+01
7.500000000000000000e+01
7.642000000000000000e+03
3.000000000000000000e+00
1.070000000000000000e+02
5.100000000000000000e+01
1.465000000000000000e+03
5.413800000000000000e+04
4.840000000000000000e+04
4.200000000000000000e+01
2.200000000000000000e+02
6.400000000000000000e+01
2.060000000000000000e+02
1.200000000000000000e+01
4.210000000000000000e+02
3.190000000000000000e+02
1.000000000000000000e+01
6.200000000000000000e+01
2.600000000000000000e+01
0.000000000000000000e+00
1.500000000000000000e+02
6.000000000000000000e+00
7.580000000000000000e+02
1.620000000000000000e+02
2.700000000000000000e+01
8.000000000000000000e+00
1.100000000000000000e+01
2.980000000000000000e+02
7.100000000000000000e+01
1.800000000000000000e+01
4.000000000000000000e+00
0.000000000000000000e+00
2.180000000000000000e+02
1.000000000000000000e+00
2.000000000000000000e+00
2.700000000000000000e+01
1.000000000000000000e+00
1.400000000000000000e+01
4.420000000000000000e+02
1.100000000000000000e+01
1.600000000000000000e+01
2.200000000000000000e+01
1.330000000000000000e+02
1.100000000000000000e+01
1.100000000000000000e+01
5.500000000000000000e+01
5.500000000000000000e+01
1.284000000000000000e+03
6.500000000000000000e+01
7.000000000000000000e+01
4.900000000000000000e+01
1.720000000000000000e+02
6.490000000000000000e+02
8.900000000000000000e+01
1.930000000000000000e+02
1.107000000000000000e+03
4.970000000000000000e+02
5.750000000000000000e+02
5.870000000000000000e+02
1.154000000000000000e+03
7.150000000000000000e+02
5.470000000000000000e+02
1.704870000000000000e+05
1.410000000000000000e+02
2.197000000000000000e+03
4.169000000000000000e+03
2.544000000000000000e+03
3.349000000000000000e+03
9.254000000000000000e+03
9.725000000000000000e+03
1.006500000000000000e+04
1.507200000000000000e+04
2.669700000000000000e+04
1.883000000000000000e+04
1.595500000000000000e+04
1.237000000000000000e+04
7.624000000000000000e+03
7.242000000000000000e+03
6.474000000000000000e+03
5.508000000000000000e+03
4.676000000000000000e+03
4.351000000000000000e+03
4.219000000000000000e+03
4.152000000000000000e+03
4.540000000000000000e+03
5.043000000000000000e+03
4.691000000000000000e+03
5.635000000000000000e+03
7.587000000000000000e+03
6.134000000000000000e+03
5.869000000000000000e+03
3.702000000000000000e+03
3.601000000000000000e+03
2.679000000000000000e+03
2.849000000000000000e+03
2.152000000000000000e+03
2.760000000000000000e+03
2.137000000000000000e+03
2.578000000000000000e+03
1.502000000000000000e+03
2.014000000000000000e+03
2.038000000000000000e+03
1.834000000000000000e+03
1.969000000000000000e+03
1.519000000000000000e+03
2.031000000000000000e+03
1.715000000000000000e+03
1.298000000000000000e+03
1.962000000000000000e+03
1.610000000000000000e+03
1.228000000000000000e+03
1.699000000000000000e+03
1.030000000000000000e+03
2.365000000000000000e+03
8.570000000000000000e+02
1.777000000000000000e+03
1.079000000000000000e+03
2.024000000000000000e+03
8.670000000000000000e+02
1.498000000000000000e+03
1.893000000000000000e+03
1.104000000000000000e+03
1.071000000000000000e+03
1.725000000000000000e+03
8.640000000000000000e+02
6.630000000000000000e+02
3.629000000000000000e+03
8.110000000000000000e+02
8.160000000000000000e+02
4.647000000000000000e+03
1.129000000000000000e+03
9.420000000000000000e+02
1.389000000000000000e+03
1.992000000000000000e+03
9.210000000000000000e+02
1.643000000000000000e+03
8.910000000000000000e+02
3.347000000000000000e+03
8.130000000000000000e+02
1.199000000000000000e+03
1.194000000000000000e+03
7.930000000000000000e+02
2.013000000000000000e+03
1.204000000000000000e+03
9.070000000000000000e+02
8.860000000000000000e+02
7.140000000000000000e+02
4.489000000000000000e+03
6.630000000000000000e+02
7.510000000000000000e+02
8.180000000000000000e+02
8.870000000000000000e+02
1.153000000000000000e+03
2.767000000000000000e+03
7.250000000000000000e+02
8.770000000000000000e+02
9.600000000000000000e+02
5.700000000000000000e+02
1.347000000000000000e+03
7.830000000000000000e+02
1.766000000000000000e+03
8.200000000000000000e+02
7.800000000000000000e+02
6.440000000000000000e+02
2.294000000000000000e+03
6.600000000000000000e+02
7.020000000000000000e+02
7.250000000000000000e+02
3.030000000000000000e+03
7.520000000000000000e+02
6.950000000000000000e+02
1.024000000000000000e+03
5.130000000000000000e+02
6.690000000000000000e+02
7.240000000000000000e+02
1.668000000000000000e+03
6.360000000000000000e+02
6.300000000000000000e+02
1.542000000000000000e+03
5.750000000000000000e+02
1.001000000000000000e+03
6.440000000000000000e+02
7.030000000000000000e+02
5.380000000000000000e+02
5.110000000000000000e+02
5.280000000000000000e+02
5.050000000000000000e+02
5.160000000000000000e+02
3.420000000000000000e+02
5.570000000000000000e+02
5.400000000000000000e+03
3.410000000000000000e+02
4.590000000000000000e+02
5.630000000000000000e+02
4.870000000000000000e+02
4.690000000000000000e+02
6.090000000000000000e+02
5.420000000000000000e+02
4.820000000000000000e+02
5.990000000000000000e+02
4.230000000000000000e+02
1.099000000000000000e+03
4.510000000000000000e+02
4.480000000000000000e+02
6.271000000000000000e+03
5.930000000000000000e+02
3.230000000000000000e+02
4.020000000000000000e+02
1.743000000000000000e+03
3.550000000000000000e+02
4.380000000000000000e+02
6.680000000000000000e+02
4.270000000000000000e+02
3.660000000000000000e+02
3.570000000000000000e+02
8.303000000000000000e+03
3.430000000000000000e+02
4.220000000000000000e+02
4.160000000000000000e+02
3.720000000000000000e+02
4.160000000000000000e+02
1.538000000000000000e+03
2.650000000000000000e+02
4.050000000000000000e+02
4.620000000000000000e+02
3.320000000000000000e+02
3.540000000000000000e+02
3.720000000000000000e+02
2.640000000000000000e+02
3.880000000000000000e+02
3.190000000000000000e+02
1.480000000000000000e+02
1.916000000000000000e+03
1.740000000000000000e+02
2.610000000000000000e+02
3.580000000000000000e+02
2.520000000000000000e+02
2.850000000000000000e+02
2.030000000000000000e+02
3.230000000000000000e+02
1.790000000000000000e+02
3.570000000000000000e+02
2.490000000000000000e+02
2.720000000000000000e+02
3.501000000000000000e+03
1.800000000000000000e+02
2.370000000000000000e+02
2.850000000000000000e+02
1.630000000000000000e+02
1.740000000000000000e+02
2.110000000000000000e+02
1.590000000000000000e+02
1.770000000000000000e+02
3.568000000000000000e+03
7.200000000000000000e+01
1.880000000000000000e+02
1.520000000000000000e+02
1.430000000000000000e+02
1.840000000000000000e+02
1.720000000000000000e+02
2.380000000000000000e+02
7.800000000000000000e+01
1.500000000000000000e+02
9.000000000000000000e+01
1.470000000000000000e+02
1.280000000000000000e+02
2.370000000000000000e+02
8.600000000000000000e+01
1.570000000000000000e+02
9.900000000000000000e+01
1.010000000000000000e+02
1.890000000000000000e+02
9.300000000000000000e+01
9.900000000000000000e+01
5.100000000000000000e+01
6.240000000000000000e+03
1.070000000000000000e+02
9.900000000000000000e+01
1.080000000000000000e+02
1.030000000000000000e+02
6.900000000000000000e+01
1.221000000000000000e+03
9.000000000000000000e+01
7.500000000000000000e+01
9.000000000000000000e+01
1.550000000000000000e+02
7.700000000000000000e+01
7.300000000000000000e+01
7.200000000000000000e+01
1.350000000000000000e+02
7.700000000000000000e+01
3.700000000000000000e+01
1.110000000000000000e+02
5.300000000000000000e+01
9.200000000000000000e+01
7.400000000000000000e+01
1.130000000000000000e+02
1.100000000000000000e+02
3.900000000000000000e+01
7.300000000000000000e+01
7.100000000000000000e+01
5.800000000000000000e+01
4.900000000000000000e+01
6.100000000000000000e+01
4.600000000000000000e+01
6.400000000000000000e+01
3.500000000000000000e+01
4.800000000000000000e+01
5.000000000000000000e+01
5.900000000000000000e+01
5.700000000000000000e+01
4.000000000000000000e+01
3.000000000000000000e+01
1.900000000000000000e+01
2.800000000000000000e+01
1.400000000000000000e+01
2.000000000000000000e+00
2.474600000000000000e+04
3.158000000000000000e+03
2.593400000000000000e+04
4.480000000000000000e+03
1.153600000000000000e+04
1.403400000000000000e+04
1.161900000000000000e+04
1.268700000000000000e+04
7.992000000000000000e+03
7.856000000000000000e+03
1.105500000000000000e+04
1.394000000000000000e+04
5.031000000000000000e+03
5.521000000000000000e+03
4.870000000000000000e+03
5.918000000000000000e+03
4.389000000000000000e+03
4.756000000000000000e+03
4.983000000000000000e+03
4.313000000000000000e+03
8.331000000000000000e+03
4.477000000000000000e+03
4.872000000000000000e+03
5.154000000000000000e+03
3.163000000000000000e+03
3.803000000000000000e+03
3.260000000000000000e+03
3.101000000000000000e+03
2.985000000000000000e+03
2.893000000000000000e+03
2.892000000000000000e+03
2.668000000000000000e+03
2.869000000000000000e+03
3.285000000000000000e+03
2.562000000000000000e+03
3.175000000000000000e+03
3.930000000000000000e+03
2.975000000000000000e+03
3.495000000000000000e+03
3.073000000000000000e+03
3.393000000000000000e+03
4.478000000000000000e+03
3.615000000000000000e+03
3.145000000000000000e+03
2.746000000000000000e+03
2.895000000000000000e+03
3.953000000000000000e+03
3.319000000000000000e+03
4.006000000000000000e+03
3.922000000000000000e+03
3.015000000000000000e+03
3.100000000000000000e+03
3.090000000000000000e+03
2.973000000000000000e+03
2.763000000000000000e+03
2.607000000000000000e+03
2.577000000000000000e+03
2.378000000000000000e+03
2.504000000000000000e+03
2.207000000000000000e+03
2.267000000000000000e+03
2.327000000000000000e+03
2.308000000000000000e+03
2.133000000000000000e+03
2.284000000000000000e+03
2.007000000000000000e+03
2.221000000000000000e+03
1.974000000000000000e+03
2.109000000000000000e+03
1.974000000000000000e+03
1.975000000000000000e+03
1.817000000000000000e+03
1.889000000000000000e+03
1.852000000000000000e+03
1.819000000000000000e+03
2.008000000000000000e+03
1.882000000000000000e+03
2.001000000000000000e+03
1.853000000000000000e+03
1.727000000000000000e+03
1.988000000000000000e+03
1.742000000000000000e+03
2.101000000000000000e+03
1.891000000000000000e+03
1.715000000000000000e+03
1.818000000000000000e+03
1.580000000000000000e+03
2.005000000000000000e+03
2.652000000000000000e+03
1.504000000000000000e+03
2.439000000000000000e+03
1.476000000000000000e+03
2.115000000000000000e+03
2.259000000000000000e+03
1.441000000000000000e+03
2.106000000000000000e+03
1.525000000000000000e+03
2.067000000000000000e+03
1.811000000000000000e+03
1.467000000000000000e+03
1.984000000000000000e+03
1.752000000000000000e+03
1.588000000000000000e+03
2.227000000000000000e+03
1.613000000000000000e+03
2.672000000000000000e+03
1.786000000000000000e+03
1.495000000000000000e+03
2.635000000000000000e+03
1.548000000000000000e+03
1.943000000000000000e+03
1.643000000000000000e+03
1.470000000000000000e+03
2.145000000000000000e+03
2.103000000000000000e+03
1.888000000000000000e+03
2.644000000000000000e+03
1.552000000000000000e+03
2.984000000000000000e+03
2.850000000000000000e+03
1.557000000000000000e+03
3.307000000000000000e+03
1.763000000000000000e+03
2.973000000000000000e+03
2.642000000000000000e+03
1.854000000000000000e+03
2.211000000000000000e+03
1.529000000000000000e+03
2.602000000000000000e+03
2.537000000000000000e+03
2.785000000000000000e+03
4.238000000000000000e+03
2.166000000000000000e+03
2.642000000000000000e+03
2.429000000000000000e+03
2.327000000000000000e+03
2.919000000000000000e+03
3.022000000000000000e+03
2.403000000000000000e+03
2.958000000000000000e+03
1.927000000000000000e+03
3.266000000000000000e+03
3.262000000000000000e+03
1.513000000000000000e+03
2.032000000000000000e+03
1.896000000000000000e+03
1.432000000000000000e+03
2.446000000000000000e+03
1.468000000000000000e+03
2.233000000000000000e+03
2.624000000000000000e+03
1.524000000000000000e+03
2.899000000000000000e+03
1.549000000000000000e+03
3.417000000000000000e+03
3.775000000000000000e+03
1.759000000000000000e+03
2.477000000000000000e+03
2.350000000000000000e+03
1.780000000000000000e+03
2.740000000000000000e+03
1.696000000000000000e+03
2.793000000000000000e+03
1.593000000000000000e+03
1.653000000000000000e+03
2.331000000000000000e+03
1.799000000000000000e+03
4.011000000000000000e+03
2.359000000000000000e+03
1.630000000000000000e+03
2.699000000000000000e+03
1.914000000000000000e+03
1.561000000000000000e+03
2.053000000000000000e+03
1.396000000000000000e+03
1.410000000000000000e+03
1.152000000000000000e+03
1.357000000000000000e+03
1.161000000000000000e+03
1.406000000000000000e+03
1.153000000000000000e+03
1.259000000000000000e+03
1.465000000000000000e+03
1.222000000000000000e+03
1.328000000000000000e+03
1.319000000000000000e+03
1.375000000000000000e+03
1.219000000000000000e+03
1.075000000000000000e+03
1.174000000000000000e+03
1.032000000000000000e+03
1.058000000000000000e+03
1.191000000000000000e+03
1.050000000000000000e+03
1.182000000000000000e+03
1.104000000000000000e+03
8.410000000000000000e+02
9.370000000000000000e+02
9.240000000000000000e+02
1.001000000000000000e+03
9.190000000000000000e+02
8.290000000000000000e+02
9.990000000000000000e+02
8.780000000000000000e+02
7.950000000000000000e+02
9.320000000000000000e+02
8.760000000000000000e+02
9.790000000000000000e+02
7.770000000000000000e+02
8.710000000000000000e+02
8.290000000000000000e+02
9.370000000000000000e+02
8.020000000000000000e+02
8.340000000000000000e+02
8.450000000000000000e+02
9.020000000000000000e+02
7.590000000000000000e+02
1.146000000000000000e+03
6.200000000000000000e+02
6.300000000000000000e+02
4.040000000000000000e+02
4.210000000000000000e+02
4.520000000000000000e+02
3.800000000000000000e+02
3.630000000000000000e+02
3.770000000000000000e+02
3.380000000000000000e+02
3.520000000000000000e+02
3.440000000000000000e+02
3.570000000000000000e+02
3.910000000000000000e+02
3.910000000000000000e+02
4.810000000000000000e+02
5.040000000000000000e+02
5.530000000000000000e+02
5.180000000000000000e+02
5.240000000000000000e+02
5.100000000000000000e+02
4.130000000000000000e+02
4.880000000000000000e+02
4.090000000000000000e+02
4.200000000000000000e+02
4.300000000000000000e+02
4.160000000000000000e+02
4.160000000000000000e+02
4.690000000000000000e+02
4.570000000000000000e+02
5.530000000000000000e+02
6.450000000000000000e+02
5.650000000000000000e+02
6.440000000000000000e+02
1.169000000000000000e+03
8.480000000000000000e+02
1.278000000000000000e+03
4.730000000000000000e+02
4.910000000000000000e+02
2.509000000000000000e+03
