6.510000000000000000e+03
2.800000000000000000e+01
2.900000000000000000e+01
5.700000000000000000e+01
1.200000000000000000e+01
7.820000000000000000e+02
2.191000000000000000e+03
7.000000000000000000e+00
1.631000000000000000e+03
5.800000000000000000e+01
5.700000000000000000e+01
4.646000000000000000e+03
1.293000000000000000e+03
1.150300000000000000e+04
5.261000000000000000e+03
9.219000000000000000e+03
3.418000000000000000e+03
2.438000000000000000e+03
1.283000000000000000e+03
2.454000000000000000e+03
3.674000000000000000e+03
1.145000000000000000e+03
3.090000000000000000e+02
2.150000000000000000e+02
2.626000000000000000e+03
9.760000000000000000e+02
7.600000000000000000e+01
2.700000000000000000e+01
2.600000000000000000e+01
1.700000000000000000e+01
2.575000000000000000e+03
0.000000000000000000e+00
2.300000000000000000e+01
2.000000000000000000e+00
5.200000000000000000e+01
2.390000000000000000e+02
9.920000000000000000e+02
0.000000000000000000e+00
3.000000000000000000e+00
1.000000000000000000e+00
2.000000000000000000e+01
0.000000000000000000e+00
2.400000000000000000e+02
4.900000000000000000e+01
0.000000000000000000e+00
1.400000000000000000e+01
1.000000000000000000e+00
0.000000000000000000e+00
1.000000000000000000e+01
0.000000000000000000e+00
7.310000000000000000e+02
9.000000000000000000e+00
0.000000000000000000e+00
0.000000000000000000e+00
0.000000000000000000e+00
5.100000000000000000e+01
2.000000000000000000e+00
1.000000000000000000e+00
0.000000000000000000e+00
0.000000000000000000e+00
6.600000000000000000e+01
0.000000000000000000e+00
0.000000000000000000e+00
1.000000000000000000e+00
0.000000000000000000e+00
2.000000000000000000e+00
1.330000000000000000e+02
1.000000000000000000e+00
4.000000000000000000e+00
4.000000000000000000e+00
4.400000000000000000e+01
0.000000000000000000e+00
0.000000000000000000e+00
1.100000000000000000e+01
5.000000000000000000e+00
1.723000000000000000e+03
1.000000000000000000e+00
2.000000000000000000e+00
2.000000000000000000e+00
9.000000000000000000e+00
1.790000000000000000e+02
1.000000000000000000e+00
2.000000000000000000e+00
3.590000000000000000e+02
1.700000000000000000e+01
6.000000000000000000e+00
0.000000000000000000e+00
1.210000000000000000e+02
5.000000000000000000e+00
0.000000000000000000e+00
6.130000000000000000e+02
9.000000000000000000e+00
2.500000000000000000e+01
8.700000000000000000e+01
4.200000000000000000e+01
4.080000000000000000e+02
1.245000000000000000e+03
3.550000000000000000e+02
1.141000000000000000e+03
8.110000000000000000e+02
2.449000000000000000e+03
8.971000000000000000e+03
1.187200000000000000e+04
1.675800000000000000e+04
6.929000000000000000e+03
1.622300000000000000e+04
1.379600000000000000e+04
1.514800000000000000e+04
8.970000000000000000e+03
7.512000000000000000e+03
5.582000000000000000e+03
4.636000000000000000e+03
1.657000000000000000e+03
1.573000000000000000e+03
2.629000000000000000e+03
2.045000000000000000e+03
8.020000000000000000e+02
1.840000000000000000e+02
8.700000000000000000e+01
1.270000000000000000e+02
5.217000000000000000e+03
1.800000000000000000e+01
7.400000000000000000e+01
4.200000000000000000e+01
3.790000000000000000e+02
1.092000000000000000e+03
2.033000000000000000e+03
2.300000000000000000e+01
4.000000000000000000e+01
1.300000000000000000e+01
7.800000000000000000e+01
1.800000000000000000e+01
4.820000000000000000e+02
2.370000000000000000e+02
1.800000000000000000e+01
3.400000000000000000e+01
3.400000000000000000e+01
3.000000000000000000e+00
4.900000000000000000e+01
7.000000000000000000e+00
1.098000000000000000e+03
8.200000000000000000e+01
1.400000000000000000e+01
1.000000000000000000e+01
1.500000000000000000e+01
1.360000000000000000e+02
1.700000000000000000e+01
1.400000000000000000e+01
7.000000000000000000e+00
9.000000000000000000e+00
7.700000000000000000e+01
1.300000000000000000e+01
1.000000000000000000e+01
2.900000000000000000e+01
1.600000000000000000e+01
1.700000000000000000e+01
2.530000000000000000e+02
1.900000000000000000e+01
2.000000000000000000e+01
2.900000000000000000e+01
7.900000000000000000e+01
2.900000000000000000e+01
3.000000000000000000e+01
5.800000000000000000e+01
8.600000000000000000e+01
2.413000000000000000e+03
6.600000000000000000e+01
8.300000000000000000e+01
1.260000000000000000e+02
1.370000000000000000e+02
3.400000000000000000e+02
1.990000000000000000e+02
1.810000000000000000e+02
8.590000000000000000e+02
1.900000000000000000e+02
2.490000000000000000e+02
1.900000000000000000e+02
3.220000000000000000e+02
1.510000000000000000e+02
6.900000000000000000e+01
5.762000000000000000e+03
6.900000000000000000e+01
1.224000000000000000e+03
2.060000000000000000e+03
2.300000000000000000e+03
2.144000000000000000e+03
2.455000000000000000e+03
2.002000000000000000e+03
2.532000000000000000e+03
2.407000000000000000e+03
2.285000000000000000e+03
2.130000000000000000e+03
2.709000000000000000e+03
2.376000000000000000e+03
2.703000000000000000e+03
2.257000000000000000e+03
2.143000000000000000e+03
3.335000000000000000e+03
3.462000000000000000e+03
3.312000000000000000e+03
5.337000000000000000e+03
4.317000000000000000e+03
3.925000000000000000e+03
4.527000000000000000e+03
3.830000000000000000e+03
3.627000000000000000e+03
3.085000000000000000e+03
3.061000000000000000e+03
3.121000000000000000e+03
2.890000000000000000e+03
2.902000000000000000e+03
2.251000000000000000e+03
2.338000000000000000e+03
2.430000000000000000e+03
2.078000000000000000e+03
2.967000000000000000e+03
2.931000000000000000e+03
1.468000000000000000e+03
1.794000000000000000e+03
1.645000000000000000e+03
1.367000000000000000e+03
1.408000000000000000e+03
1.240000000000000000e+03
1.716000000000000000e+03
2.581000000000000000e+03
2.190000000000000000e+03
1.836000000000000000e+03
1.913000000000000000e+03
1.686000000000000000e+03
1.346000000000000000e+03
1.256000000000000000e+03
1.074000000000000000e+03
1.040000000000000000e+03
1.077000000000000000e+03
9.780000000000000000e+02
1.217000000000000000e+03
1.058000000000000000e+03
1.236000000000000000e+03
1.141000000000000000e+03
1.155000000000000000e+03
1.127000000000000000e+03
1.230000000000000000e+03
1.243000000000000000e+03
1.234000000000000000e+03
1.489000000000000000e+03
1.267000000000000000e+03
1.382000000000000000e+03
1.352000000000000000e+03
1.349000000000000000e+03
1.342000000000000000e+03
1.538000000000000000e+03
1.335000000000000000e+03
1.338000000000000000e+03
1.480000000000000000e+03
1.283000000000000000e+03
1.308000000000000000e+03
1.251000000000000000e+03
1.355000000000000000e+03
1.326000000000000000e+03
1.282000000000000000e+03
1.530000000000000000e+03
1.555000000000000000e+03
1.639000000000000000e+03
1.486000000000000000e+03
1.830000000000000000e+03
1.949000000000000000e+03
1.582000000000000000e+03
1.234000000000000000e+03
1.233000000000000000e+03
1.175000000000000000e+03
1.203000000000000000e+03
9.810000000000000000e+02
8.790000000000000000e+02
8.000000000000000000e+02
7.650000000000000000e+02
6.400000000000000000e+02
6.410000000000000000e+02
5.490000000000000000e+02
6.230000000000000000e+02
5.140000000000000000e+02
4.860000000000000000e+02
4.600000000000000000e+02
5.600000000000000000e+02
4.390000000000000000e+02
3.780000000000000000e+02
3.600000000000000000e+02
4.990000000000000000e+02
4.180000000000000000e+02
3.400000000000000000e+02
3.920000000000000000e+02
3.370000000000000000e+02
3.030000000000000000e+02
3.420000000000000000e+02
3.260000000000000000e+02
2.600000000000000000e+02
2.800000000000000000e+02
3.050000000000000000e+02
2.390000000000000000e+02
3.040000000000000000e+02
2.560000000000000000e+02
2.810000000000000000e+02
2.480000000000000000e+02
3.000000000000000000e+02
2.340000000000000000e+02
2.490000000000000000e+02
2.900000000000000000e+02
3.080000000000000000e+02
2.420000000000000000e+02
4.880000000000000000e+02
3.220000000000000000e+02
2.760000000000000000e+02
3.210000000000000000e+02
2.560000000000000000e+02
3.290000000000000000e+02
2.810000000000000000e+02
3.110000000000000000e+02
3.050000000000000000e+02
3.740000000000000000e+02
3.110000000000000000e+02
3.120000000000000000e+02
2.480000000000000000e+02
3.020000000000000000e+02
3.160000000000000000e+02
2.790000000000000000e+02
2.680000000000000000e+02
3.100000000000000000e+02
2.900000000000000000e+02
2.460000000000000000e+02
2.180000000000000000e+02
2.790000000000000000e+02
2.390000000000000000e+02
2.170000000000000000e+02
2.330000000000000000e+02
2.250000000000000000e+02
1.830000000000000000e+02
2.120000000000000000e+02
1.820000000000000000e+02
1.710000000000000000e+02
1.900000000000000000e+02
2.290000000000000000e+02
1.610000000000000000e+02
1.490000000000000000e+02
1.740000000000000000e+02
1.170000000000000000e+02
1.680000000000000000e+02
1.430000000000000000e+02
1.380000000000000000e+02
1.290000000000000000e+02
1.170000000000000000e+02
1.070000000000000000e+02
2.370000000000000000e+02
1.180000000000000000e+02
9.100000000000000000e+01
1.260000000000000000e+02
1.180000000000000000e+02
1.330000000000000000e+02
8.700000000000000000e+01
1.300000000000000000e+02
8.400000000000000000e+01
1.170000000000000000e+02
1.140000000000000000e+02
1.200000000000000000e+02
1.510000000000000000e+02
9.900000000000000000e+01
8.500000000000000000e+01
1.160000000000000000e+02
7.500000000000000000e+01
1.230000000000000000e+02
9.700000000000000000e+01
9.500000000000000000e+01
1.170000000000000000e+02
1.570000000000000000e+02
7.900000000000000000e+01
9.800000000000000000e+01
1.020000000000000000e+02
1.020000000000000000e+02
9.000000000000000000e+01
9.800000000000000000e+01
1.040000000000000000e+02
7.000000000000000000e+01
9.900000000000000000e+01
9.400000000000000000e+01
8.800000000000000000e+01
9.600000000000000000e+01
8.300000000000000000e+01
8.400000000000000000e+01
9.300000000000000000e+01
9.500000000000000000e+01
8.500000000000000000e+01
1.170000000000000000e+02
9.600000000000000000e+01
1.030000000000000000e+02
7.200000000000000000e+01
1.260000000000000000e+02
8.300000000000000000e+01
7.500000000000000000e+01
9.100000000000000000e+01
8.900000000000000000e+01
5.800000000000000000e+01
1.310000000000000000e+02
7.800000000000000000e+01
1.120000000000000000e+02
7.700000000000000000e+01
9.200000000000000000e+01
9.900000000000000000e+01
1.230000000000000000e+02
8.700000000000000000e+01
1.160000000000000000e+02
9.500000000000000000e+01
9.900000000000000000e+01
1.240000000000000000e+02
1.140000000000000000e+02
7.800000000000000000e+01
1.470000000000000000e+02
1.230000000000000000e+02
1.140000000000000000e+02
1.600000000000000000e+02
1.540000000000000000e+02
1.440000000000000000e+02
1.490000000000000000e+02
1.620000000000000000e+02
1.800000000000000000e+02
1.820000000000000000e+02
2.050000000000000000e+02
1.440000000000000000e+02
2.010000000000000000e+02
2.720000000000000000e+02
2.480000000000000000e+02
2.240000000000000000e+02
1.380000000000000000e+02
1.040000000000000000e+02
2.680000000000000000e+02
1.120000000000000000e+02
1.500000000000000000e+01
2.000000000000000000e+00
2.480000000000000000e+03
1.110000000000000000e+02
2.490000000000000000e+02
2.570000000000000000e+02
1.820000000000000000e+02
2.050000000000000000e+02
2.180000000000000000e+02
1.810000000000000000e+02
2.180000000000000000e+02
1.900000000000000000e+02
2.450000000000000000e+02
2.160000000000000000e+02
2.550000000000000000e+02
2.740000000000000000e+02
2.560000000000000000e+02
3.040000000000000000e+02
2.920000000000000000e+02
3.310000000000000000e+02
2.860000000000000000e+02
2.980000000000000000e+02
3.290000000000000000e+02
3.470000000000000000e+02
3.290000000000000000e+02
3.400000000000000000e+02
3.620000000000000000e+02
3.650000000000000000e+02
3.680000000000000000e+02
3.320000000000000000e+02
3.170000000000000000e+02
3.370000000000000000e+02
3.220000000000000000e+02
3.510000000000000000e+02
3.280000000000000000e+02
4.000000000000000000e+02
3.530000000000000000e+02
3.880000000000000000e+02
3.400000000000000000e+02
4.040000000000000000e+02
3.970000000000000000e+02
4.110000000000000000e+02
4.510000000000000000e+02
4.440000000000000000e+02
4.520000000000000000e+02
4.660000000000000000e+02
5.120000000000000000e+02
4.400000000000000000e+02
4.870000000000000000e+02
4.480000000000000000e+02
4.560000000000000000e+02
4.550000000000000000e+02
4.980000000000000000e+02
4.690000000000000000e+02
5.090000000000000000e+02
5.090000000000000000e+02
5.270000000000000000e+02
5.570000000000000000e+02
5.640000000000000000e+02
6.200000000000000000e+02
6.150000000000000000e+02
6.640000000000000000e+02
7.540000000000000000e+02
7.490000000000000000e+02
7.820000000000000000e+02
8.320000000000000000e+02
8.380000000000000000e+02
8.920000000000000000e+02
8.920000000000000000e+02
9.760000000000000000e+02
9.140000000000000000e+02
8.970000000000000000e+02
8.770000000000000000e+02
8.350000000000000000e+02
7.620000000000000000e+02
7.640000000000000000e+02
7.930000000000000000e+02
7.180000000000000000e+02
7.000000000000000000e+02
8.370000000000000000e+02
7.310000000000000000e+02
7.960000000000000000e+02
7.860000000000000000e+02
7.500000000000000000e+02
8.330000000000000000e+02
8.500000000000000000e+02
9.070000000000000000e+02
8.890000000000000000e+02
8.690000000000000000e+02
9.010000000000000000e+02
9.450000000000000000e+02
9.820000000000000000e+02
9.860000000000000000e+02
1.054000000000000000e+03
1.054000000000000000e+03
1.121000000000000000e+03
1.111000000000000000e+03
1.050000000000000000e+03
1.026000000000000000e+03
1.124000000000000000e+03
1.012000000000000000e+03
1.017000000000000000e+03
9.260000000000000000e+02
9.440000000000000000e+02
9.760000000000000000e+02
9.680000000000000000e+02
9.460000000000000000e+02
8.760000000000000000e+02
9.910000000000000000e+02
9.620000000000000000e+02
9.460000000000000000e+02
1.002000000000000000e+03
9.880000000000000000e+02
1.000000000000000000e+03
1.051000000000000000e+03
1.038000000000000000e+03
1.091000000000000000e+03
1.212000000000000000e+03
1.232000000000000000e+03
1.292000000000000000e+03
1.192000000000000000e+03
1.339000000000000000e+03
1.353000000000000000e+03
1.249000000000000000e+03
1.225000000000000000e+03
1.199000000000000000e+03
1.019000000000000000e+03
9.460000000000000000e+02
8.880000000000000000e+02
8.030000000000000000e+02
7.790000000000000000e+02
7.850000000000000000e+02
7.040000000000000000e+02
7.780000000000000000e+02
7.540000000000000000e+02
7.100000000000000000e+02
6.880000000000000000e+02
7.540000000000000000e+02
7.220000000000000000e+02
7.370000000000000000e+02
7.040000000000000000e+02
7.040000000000000000e+02
7.160000000000000000e+02
6.680000000000000000e+02
6.760000000000000000e+02
7.240000000000000000e+02
6.580000000000000000e+02
6.700000000000000000e+02
6.240000000000000000e+02
6.390000000000000000e+02
6.830000000000000000e+02
6.660000000000000000e+02
7.420000000000000000e+02
6.430000000000000000e+02
6.410000000000000000e+02
7.160000000000000000e+02
7.690000000000000000e+02
7.320000000000000000e+02
7.850000000000000000e+02
8.020000000000000000e+02
8.140000000000000000e+02
9.180000000000000000e+02
9.090000000000000000e+02
9.510000000000000000e+02
1.010000000000000000e+03
1.094000000000000000e+03
1.375000000000000000e+03
1.584000000000000000e+03
1.575000000000000000e+03
1.414000000000000000e+03
1.759000000000000000e+03
1.812000000000000000e+03
2.085000000000000000e+03
2.066000000000000000e+03
1.974000000000000000e+03
1.925000000000000000e+03
1.894000000000000000e+03
1.779000000000000000e+03
1.955000000000000000e+03
1.911000000000000000e+03
2.001000000000000000e+03
1.926000000000000000e+03
1.887000000000000000e+03
1.820000000000000000e+03
1.801000000000000000e+03
1.824000000000000000e+03
1.948000000000000000e+03
1.988000000000000000e+03
2.125000000000000000e+03
2.060000000000000000e+03
2.054000000000000000e+03
2.007000000000000000e+03
2.032000000000000000e+03
2.164000000000000000e+03
2.093000000000000000e+03
2.191000000000000000e+03
2.281000000000000000e+03
2.291000000000000000e+03
2.291000000000000000e+03
2.287000000000000000e+03
2.318000000000000000e+03
2.364000000000000000e+03
2.294000000000000000e+03
2.231000000000000000e+03
2.166000000000000000e+03
2.026000000000000000e+03
1.967000000000000000e+03
1.918000000000000000e+03
1.799000000000000000e+03
1.486000000000000000e+03
1.493000000000000000e+03
1.209000000000000000e+03
1.071000000000000000e+03
9.720000000000000000e+02
8.330000000000000000e+02
8.250000000000000000e+02
6.650000000000000000e+02
5.860000000000000000e+02
6.010000000000000000e+02
4.990000000000000000e+02
4.500000000000000000e+02
4.250000000000000000e+02
3.900000000000000000e+02
3.680000000000000000e+02
3.720000000000000000e+02
3.410000000000000000e+02
3.610000000000000000e+02
3.300000000000000000e+02
2.890000000000000000e+02
2.650000000000000000e+02
2.810000000000000000e+02
2.770000000000000000e+02
2.630000000000000000e+02
2.560000000000000000e+02
2.760000000000000000e+02
2.650000000000000000e+02
2.210000000000000000e+02
2.300000000000000000e+02
1.940000000000000000e+02
1.980000000000000000e+02
2.000000000000000000e+02
1.740000000000000000e+02
1.860000000000000000e+02
1.610000000000000000e+02
1.950000000000000000e+02
1.470000000000000000e+02
1.470000000000000000e+02
1.670000000000000000e+02
1.660000000000000000e+02
1.860000000000000000e+02
1.440000000000000000e+02
1.500000000000000000e+02
1.760000000000000000e+02
1.840000000000000000e+02
1.780000000000000000e+02
1.790000000000000000e+02
1.830000000000000000e+02
1.720000000000000000e+02
1.191000000000000000e+03
