2.955800000000000000e+04
1.273000000000000000e+03
1.727000000000000000e+03
2.844000000000000000e+03
1.260000000000000000e+03
1.112200000000000000e+04
1.195400000000000000e+04
1.320000000000000000e+03
1.137200000000000000e+04
4.495000000000000000e+03
3.296000000000000000e+03
1.446500000000000000e+04
3.444000000000000000e+03
1.470800000000000000e+04
4.929000000000000000e+03
6.037000000000000000e+03
5.960000000000000000e+03
6.180000000000000000e+03
4.099000000000000000e+03
8.401000000000000000e+03
1.089000000000000000e+04
7.507000000000000000e+03
8.670000000000000000e+03
5.845000000000000000e+03
9.798000000000000000e+03
6.636000000000000000e+03
9.510000000000000000e+03
7.664000000000000000e+03
5.672000000000000000e+03
5.406000000000000000e+03
6.031000000000000000e+03
2.557000000000000000e+03
1.971000000000000000e+03
9.780000000000000000e+02
1.669000000000000000e+03
2.194000000000000000e+03
1.284000000000000000e+03
1.790000000000000000e+02
3.000000000000000000e+02
2.100000000000000000e+02
3.420000000000000000e+02
8.000000000000000000e+01
4.220000000000000000e+02
4.730000000000000000e+02
5.500000000000000000e+01
1.290000000000000000e+02
1.840000000000000000e+02
1.000000000000000000e+00
2.730000000000000000e+02
2.700000000000000000e+01
5.740000000000000000e+02
2.030000000000000000e+02
1.650000000000000000e+02
2.000000000000000000e+00
5.200000000000000000e+01
2.730000000000000000e+02
1.540000000000000000e+02
7.100000000000000000e+01
0.000000000000000000e+00
0.000000000000000000e+00
3.000000000000000000e+02
0.000000000000000000e+00
1.000000000000000000e+00
8.700000000000000000e+01
0.000000000000000000e+00
1.100000000000000000e+01
4.930000000000000000e+02
2.000000000000000000e+00
1.100000000000000000e+01
0.000000000000000000e+00
3.310000000000000000e+02
1.000000000000000000e+00
1.000000000000000000e+00
1.270000000000000000e+02
1.000000000000000000e+01
1.025000000000000000e+03
0.000000000000000000e+00
1.000000000000000000e+00
0.000000000000000000e+00
1.600000000000000000e+01
5.360000000000000000e+02
0.000000000000000000e+00
0.000000000000000000e+00
5.860000000000000000e+02
3.000000000000000000e+00
5.000000000000000000e+00
0.000000000000000000e+00
1.250000000000000000e+02
1.000000000000000000e+00
1.000000000000000000e+00
6.940000000000000000e+02
0.000000000000000000e+00
5.000000000000000000e+00
1.800000000000000000e+01
2.000000000000000000e+00
4.100000000000000000e+01
9.980000000000000000e+02
4.000000000000000000e+00
1.570000000000000000e+02
2.500000000000000000e+01
1.200000000000000000e+01
1.009000000000000000e+03
5.800000000000000000e+01
2.661000000000000000e+03
3.030000000000000000e+02
3.720000000000000000e+02
3.030000000000000000e+03
2.945000000000000000e+03
3.682100000000000000e+04
9.432500000000000000e+04
5.132500000000000000e+04
1.663500000000000000e+04
1.462800000000000000e+04
8.290000000000000000e+03
1.898000000000000000e+04
1.126400000000000000e+04
1.210100000000000000e+04
3.425000000000000000e+03
1.345000000000000000e+03
1.001000000000000000e+03
2.590900000000000000e+04
2.540000000000000000e+02
9.980000000000000000e+02
4.000000000000000000e+02
1.983000000000000000e+03
8.460000000000000000e+03
1.379200000000000000e+04
1.710000000000000000e+02
5.190000000000000000e+02
2.780000000000000000e+02
6.630000000000000000e+02
2.110000000000000000e+02
2.586000000000000000e+03
1.357000000000000000e+03
2.260000000000000000e+02
2.870000000000000000e+02
3.420000000000000000e+02
2.390000000000000000e+02
4.820000000000000000e+02
2.740000000000000000e+02
3.837000000000000000e+03
6.060000000000000000e+02
3.600000000000000000e+02
3.370000000000000000e+02
2.830000000000000000e+02
8.820000000000000000e+02
5.830000000000000000e+02
3.800000000000000000e+02
3.850000000000000000e+02
5.040000000000000000e+02
6.680000000000000000e+02
5.080000000000000000e+02
7.210000000000000000e+02
9.130000000000000000e+02
9.640000000000000000e+02
8.870000000000000000e+02
2.000000000000000000e+03
8.950000000000000000e+02
1.292000000000000000e+03
1.394000000000000000e+03
1.491000000000000000e+03
9.960000000000000000e+02
1.111000000000000000e+03
1.053000000000000000e+03
1.468000000000000000e+03
7.904000000000000000e+03
1.355000000000000000e+03
1.405000000000000000e+03
1.819000000000000000e+03
6.043000000000000000e+03
1.194200000000000000e+04
1.502500000000000000e+04
2.321600000000000000e+04
1.550000000000000000e+04
1.335300000000000000e+04
1.188600000000000000e+04
6.518000000000000000e+03
6.361000000000000000e+03
2.791000000000000000e+03
1.314000000000000000e+03
2.121800000000000000e+04
0.000000000000000000e+00
1.740000000000000000e+02
1.676000000000000000e+03
3.335000000000000000e+03
2.969000000000000000e+03
3.320000000000000000e+03
3.755000000000000000e+03
5.255000000000000000e+03
5.460000000000000000e+03
6.253000000000000000e+03
6.237000000000000000e+03
6.501000000000000000e+03
7.046000000000000000e+03
7.135000000000000000e+03
7.230000000000000000e+03
6.646000000000000000e+03
6.576000000000000000e+03
6.107000000000000000e+03
5.582000000000000000e+03
6.015000000000000000e+03
5.349000000000000000e+03
4.903000000000000000e+03
4.818000000000000000e+03
4.481000000000000000e+03
3.857000000000000000e+03
4.054000000000000000e+03
3.663000000000000000e+03
3.606000000000000000e+03
3.105000000000000000e+03
3.271000000000000000e+03
2.861000000000000000e+03
3.179000000000000000e+03
2.741000000000000000e+03
3.072000000000000000e+03
2.503000000000000000e+03
3.339000000000000000e+03
1.984000000000000000e+03
2.671000000000000000e+03
3.113000000000000000e+03
2.470000000000000000e+03
2.511000000000000000e+03
2.308000000000000000e+03
3.458000000000000000e+03
2.814000000000000000e+03
2.502000000000000000e+03
3.927000000000000000e+03
2.573000000000000000e+03
2.758000000000000000e+03
2.974000000000000000e+03
2.391000000000000000e+03
5.013000000000000000e+03
2.329000000000000000e+03
3.431000000000000000e+03
2.460000000000000000e+03
3.698000000000000000e+03
2.588000000000000000e+03
5.262000000000000000e+03
3.067000000000000000e+03
2.964000000000000000e+03
2.729000000000000000e+03
3.263000000000000000e+03
2.750000000000000000e+03
2.462000000000000000e+03
6.750000000000000000e+03
2.644000000000000000e+03
2.532000000000000000e+03
3.456000000000000000e+03
2.720000000000000000e+03
2.333000000000000000e+03
3.362000000000000000e+03
3.425000000000000000e+03
2.350000000000000000e+03
4.736000000000000000e+03
2.440000000000000000e+03
3.661000000000000000e+03
2.696000000000000000e+03
3.323000000000000000e+03
3.168000000000000000e+03
2.246000000000000000e+03
4.474000000000000000e+03
3.126000000000000000e+03
3.167000000000000000e+03
3.192000000000000000e+03
2.329000000000000000e+03
7.150000000000000000e+03
3.075000000000000000e+03
3.399000000000000000e+03
4.367000000000000000e+03
5.283000000000000000e+03
4.335000000000000000e+03
7.375000000000000000e+03
3.756000000000000000e+03
6.431000000000000000e+03
3.544000000000000000e+03
4.451000000000000000e+03
5.223000000000000000e+03
5.139000000000000000e+03
6.852000000000000000e+03
3.256000000000000000e+03
7.726000000000000000e+03
3.290000000000000000e+03
6.946000000000000000e+03
6.608000000000000000e+03
5.349000000000000000e+03
4.647000000000000000e+03
9.232000000000000000e+03
6.088000000000000000e+03
6.188000000000000000e+03
9.974000000000000000e+03
8.130000000000000000e+03
6.530000000000000000e+03
8.693000000000000000e+03
7.110000000000000000e+03
6.703000000000000000e+03
8.983000000000000000e+03
1.167200000000000000e+04
8.324000000000000000e+03
9.277000000000000000e+03
4.528000000000000000e+03
3.828000000000000000e+03
3.408000000000000000e+03
9.840000000000000000e+02
8.120000000000000000e+02
7.970000000000000000e+02
7.890000000000000000e+02
7.120000000000000000e+02
9.630000000000000000e+02
3.660000000000000000e+03
6.310000000000000000e+02
7.890000000000000000e+02
8.740000000000000000e+02
8.120000000000000000e+02
9.170000000000000000e+02
8.470000000000000000e+02
8.680000000000000000e+02
8.800000000000000000e+02
9.430000000000000000e+02
7.500000000000000000e+02
1.091000000000000000e+03
7.340000000000000000e+02
7.790000000000000000e+02
1.658000000000000000e+03
8.370000000000000000e+02
6.480000000000000000e+02
7.680000000000000000e+02
1.041000000000000000e+03
8.170000000000000000e+02
8.530000000000000000e+02
9.400000000000000000e+02
7.950000000000000000e+02
7.810000000000000000e+02
7.710000000000000000e+02
1.300000000000000000e+03
6.930000000000000000e+02
8.860000000000000000e+02
7.830000000000000000e+02
7.230000000000000000e+02
7.390000000000000000e+02
1.493000000000000000e+03
6.400000000000000000e+02
7.170000000000000000e+02
8.190000000000000000e+02
6.580000000000000000e+02
7.420000000000000000e+02
7.950000000000000000e+02
6.700000000000000000e+02
5.050000000000000000e+02
7.650000000000000000e+02
4.130000000000000000e+02
1.994000000000000000e+03
4.220000000000000000e+02
6.980000000000000000e+02
5.900000000000000000e+02
7.300000000000000000e+02
6.360000000000000000e+02
5.660000000000000000e+02
8.050000000000000000e+02
4.680000000000000000e+02
8.000000000000000000e+02
5.510000000000000000e+02
6.380000000000000000e+02
1.161000000000000000e+03
5.040000000000000000e+02
5.830000000000000000e+02
6.930000000000000000e+02
4.330000000000000000e+02
5.420000000000000000e+02
6.430000000000000000e+02
5.640000000000000000e+02
4.810000000000000000e+02
1.040000000000000000e+03
3.480000000000000000e+02
6.700000000000000000e+02
5.080000000000000000e+02
4.770000000000000000e+02
6.070000000000000000e+02
5.710000000000000000e+02
6.940000000000000000e+02
5.100000000000000000e+02
6.900000000000000000e+02
5.590000000000000000e+02
6.130000000000000000e+02
6.770000000000000000e+02
8.170000000000000000e+02
6.040000000000000000e+02
7.380000000000000000e+02
5.730000000000000000e+02
6.960000000000000000e+02
8.280000000000000000e+02
6.390000000000000000e+02
8.030000000000000000e+02
8.890000000000000000e+02
1.380000000000000000e+03
1.029000000000000000e+03
9.320000000000000000e+02
1.364000000000000000e+03
1.340000000000000000e+03
1.234000000000000000e+03
2.239000000000000000e+03
1.124000000000000000e+03
1.567000000000000000e+03
1.733000000000000000e+03
1.448000000000000000e+03
2.047000000000000000e+03
1.389000000000000000e+03
1.600000000000000000e+03
1.921000000000000000e+03
1.400000000000000000e+03
1.245000000000000000e+03
1.256000000000000000e+03
1.098000000000000000e+03
9.610000000000000000e+02
9.370000000000000000e+02
9.360000000000000000e+02
9.230000000000000000e+02
8.970000000000000000e+02
9.540000000000000000e+02
9.240000000000000000e+02
1.047000000000000000e+03
1.161000000000000000e+03
1.098000000000000000e+03
1.395000000000000000e+03
1.296000000000000000e+03
1.569000000000000000e+03
1.468000000000000000e+03
1.546000000000000000e+03
1.953000000000000000e+03
2.338000000000000000e+03
2.421000000000000000e+03
2.193000000000000000e+03
3.065000000000000000e+03
3.139000000000000000e+03
1.021000000000000000e+04
3.140000000000000000e+03
4.581000000000000000e+04
1.911000000000000000e+03
1.264000000000000000e+03
1.742000000000000000e+03
1.575000000000000000e+03
2.103000000000000000e+03
2.715000000000000000e+03
3.975000000000000000e+03
4.099000000000000000e+03
4.860000000000000000e+03
4.771000000000000000e+03
4.303000000000000000e+03
4.246000000000000000e+03
3.331000000000000000e+03
3.199000000000000000e+03
3.411000000000000000e+03
3.546000000000000000e+03
3.182000000000000000e+03
2.898000000000000000e+03
2.684000000000000000e+03
2.535000000000000000e+03
2.480000000000000000e+03
2.122000000000000000e+03
2.313000000000000000e+03
2.254000000000000000e+03
2.306000000000000000e+03
2.177000000000000000e+03
2.219000000000000000e+03
2.327000000000000000e+03
2.710000000000000000e+03
2.880000000000000000e+03
2.869000000000000000e+03
2.563000000000000000e+03
2.452000000000000000e+03
2.282000000000000000e+03
2.271000000000000000e+03
2.054000000000000000e+03
2.330000000000000000e+03
2.141000000000000000e+03
2.192000000000000000e+03
2.219000000000000000e+03
2.256000000000000000e+03
2.006000000000000000e+03
2.016000000000000000e+03
2.213000000000000000e+03
1.997000000000000000e+03
2.086000000000000000e+03
2.064000000000000000e+03
1.784000000000000000e+03
1.976000000000000000e+03
1.999000000000000000e+03
1.918000000000000000e+03
1.735000000000000000e+03
1.615000000000000000e+03
1.882000000000000000e+03
1.783000000000000000e+03
1.793000000000000000e+03
1.725000000000000000e+03
1.546000000000000000e+03
1.853000000000000000e+03
1.725000000000000000e+03
1.802000000000000000e+03
2.047000000000000000e+03
2.021000000000000000e+03
2.024000000000000000e+03
1.945000000000000000e+03
1.582000000000000000e+03
1.930000000000000000e+03
1.751000000000000000e+03
1.466000000000000000e+03
1.870000000000000000e+03
1.683000000000000000e+03
1.572000000000000000e+03
1.902000000000000000e+03
1.962000000000000000e+03
2.037000000000000000e+03
2.064000000000000000e+03
1.923000000000000000e+03
1.767000000000000000e+03
1.760000000000000000e+03
1.682000000000000000e+03
1.624000000000000000e+03
1.643000000000000000e+03
1.727000000000000000e+03
1.630000000000000000e+03
1.746000000000000000e+03
1.705000000000000000e+03
1.727000000000000000e+03
1.613000000000000000e+03
1.604000000000000000e+03
1.487000000000000000e+03
1.449000000000000000e+03
1.536000000000000000e+03
1.435000000000000000e+03
1.402000000000000000e+03
1.430000000000000000e+03
1.473000000000000000e+03
1.505000000000000000e+03
1.543000000000000000e+03
1.494000000000000000e+03
1.525000000000000000e+03
1.586000000000000000e+03
1.600000000000000000e+03
1.587000000000000000e+03
1.633000000000000000e+03
1.653000000000000000e+03
1.682000000000000000e+03
1.824000000000000000e+03
1.803000000000000000e+03
1.899000000000000000e+03
1.905000000000000000e+03
1.995000000000000000e+03
2.085000000000000000e+03
1.987000000000000000e+03
2.066000000000000000e+03
2.167000000000000000e+03
2.223000000000000000e+03
2.367000000000000000e+03
2.444000000000000000e+03
2.393000000000000000e+03
2.516000000000000000e+03
2.699000000000000000e+03
2.741000000000000000e+03
2.859000000000000000e+03
3.154000000000000000e+03
3.333000000000000000e+03
3.506000000000000000e+03
3.814000000000000000e+03
4.038000000000000000e+03
4.059000000000000000e+03
4.237000000000000000e+03
4.135000000000000000e+03
3.871000000000000000e+03
3.941000000000000000e+03
3.996000000000000000e+03
4.183000000000000000e+03
3.922000000000000000e+03
3.939000000000000000e+03
4.186000000000000000e+03
3.989000000000000000e+03
4.192000000000000000e+03
4.019000000000000000e+03
3.970000000000000000e+03
3.943000000000000000e+03
4.158000000000000000e+03
4.083000000000000000e+03
4.315000000000000000e+03
4.178000000000000000e+03
4.230000000000000000e+03
4.243000000000000000e+03
5.282000000000000000e+03
5.427000000000000000e+03
5.256000000000000000e+03
4.903000000000000000e+03
4.776000000000000000e+03
4.658000000000000000e+03
4.569000000000000000e+03
4.544000000000000000e+03
5.327000000000000000e+03
4.416000000000000000e+03
4.196000000000000000e+03
4.122000000000000000e+03
3.903000000000000000e+03
4.098000000000000000e+03
4.127000000000000000e+03
3.727000000000000000e+03
3.632000000000000000e+03
3.477000000000000000e+03
3.603000000000000000e+03
3.427000000000000000e+03
3.472000000000000000e+03
3.284000000000000000e+03
3.386000000000000000e+03
3.266000000000000000e+03
3.446000000000000000e+03
3.257000000000000000e+03
3.114000000000000000e+03
3.061000000000000000e+03
2.901000000000000000e+03
2.868000000000000000e+03
2.681000000000000000e+03
2.438000000000000000e+03
2.505000000000000000e+03
2.433000000000000000e+03
2.583000000000000000e+03
2.307000000000000000e+03
2.348000000000000000e+03
2.167000000000000000e+03
2.140000000000000000e+03
2.163000000000000000e+03
2.137000000000000000e+03
2.010000000000000000e+03
2.055000000000000000e+03
1.963000000000000000e+03
1.988000000000000000e+03
1.948000000000000000e+03
1.894000000000000000e+03
1.709000000000000000e+03
1.744000000000000000e+03
1.752000000000000000e+03
1.761000000000000000e+03
1.651000000000000000e+03
1.545000000000000000e+03
1.729000000000000000e+03
1.642000000000000000e+03
1.595000000000000000e+03
1.420000000000000000e+03
1.343000000000000000e+03
1.467000000000000000e+03
1.407000000000000000e+03
1.412000000000000000e+03
1.405000000000000000e+03
1.236000000000000000e+03
1.203000000000000000e+03
1.176000000000000000e+03
1.144000000000000000e+03
1.163000000000000000e+03
1.198000000000000000e+03
1.190000000000000000e+03
1.065000000000000000e+03
1.018000000000000000e+03
9.110000000000000000e+02
1.532000000000000000e+03
4.543000000000000000e+03
5.676000000000000000e+03
6.543000000000000000e+03
7.068000000000000000e+03
1.012300000000000000e+04
1.193100000000000000e+04
1.280300000000000000e+04
1.259500000000000000e+04
1.255900000000000000e+04
1.286100000000000000e+04
1.004600000000000000e+04
9.112000000000000000e+03
8.039000000000000000e+03
9.626000000000000000e+03
1.062700000000000000e+04
9.785000000000000000e+03
6.853000000000000000e+03
4.481000000000000000e+03
3.291000000000000000e+03
2.971000000000000000e+03
2.884000000000000000e+03
2.765000000000000000e+03
2.018000000000000000e+03
1.438000000000000000e+03
7.560000000000000000e+02
3.530000000000000000e+02
2.630000000000000000e+02
1.760000000000000000e+02
1.110000000000000000e+02
6.900000000000000000e+01
5.800000000000000000e+01
4.200000000000000000e+01
4.000000000000000000e+01
2.960000000000000000e+02
