9.787700000000000000e+04
1.210000000000000000e+02
2.480000000000000000e+02
6.270000000000000000e+02
8.500000000000000000e+01
1.767000000000000000e+03
5.533000000000000000e+03
6.700000000000000000e+01
2.111000000000000000e+03
2.840000000000000000e+02
3.040000000000000000e+02
6.498000000000000000e+03
3.610000000000000000e+02
1.609800000000000000e+04
2.336000000000000000e+03
8.700000000000000000e+02
3.508000000000000000e+03
2.060000000000000000e+02
7.080000000000000000e+02
2.975000000000000000e+03
2.166500000000000000e+04
2.997000000000000000e+03
5.770000000000000000e+02
9.830000000000000000e+02
1.406200000000000000e+04
3.559000000000000000e+03
2.420000000000000000e+02
9.000000000000000000e+00
1.000000000000000000e+01
6.000000000000000000e+00
3.184400000000000000e+04
1.000000000000000000e+00
4.500000000000000000e+01
2.800000000000000000e+01
1.862000000000000000e+03
5.681000000000000000e+03
1.040600000000000000e+04
4.000000000000000000e+00
3.430000000000000000e+02
6.100000000000000000e+01
8.240000000000000000e+02
6.000000000000000000e+00
5.122000000000000000e+03
2.432000000000000000e+03
1.000000000000000000e+00
3.930000000000000000e+02
1.900000000000000000e+01
1.200000000000000000e+01
5.280000000000000000e+02
0.000000000000000000e+00
3.988000000000000000e+03
6.140000000000000000e+02
3.140000000000000000e+02
5.900000000000000000e+01
1.190000000000000000e+02
2.534000000000000000e+03
3.590000000000000000e+02
2.130000000000000000e+02
5.000000000000000000e+00
0.000000000000000000e+00
2.527000000000000000e+03
0.000000000000000000e+00
1.100000000000000000e+01
3.910000000000000000e+02
4.000000000000000000e+00
2.520000000000000000e+02
3.510000000000000000e+03
3.600000000000000000e+01
5.860000000000000000e+02
1.480000000000000000e+02
2.624000000000000000e+03
6.600000000000000000e+01
3.300000000000000000e+01
1.179000000000000000e+03
6.950000000000000000e+02
9.577000000000000000e+03
9.200000000000000000e+01
2.500000000000000000e+01
1.200000000000000000e+01
9.330000000000000000e+02
4.844000000000000000e+03
3.900000000000000000e+01
5.300000000000000000e+01
4.079000000000000000e+03
1.330000000000000000e+03
1.284000000000000000e+03
8.760000000000000000e+02
7.829000000000000000e+03
3.653000000000000000e+03
2.978000000000000000e+03
2.282700000000000000e+04
4.347000000000000000e+03
6.532000000000000000e+03
3.176000000000000000e+03
1.365000000000000000e+03
1.008300000000000000e+04
1.388700000000000000e+04
5.205000000000000000e+03
1.323700000000000000e+04
8.363000000000000000e+03
5.446000000000000000e+03
1.679000000000000000e+04
7.172000000000000000e+03
2.249600000000000000e+04
6.338000000000000000e+03
8.807000000000000000e+03
2.960100000000000000e+04
6.921000000000000000e+03
5.496000000000000000e+03
2.187800000000000000e+04
2.794400000000000000e+04
3.070900000000000000e+04
7.029000000000000000e+03
7.634000000000000000e+03
2.634800000000000000e+04
1.587700000000000000e+04
1.372100000000000000e+04
6.710000000000000000e+02
1.564000000000000000e+03
1.102000000000000000e+03
5.022500000000000000e+04
1.120000000000000000e+02
6.667000000000000000e+03
7.890000000000000000e+02
2.020400000000000000e+04
2.938900000000000000e+04
1.758000000000000000e+04
3.230000000000000000e+02
2.247000000000000000e+03
6.630000000000000000e+02
5.147000000000000000e+03
6.400000000000000000e+01
9.482000000000000000e+03
1.262100000000000000e+04
3.300000000000000000e+01
6.980000000000000000e+02
1.070000000000000000e+02
1.900000000000000000e+01
2.697000000000000000e+03
3.600000000000000000e+01
1.011500000000000000e+04
3.975000000000000000e+03
2.670000000000000000e+02
8.200000000000000000e+01
9.400000000000000000e+01
2.953000000000000000e+03
6.340000000000000000e+02
8.500000000000000000e+01
1.700000000000000000e+01
1.200000000000000000e+01
3.081000000000000000e+03
5.000000000000000000e+00
1.700000000000000000e+01
3.800000000000000000e+02
6.000000000000000000e+00
7.600000000000000000e+01
4.787000000000000000e+03
4.200000000000000000e+01
1.870000000000000000e+02
7.600000000000000000e+01
1.360000000000000000e+03
2.800000000000000000e+01
3.500000000000000000e+01
7.780000000000000000e+02
3.660000000000000000e+02
9.972000000000000000e+03
8.400000000000000000e+01
6.500000000000000000e+01
1.800000000000000000e+01
3.860000000000000000e+02
3.636000000000000000e+03
3.900000000000000000e+01
5.000000000000000000e+01
4.048000000000000000e+03
3.600000000000000000e+02
2.970000000000000000e+02
8.700000000000000000e+01
1.819000000000000000e+03
1.560000000000000000e+02
7.900000000000000000e+01
9.331300000000000000e+04
2.406000000000000000e+03
4.215000000000000000e+04
5.028000000000000000e+04
9.061000000000000000e+03
4.156700000000000000e+04
2.670100000000000000e+04
3.034500000000000000e+04
2.788600000000000000e+04
2.431300000000000000e+04
1.258300000000000000e+04
1.896600000000000000e+04
2.697000000000000000e+04
1.152100000000000000e+04
2.046700000000000000e+04
1.276600000000000000e+04
1.334600000000000000e+04
1.513800000000000000e+04
1.601800000000000000e+04
1.120700000000000000e+04
1.016500000000000000e+04
9.870000000000000000e+03
8.860000000000000000e+03
9.698000000000000000e+03
8.425000000000000000e+03
7.000000000000000000e+03
8.066000000000000000e+03
7.001000000000000000e+03
9.380000000000000000e+03
8.590000000000000000e+03
9.961000000000000000e+03
9.943000000000000000e+03
9.051000000000000000e+03
8.211000000000000000e+03
7.156000000000000000e+03
5.965000000000000000e+03
6.641000000000000000e+03
4.433000000000000000e+03
4.614000000000000000e+03
4.510000000000000000e+03
4.262000000000000000e+03
3.849000000000000000e+03
3.225000000000000000e+03
4.053000000000000000e+03
3.403000000000000000e+03
3.273000000000000000e+03
4.442000000000000000e+03
2.789000000000000000e+03
2.759000000000000000e+03
3.627000000000000000e+03
2.440000000000000000e+03
4.263000000000000000e+03
2.417000000000000000e+03
3.159000000000000000e+03
2.544000000000000000e+03
3.901000000000000000e+03
1.699000000000000000e+03
4.069000000000000000e+03
3.267000000000000000e+03
2.423000000000000000e+03
2.374000000000000000e+03
2.729000000000000000e+03
2.690000000000000000e+03
1.127000000000000000e+03
4.459000000000000000e+03
1.892000000000000000e+03
2.269000000000000000e+03
2.950000000000000000e+03
2.455000000000000000e+03
1.685000000000000000e+03
3.001000000000000000e+03
2.972000000000000000e+03
1.450000000000000000e+03
3.134000000000000000e+03
1.656000000000000000e+03
2.646000000000000000e+03
1.752000000000000000e+03
2.760000000000000000e+03
2.158000000000000000e+03
1.218000000000000000e+03
2.168000000000000000e+03
2.358000000000000000e+03
1.948000000000000000e+03
1.446000000000000000e+03
7.560000000000000000e+02
4.808000000000000000e+03
6.890000000000000000e+02
1.212000000000000000e+03
1.811000000000000000e+03
1.568000000000000000e+03
1.984000000000000000e+03
2.153000000000000000e+03
1.199000000000000000e+03
1.422000000000000000e+03
1.733000000000000000e+03
1.068000000000000000e+03
1.961000000000000000e+03
1.547000000000000000e+03
2.121000000000000000e+03
1.166000000000000000e+03
1.517000000000000000e+03
9.720000000000000000e+02
2.447000000000000000e+03
1.058000000000000000e+03
1.461000000000000000e+03
1.045000000000000000e+03
1.876000000000000000e+03
1.365000000000000000e+03
1.115000000000000000e+03
1.548000000000000000e+03
7.760000000000000000e+02
1.110000000000000000e+03
1.201000000000000000e+03
1.317000000000000000e+03
8.720000000000000000e+02
8.710000000000000000e+02
1.430000000000000000e+03
8.400000000000000000e+02
1.026000000000000000e+03
6.240000000000000000e+02
7.010000000000000000e+02
6.790000000000000000e+02
7.600000000000000000e+02
5.440000000000000000e+02
4.690000000000000000e+02
3.760000000000000000e+02
2.970000000000000000e+02
5.870000000000000000e+02
1.996000000000000000e+03
2.280000000000000000e+02
2.600000000000000000e+02
2.880000000000000000e+02
3.060000000000000000e+02
3.440000000000000000e+02
4.080000000000000000e+02
2.920000000000000000e+02
3.820000000000000000e+02
3.380000000000000000e+02
2.560000000000000000e+02
4.110000000000000000e+02
2.440000000000000000e+02
1.720000000000000000e+02
6.310000000000000000e+02
1.960000000000000000e+02
1.380000000000000000e+02
1.080000000000000000e+02
2.760000000000000000e+02
9.100000000000000000e+01
1.760000000000000000e+02
1.710000000000000000e+02
1.150000000000000000e+02
1.200000000000000000e+02
6.500000000000000000e+01
4.230000000000000000e+02
5.700000000000000000e+01
1.210000000000000000e+02
1.060000000000000000e+02
1.560000000000000000e+02
1.130000000000000000e+02
4.750000000000000000e+02
3.400000000000000000e+01
8.900000000000000000e+01
1.570000000000000000e+02
4.800000000000000000e+01
7.000000000000000000e+01
8.800000000000000000e+01
6.600000000000000000e+01
6.600000000000000000e+01
4.000000000000000000e+01
1.100000000000000000e+01
8.170000000000000000e+02
1.500000000000000000e+01
3.300000000000000000e+01
3.800000000000000000e+01
6.400000000000000000e+01
7.400000000000000000e+01
2.800000000000000000e+01
1.050000000000000000e+02
1.600000000000000000e+01
1.120000000000000000e+02
3.700000000000000000e+01
4.300000000000000000e+01
4.060000000000000000e+02
1.400000000000000000e+01
4.300000000000000000e+01
1.180000000000000000e+02
3.200000000000000000e+01
6.400000000000000000e+01
5.500000000000000000e+01
2.400000000000000000e+01
1.200000000000000000e+01
4.420000000000000000e+02
8.000000000000000000e+00
2.700000000000000000e+01
2.100000000000000000e+01
4.000000000000000000e+01
6.300000000000000000e+01
1.900000000000000000e+01
8.600000000000000000e+01
1.400000000000000000e+01
7.200000000000000000e+01
2.400000000000000000e+01
2.700000000000000000e+01
1.500000000000000000e+01
1.520000000000000000e+02
7.000000000000000000e+00
2.000000000000000000e+01
3.100000000000000000e+01
1.900000000000000000e+01
4.200000000000000000e+01
3.200000000000000000e+01
1.600000000000000000e+01
4.000000000000000000e+00
4.590000000000000000e+02
1.500000000000000000e+01
2.500000000000000000e+01
4.600000000000000000e+01
1.900000000000000000e+01
6.000000000000000000e+00
2.360000000000000000e+02
1.500000000000000000e+01
2.600000000000000000e+01
1.500000000000000000e+01
9.000000000000000000e+01
2.000000000000000000e+01
2.300000000000000000e+01
8.000000000000000000e+00
1.130000000000000000e+02
1.900000000000000000e+01
1.100000000000000000e+01
4.200000000000000000e+01
3.000000000000000000e+00
5.500000000000000000e+01
1.100000000000000000e+01
4.300000000000000000e+01
4.400000000000000000e+01
1.500000000000000000e+01
3.800000000000000000e+01
3.400000000000000000e+01
3.000000000000000000e+01
1.700000000000000000e+01
2.300000000000000000e+01
2.400000000000000000e+01
1.600000000000000000e+01
1.800000000000000000e+01
1.000000000000000000e+01
2.200000000000000000e+01
2.300000000000000000e+01
1.700000000000000000e+01
2.200000000000000000e+01
1.600000000000000000e+01
2.100000000000000000e+01
1.900000000000000000e+01
2.800000000000000000e+01
3.300000000000000000e+01
9.380000000000000000e+03
7.510000000000000000e+02
1.522000000000000000e+03
2.147000000000000000e+03
1.651000000000000000e+03
2.530000000000000000e+03
2.439000000000000000e+03
2.137000000000000000e+03
2.593000000000000000e+03
3.250000000000000000e+03
5.199000000000000000e+03
4.999000000000000000e+03
4.218000000000000000e+03
4.872000000000000000e+03
4.884000000000000000e+03
3.386000000000000000e+03
2.840000000000000000e+03
2.504000000000000000e+03
2.756000000000000000e+03
3.227000000000000000e+03
3.233000000000000000e+03
2.800000000000000000e+03
2.855000000000000000e+03
3.188000000000000000e+03
2.930000000000000000e+03
2.908000000000000000e+03
3.195000000000000000e+03
3.511000000000000000e+03
4.117000000000000000e+03
4.244000000000000000e+03
4.267000000000000000e+03
4.346000000000000000e+03
4.058000000000000000e+03
3.993000000000000000e+03
3.878000000000000000e+03
3.533000000000000000e+03
3.477000000000000000e+03
3.495000000000000000e+03
3.378000000000000000e+03
3.370000000000000000e+03
3.192000000000000000e+03
3.257000000000000000e+03
3.146000000000000000e+03
3.103000000000000000e+03
2.897000000000000000e+03
2.561000000000000000e+03
2.439000000000000000e+03
2.364000000000000000e+03
2.239000000000000000e+03
2.203000000000000000e+03
2.149000000000000000e+03
2.032000000000000000e+03
2.093000000000000000e+03
1.954000000000000000e+03
1.874000000000000000e+03
1.833000000000000000e+03
1.800000000000000000e+03
1.780000000000000000e+03
1.626000000000000000e+03
1.680000000000000000e+03
1.705000000000000000e+03
1.738000000000000000e+03
1.663000000000000000e+03
1.660000000000000000e+03
1.615000000000000000e+03
1.516000000000000000e+03
1.532000000000000000e+03
1.468000000000000000e+03
1.465000000000000000e+03
1.412000000000000000e+03
1.338000000000000000e+03
1.319000000000000000e+03
1.369000000000000000e+03
1.378000000000000000e+03
1.340000000000000000e+03
1.428000000000000000e+03
1.397000000000000000e+03
1.486000000000000000e+03
1.451000000000000000e+03
1.486000000000000000e+03
1.448000000000000000e+03
1.430000000000000000e+03
1.393000000000000000e+03
1.449000000000000000e+03
1.539000000000000000e+03
1.624000000000000000e+03
1.665000000000000000e+03
1.537000000000000000e+03
1.511000000000000000e+03
1.626000000000000000e+03
1.649000000000000000e+03
1.498000000000000000e+03
1.573000000000000000e+03
1.503000000000000000e+03
1.485000000000000000e+03
1.629000000000000000e+03
1.743000000000000000e+03
1.840000000000000000e+03
1.774000000000000000e+03
1.757000000000000000e+03
1.608000000000000000e+03
1.466000000000000000e+03
1.499000000000000000e+03
1.604000000000000000e+03
1.983000000000000000e+03
2.160000000000000000e+03
2.324000000000000000e+03
2.182000000000000000e+03
2.037000000000000000e+03
1.840000000000000000e+03
1.866000000000000000e+03
1.953000000000000000e+03
1.988000000000000000e+03
1.960000000000000000e+03
1.883000000000000000e+03
1.907000000000000000e+03
1.984000000000000000e+03
2.003000000000000000e+03
2.085000000000000000e+03
2.155000000000000000e+03
2.224000000000000000e+03
2.165000000000000000e+03
2.154000000000000000e+03
2.248000000000000000e+03
2.373000000000000000e+03
2.490000000000000000e+03
2.492000000000000000e+03
2.382000000000000000e+03
2.176000000000000000e+03
2.135000000000000000e+03
2.026000000000000000e+03
1.858000000000000000e+03
1.707000000000000000e+03
1.715000000000000000e+03
1.623000000000000000e+03
1.531000000000000000e+03
1.519000000000000000e+03
1.524000000000000000e+03
1.659000000000000000e+03
1.690000000000000000e+03
1.808000000000000000e+03
1.891000000000000000e+03
1.944000000000000000e+03
1.867000000000000000e+03
1.849000000000000000e+03
1.864000000000000000e+03
1.875000000000000000e+03
1.870000000000000000e+03
1.914000000000000000e+03
1.879000000000000000e+03
1.963000000000000000e+03
1.888000000000000000e+03
1.884000000000000000e+03
1.919000000000000000e+03
1.892000000000000000e+03
1.903000000000000000e+03
1.822000000000000000e+03
1.765000000000000000e+03
1.811000000000000000e+03
1.978000000000000000e+03
2.327000000000000000e+03
2.991000000000000000e+03
3.649000000000000000e+03
4.580000000000000000e+03
5.497000000000000000e+03
6.316000000000000000e+03
7.613000000000000000e+03
8.582000000000000000e+03
8.818000000000000000e+03
7.810000000000000000e+03
5.738000000000000000e+03
3.901000000000000000e+03
2.679000000000000000e+03
2.051000000000000000e+03
1.779000000000000000e+03
1.824000000000000000e+03
1.820000000000000000e+03
1.925000000000000000e+03
1.806000000000000000e+03
1.672000000000000000e+03
1.454000000000000000e+03
1.449000000000000000e+03
1.402000000000000000e+03
1.493000000000000000e+03
1.509000000000000000e+03
1.659000000000000000e+03
1.742000000000000000e+03
1.789000000000000000e+03
1.937000000000000000e+03
1.967000000000000000e+03
2.047000000000000000e+03
2.095000000000000000e+03
2.251000000000000000e+03
2.426000000000000000e+03
2.650000000000000000e+03
2.770000000000000000e+03
2.667000000000000000e+03
2.764000000000000000e+03
2.712000000000000000e+03
3.254000000000000000e+03
3.997000000000000000e+03
4.093000000000000000e+03
4.009000000000000000e+03
3.821000000000000000e+03
3.862000000000000000e+03
3.697000000000000000e+03
3.704000000000000000e+03
4.011000000000000000e+03
4.324000000000000000e+03
4.244000000000000000e+03
4.108000000000000000e+03
4.318000000000000000e+03
4.251000000000000000e+03
3.996000000000000000e+03
3.546000000000000000e+03
3.910000000000000000e+03
4.331000000000000000e+03
4.745000000000000000e+03
4.911000000000000000e+03
4.765000000000000000e+03
4.424000000000000000e+03
4.278000000000000000e+03
4.191000000000000000e+03
4.452000000000000000e+03
4.145000000000000000e+03
4.009000000000000000e+03
4.545000000000000000e+03
6.023000000000000000e+03
6.963000000000000000e+03
5.533000000000000000e+03
6.388000000000000000e+03
7.088000000000000000e+03
6.584000000000000000e+03
6.593000000000000000e+03
7.377000000000000000e+03
7.835000000000000000e+03
7.983000000000000000e+03
7.857000000000000000e+03
8.996000000000000000e+03
1.304100000000000000e+04
1.176600000000000000e+04
1.158500000000000000e+04
1.287000000000000000e+04
1.863400000000000000e+04
1.593100000000000000e+04
1.480100000000000000e+04
1.396900000000000000e+04
9.590000000000000000e+03
7.384000000000000000e+03
9.840000000000000000e+03
7.880000000000000000e+03
6.062000000000000000e+03
7.429000000000000000e+03
6.146000000000000000e+03
4.012000000000000000e+03
3.724000000000000000e+03
1.630800000000000000e+04
