3.798300000000000000e+04
1.400000000000000000e+01
1.700000000000000000e+01
2.500000000000000000e+01
2.000000000000000000e+01
5.200000000000000000e+01
2.580000000000000000e+02
4.600000000000000000e+01
7.000000000000000000e+01
5.800000000000000000e+01
4.600000000000000000e+01
2.030000000000000000e+02
2.700000000000000000e+01
8.132000000000000000e+03
1.220000000000000000e+02
2.800000000000000000e+01
1.390000000000000000e+02
2.300000000000000000e+01
2.000000000000000000e+01
1.056000000000000000e+03
4.730000000000000000e+02
1.408400000000000000e+04
3.800000000000000000e+01
5.840000000000000000e+02
9.790000000000000000e+02
5.120000000000000000e+02
6.110000000000000000e+02
2.000000000000000000e+01
2.300000000000000000e+01
1.500000000000000000e+01
2.911000000000000000e+03
5.000000000000000000e+00
9.000000000000000000e+00
5.000000000000000000e+00
2.977000000000000000e+03
1.434000000000000000e+03
4.383000000000000000e+04
7.000000000000000000e+00
1.800000000000000000e+01
2.000000000000000000e+00
1.520000000000000000e+02
4.200000000000000000e+01
3.890000000000000000e+02
8.230000000000000000e+02
6.000000000000000000e+00
7.520000000000000000e+02
2.010000000000000000e+02
0.000000000000000000e+00
2.532000000000000000e+03
1.480000000000000000e+02
3.350000000000000000e+02
1.243000000000000000e+03
5.600000000000000000e+01
2.000000000000000000e+00
4.250000000000000000e+02
3.502000000000000000e+03
6.100000000000000000e+01
1.082000000000000000e+03
1.000000000000000000e+00
0.000000000000000000e+00
1.410000000000000000e+02
0.000000000000000000e+00
7.000000000000000000e+00
9.240000000000000000e+02
1.000000000000000000e+00
5.700000000000000000e+01
3.143000000000000000e+03
3.300000000000000000e+01
2.200000000000000000e+01
5.400000000000000000e+01
2.200000000000000000e+02
5.000000000000000000e+00
7.000000000000000000e+00
6.430000000000000000e+02
1.010000000000000000e+02
5.580000000000000000e+02
1.600000000000000000e+01
8.000000000000000000e+00
0.000000000000000000e+00
1.500000000000000000e+02
3.260000000000000000e+03
0.000000000000000000e+00
2.000000000000000000e+00
1.056800000000000000e+04
3.800000000000000000e+01
5.800000000000000000e+01
1.500000000000000000e+01
1.219000000000000000e+03
2.500000000000000000e+01
1.600000000000000000e+01
1.189000000000000000e+03
4.500000000000000000e+01
9.100000000000000000e+01
5.110000000000000000e+02
5.300000000000000000e+01
1.264000000000000000e+03
5.629000000000000000e+03
1.510000000000000000e+02
7.179000000000000000e+03
6.420000000000000000e+02
1.855000000000000000e+03
4.338000000000000000e+03
1.486000000000000000e+03
1.328100000000000000e+04
4.081000000000000000e+04
5.611000000000000000e+03
5.286000000000000000e+03
6.564000000000000000e+03
2.536900000000000000e+04
1.039800000000000000e+04
2.598000000000000000e+03
1.048700000000000000e+04
4.415000000000000000e+03
4.650000000000000000e+02
8.180000000000000000e+02
3.090000000000000000e+02
4.630000000000000000e+02
8.000000000000000000e+00
1.300000000000000000e+01
6.000000000000000000e+00
9.450000000000000000e+02
0.000000000000000000e+00
1.300000000000000000e+01
2.000000000000000000e+00
1.420000000000000000e+02
5.290000000000000000e+02
2.677000000000000000e+03
1.000000000000000000e+00
2.000000000000000000e+01
4.000000000000000000e+00
3.400000000000000000e+01
0.000000000000000000e+00
1.490000000000000000e+02
7.500000000000000000e+01
0.000000000000000000e+00
5.000000000000000000e+00
4.000000000000000000e+00
0.000000000000000000e+00
2.000000000000000000e+01
2.000000000000000000e+00
1.130000000000000000e+02
3.000000000000000000e+01
7.000000000000000000e+00
2.000000000000000000e+00
2.000000000000000000e+00
3.900000000000000000e+01
2.900000000000000000e+01
9.000000000000000000e+00
0.000000000000000000e+00
0.000000000000000000e+00
3.700000000000000000e+01
0.000000000000000000e+00
2.000000000000000000e+00
3.200000000000000000e+01
0.000000000000000000e+00
2.200000000000000000e+01
2.010000000000000000e+02
1.500000000000000000e+01
1.100000000000000000e+01
1.200000000000000000e+01
2.900000000000000000e+01
3.000000000000000000e+00
4.000000000000000000e+00
1.300000000000000000e+01
2.000000000000000000e+01
2.810000000000000000e+02
1.000000000000000000e+01
8.000000000000000000e+00
1.000000000000000000e+00
1.700000000000000000e+01
8.400000000000000000e+01
4.000000000000000000e+00
5.000000000000000000e+00
1.670000000000000000e+02
2.700000000000000000e+01
1.500000000000000000e+01
5.000000000000000000e+00
4.100000000000000000e+01
1.100000000000000000e+01
1.700000000000000000e+01
3.787900000000000000e+04
0.000000000000000000e+00
0.000000000000000000e+00
1.100000000000000000e+01
8.000000000000000000e+01
4.310000000000000000e+02
1.092000000000000000e+03
1.135000000000000000e+03
6.610000000000000000e+02
5.370000000000000000e+02
5.000000000000000000e+02
1.004000000000000000e+03
1.693000000000000000e+03
2.779000000000000000e+03
5.270000000000000000e+03
7.115000000000000000e+03
9.489000000000000000e+03
9.823000000000000000e+03
1.203100000000000000e+04
1.131500000000000000e+04
7.287000000000000000e+03
9.686000000000000000e+03
9.017000000000000000e+03
7.340000000000000000e+03
5.730000000000000000e+03
4.551000000000000000e+03
3.870000000000000000e+03
3.735000000000000000e+03
3.744000000000000000e+03
3.583000000000000000e+03
3.847000000000000000e+03
3.816000000000000000e+03
2.854000000000000000e+03
2.848000000000000000e+03
2.964000000000000000e+03
2.156000000000000000e+03
2.240000000000000000e+03
1.071000000000000000e+03
1.982000000000000000e+03
2.037000000000000000e+03
1.542000000000000000e+03
1.773000000000000000e+03
1.237000000000000000e+03
1.949000000000000000e+03
1.859000000000000000e+03
1.350000000000000000e+03
2.226000000000000000e+03
1.283000000000000000e+03
1.354000000000000000e+03
1.769000000000000000e+03
9.560000000000000000e+02
1.743000000000000000e+03
8.250000000000000000e+02
1.671000000000000000e+03
1.874000000000000000e+03
1.237000000000000000e+03
8.670000000000000000e+02
1.484000000000000000e+03
1.412000000000000000e+03
9.910000000000000000e+02
1.917000000000000000e+03
1.165000000000000000e+03
1.349000000000000000e+03
4.330000000000000000e+02
2.620000000000000000e+03
8.400000000000000000e+02
1.070000000000000000e+03
1.002000000000000000e+03
1.047000000000000000e+03
1.408000000000000000e+03
9.430000000000000000e+02
1.483000000000000000e+03
7.240000000000000000e+02
1.099000000000000000e+03
1.629000000000000000e+03
9.550000000000000000e+02
5.850000000000000000e+02
1.303000000000000000e+03
1.238000000000000000e+03
7.830000000000000000e+02
1.024000000000000000e+03
1.280000000000000000e+03
1.223000000000000000e+03
6.930000000000000000e+02
3.400000000000000000e+02
2.120000000000000000e+03
2.580000000000000000e+02
7.730000000000000000e+02
1.660000000000000000e+03
8.510000000000000000e+02
8.130000000000000000e+02
1.020000000000000000e+03
7.800000000000000000e+02
5.870000000000000000e+02
2.195000000000000000e+03
5.140000000000000000e+02
8.040000000000000000e+02
5.530000000000000000e+02
1.211000000000000000e+03
8.230000000000000000e+02
9.740000000000000000e+02
5.450000000000000000e+02
2.031000000000000000e+03
5.410000000000000000e+02
9.780000000000000000e+02
3.860000000000000000e+02
1.345000000000000000e+03
5.490000000000000000e+02
6.820000000000000000e+02
7.250000000000000000e+02
2.920000000000000000e+02
1.451000000000000000e+03
5.190000000000000000e+02
6.570000000000000000e+02
8.380000000000000000e+02
5.990000000000000000e+02
7.220000000000000000e+02
7.470000000000000000e+02
7.840000000000000000e+02
4.330000000000000000e+02
5.470000000000000000e+02
1.081000000000000000e+03
4.450000000000000000e+02
1.004000000000000000e+03
1.213000000000000000e+03
5.650000000000000000e+02
1.050000000000000000e+02
1.120000000000000000e+03
1.212000000000000000e+03
1.190000000000000000e+02
8.310000000000000000e+02
7.800000000000000000e+02
5.320000000000000000e+02
7.330000000000000000e+02
1.131000000000000000e+03
8.390000000000000000e+02
3.570000000000000000e+02
5.630000000000000000e+02
7.650000000000000000e+02
5.960000000000000000e+02
1.467000000000000000e+03
3.580000000000000000e+02
7.270000000000000000e+02
6.670000000000000000e+02
5.330000000000000000e+02
4.370000000000000000e+02
6.590000000000000000e+02
5.530000000000000000e+02
7.840000000000000000e+02
7.060000000000000000e+02
5.830000000000000000e+02
4.120000000000000000e+02
3.910000000000000000e+02
8.360000000000000000e+02
2.140000000000000000e+02
3.060000000000000000e+02
7.800000000000000000e+02
4.690000000000000000e+02
3.440000000000000000e+02
2.890000000000000000e+02
2.290000000000000000e+02
7.700000000000000000e+02
2.290000000000000000e+02
1.200000000000000000e+02
2.180000000000000000e+02
4.320000000000000000e+02
1.700000000000000000e+02
2.520000000000000000e+02
1.170000000000000000e+02
2.500000000000000000e+01
5.370000000000000000e+02
1.900000000000000000e+01
8.100000000000000000e+01
1.750000000000000000e+02
1.260000000000000000e+02
2.120000000000000000e+02
5.100000000000000000e+01
1.320000000000000000e+02
4.100000000000000000e+01
1.220000000000000000e+02
1.480000000000000000e+02
1.170000000000000000e+02
9.100000000000000000e+01
2.100000000000000000e+01
8.800000000000000000e+01
8.400000000000000000e+01
3.500000000000000000e+01
5.000000000000000000e+01
4.000000000000000000e+01
2.500000000000000000e+01
2.200000000000000000e+01
7.200000000000000000e+01
5.000000000000000000e+00
3.500000000000000000e+01
2.900000000000000000e+01
2.400000000000000000e+01
3.000000000000000000e+01
3.000000000000000000e+01
2.300000000000000000e+01
1.100000000000000000e+01
2.600000000000000000e+01
1.300000000000000000e+01
1.900000000000000000e+01
9.000000000000000000e+00
3.600000000000000000e+01
5.000000000000000000e+00
2.200000000000000000e+01
9.000000000000000000e+00
1.200000000000000000e+01
1.700000000000000000e+01
3.000000000000000000e+00
2.200000000000000000e+01
7.000000000000000000e+00
2.400000000000000000e+01
5.000000000000000000e+00
6.000000000000000000e+00
6.000000000000000000e+00
6.000000000000000000e+00
9.000000000000000000e+00
9.000000000000000000e+00
6.000000000000000000e+00
9.000000000000000000e+00
1.600000000000000000e+01
7.000000000000000000e+00
7.000000000000000000e+00
2.000000000000000000e+00
2.000000000000000000e+00
5.000000000000000000e+00
1.000000000000000000e+00
2.000000000000000000e+00
9.000000000000000000e+00
4.000000000000000000e+00
6.000000000000000000e+00
0.000000000000000000e+00
1.000000000000000000e+01
5.000000000000000000e+00
2.000000000000000000e+00
9.000000000000000000e+00
0.000000000000000000e+00
6.000000000000000000e+00
1.000000000000000000e+00
5.000000000000000000e+00
6.000000000000000000e+00
5.000000000000000000e+00
4.000000000000000000e+00
4.000000000000000000e+00
3.000000000000000000e+00
3.000000000000000000e+00
3.000000000000000000e+00
0.000000000000000000e+00
0.000000000000000000e+00
0.000000000000000000e+00
0.000000000000000000e+00
0.000000000000000000e+00
0.000000000000000000e+00
1.840000000000000000e+02
0.000000000000000000e+00
0.000000000000000000e+00
1.000000000000000000e+00
0.000000000000000000e+00
9.000000000000000000e+00
6.000000000000000000e+00
9.000000000000000000e+00
2.800000000000000000e+01
3.700000000000000000e+01
4.800000000000000000e+01
1.000000000000000000e+02
1.390000000000000000e+02
2.780000000000000000e+02
3.720000000000000000e+02
5.520000000000000000e+02
7.070000000000000000e+02
9.320000000000000000e+02
1.345000000000000000e+03
1.713000000000000000e+03
1.897000000000000000e+03
1.924000000000000000e+03
1.889000000000000000e+03
2.280000000000000000e+03
2.392000000000000000e+03
2.882000000000000000e+03
3.696000000000000000e+03
2.825000000000000000e+03
3.804000000000000000e+03
3.062000000000000000e+03
3.425000000000000000e+03
2.877000000000000000e+03
3.297000000000000000e+03
2.540000000000000000e+03
2.757000000000000000e+03
2.420000000000000000e+03
3.075000000000000000e+03
2.660000000000000000e+03
2.528000000000000000e+03
2.846000000000000000e+03
2.258000000000000000e+03
2.825000000000000000e+03
2.289000000000000000e+03
2.518000000000000000e+03
2.166000000000000000e+03
2.206000000000000000e+03
2.015000000000000000e+03
1.937000000000000000e+03
1.998000000000000000e+03
2.155000000000000000e+03
2.038000000000000000e+03
2.078000000000000000e+03
2.168000000000000000e+03
1.978000000000000000e+03
2.009000000000000000e+03
2.017000000000000000e+03
2.010000000000000000e+03
2.013000000000000000e+03
2.198000000000000000e+03
1.901000000000000000e+03
2.165000000000000000e+03
1.914000000000000000e+03
1.996000000000000000e+03
1.995000000000000000e+03
2.168000000000000000e+03
2.177000000000000000e+03
2.395000000000000000e+03
2.731000000000000000e+03
2.898000000000000000e+03
3.167000000000000000e+03
3.509000000000000000e+03
3.669000000000000000e+03
4.010000000000000000e+03
4.285000000000000000e+03
4.548000000000000000e+03
4.716000000000000000e+03
5.051000000000000000e+03
5.040000000000000000e+03
5.129000000000000000e+03
5.305000000000000000e+03
5.296000000000000000e+03
5.074000000000000000e+03
5.026000000000000000e+03
4.838000000000000000e+03
4.671000000000000000e+03
4.358000000000000000e+03
4.091000000000000000e+03
3.803000000000000000e+03
3.415000000000000000e+03
3.190000000000000000e+03
2.828000000000000000e+03
2.556000000000000000e+03
2.359000000000000000e+03
1.998000000000000000e+03
1.863000000000000000e+03
1.642000000000000000e+03
1.511000000000000000e+03
1.443000000000000000e+03
1.315000000000000000e+03
1.286000000000000000e+03
1.185000000000000000e+03
1.122000000000000000e+03
1.088000000000000000e+03
9.070000000000000000e+02
8.910000000000000000e+02
8.000000000000000000e+02
8.510000000000000000e+02
6.980000000000000000e+02
6.450000000000000000e+02
6.460000000000000000e+02
5.410000000000000000e+02
5.560000000000000000e+02
4.610000000000000000e+02
4.800000000000000000e+02
4.010000000000000000e+02
4.140000000000000000e+02
3.540000000000000000e+02
3.690000000000000000e+02
3.280000000000000000e+02
2.940000000000000000e+02
2.920000000000000000e+02
2.820000000000000000e+02
2.520000000000000000e+02
2.420000000000000000e+02
2.430000000000000000e+02
2.000000000000000000e+02
2.140000000000000000e+02
2.090000000000000000e+02
2.010000000000000000e+02
2.150000000000000000e+02
1.920000000000000000e+02
1.890000000000000000e+02
1.670000000000000000e+02
1.860000000000000000e+02
1.650000000000000000e+02
2.050000000000000000e+02
1.580000000000000000e+02
1.680000000000000000e+02
1.650000000000000000e+02
1.760000000000000000e+02
1.760000000000000000e+02
1.690000000000000000e+02
1.430000000000000000e+02
1.680000000000000000e+02
1.480000000000000000e+02
1.600000000000000000e+02
1.630000000000000000e+02
1.560000000000000000e+02
1.770000000000000000e+02
1.710000000000000000e+02
1.740000000000000000e+02
1.670000000000000000e+02
1.750000000000000000e+02
1.580000000000000000e+02
1.860000000000000000e+02
1.840000000000000000e+02
1.980000000000000000e+02
1.760000000000000000e+02
1.780000000000000000e+02
1.900000000000000000e+02
1.800000000000000000e+02
2.000000000000000000e+02
2.080000000000000000e+02
2.340000000000000000e+02
2.190000000000000000e+02
2.200000000000000000e+02
2.710000000000000000e+02
2.490000000000000000e+02
2.480000000000000000e+02
2.570000000000000000e+02
2.470000000000000000e+02
2.760000000000000000e+02
2.580000000000000000e+02
2.740000000000000000e+02
2.890000000000000000e+02
3.080000000000000000e+02
3.050000000000000000e+02
2.560000000000000000e+02
2.440000000000000000e+02
2.700000000000000000e+02
2.670000000000000000e+02
2.480000000000000000e+02
2.980000000000000000e+02
2.600000000000000000e+02
2.950000000000000000e+02
2.750000000000000000e+02
3.200000000000000000e+02
3.190000000000000000e+02
2.880000000000000000e+02
3.110000000000000000e+02
2.850000000000000000e+02
2.740000000000000000e+02
3.670000000000000000e+02
3.340000000000000000e+02
3.480000000000000000e+02
3.350000000000000000e+02
3.890000000000000000e+02
4.040000000000000000e+02
4.110000000000000000e+02
3.890000000000000000e+02
4.300000000000000000e+02
4.280000000000000000e+02
5.100000000000000000e+02
4.560000000000000000e+02
5.040000000000000000e+02
4.680000000000000000e+02
6.300000000000000000e+02
5.240000000000000000e+02
6.180000000000000000e+02
5.100000000000000000e+02
6.720000000000000000e+02
5.170000000000000000e+02
5.460000000000000000e+02
4.900000000000000000e+02
5.300000000000000000e+02
4.760000000000000000e+02
5.470000000000000000e+02
4.900000000000000000e+02
6.800000000000000000e+02
5.460000000000000000e+02
7.820000000000000000e+02
6.350000000000000000e+02
9.280000000000000000e+02
6.010000000000000000e+02
8.880000000000000000e+02
6.730000000000000000e+02
1.124000000000000000e+03
7.770000000000000000e+02
1.507000000000000000e+03
8.830000000000000000e+02
1.460000000000000000e+03
7.780000000000000000e+02
2.610000000000000000e+03
8.340000000000000000e+02
2.776000000000000000e+03
7.290000000000000000e+02
3.642000000000000000e+03
7.070000000000000000e+02
1.199000000000000000e+03
7.650000000000000000e+02
8.090000000000000000e+02
6.510000000000000000e+02
5.880000000000000000e+02
3.700000000000000000e+02
6.090000000000000000e+02
1.980000000000000000e+02
1.850000000000000000e+02
1.490000000000000000e+02
1.380000000000000000e+02
1.130000000000000000e+02
1.060000000000000000e+02
8.300000000000000000e+01
9.300000000000000000e+01
9.800000000000000000e+01
7.300000000000000000e+01
6.500000000000000000e+01
4.430000000000000000e+02
