6.772300000000000000e+04
1.119000000000000000e+04
1.046700000000000000e+04
8.432000000000000000e+03
1.661300000000000000e+04
2.813400000000000000e+04
2.829000000000000000e+04
1.345900000000000000e+04
2.405500000000000000e+04
1.268300000000000000e+04
9.080000000000000000e+03
1.162500000000000000e+04
1.031800000000000000e+04
1.144000000000000000e+04
1.141800000000000000e+04
1.160300000000000000e+04
6.146000000000000000e+03
4.115000000000000000e+03
4.623000000000000000e+03
5.696000000000000000e+03
6.934000000000000000e+03
7.334000000000000000e+03
3.561000000000000000e+03
7.910000000000000000e+02
6.840000000000000000e+02
2.560000000000000000e+02
4.160000000000000000e+02
3.400000000000000000e+01
4.700000000000000000e+01
3.500000000000000000e+01
7.570000000000000000e+02
0.000000000000000000e+00
1.100000000000000000e+01
2.000000000000000000e+00
3.200000000000000000e+01
9.500000000000000000e+01
2.540000000000000000e+02
1.000000000000000000e+00
0.000000000000000000e+00
0.000000000000000000e+00
0.000000000000000000e+00
0.000000000000000000e+00
5.100000000000000000e+01
5.000000000000000000e+00
0.000000000000000000e+00
0.000000000000000000e+00
0.000000000000000000e+00
0.000000000000000000e+00
2.000000000000000000e+00
0.000000000000000000e+00
1.420000000000000000e+02
0.000000000000000000e+00
1.000000000000000000e+00
0.000000000000000000e+00
0.000000000000000000e+00
1.000000000000000000e+00
1.000000000000000000e+00
2.000000000000000000e+00
0.000000000000000000e+00
0.000000000000000000e+00
9.000000000000000000e+00
0.000000000000000000e+00
0.000000000000000000e+00
1.000000000000000000e+00
0.000000000000000000e+00
0.000000000000000000e+00
1.900000000000000000e+01
0.000000000000000000e+00
0.000000000000000000e+00
0.000000000000000000e+00
1.000000000000000000e+00
0.000000000000000000e+00
0.000000000000000000e+00
1.000000000000000000e+00
2.000000000000000000e+00
2.650000000000000000e+02
0.000000000000000000e+00
0.000000000000000000e+00
0.000000000000000000e+00
0.000000000000000000e+00
2.100000000000000000e+01
0.000000000000000000e+00
0.000000000000000000e+00
5.800000000000000000e+01
1.000000000000000000e+00
0.000000000000000000e+00
0.000000000000000000e+00
7.000000000000000000e+00
0.000000000000000000e+00
0.000000000000000000e+00
5.800000000000000000e+01
0.000000000000000000e+00
1.000000000000000000e+01
2.400000000000000000e+01
1.000000000000000000e+00
1.180000000000000000e+02
1.510000000000000000e+02
0.000000000000000000e+00
8.900000000000000000e+01
1.000000000000000000e+01
0.000000000000000000e+00
7.500000000000000000e+01
1.000000000000000000e+00
1.400000000000000000e+02
2.900000000000000000e+01
2.000000000000000000e+00
3.900000000000000000e+01
2.000000000000000000e+00
2.000000000000000000e+00
5.500000000000000000e+01
3.820000000000000000e+02
8.300000000000000000e+01
1.100000000000000000e+01
4.100000000000000000e+01
2.470000000000000000e+02
1.620000000000000000e+02
6.300000000000000000e+01
0.000000000000000000e+00
0.000000000000000000e+00
0.000000000000000000e+00
9.340000000000000000e+02
0.000000000000000000e+00
1.060000000000000000e+02
3.000000000000000000e+00
4.470000000000000000e+02
6.760000000000000000e+02
6.140000000000000000e+02
1.600000000000000000e+01
2.720000000000000000e+02
1.300000000000000000e+02
1.300000000000000000e+02
1.000000000000000000e+00
1.999000000000000000e+03
4.230000000000000000e+02
1.000000000000000000e+00
1.690000000000000000e+02
9.400000000000000000e+01
0.000000000000000000e+00
5.190000000000000000e+02
3.000000000000000000e+00
2.425000000000000000e+03
3.300000000000000000e+02
1.200000000000000000e+02
5.000000000000000000e+00
4.300000000000000000e+01
8.740000000000000000e+02
1.980000000000000000e+02
1.700000000000000000e+02
1.100000000000000000e+01
0.000000000000000000e+00
6.090000000000000000e+02
0.000000000000000000e+00
7.000000000000000000e+01
9.300000000000000000e+01
0.000000000000000000e+00
1.570000000000000000e+02
2.951000000000000000e+03
1.120000000000000000e+02
2.220000000000000000e+02
3.400000000000000000e+02
3.351000000000000000e+03
2.010000000000000000e+02
1.690000000000000000e+02
6.236000000000000000e+03
6.900000000000000000e+02
1.960000000000000000e+03
5.830000000000000000e+02
2.580000000000000000e+02
0.000000000000000000e+00
1.248000000000000000e+03
6.158000000000000000e+03
2.220000000000000000e+02
1.310000000000000000e+02
1.242000000000000000e+03
1.788000000000000000e+03
3.955000000000000000e+03
7.540000000000000000e+02
2.233000000000000000e+04
2.275000000000000000e+03
3.568000000000000000e+03
1.931900000000000000e+04
0.000000000000000000e+00
1.470000000000000000e+03
1.099000000000000000e+03
3.750000000000000000e+02
8.320000000000000000e+02
1.731000000000000000e+03
1.269000000000000000e+03
1.648000000000000000e+03
1.620000000000000000e+03
1.364000000000000000e+03
1.154000000000000000e+03
7.570000000000000000e+02
1.368000000000000000e+03
1.306000000000000000e+03
1.380000000000000000e+03
1.870000000000000000e+03
1.600000000000000000e+03
2.175000000000000000e+03
2.331000000000000000e+03
1.888000000000000000e+03
1.708000000000000000e+03
1.842000000000000000e+03
1.935000000000000000e+03
1.797000000000000000e+03
2.313000000000000000e+03
1.630000000000000000e+03
1.607000000000000000e+03
1.832000000000000000e+03
1.923000000000000000e+03
2.121000000000000000e+03
2.285000000000000000e+03
2.211000000000000000e+03
3.069000000000000000e+03
2.756000000000000000e+03
2.076000000000000000e+03
2.456000000000000000e+03
1.394000000000000000e+03
2.234000000000000000e+03
1.711000000000000000e+03
2.597000000000000000e+03
2.037000000000000000e+03
2.600000000000000000e+03
2.365000000000000000e+03
2.416000000000000000e+03
1.814000000000000000e+03
1.787000000000000000e+03
1.720000000000000000e+03
1.797000000000000000e+03
2.395000000000000000e+03
2.380000000000000000e+03
2.002000000000000000e+03
2.277000000000000000e+03
2.190000000000000000e+03
1.727000000000000000e+03
2.746000000000000000e+03
2.433000000000000000e+03
2.469000000000000000e+03
2.007000000000000000e+03
2.492000000000000000e+03
2.329000000000000000e+03
2.008000000000000000e+03
2.297000000000000000e+03
1.455000000000000000e+03
2.155000000000000000e+03
1.886000000000000000e+03
1.485000000000000000e+03
1.921000000000000000e+03
1.671000000000000000e+03
1.669000000000000000e+03
2.174000000000000000e+03
2.110000000000000000e+03
2.253000000000000000e+03
2.443000000000000000e+03
3.005000000000000000e+03
2.135000000000000000e+03
2.271000000000000000e+03
2.589000000000000000e+03
2.913000000000000000e+03
1.918000000000000000e+03
2.721000000000000000e+03
2.715000000000000000e+03
2.250000000000000000e+03
3.186000000000000000e+03
2.298000000000000000e+03
3.264000000000000000e+03
2.480000000000000000e+03
2.931000000000000000e+03
2.351000000000000000e+03
2.341000000000000000e+03
2.303000000000000000e+03
2.422000000000000000e+03
2.749000000000000000e+03
2.264000000000000000e+03
2.479000000000000000e+03
2.106000000000000000e+03
2.809000000000000000e+03
2.174000000000000000e+03
2.244000000000000000e+03
2.203000000000000000e+03
2.467000000000000000e+03
2.419000000000000000e+03
2.428000000000000000e+03
2.608000000000000000e+03
2.535000000000000000e+03
2.471000000000000000e+03
2.704000000000000000e+03
2.535000000000000000e+03
2.913000000000000000e+03
2.373000000000000000e+03
2.465000000000000000e+03
2.613000000000000000e+03
3.176000000000000000e+03
2.558000000000000000e+03
2.300000000000000000e+03
3.486000000000000000e+03
2.583000000000000000e+03
2.431000000000000000e+03
2.509000000000000000e+03
3.536000000000000000e+03
2.658000000000000000e+03
2.659000000000000000e+03
2.319000000000000000e+03
3.340000000000000000e+03
2.700000000000000000e+03
2.152000000000000000e+03
2.357000000000000000e+03
2.067000000000000000e+03
2.675000000000000000e+03
2.214000000000000000e+03
1.758000000000000000e+03
2.375000000000000000e+03
2.461000000000000000e+03
1.852000000000000000e+03
1.838000000000000000e+03
1.993000000000000000e+03
1.930000000000000000e+03
1.813000000000000000e+03
1.878000000000000000e+03
1.713000000000000000e+03
1.670000000000000000e+03
1.769000000000000000e+03
1.627000000000000000e+03
1.707000000000000000e+03
1.310000000000000000e+03
1.354000000000000000e+03
1.631000000000000000e+03
1.419000000000000000e+03
1.384000000000000000e+03
1.108000000000000000e+03
1.193000000000000000e+03
1.475000000000000000e+03
1.208000000000000000e+03
1.318000000000000000e+03
1.214000000000000000e+03
1.239000000000000000e+03
1.097000000000000000e+03
1.229000000000000000e+03
9.800000000000000000e+02
9.870000000000000000e+02
8.480000000000000000e+02
8.550000000000000000e+02
9.220000000000000000e+02
9.370000000000000000e+02
9.240000000000000000e+02
8.980000000000000000e+02
7.270000000000000000e+02
8.150000000000000000e+02
7.460000000000000000e+02
5.530000000000000000e+02
1.326000000000000000e+03
5.280000000000000000e+02
7.320000000000000000e+02
7.070000000000000000e+02
6.580000000000000000e+02
6.520000000000000000e+02
6.860000000000000000e+02
1.022000000000000000e+03
5.180000000000000000e+02
6.490000000000000000e+02
6.650000000000000000e+02
6.540000000000000000e+02
5.640000000000000000e+02
5.380000000000000000e+02
8.440000000000000000e+02
6.990000000000000000e+02
4.300000000000000000e+02
5.590000000000000000e+02
5.420000000000000000e+02
4.880000000000000000e+02
5.870000000000000000e+02
9.120000000000000000e+02
3.980000000000000000e+02
4.920000000000000000e+02
4.320000000000000000e+02
4.770000000000000000e+02
4.160000000000000000e+02
3.900000000000000000e+02
4.770000000000000000e+02
3.570000000000000000e+02
7.290000000000000000e+02
3.840000000000000000e+02
3.880000000000000000e+02
3.550000000000000000e+02
5.660000000000000000e+02
3.550000000000000000e+02
2.950000000000000000e+02
3.150000000000000000e+02
2.800000000000000000e+02
4.130000000000000000e+02
2.680000000000000000e+02
3.240000000000000000e+02
2.620000000000000000e+02
5.270000000000000000e+02
2.880000000000000000e+02
3.300000000000000000e+02
3.860000000000000000e+02
2.600000000000000000e+02
2.350000000000000000e+02
4.460000000000000000e+02
2.610000000000000000e+02
3.150000000000000000e+02
4.070000000000000000e+02
3.010000000000000000e+02
3.130000000000000000e+02
2.080000000000000000e+02
1.620000000000000000e+02
3.410000000000000000e+02
1.750000000000000000e+02
2.470000000000000000e+02
3.800000000000000000e+02
2.460000000000000000e+02
3.360000000000000000e+02
3.120000000000000000e+02
4.770000000000000000e+02
3.810000000000000000e+02
2.290000000000000000e+02
3.070000000000000000e+02
2.780000000000000000e+02
3.210000000000000000e+02
7.150000000000000000e+02
2.610000000000000000e+02
1.209000000000000000e+03
5.360000000000000000e+02
4.690000000000000000e+02
2.910000000000000000e+02
2.370000000000000000e+02
3.270000000000000000e+02
3.610000000000000000e+02
1.650000000000000000e+02
1.190000000000000000e+02
8.200000000000000000e+01
1.600000000000000000e+01
6.400000000000000000e+01
4.300000000000000000e+01
1.073800000000000000e+04
1.170000000000000000e+02
2.880000000000000000e+02
2.690000000000000000e+02
1.040000000000000000e+02
3.530000000000000000e+02
1.870000000000000000e+02
2.030000000000000000e+02
1.300000000000000000e+02
1.650000000000000000e+02
2.070000000000000000e+02
2.660000000000000000e+02
2.940000000000000000e+02
3.010000000000000000e+02
2.640000000000000000e+02
3.520000000000000000e+02
4.710000000000000000e+02
4.910000000000000000e+02
6.570000000000000000e+02
4.030000000000000000e+02
1.451000000000000000e+03
1.044000000000000000e+03
7.890000000000000000e+02
1.335000000000000000e+03
1.167000000000000000e+03
1.493000000000000000e+03
1.396000000000000000e+03
1.344000000000000000e+03
1.477000000000000000e+03
1.586000000000000000e+03
2.010000000000000000e+03
2.301000000000000000e+03
1.911000000000000000e+03
1.975000000000000000e+03
1.659000000000000000e+03
1.614000000000000000e+03
1.602000000000000000e+03
1.461000000000000000e+03
1.674000000000000000e+03
1.591000000000000000e+03
1.677000000000000000e+03
1.801000000000000000e+03
2.024000000000000000e+03
2.131000000000000000e+03
2.154000000000000000e+03
2.187000000000000000e+03
2.298000000000000000e+03
2.395000000000000000e+03
2.307000000000000000e+03
2.512000000000000000e+03
2.490000000000000000e+03
2.544000000000000000e+03
2.659000000000000000e+03
2.652000000000000000e+03
2.583000000000000000e+03
2.773000000000000000e+03
2.922000000000000000e+03
2.899000000000000000e+03
3.090000000000000000e+03
3.212000000000000000e+03
3.280000000000000000e+03
3.504000000000000000e+03
3.778000000000000000e+03
3.511000000000000000e+03
3.501000000000000000e+03
3.443000000000000000e+03
3.208000000000000000e+03
3.221000000000000000e+03
3.408000000000000000e+03
3.624000000000000000e+03
4.051000000000000000e+03
4.237000000000000000e+03
4.239000000000000000e+03
4.353000000000000000e+03
4.323000000000000000e+03
4.047000000000000000e+03
3.979000000000000000e+03
4.194000000000000000e+03
4.202000000000000000e+03
4.440000000000000000e+03
4.381000000000000000e+03
4.519000000000000000e+03
4.620000000000000000e+03
4.765000000000000000e+03
4.627000000000000000e+03
4.563000000000000000e+03
3.809000000000000000e+03
3.914000000000000000e+03
3.745000000000000000e+03
3.833000000000000000e+03
4.104000000000000000e+03
4.243000000000000000e+03
4.396000000000000000e+03
4.762000000000000000e+03
4.829000000000000000e+03
4.465000000000000000e+03
3.868000000000000000e+03
3.520000000000000000e+03
3.301000000000000000e+03
2.824000000000000000e+03
2.657000000000000000e+03
2.774000000000000000e+03
2.730000000000000000e+03
2.506000000000000000e+03
2.291000000000000000e+03
2.154000000000000000e+03
1.935000000000000000e+03
1.894000000000000000e+03
1.832000000000000000e+03
1.967000000000000000e+03
1.746000000000000000e+03
1.667000000000000000e+03
1.630000000000000000e+03
1.521000000000000000e+03
1.578000000000000000e+03
1.559000000000000000e+03
1.318000000000000000e+03
1.294000000000000000e+03
1.186000000000000000e+03
1.307000000000000000e+03
1.046000000000000000e+03
8.360000000000000000e+02
7.700000000000000000e+02
6.470000000000000000e+02
6.780000000000000000e+02
5.660000000000000000e+02
5.530000000000000000e+02
5.450000000000000000e+02
4.950000000000000000e+02
4.480000000000000000e+02
4.920000000000000000e+02
4.650000000000000000e+02
4.450000000000000000e+02
4.220000000000000000e+02
4.300000000000000000e+02
4.330000000000000000e+02
3.800000000000000000e+02
3.880000000000000000e+02
3.260000000000000000e+02
3.260000000000000000e+02
3.200000000000000000e+02
2.950000000000000000e+02
3.120000000000000000e+02
2.940000000000000000e+02
3.020000000000000000e+02
3.210000000000000000e+02
3.090000000000000000e+02
3.280000000000000000e+02
3.410000000000000000e+02
3.080000000000000000e+02
3.100000000000000000e+02
3.340000000000000000e+02
2.950000000000000000e+02
3.220000000000000000e+02
3.410000000000000000e+02
3.250000000000000000e+02
3.340000000000000000e+02
3.340000000000000000e+02
2.970000000000000000e+02
3.200000000000000000e+02
3.570000000000000000e+02
3.680000000000000000e+02
3.800000000000000000e+02
3.850000000000000000e+02
3.890000000000000000e+02
3.960000000000000000e+02
3.900000000000000000e+02
4.320000000000000000e+02
5.210000000000000000e+02
5.830000000000000000e+02
5.000000000000000000e+02
5.330000000000000000e+02
5.890000000000000000e+02
6.150000000000000000e+02
5.440000000000000000e+02
5.820000000000000000e+02
6.160000000000000000e+02
6.210000000000000000e+02
6.790000000000000000e+02
5.160000000000000000e+02
4.980000000000000000e+02
4.970000000000000000e+02
5.750000000000000000e+02
6.650000000000000000e+02
8.490000000000000000e+02
7.510000000000000000e+02
7.330000000000000000e+02
6.910000000000000000e+02
7.630000000000000000e+02
7.560000000000000000e+02
8.250000000000000000e+02
9.030000000000000000e+02
8.630000000000000000e+02
9.270000000000000000e+02
1.051000000000000000e+03
9.220000000000000000e+02
9.590000000000000000e+02
9.360000000000000000e+02
1.012000000000000000e+03
9.820000000000000000e+02
9.170000000000000000e+02
9.540000000000000000e+02
8.670000000000000000e+02
9.050000000000000000e+02
9.740000000000000000e+02
9.470000000000000000e+02
1.004000000000000000e+03
9.850000000000000000e+02
9.040000000000000000e+02
9.280000000000000000e+02
9.840000000000000000e+02
9.260000000000000000e+02
1.025000000000000000e+03
1.007000000000000000e+03
1.027000000000000000e+03
1.007000000000000000e+03
1.189000000000000000e+03
1.231000000000000000e+03
1.315000000000000000e+03
1.593000000000000000e+03
1.640000000000000000e+03
1.607000000000000000e+03
1.538000000000000000e+03
1.556000000000000000e+03
1.703000000000000000e+03
1.738000000000000000e+03
1.799000000000000000e+03
2.064000000000000000e+03
1.977000000000000000e+03
2.056000000000000000e+03
2.102000000000000000e+03
2.414000000000000000e+03
2.211000000000000000e+03
2.364000000000000000e+03
2.340000000000000000e+03
2.078000000000000000e+03
1.978000000000000000e+03
1.952000000000000000e+03
1.776000000000000000e+03
1.508000000000000000e+03
2.052000000000000000e+03
1.333000000000000000e+03
1.478000000000000000e+03
1.136000000000000000e+03
9.820000000000000000e+02
9.020000000000000000e+02
8.600000000000000000e+02
8.590000000000000000e+02
8.130000000000000000e+02
7.790000000000000000e+02
6.970000000000000000e+02
7.220000000000000000e+02
8.060000000000000000e+02
8.400000000000000000e+02
8.440000000000000000e+02
7.660000000000000000e+02
2.090000000000000000e+03
