6.817000000000000000e+03
5.000000000000000000e+00
3.000000000000000000e+01
1.110000000000000000e+02
1.300000000000000000e+01
2.830000000000000000e+02
4.762000000000000000e+03
2.200000000000000000e+01
7.260000000000000000e+02
7.200000000000000000e+01
4.500000000000000000e+01
2.866000000000000000e+03
1.600000000000000000e+02
9.321000000000000000e+03
1.557000000000000000e+03
5.020000000000000000e+02
2.459000000000000000e+03
1.560000000000000000e+02
4.730000000000000000e+02
2.636000000000000000e+03
3.675000000000000000e+03
8.510000000000000000e+02
2.730000000000000000e+02
2.490000000000000000e+02
1.778000000000000000e+03
4.960000000000000000e+02
3.130000000000000000e+02
5.900000000000000000e+01
5.300000000000000000e+01
1.800000000000000000e+01
1.304000000000000000e+03
0.000000000000000000e+00
8.000000000000000000e+00
0.000000000000000000e+00
3.300000000000000000e+01
1.070000000000000000e+02
2.890000000000000000e+02
0.000000000000000000e+00
4.000000000000000000e+00
1.000000000000000000e+00
8.000000000000000000e+00
0.000000000000000000e+00
3.700000000000000000e+01
1.800000000000000000e+01
0.000000000000000000e+00
0.000000000000000000e+00
0.000000000000000000e+00
0.000000000000000000e+00
3.000000000000000000e+00
0.000000000000000000e+00
8.000000000000000000e+01
3.000000000000000000e+00
1.000000000000000000e+00
0.000000000000000000e+00
0.000000000000000000e+00
4.000000000000000000e+00
1.000000000000000000e+00
0.000000000000000000e+00
0.000000000000000000e+00
0.000000000000000000e+00
6.300000000000000000e+01
0.000000000000000000e+00
0.000000000000000000e+00
0.000000000000000000e+00
0.000000000000000000e+00
0.000000000000000000e+00
2.100000000000000000e+01
0.000000000000000000e+00
1.000000000000000000e+00
0.000000000000000000e+00
5.000000000000000000e+00
0.000000000000000000e+00
0.000000000000000000e+00
5.000000000000000000e+00
1.000000000000000000e+00
4.700000000000000000e+02
0.000000000000000000e+00
0.000000000000000000e+00
0.000000000000000000e+00
2.000000000000000000e+00
1.400000000000000000e+01
0.000000000000000000e+00
0.000000000000000000e+00
4.700000000000000000e+01
0.000000000000000000e+00
0.000000000000000000e+00
0.000000000000000000e+00
9.000000000000000000e+00
0.000000000000000000e+00
0.000000000000000000e+00
3.700000000000000000e+01
0.000000000000000000e+00
0.000000000000000000e+00
6.000000000000000000e+00
0.000000000000000000e+00
1.400000000000000000e+01
2.320000000000000000e+02
1.000000000000000000e+00
3.900000000000000000e+01
4.000000000000000000e+00
2.000000000000000000e+00
2.760000000000000000e+02
6.200000000000000000e+01
2.286000000000000000e+03
3.500000000000000000e+03
4.380000000000000000e+03
1.584300000000000000e+04
9.958000000000000000e+03
7.155000000000000000e+03
1.019300000000000000e+04
1.157300000000000000e+04
1.015300000000000000e+04
2.423600000000000000e+04
3.606000000000000000e+03
1.248500000000000000e+04
5.287000000000000000e+03
1.361700000000000000e+04
6.210000000000000000e+02
1.037000000000000000e+03
5.940000000000000000e+02
1.299800000000000000e+04
1.300000000000000000e+01
4.050000000000000000e+02
6.700000000000000000e+01
4.340000000000000000e+03
6.909000000000000000e+03
4.945000000000000000e+03
4.000000000000000000e+00
7.000000000000000000e+01
3.500000000000000000e+01
9.500000000000000000e+02
0.000000000000000000e+00
3.347000000000000000e+03
5.235000000000000000e+03
0.000000000000000000e+00
2.200000000000000000e+01
0.000000000000000000e+00
0.000000000000000000e+00
2.000000000000000000e+01
0.000000000000000000e+00
2.310000000000000000e+03
1.072000000000000000e+03
3.000000000000000000e+00
0.000000000000000000e+00
0.000000000000000000e+00
4.048000000000000000e+03
3.700000000000000000e+01
1.000000000000000000e+00
1.000000000000000000e+00
0.000000000000000000e+00
2.030000000000000000e+02
0.000000000000000000e+00
0.000000000000000000e+00
5.000000000000000000e+00
0.000000000000000000e+00
0.000000000000000000e+00
2.882000000000000000e+03
0.000000000000000000e+00
3.000000000000000000e+00
1.000000000000000000e+00
3.920000000000000000e+02
0.000000000000000000e+00
0.000000000000000000e+00
7.200000000000000000e+01
7.000000000000000000e+00
3.791000000000000000e+03
0.000000000000000000e+00
0.000000000000000000e+00
1.000000000000000000e+00
3.900000000000000000e+01
1.105000000000000000e+03
0.000000000000000000e+00
0.000000000000000000e+00
3.818000000000000000e+03
1.200000000000000000e+01
2.600000000000000000e+01
0.000000000000000000e+00
2.830000000000000000e+02
5.000000000000000000e+00
6.000000000000000000e+00
4.980000000000000000e+03
7.000000000000000000e+00
4.400000000000000000e+01
6.500000000000000000e+02
3.274000000000000000e+03
4.055000000000000000e+03
3.471000000000000000e+03
6.537000000000000000e+03
5.573000000000000000e+03
6.076000000000000000e+03
9.897000000000000000e+03
4.281000000000000000e+03
6.258000000000000000e+03
4.963000000000000000e+03
4.252000000000000000e+03
3.362000000000000000e+03
3.723000000000000000e+03
3.599000000000000000e+03
2.210000000000000000e+03
2.306000000000000000e+03
2.932000000000000000e+03
3.002000000000000000e+03
5.367000000000000000e+03
4.495000000000000000e+03
6.017000000000000000e+03
3.823000000000000000e+03
4.654000000000000000e+03
3.130000000000000000e+03
6.300000000000000000e+03
2.855000000000000000e+03
3.184000000000000000e+03
4.434000000000000000e+03
5.362000000000000000e+03
6.878000000000000000e+03
5.898000000000000000e+03
5.333000000000000000e+03
4.983000000000000000e+03
4.231000000000000000e+03
4.302000000000000000e+03
2.932000000000000000e+03
4.095000000000000000e+03
5.419000000000000000e+03
5.708000000000000000e+03
2.901000000000000000e+03
2.017000000000000000e+03
2.327000000000000000e+03
2.451000000000000000e+03
1.637000000000000000e+03
2.003000000000000000e+03
1.663000000000000000e+03
1.602000000000000000e+03
1.800000000000000000e+03
1.263000000000000000e+03
1.282000000000000000e+03
8.830000000000000000e+02
1.189000000000000000e+03
5.330000000000000000e+02
1.022000000000000000e+03
8.480000000000000000e+02
6.340000000000000000e+02
4.290000000000000000e+02
7.540000000000000000e+02
3.660000000000000000e+02
1.890000000000000000e+02
1.462000000000000000e+03
2.630000000000000000e+02
2.550000000000000000e+02
6.430000000000000000e+02
2.080000000000000000e+02
1.660000000000000000e+02
5.940000000000000000e+02
6.750000000000000000e+02
1.420000000000000000e+02
5.250000000000000000e+02
1.880000000000000000e+02
6.200000000000000000e+02
1.610000000000000000e+02
5.570000000000000000e+02
2.450000000000000000e+02
1.010000000000000000e+02
6.110000000000000000e+02
2.760000000000000000e+02
1.850000000000000000e+02
1.370000000000000000e+02
6.000000000000000000e+01
1.493000000000000000e+03
6.800000000000000000e+01
1.300000000000000000e+02
1.700000000000000000e+02
3.040000000000000000e+02
2.250000000000000000e+02
5.430000000000000000e+02
1.830000000000000000e+02
1.810000000000000000e+02
3.150000000000000000e+02
1.630000000000000000e+02
8.120000000000000000e+02
2.350000000000000000e+02
6.320000000000000000e+02
3.070000000000000000e+02
3.620000000000000000e+02
2.060000000000000000e+02
6.040000000000000000e+02
2.540000000000000000e+02
3.770000000000000000e+02
3.110000000000000000e+02
6.500000000000000000e+02
3.650000000000000000e+02
1.890000000000000000e+02
8.090000000000000000e+02
1.810000000000000000e+02
2.380000000000000000e+02
3.090000000000000000e+02
3.590000000000000000e+02
1.910000000000000000e+02
1.750000000000000000e+02
5.210000000000000000e+02
1.140000000000000000e+02
1.850000000000000000e+02
2.730000000000000000e+02
1.480000000000000000e+02
2.560000000000000000e+02
1.600000000000000000e+02
6.600000000000000000e+01
2.520000000000000000e+02
1.450000000000000000e+02
0.000000000000000000e+00
1.410000000000000000e+02
1.121000000000000000e+03
0.000000000000000000e+00
7.200000000000000000e+01
1.100000000000000000e+02
3.400000000000000000e+01
5.300000000000000000e+01
9.800000000000000000e+01
2.800000000000000000e+01
8.600000000000000000e+01
1.050000000000000000e+02
2.500000000000000000e+01
6.800000000000000000e+01
1.500000000000000000e+01
4.100000000000000000e+01
3.070000000000000000e+02
2.200000000000000000e+01
5.000000000000000000e+00
3.200000000000000000e+01
6.200000000000000000e+01
2.200000000000000000e+01
2.400000000000000000e+01
6.500000000000000000e+01
1.100000000000000000e+01
1.300000000000000000e+01
8.000000000000000000e+00
2.940000000000000000e+02
3.000000000000000000e+00
1.900000000000000000e+01
1.300000000000000000e+01
4.900000000000000000e+01
9.000000000000000000e+00
2.720000000000000000e+02
3.000000000000000000e+00
8.000000000000000000e+00
5.100000000000000000e+01
8.000000000000000000e+00
1.600000000000000000e+01
2.200000000000000000e+01
1.600000000000000000e+01
1.300000000000000000e+01
1.000000000000000000e+00
5.000000000000000000e+00
1.830000000000000000e+02
3.000000000000000000e+00
4.000000000000000000e+00
1.700000000000000000e+01
1.300000000000000000e+01
1.000000000000000000e+01
6.000000000000000000e+00
1.600000000000000000e+01
6.000000000000000000e+00
3.500000000000000000e+01
1.200000000000000000e+01
2.100000000000000000e+01
1.530000000000000000e+02
4.000000000000000000e+00
1.100000000000000000e+01
2.200000000000000000e+01
6.000000000000000000e+00
5.000000000000000000e+00
8.000000000000000000e+00
2.000000000000000000e+00
6.000000000000000000e+00
1.770000000000000000e+02
9.000000000000000000e+00
1.900000000000000000e+01
1.800000000000000000e+01
2.000000000000000000e+01
3.200000000000000000e+01
4.800000000000000000e+01
5.400000000000000000e+01
3.500000000000000000e+01
3.500000000000000000e+01
1.900000000000000000e+01
1.800000000000000000e+01
1.300000000000000000e+01
3.600000000000000000e+01
3.200000000000000000e+01
4.000000000000000000e+01
2.100000000000000000e+01
1.200000000000000000e+01
2.000000000000000000e+01
1.100000000000000000e+01
5.000000000000000000e+00
6.000000000000000000e+00
1.030000000000000000e+02
7.000000000000000000e+00
7.000000000000000000e+00
6.000000000000000000e+00
1.000000000000000000e+00
0.000000000000000000e+00
3.000000000000000000e+01
3.000000000000000000e+00
4.000000000000000000e+00
4.000000000000000000e+00
2.000000000000000000e+01
4.000000000000000000e+00
4.000000000000000000e+00
1.000000000000000000e+00
3.600000000000000000e+01
8.000000000000000000e+00
2.000000000000000000e+00
4.000000000000000000e+00
2.000000000000000000e+00
6.000000000000000000e+00
2.000000000000000000e+00
7.000000000000000000e+00
3.000000000000000000e+00
0.000000000000000000e+00
1.000000000000000000e+00
3.000000000000000000e+00
2.000000000000000000e+00
1.000000000000000000e+00
0.000000000000000000e+00
1.600000000000000000e+01
5.000000000000000000e+00
1.000000000000000000e+00
1.000000000000000000e+00
0.000000000000000000e+00
0.000000000000000000e+00
1.000000000000000000e+00
0.000000000000000000e+00
0.000000000000000000e+00
0.000000000000000000e+00
0.000000000000000000e+00
1.000000000000000000e+00
0.000000000000000000e+00
9.310000000000000000e+02
2.760000000000000000e+02
1.800000000000000000e+02
3.170000000000000000e+02
2.440000000000000000e+02
4.150000000000000000e+02
5.810000000000000000e+02
7.350000000000000000e+02
1.034000000000000000e+03
1.321000000000000000e+03
1.306000000000000000e+03
1.192000000000000000e+03
1.247000000000000000e+03
1.163000000000000000e+03
1.220000000000000000e+03
1.117000000000000000e+03
1.137000000000000000e+03
1.136000000000000000e+03
1.048000000000000000e+03
1.099000000000000000e+03
9.700000000000000000e+02
9.480000000000000000e+02
8.690000000000000000e+02
7.610000000000000000e+02
6.450000000000000000e+02
6.330000000000000000e+02
6.120000000000000000e+02
5.780000000000000000e+02
5.410000000000000000e+02
4.840000000000000000e+02
4.300000000000000000e+02
4.440000000000000000e+02
4.370000000000000000e+02
4.220000000000000000e+02
3.770000000000000000e+02
3.970000000000000000e+02
4.220000000000000000e+02
4.250000000000000000e+02
4.410000000000000000e+02
4.760000000000000000e+02
5.180000000000000000e+02
6.220000000000000000e+02
6.760000000000000000e+02
6.690000000000000000e+02
6.500000000000000000e+02
7.390000000000000000e+02
6.580000000000000000e+02
6.820000000000000000e+02
6.960000000000000000e+02
6.270000000000000000e+02
6.130000000000000000e+02
6.680000000000000000e+02
6.250000000000000000e+02
7.180000000000000000e+02
6.700000000000000000e+02
7.390000000000000000e+02
7.360000000000000000e+02
7.090000000000000000e+02
7.420000000000000000e+02
7.280000000000000000e+02
7.380000000000000000e+02
7.130000000000000000e+02
6.830000000000000000e+02
6.650000000000000000e+02
5.900000000000000000e+02
5.960000000000000000e+02
6.000000000000000000e+02
6.220000000000000000e+02
6.640000000000000000e+02
6.250000000000000000e+02
6.240000000000000000e+02
6.290000000000000000e+02
5.980000000000000000e+02
5.660000000000000000e+02
6.050000000000000000e+02
5.650000000000000000e+02
5.690000000000000000e+02
5.220000000000000000e+02
5.030000000000000000e+02
5.110000000000000000e+02
4.710000000000000000e+02
4.890000000000000000e+02
5.260000000000000000e+02
4.760000000000000000e+02
4.790000000000000000e+02
4.020000000000000000e+02
4.620000000000000000e+02
4.790000000000000000e+02
5.080000000000000000e+02
5.320000000000000000e+02
5.140000000000000000e+02
4.990000000000000000e+02
4.930000000000000000e+02
5.350000000000000000e+02
4.940000000000000000e+02
6.190000000000000000e+02
6.310000000000000000e+02
6.410000000000000000e+02
6.650000000000000000e+02
7.020000000000000000e+02
6.540000000000000000e+02
6.470000000000000000e+02
6.360000000000000000e+02
6.430000000000000000e+02
6.490000000000000000e+02
7.070000000000000000e+02
7.350000000000000000e+02
7.210000000000000000e+02
7.140000000000000000e+02
7.460000000000000000e+02
7.420000000000000000e+02
7.600000000000000000e+02
7.540000000000000000e+02
7.820000000000000000e+02
8.010000000000000000e+02
7.790000000000000000e+02
8.850000000000000000e+02
7.890000000000000000e+02
9.030000000000000000e+02
8.650000000000000000e+02
8.650000000000000000e+02
8.310000000000000000e+02
8.450000000000000000e+02
8.130000000000000000e+02
7.880000000000000000e+02
7.810000000000000000e+02
7.690000000000000000e+02
7.820000000000000000e+02
7.540000000000000000e+02
7.890000000000000000e+02
7.630000000000000000e+02
7.530000000000000000e+02
7.440000000000000000e+02
7.720000000000000000e+02
6.940000000000000000e+02
7.140000000000000000e+02
6.910000000000000000e+02
7.240000000000000000e+02
6.660000000000000000e+02
7.060000000000000000e+02
6.630000000000000000e+02
5.980000000000000000e+02
5.780000000000000000e+02
6.020000000000000000e+02
6.430000000000000000e+02
7.080000000000000000e+02
6.490000000000000000e+02
7.330000000000000000e+02
7.810000000000000000e+02
1.019000000000000000e+03
1.078000000000000000e+03
1.117000000000000000e+03
1.106000000000000000e+03
1.241000000000000000e+03
1.070000000000000000e+03
1.121000000000000000e+03
1.204000000000000000e+03
1.166000000000000000e+03
9.890000000000000000e+02
9.640000000000000000e+02
1.094000000000000000e+03
1.092000000000000000e+03
1.086000000000000000e+03
1.085000000000000000e+03
1.092000000000000000e+03
9.980000000000000000e+02
1.099000000000000000e+03
1.083000000000000000e+03
1.165000000000000000e+03
1.094000000000000000e+03
1.056000000000000000e+03
1.122000000000000000e+03
1.268000000000000000e+03
1.662000000000000000e+03
2.587000000000000000e+03
4.428000000000000000e+03
5.769000000000000000e+03
6.828000000000000000e+03
6.403000000000000000e+03
5.526000000000000000e+03
5.395000000000000000e+03
5.222000000000000000e+03
4.830000000000000000e+03
4.845000000000000000e+03
4.407000000000000000e+03
3.802000000000000000e+03
2.917000000000000000e+03
2.341000000000000000e+03
2.042000000000000000e+03
1.802000000000000000e+03
1.681000000000000000e+03
1.676000000000000000e+03
1.519000000000000000e+03
1.379000000000000000e+03
1.534000000000000000e+03
1.752000000000000000e+03
1.876000000000000000e+03
2.040000000000000000e+03
2.254000000000000000e+03
2.537000000000000000e+03
2.806000000000000000e+03
3.018000000000000000e+03
3.055000000000000000e+03
2.661000000000000000e+03
2.389000000000000000e+03
1.977000000000000000e+03
1.570000000000000000e+03
1.236000000000000000e+03
9.930000000000000000e+02
8.140000000000000000e+02
5.660000000000000000e+02
4.420000000000000000e+02
3.210000000000000000e+02
2.180000000000000000e+02
1.970000000000000000e+02
1.550000000000000000e+02
1.280000000000000000e+02
1.010000000000000000e+02
8.200000000000000000e+01
7.100000000000000000e+01
5.700000000000000000e+01
8.300000000000000000e+01
5.900000000000000000e+01
6.000000000000000000e+01
5.800000000000000000e+01
6.100000000000000000e+01
5.000000000000000000e+01
3.900000000000000000e+01
3.600000000000000000e+01
4.800000000000000000e+01
3.500000000000000000e+01
4.800000000000000000e+01
3.600000000000000000e+01
2.700000000000000000e+01
3.100000000000000000e+01
3.500000000000000000e+01
3.300000000000000000e+01
2.000000000000000000e+01
3.800000000000000000e+01
1.600000000000000000e+01
3.100000000000000000e+01
2.000000000000000000e+01
2.500000000000000000e+01
2.600000000000000000e+01
2.000000000000000000e+01
2.200000000000000000e+01
1.500000000000000000e+01
9.000000000000000000e+00
1.400000000000000000e+01
2.600000000000000000e+01
1.200000000000000000e+01
1.300000000000000000e+01
1.000000000000000000e+01
1.000000000000000000e+01
1.600000000000000000e+01
2.100000000000000000e+01
9.600000000000000000e+01
