1.792750000000000000e+05
5.860000000000000000e+02
1.128000000000000000e+03
2.735000000000000000e+03
1.870000000000000000e+03
1.496800000000000000e+04
2.930000000000000000e+04
6.892000000000000000e+03
3.621200000000000000e+04
3.246300000000000000e+04
5.555600000000000000e+04
1.327290000000000000e+05
1.828420000000000000e+05
2.240110000000000000e+05
1.240050000000000000e+05
1.622060000000000000e+05
8.375000000000000000e+04
5.795900000000000000e+04
1.383900000000000000e+04
1.831400000000000000e+04
8.015200000000000000e+04
9.208000000000000000e+03
5.380000000000000000e+03
3.068000000000000000e+03
2.174400000000000000e+04
9.113000000000000000e+03
5.616000000000000000e+03
2.505000000000000000e+03
2.461000000000000000e+03
3.634000000000000000e+03
1.017110000000000000e+05
2.572000000000000000e+03
3.281000000000000000e+03
3.664000000000000000e+03
3.879000000000000000e+03
7.720000000000000000e+03
1.080400000000000000e+04
1.561000000000000000e+03
1.644000000000000000e+03
1.141000000000000000e+03
1.131000000000000000e+03
3.890000000000000000e+02
2.250000000000000000e+03
1.353000000000000000e+03
2.520000000000000000e+02
4.110000000000000000e+02
4.850000000000000000e+02
1.400000000000000000e+01
6.450000000000000000e+02
1.720000000000000000e+02
1.090500000000000000e+04
4.830000000000000000e+02
2.700000000000000000e+02
5.300000000000000000e+01
1.630000000000000000e+02
5.330000000000000000e+02
2.800000000000000000e+02
1.740000000000000000e+02
2.600000000000000000e+01
0.000000000000000000e+00
6.660000000000000000e+02
0.000000000000000000e+00
6.800000000000000000e+01
1.710000000000000000e+02
0.000000000000000000e+00
1.220000000000000000e+02
1.750000000000000000e+03
7.100000000000000000e+01
1.360000000000000000e+02
1.050000000000000000e+02
4.330000000000000000e+02
4.000000000000000000e+01
1.100000000000000000e+01
2.170000000000000000e+02
2.250000000000000000e+02
5.492700000000000000e+04
7.900000000000000000e+01
6.000000000000000000e+00
0.000000000000000000e+00
2.320000000000000000e+02
1.675000000000000000e+03
3.100000000000000000e+01
6.500000000000000000e+01
5.469000000000000000e+03
3.010000000000000000e+02
2.690000000000000000e+02
7.100000000000000000e+01
1.185000000000000000e+03
1.240000000000000000e+02
1.090000000000000000e+02
7.260000000000000000e+03
8.000000000000000000e+01
2.060000000000000000e+02
4.990000000000000000e+02
7.000000000000000000e+01
1.607000000000000000e+03
1.597900000000000000e+04
1.250000000000000000e+02
6.680000000000000000e+03
8.340000000000000000e+02
1.213000000000000000e+03
1.539300000000000000e+04
5.077000000000000000e+03
7.304200000000000000e+04
1.939400000000000000e+04
4.612100000000000000e+04
5.474300000000000000e+04
4.227900000000000000e+04
1.871800000000000000e+04
2.893700000000000000e+04
4.722400000000000000e+04
2.192100000000000000e+04
1.105300000000000000e+04
6.154000000000000000e+03
1.557100000000000000e+04
9.678000000000000000e+03
5.291000000000000000e+03
1.620000000000000000e+02
3.050000000000000000e+02
1.580000000000000000e+02
3.784600000000000000e+04
2.000000000000000000e+00
7.210000000000000000e+02
5.700000000000000000e+01
2.285000000000000000e+03
6.439000000000000000e+03
1.028300000000000000e+04
8.700000000000000000e+01
4.040000000000000000e+02
1.490000000000000000e+02
6.620000000000000000e+02
6.300000000000000000e+01
3.408000000000000000e+03
1.751000000000000000e+03
3.200000000000000000e+01
2.250000000000000000e+02
9.100000000000000000e+01
4.000000000000000000e+00
2.230000000000000000e+02
6.000000000000000000e+00
8.701000000000000000e+03
2.770000000000000000e+02
6.000000000000000000e+01
1.100000000000000000e+01
8.000000000000000000e+00
7.070000000000000000e+02
8.300000000000000000e+01
1.400000000000000000e+01
0.000000000000000000e+00
0.000000000000000000e+00
8.280000000000000000e+02
0.000000000000000000e+00
5.000000000000000000e+00
2.700000000000000000e+01
0.000000000000000000e+00
7.000000000000000000e+00
2.361000000000000000e+03
1.000000000000000000e+00
2.700000000000000000e+01
7.000000000000000000e+00
5.830000000000000000e+02
5.000000000000000000e+00
0.000000000000000000e+00
2.310000000000000000e+02
9.100000000000000000e+01
2.715800000000000000e+04
9.000000000000000000e+00
2.000000000000000000e+00
4.000000000000000000e+00
1.930000000000000000e+02
2.525000000000000000e+03
9.000000000000000000e+00
2.000000000000000000e+00
6.419000000000000000e+03
1.130000000000000000e+02
1.890000000000000000e+02
2.600000000000000000e+01
2.511000000000000000e+03
1.520000000000000000e+02
9.700000000000000000e+01
1.705740000000000000e+05
9.340000000000000000e+02
7.490600000000000000e+04
8.895100000000000000e+04
3.104900000000000000e+04
2.366200000000000000e+04
2.748800000000000000e+04
2.428500000000000000e+04
2.667900000000000000e+04
4.328000000000000000e+04
4.048500000000000000e+04
2.413900000000000000e+04
3.725300000000000000e+04
1.652500000000000000e+04
1.889100000000000000e+04
1.541700000000000000e+04
1.727800000000000000e+04
1.424400000000000000e+04
1.735300000000000000e+04
2.758000000000000000e+04
2.488700000000000000e+04
1.747100000000000000e+04
1.416200000000000000e+04
1.351900000000000000e+04
1.225300000000000000e+04
1.066200000000000000e+04
1.435900000000000000e+04
1.498800000000000000e+04
1.899800000000000000e+04
2.056800000000000000e+04
3.178500000000000000e+04
3.377200000000000000e+04
4.150500000000000000e+04
3.397800000000000000e+04
3.409300000000000000e+04
3.087600000000000000e+04
3.033900000000000000e+04
2.047500000000000000e+04
2.308000000000000000e+04
1.881700000000000000e+04
1.712700000000000000e+04
1.469600000000000000e+04
1.186600000000000000e+04
1.439800000000000000e+04
1.080500000000000000e+04
1.064400000000000000e+04
1.089100000000000000e+04
8.644000000000000000e+03
8.652000000000000000e+03
7.555000000000000000e+03
6.902000000000000000e+03
1.088500000000000000e+04
6.827000000000000000e+03
8.256000000000000000e+03
7.554000000000000000e+03
1.052500000000000000e+04
8.181000000000000000e+03
1.116200000000000000e+04
1.016100000000000000e+04
1.103800000000000000e+04
1.021100000000000000e+04
1.108200000000000000e+04
1.068700000000000000e+04
1.075200000000000000e+04
1.696800000000000000e+04
1.100400000000000000e+04
1.162800000000000000e+04
1.245200000000000000e+04
1.264200000000000000e+04
1.195200000000000000e+04
1.509600000000000000e+04
1.329600000000000000e+04
1.340100000000000000e+04
1.672100000000000000e+04
1.361400000000000000e+04
1.440700000000000000e+04
1.326700000000000000e+04
1.602300000000000000e+04
1.511600000000000000e+04
1.338400000000000000e+04
1.390800000000000000e+04
1.475200000000000000e+04
1.346400000000000000e+04
1.477800000000000000e+04
1.476000000000000000e+04
1.842700000000000000e+04
1.470200000000000000e+04
1.373400000000000000e+04
1.361100000000000000e+04
1.385500000000000000e+04
1.440900000000000000e+04
1.408900000000000000e+04
1.316100000000000000e+04
1.330900000000000000e+04
1.367600000000000000e+04
1.362400000000000000e+04
1.683300000000000000e+04
1.343800000000000000e+04
1.608600000000000000e+04
1.310100000000000000e+04
1.494200000000000000e+04
1.389300000000000000e+04
1.596800000000000000e+04
1.352100000000000000e+04
1.170200000000000000e+04
1.080500000000000000e+04
1.209500000000000000e+04
9.541000000000000000e+03
1.040100000000000000e+04
1.069800000000000000e+04
9.406000000000000000e+03
8.533000000000000000e+03
7.764000000000000000e+03
7.888000000000000000e+03
7.013000000000000000e+03
6.486000000000000000e+03
6.814000000000000000e+03
5.888000000000000000e+03
5.855000000000000000e+03
5.420000000000000000e+03
5.394000000000000000e+03
4.993000000000000000e+03
4.871000000000000000e+03
4.683000000000000000e+03
4.762000000000000000e+03
4.445000000000000000e+03
4.394000000000000000e+03
3.596000000000000000e+03
9.875000000000000000e+03
3.722000000000000000e+03
3.468000000000000000e+03
3.210000000000000000e+03
2.941000000000000000e+03
2.917000000000000000e+03
2.785000000000000000e+03
2.682000000000000000e+03
2.497000000000000000e+03
2.417000000000000000e+03
2.368000000000000000e+03
2.188000000000000000e+03
2.050000000000000000e+03
1.896000000000000000e+03
2.402000000000000000e+03
1.992000000000000000e+03
1.532000000000000000e+03
1.539000000000000000e+03
1.838000000000000000e+03
1.349000000000000000e+03
1.570000000000000000e+03
1.568000000000000000e+03
1.139000000000000000e+03
1.212000000000000000e+03
1.227000000000000000e+03
2.457000000000000000e+03
1.047000000000000000e+03
1.137000000000000000e+03
1.103000000000000000e+03
8.450000000000000000e+02
9.430000000000000000e+02
1.507000000000000000e+03
6.810000000000000000e+02
7.610000000000000000e+02
9.240000000000000000e+02
6.250000000000000000e+02
7.390000000000000000e+02
7.530000000000000000e+02
6.200000000000000000e+02
5.820000000000000000e+02
5.670000000000000000e+02
3.450000000000000000e+02
6.383000000000000000e+03
2.830000000000000000e+02
4.530000000000000000e+02
4.890000000000000000e+02
4.560000000000000000e+02
4.150000000000000000e+02
3.250000000000000000e+02
4.790000000000000000e+02
2.210000000000000000e+02
5.680000000000000000e+02
3.270000000000000000e+02
3.010000000000000000e+02
8.000000000000000000e+02
2.310000000000000000e+02
3.380000000000000000e+02
4.250000000000000000e+02
1.900000000000000000e+02
2.740000000000000000e+02
2.980000000000000000e+02
1.870000000000000000e+02
1.800000000000000000e+02
1.635000000000000000e+03
8.700000000000000000e+01
2.150000000000000000e+02
1.540000000000000000e+02
1.820000000000000000e+02
1.740000000000000000e+02
1.650000000000000000e+02
3.240000000000000000e+02
9.200000000000000000e+01
2.510000000000000000e+02
1.100000000000000000e+02
1.150000000000000000e+02
1.050000000000000000e+02
3.380000000000000000e+02
8.100000000000000000e+01
1.100000000000000000e+02
9.600000000000000000e+01
9.800000000000000000e+01
1.570000000000000000e+02
8.300000000000000000e+01
1.130000000000000000e+02
5.400000000000000000e+01
5.480000000000000000e+02
6.700000000000000000e+01
6.900000000000000000e+01
1.180000000000000000e+02
7.700000000000000000e+01
5.100000000000000000e+01
1.650000000000000000e+02
8.800000000000000000e+01
8.300000000000000000e+01
7.500000000000000000e+01
2.230000000000000000e+02
8.100000000000000000e+01
6.900000000000000000e+01
4.200000000000000000e+01
1.790000000000000000e+02
7.400000000000000000e+01
3.900000000000000000e+01
1.240000000000000000e+02
5.200000000000000000e+01
7.600000000000000000e+01
5.900000000000000000e+01
1.110000000000000000e+02
7.200000000000000000e+01
3.600000000000000000e+01
6.100000000000000000e+01
6.700000000000000000e+01
8.400000000000000000e+01
6.800000000000000000e+01
6.600000000000000000e+01
8.400000000000000000e+01
6.100000000000000000e+01
8.300000000000000000e+01
7.400000000000000000e+01
5.800000000000000000e+01
6.700000000000000000e+01
8.700000000000000000e+01
5.100000000000000000e+01
1.800000000000000000e+01
4.900000000000000000e+01
5.200000000000000000e+01
1.000000000000000000e+00
2.800000000000000000e+01
1.246100000000000000e+04
2.808000000000000000e+03
2.780000000000000000e+04
2.798700000000000000e+04
1.733600000000000000e+04
1.255100000000000000e+04
9.193000000000000000e+03
9.450000000000000000e+03
9.820000000000000000e+03
9.435000000000000000e+03
8.758000000000000000e+03
8.105000000000000000e+03
8.106000000000000000e+03
8.133000000000000000e+03
8.201000000000000000e+03
9.067000000000000000e+03
7.267000000000000000e+03
7.130000000000000000e+03
6.891000000000000000e+03
6.441000000000000000e+03
5.677000000000000000e+03
5.033000000000000000e+03
4.749000000000000000e+03
4.734000000000000000e+03
4.820000000000000000e+03
4.760000000000000000e+03
4.868000000000000000e+03
4.913000000000000000e+03
4.921000000000000000e+03
4.778000000000000000e+03
4.834000000000000000e+03
4.810000000000000000e+03
4.819000000000000000e+03
5.020000000000000000e+03
5.180000000000000000e+03
5.163000000000000000e+03
5.050000000000000000e+03
5.164000000000000000e+03
4.887000000000000000e+03
5.078000000000000000e+03
5.102000000000000000e+03
5.146000000000000000e+03
4.909000000000000000e+03
5.107000000000000000e+03
5.020000000000000000e+03
5.028000000000000000e+03
5.047000000000000000e+03
5.052000000000000000e+03
4.789000000000000000e+03
5.008000000000000000e+03
4.957000000000000000e+03
5.041000000000000000e+03
5.069000000000000000e+03
5.238000000000000000e+03
5.408000000000000000e+03
5.457000000000000000e+03
5.541000000000000000e+03
5.674000000000000000e+03
5.661000000000000000e+03
5.915000000000000000e+03
5.792000000000000000e+03
5.837000000000000000e+03
5.913000000000000000e+03
5.945000000000000000e+03
5.923000000000000000e+03
5.929000000000000000e+03
6.229000000000000000e+03
6.528000000000000000e+03
6.536000000000000000e+03
6.612000000000000000e+03
6.476000000000000000e+03
6.464000000000000000e+03
6.331000000000000000e+03
6.379000000000000000e+03
6.396000000000000000e+03
6.462000000000000000e+03
6.808000000000000000e+03
7.123000000000000000e+03
7.570000000000000000e+03
8.484000000000000000e+03
9.518000000000000000e+03
9.596000000000000000e+03
9.716000000000000000e+03
1.090300000000000000e+04
1.139300000000000000e+04
9.813000000000000000e+03
1.004400000000000000e+04
9.735000000000000000e+03
8.954000000000000000e+03
8.639000000000000000e+03
8.584000000000000000e+03
8.311000000000000000e+03
8.197000000000000000e+03
8.190000000000000000e+03
8.193000000000000000e+03
8.368000000000000000e+03
8.379000000000000000e+03
8.323000000000000000e+03
8.483000000000000000e+03
8.599000000000000000e+03
8.642000000000000000e+03
8.651000000000000000e+03
8.419000000000000000e+03
8.080000000000000000e+03
7.830000000000000000e+03
7.693000000000000000e+03
7.452000000000000000e+03
7.453000000000000000e+03
7.177000000000000000e+03
7.426000000000000000e+03
7.289000000000000000e+03
7.292000000000000000e+03
7.370000000000000000e+03
7.415000000000000000e+03
7.246000000000000000e+03
7.375000000000000000e+03
7.351000000000000000e+03
7.329000000000000000e+03
7.384000000000000000e+03
7.466000000000000000e+03
7.382000000000000000e+03
7.317000000000000000e+03
7.525000000000000000e+03
7.534000000000000000e+03
7.477000000000000000e+03
7.431000000000000000e+03
7.515000000000000000e+03
7.458000000000000000e+03
7.474000000000000000e+03
7.517000000000000000e+03
7.508000000000000000e+03
7.510000000000000000e+03
7.556000000000000000e+03
7.487000000000000000e+03
7.669000000000000000e+03
7.629000000000000000e+03
7.754000000000000000e+03
7.711000000000000000e+03
7.650000000000000000e+03
7.720000000000000000e+03
7.820000000000000000e+03
7.659000000000000000e+03
7.634000000000000000e+03
7.705000000000000000e+03
7.651000000000000000e+03
7.809000000000000000e+03
7.775000000000000000e+03
7.777000000000000000e+03
7.962000000000000000e+03
8.000000000000000000e+03
8.124000000000000000e+03
8.081000000000000000e+03
8.258000000000000000e+03
8.435000000000000000e+03
8.635000000000000000e+03
8.749000000000000000e+03
9.062000000000000000e+03
9.261000000000000000e+03
9.637000000000000000e+03
9.848000000000000000e+03
9.998000000000000000e+03
1.024300000000000000e+04
1.060600000000000000e+04
1.095400000000000000e+04
1.171100000000000000e+04
1.247200000000000000e+04
1.313000000000000000e+04
1.356400000000000000e+04
1.426900000000000000e+04
1.483100000000000000e+04
1.573800000000000000e+04
1.652900000000000000e+04
1.709500000000000000e+04
1.787800000000000000e+04
1.877800000000000000e+04
1.973100000000000000e+04
2.052800000000000000e+04
2.051000000000000000e+04
2.150400000000000000e+04
2.165600000000000000e+04
2.200000000000000000e+04
2.158800000000000000e+04
2.123200000000000000e+04
2.119300000000000000e+04
2.076600000000000000e+04
2.013900000000000000e+04
1.876000000000000000e+04
1.805900000000000000e+04
1.732600000000000000e+04
1.599500000000000000e+04
1.492500000000000000e+04
1.402500000000000000e+04
1.335800000000000000e+04
1.360500000000000000e+04
1.478000000000000000e+04
1.427500000000000000e+04
1.172400000000000000e+04
1.187300000000000000e+04
1.118600000000000000e+04
1.016100000000000000e+04
9.740000000000000000e+03
7.711000000000000000e+03
7.460000000000000000e+03
7.059000000000000000e+03
7.884000000000000000e+03
7.863000000000000000e+03
7.243000000000000000e+03
6.268000000000000000e+03
6.453000000000000000e+03
7.149000000000000000e+03
7.544000000000000000e+03
5.781000000000000000e+03
5.138000000000000000e+03
5.340000000000000000e+03
5.165000000000000000e+03
4.927000000000000000e+03
4.649000000000000000e+03
4.978000000000000000e+03
5.805000000000000000e+03
6.494000000000000000e+03
6.356000000000000000e+03
5.814000000000000000e+03
6.389000000000000000e+03
6.601000000000000000e+03
7.621000000000000000e+03
7.830000000000000000e+03
6.856000000000000000e+03
7.204000000000000000e+03
7.240000000000000000e+03
8.290000000000000000e+03
8.203000000000000000e+03
6.970000000000000000e+03
7.759000000000000000e+03
6.892000000000000000e+03
7.835000000000000000e+03
9.032000000000000000e+03
6.954000000000000000e+03
6.798000000000000000e+03
7.599000000000000000e+03
9.122000000000000000e+03
1.131000000000000000e+04
1.003100000000000000e+04
1.052300000000000000e+04
1.095200000000000000e+04
1.626600000000000000e+04
2.016400000000000000e+04
2.312600000000000000e+04
2.062500000000000000e+04
1.977400000000000000e+04
2.071600000000000000e+04
1.377400000000000000e+04
7.142000000000000000e+03
3.165000000000000000e+03
2.369000000000000000e+03
1.506000000000000000e+03
1.595000000000000000e+03
5.624000000000000000e+03
