1.043300000000000000e+04
7.220000000000000000e+02
6.090000000000000000e+02
5.470000000000000000e+02
5.510000000000000000e+02
7.670000000000000000e+02
8.210000000000000000e+02
3.790000000000000000e+02
7.350000000000000000e+02
5.160000000000000000e+02
5.190000000000000000e+02
8.400000000000000000e+02
5.310000000000000000e+02
9.220000000000000000e+02
5.270000000000000000e+02
7.390000000000000000e+02
8.090000000000000000e+02
7.150000000000000000e+02
8.210000000000000000e+02
1.149000000000000000e+03
1.514000000000000000e+03
1.090000000000000000e+03
9.230000000000000000e+02
5.560000000000000000e+02
6.270000000000000000e+02
3.900000000000000000e+02
1.870000000000000000e+02
3.500000000000000000e+01
5.400000000000000000e+01
3.900000000000000000e+01
1.792000000000000000e+03
2.000000000000000000e+00
1.370000000000000000e+02
6.200000000000000000e+01
4.660000000000000000e+02
8.930000000000000000e+02
3.940000000000000000e+02
3.120000000000000000e+02
7.930000000000000000e+02
3.900000000000000000e+02
6.660000000000000000e+02
3.100000000000000000e+02
9.690000000000000000e+02
2.176000000000000000e+03
7.210000000000000000e+02
1.162000000000000000e+03
1.864000000000000000e+03
6.360000000000000000e+02
2.261000000000000000e+03
6.230000000000000000e+02
1.417000000000000000e+03
1.562000000000000000e+03
7.150000000000000000e+02
6.750000000000000000e+02
7.310000000000000000e+02
9.480000000000000000e+02
8.170000000000000000e+02
4.440000000000000000e+02
2.790000000000000000e+02
1.950000000000000000e+02
5.640000000000000000e+02
5.100000000000000000e+01
1.510000000000000000e+02
2.960000000000000000e+02
1.600000000000000000e+01
1.460000000000000000e+02
6.340000000000000000e+02
6.500000000000000000e+01
7.300000000000000000e+01
4.200000000000000000e+01
1.280000000000000000e+02
2.200000000000000000e+01
4.000000000000000000e+00
7.700000000000000000e+01
4.000000000000000000e+01
1.425000000000000000e+03
7.000000000000000000e+00
0.000000000000000000e+00
1.000000000000000000e+00
3.000000000000000000e+00
7.500000000000000000e+01
0.000000000000000000e+00
0.000000000000000000e+00
3.680000000000000000e+02
2.000000000000000000e+00
0.000000000000000000e+00
0.000000000000000000e+00
1.800000000000000000e+01
0.000000000000000000e+00
0.000000000000000000e+00
2.600000000000000000e+01
0.000000000000000000e+00
0.000000000000000000e+00
3.000000000000000000e+00
0.000000000000000000e+00
0.000000000000000000e+00
1.130000000000000000e+02
0.000000000000000000e+00
4.000000000000000000e+00
0.000000000000000000e+00
0.000000000000000000e+00
2.400000000000000000e+01
0.000000000000000000e+00
8.700000000000000000e+01
0.000000000000000000e+00
5.000000000000000000e+00
4.000000000000000000e+00
3.800000000000000000e+01
1.100000000000000000e+01
4.700000000000000000e+01
4.470000000000000000e+02
3.700000000000000000e+01
6.700000000000000000e+01
2.410000000000000000e+02
1.250000000000000000e+02
7.200000000000000000e+01
2.470000000000000000e+02
0.000000000000000000e+00
1.000000000000000000e+00
1.000000000000000000e+00
1.235000000000000000e+03
0.000000000000000000e+00
7.700000000000000000e+01
0.000000000000000000e+00
2.720000000000000000e+02
8.200000000000000000e+02
1.740000000000000000e+02
4.000000000000000000e+00
1.450000000000000000e+02
2.400000000000000000e+01
3.400000000000000000e+01
7.000000000000000000e+00
1.550000000000000000e+02
1.010000000000000000e+02
8.000000000000000000e+00
2.600000000000000000e+01
4.000000000000000000e+01
0.000000000000000000e+00
5.300000000000000000e+01
1.700000000000000000e+01
5.090000000000000000e+02
6.200000000000000000e+01
3.600000000000000000e+01
3.700000000000000000e+01
4.900000000000000000e+01
1.160000000000000000e+02
7.200000000000000000e+01
4.500000000000000000e+01
5.300000000000000000e+01
5.800000000000000000e+01
7.800000000000000000e+01
6.100000000000000000e+01
6.600000000000000000e+01
8.300000000000000000e+01
9.400000000000000000e+01
9.600000000000000000e+01
3.280000000000000000e+02
1.260000000000000000e+02
1.650000000000000000e+02
2.140000000000000000e+02
3.190000000000000000e+02
3.050000000000000000e+02
5.120000000000000000e+02
6.780000000000000000e+02
9.290000000000000000e+02
2.454000000000000000e+03
1.900000000000000000e+03
2.111000000000000000e+03
1.581000000000000000e+03
1.890000000000000000e+03
2.169000000000000000e+03
1.822000000000000000e+03
1.742000000000000000e+03
2.226000000000000000e+03
1.818000000000000000e+03
1.772000000000000000e+03
1.878000000000000000e+03
2.564000000000000000e+03
2.810000000000000000e+03
1.997000000000000000e+03
8.656000000000000000e+03
0.000000000000000000e+00
1.700000000000000000e+01
3.000000000000000000e+00
2.200000000000000000e+01
9.000000000000000000e+00
3.700000000000000000e+01
4.200000000000000000e+01
4.300000000000000000e+01
5.500000000000000000e+01
3.600000000000000000e+01
6.200000000000000000e+01
8.600000000000000000e+01
1.580000000000000000e+02
9.100000000000000000e+01
1.000000000000000000e+02
9.000000000000000000e+01
7.900000000000000000e+01
9.800000000000000000e+01
8.700000000000000000e+01
1.260000000000000000e+02
1.000000000000000000e+02
1.110000000000000000e+02
1.200000000000000000e+02
1.230000000000000000e+02
8.900000000000000000e+01
1.310000000000000000e+02
1.090000000000000000e+02
1.550000000000000000e+02
1.060000000000000000e+02
1.560000000000000000e+02
1.020000000000000000e+02
2.000000000000000000e+02
1.690000000000000000e+02
2.750000000000000000e+02
2.020000000000000000e+02
3.290000000000000000e+02
1.330000000000000000e+02
1.820000000000000000e+02
3.660000000000000000e+02
1.710000000000000000e+02
1.580000000000000000e+02
1.490000000000000000e+02
4.660000000000000000e+02
1.510000000000000000e+02
1.560000000000000000e+02
3.920000000000000000e+02
1.390000000000000000e+02
1.980000000000000000e+02
1.540000000000000000e+02
1.390000000000000000e+02
5.990000000000000000e+02
1.480000000000000000e+02
2.440000000000000000e+02
1.730000000000000000e+02
3.520000000000000000e+02
1.600000000000000000e+02
6.590000000000000000e+02
2.420000000000000000e+02
2.460000000000000000e+02
2.170000000000000000e+02
2.890000000000000000e+02
2.260000000000000000e+02
1.710000000000000000e+02
8.820000000000000000e+02
1.660000000000000000e+02
2.490000000000000000e+02
3.610000000000000000e+02
2.710000000000000000e+02
2.180000000000000000e+02
4.280000000000000000e+02
4.070000000000000000e+02
2.120000000000000000e+02
1.218000000000000000e+03
3.190000000000000000e+02
3.500000000000000000e+02
2.930000000000000000e+02
5.300000000000000000e+02
4.960000000000000000e+02
2.460000000000000000e+02
4.580000000000000000e+02
5.010000000000000000e+02
3.810000000000000000e+02
4.260000000000000000e+02
1.580000000000000000e+02
1.868000000000000000e+03
1.640000000000000000e+02
3.680000000000000000e+02
3.810000000000000000e+02
5.110000000000000000e+02
4.660000000000000000e+02
4.610000000000000000e+02
3.540000000000000000e+02
4.430000000000000000e+02
5.860000000000000000e+02
3.050000000000000000e+02
7.910000000000000000e+02
4.060000000000000000e+02
6.070000000000000000e+02
5.620000000000000000e+02
5.410000000000000000e+02
3.840000000000000000e+02
1.507000000000000000e+03
4.020000000000000000e+02
5.220000000000000000e+02
5.020000000000000000e+02
7.420000000000000000e+02
5.550000000000000000e+02
6.890000000000000000e+02
9.330000000000000000e+02
3.990000000000000000e+02
5.660000000000000000e+02
9.420000000000000000e+02
7.500000000000000000e+02
4.260000000000000000e+02
5.680000000000000000e+02
6.710000000000000000e+02
6.100000000000000000e+02
8.320000000000000000e+02
5.130000000000000000e+02
6.360000000000000000e+02
5.630000000000000000e+02
4.480000000000000000e+02
6.710000000000000000e+02
5.530000000000000000e+02
4.300000000000000000e+02
2.550000000000000000e+02
5.590000000000000000e+02
2.003000000000000000e+03
2.170000000000000000e+02
4.190000000000000000e+02
5.500000000000000000e+02
5.230000000000000000e+02
4.690000000000000000e+02
4.690000000000000000e+02
5.770000000000000000e+02
3.780000000000000000e+02
5.690000000000000000e+02
4.130000000000000000e+02
4.700000000000000000e+02
4.000000000000000000e+02
3.340000000000000000e+02
6.010000000000000000e+02
4.360000000000000000e+02
2.710000000000000000e+02
3.350000000000000000e+02
5.050000000000000000e+02
3.110000000000000000e+02
3.140000000000000000e+02
3.800000000000000000e+02
2.990000000000000000e+02
2.860000000000000000e+02
2.310000000000000000e+02
7.530000000000000000e+02
2.300000000000000000e+02
3.100000000000000000e+02
3.180000000000000000e+02
2.390000000000000000e+02
2.820000000000000000e+02
5.150000000000000000e+02
1.980000000000000000e+02
2.820000000000000000e+02
3.060000000000000000e+02
2.490000000000000000e+02
2.610000000000000000e+02
2.890000000000000000e+02
2.760000000000000000e+02
1.970000000000000000e+02
2.150000000000000000e+02
1.170000000000000000e+02
6.330000000000000000e+02
1.180000000000000000e+02
1.740000000000000000e+02
1.930000000000000000e+02
2.390000000000000000e+02
1.850000000000000000e+02
1.610000000000000000e+02
2.630000000000000000e+02
1.400000000000000000e+02
2.270000000000000000e+02
1.860000000000000000e+02
1.660000000000000000e+02
3.410000000000000000e+02
1.510000000000000000e+02
1.600000000000000000e+02
1.820000000000000000e+02
1.420000000000000000e+02
1.600000000000000000e+02
1.790000000000000000e+02
1.580000000000000000e+02
1.590000000000000000e+02
3.690000000000000000e+02
1.030000000000000000e+02
1.380000000000000000e+02
1.550000000000000000e+02
1.530000000000000000e+02
1.680000000000000000e+02
1.530000000000000000e+02
2.060000000000000000e+02
1.150000000000000000e+02
1.740000000000000000e+02
1.600000000000000000e+02
1.370000000000000000e+02
1.500000000000000000e+02
2.080000000000000000e+02
1.320000000000000000e+02
1.460000000000000000e+02
1.420000000000000000e+02
1.200000000000000000e+02
1.710000000000000000e+02
1.330000000000000000e+02
1.470000000000000000e+02
1.190000000000000000e+02
2.790000000000000000e+02
1.390000000000000000e+02
1.480000000000000000e+02
1.690000000000000000e+02
1.480000000000000000e+02
1.340000000000000000e+02
2.240000000000000000e+02
1.480000000000000000e+02
1.530000000000000000e+02
1.680000000000000000e+02
1.820000000000000000e+02
1.710000000000000000e+02
1.610000000000000000e+02
1.650000000000000000e+02
2.190000000000000000e+02
1.770000000000000000e+02
1.660000000000000000e+02
2.460000000000000000e+02
1.820000000000000000e+02
2.090000000000000000e+02
2.100000000000000000e+02
2.380000000000000000e+02
2.400000000000000000e+02
2.450000000000000000e+02
2.820000000000000000e+02
2.610000000000000000e+02
2.980000000000000000e+02
3.270000000000000000e+02
3.610000000000000000e+02
3.660000000000000000e+02
4.420000000000000000e+02
5.300000000000000000e+02
5.570000000000000000e+02
6.290000000000000000e+02
8.630000000000000000e+02
1.001000000000000000e+03
1.140000000000000000e+03
1.502000000000000000e+03
1.174000000000000000e+03
1.166000000000000000e+03
1.876000000000000000e+03
4.300000000000000000e+01
3.286000000000000000e+03
0.000000000000000000e+00
1.200000000000000000e+01
1.050000000000000000e+02
1.042000000000000000e+03
1.640000000000000000e+03
2.091000000000000000e+03
2.237000000000000000e+03
2.706000000000000000e+03
2.099000000000000000e+03
1.711000000000000000e+03
1.252000000000000000e+03
1.097000000000000000e+03
1.058000000000000000e+03
8.990000000000000000e+02
7.740000000000000000e+02
7.850000000000000000e+02
7.050000000000000000e+02
6.930000000000000000e+02
7.530000000000000000e+02
6.620000000000000000e+02
7.180000000000000000e+02
6.400000000000000000e+02
8.090000000000000000e+02
8.930000000000000000e+02
9.600000000000000000e+02
1.071000000000000000e+03
8.290000000000000000e+02
7.190000000000000000e+02
9.460000000000000000e+02
7.190000000000000000e+02
7.280000000000000000e+02
7.200000000000000000e+02
7.330000000000000000e+02
7.600000000000000000e+02
7.930000000000000000e+02
8.440000000000000000e+02
8.490000000000000000e+02
8.400000000000000000e+02
7.480000000000000000e+02
6.310000000000000000e+02
6.400000000000000000e+02
6.840000000000000000e+02
6.620000000000000000e+02
6.130000000000000000e+02
5.630000000000000000e+02
5.170000000000000000e+02
5.130000000000000000e+02
4.840000000000000000e+02
5.200000000000000000e+02
5.540000000000000000e+02
5.990000000000000000e+02
5.490000000000000000e+02
5.850000000000000000e+02
5.220000000000000000e+02
4.670000000000000000e+02
4.450000000000000000e+02
4.080000000000000000e+02
4.680000000000000000e+02
3.970000000000000000e+02
3.960000000000000000e+02
2.980000000000000000e+02
2.950000000000000000e+02
2.330000000000000000e+02
2.500000000000000000e+02
2.450000000000000000e+02
1.830000000000000000e+02
1.910000000000000000e+02
1.830000000000000000e+02
1.760000000000000000e+02
1.990000000000000000e+02
2.080000000000000000e+02
1.700000000000000000e+02
1.810000000000000000e+02
1.050000000000000000e+02
9.900000000000000000e+01
1.100000000000000000e+02
8.500000000000000000e+01
9.500000000000000000e+01
1.020000000000000000e+02
7.800000000000000000e+01
7.100000000000000000e+01
6.400000000000000000e+01
7.500000000000000000e+01
5.300000000000000000e+01
5.600000000000000000e+01
6.000000000000000000e+01
5.500000000000000000e+01
5.700000000000000000e+01
6.400000000000000000e+01
5.600000000000000000e+01
5.900000000000000000e+01
5.600000000000000000e+01
6.300000000000000000e+01
6.800000000000000000e+01
6.700000000000000000e+01
6.400000000000000000e+01
7.300000000000000000e+01
7.000000000000000000e+01
7.600000000000000000e+01
7.300000000000000000e+01
9.500000000000000000e+01
9.000000000000000000e+01
8.900000000000000000e+01
1.070000000000000000e+02
1.030000000000000000e+02
9.200000000000000000e+01
8.600000000000000000e+01
1.160000000000000000e+02
9.600000000000000000e+01
1.160000000000000000e+02
1.120000000000000000e+02
9.800000000000000000e+01
1.310000000000000000e+02
1.140000000000000000e+02
1.320000000000000000e+02
1.400000000000000000e+02
1.880000000000000000e+02
1.830000000000000000e+02
1.910000000000000000e+02
1.510000000000000000e+02
1.790000000000000000e+02
1.850000000000000000e+02
1.840000000000000000e+02
2.000000000000000000e+02
2.310000000000000000e+02
1.640000000000000000e+02
2.160000000000000000e+02
2.370000000000000000e+02
2.330000000000000000e+02
2.350000000000000000e+02
2.230000000000000000e+02
2.200000000000000000e+02
2.190000000000000000e+02
2.270000000000000000e+02
2.210000000000000000e+02
2.320000000000000000e+02
2.430000000000000000e+02
2.720000000000000000e+02
2.720000000000000000e+02
3.030000000000000000e+02
2.950000000000000000e+02
2.980000000000000000e+02
2.820000000000000000e+02
3.310000000000000000e+02
2.930000000000000000e+02
3.310000000000000000e+02
3.400000000000000000e+02
3.420000000000000000e+02
4.010000000000000000e+02
3.500000000000000000e+02
3.620000000000000000e+02
3.880000000000000000e+02
3.750000000000000000e+02
4.330000000000000000e+02
4.490000000000000000e+02
4.320000000000000000e+02
4.300000000000000000e+02
3.710000000000000000e+02
4.030000000000000000e+02
3.880000000000000000e+02
3.740000000000000000e+02
3.960000000000000000e+02
4.370000000000000000e+02
3.920000000000000000e+02
3.880000000000000000e+02
3.900000000000000000e+02
3.540000000000000000e+02
3.810000000000000000e+02
3.720000000000000000e+02
3.270000000000000000e+02
3.780000000000000000e+02
3.520000000000000000e+02
3.410000000000000000e+02
3.650000000000000000e+02
3.420000000000000000e+02
3.640000000000000000e+02
2.970000000000000000e+02
3.210000000000000000e+02
2.970000000000000000e+02
3.350000000000000000e+02
3.550000000000000000e+02
3.550000000000000000e+02
4.030000000000000000e+02
3.690000000000000000e+02
4.070000000000000000e+02
3.790000000000000000e+02
3.540000000000000000e+02
3.550000000000000000e+02
3.780000000000000000e+02
3.570000000000000000e+02
3.760000000000000000e+02
3.560000000000000000e+02
3.560000000000000000e+02
3.620000000000000000e+02
3.380000000000000000e+02
3.150000000000000000e+02
2.950000000000000000e+02
2.850000000000000000e+02
2.820000000000000000e+02
2.690000000000000000e+02
2.700000000000000000e+02
2.430000000000000000e+02
2.590000000000000000e+02
2.510000000000000000e+02
2.400000000000000000e+02
2.510000000000000000e+02
2.640000000000000000e+02
2.690000000000000000e+02
2.680000000000000000e+02
2.510000000000000000e+02
3.000000000000000000e+02
3.660000000000000000e+02
4.040000000000000000e+02
4.530000000000000000e+02
4.850000000000000000e+02
4.910000000000000000e+02
5.690000000000000000e+02
6.050000000000000000e+02
6.400000000000000000e+02
6.060000000000000000e+02
5.910000000000000000e+02
5.630000000000000000e+02
5.900000000000000000e+02
5.730000000000000000e+02
5.650000000000000000e+02
4.870000000000000000e+02
5.280000000000000000e+02
4.550000000000000000e+02
4.720000000000000000e+02
4.280000000000000000e+02
3.790000000000000000e+02
3.470000000000000000e+02
2.850000000000000000e+02
2.700000000000000000e+02
2.480000000000000000e+02
2.040000000000000000e+02
1.740000000000000000e+02
1.490000000000000000e+02
1.580000000000000000e+02
1.300000000000000000e+02
1.340000000000000000e+02
9.900000000000000000e+01
1.080000000000000000e+02
7.600000000000000000e+01
8.100000000000000000e+01
7.000000000000000000e+01
7.400000000000000000e+01
7.200000000000000000e+01
6.200000000000000000e+01
5.600000000000000000e+01
5.000000000000000000e+01
3.400000000000000000e+01
4.100000000000000000e+01
4.000000000000000000e+01
2.900000000000000000e+01
2.050000000000000000e+02
