4.895200000000000000e+04
3.400000000000000000e+01
1.900000000000000000e+01
6.300000000000000000e+01
2.000000000000000000e+00
5.900000000000000000e+01
4.500000000000000000e+02
0.000000000000000000e+00
3.600000000000000000e+01
2.000000000000000000e+00
2.000000000000000000e+00
1.170000000000000000e+02
0.000000000000000000e+00
8.560000000000000000e+02
2.400000000000000000e+01
5.000000000000000000e+00
9.800000000000000000e+01
1.400000000000000000e+01
3.100000000000000000e+01
2.228000000000000000e+03
3.156000000000000000e+03
2.095000000000000000e+03
1.900000000000000000e+01
8.300000000000000000e+01
1.069900000000000000e+04
2.841000000000000000e+03
1.100000000000000000e+01
0.000000000000000000e+00
0.000000000000000000e+00
0.000000000000000000e+00
7.922000000000000000e+03
0.000000000000000000e+00
2.200000000000000000e+01
0.000000000000000000e+00
2.110000000000000000e+02
5.130000000000000000e+02
2.984000000000000000e+03
0.000000000000000000e+00
2.000000000000000000e+00
0.000000000000000000e+00
7.600000000000000000e+01
0.000000000000000000e+00
5.800000000000000000e+01
7.100000000000000000e+01
0.000000000000000000e+00
2.000000000000000000e+00
0.000000000000000000e+00
0.000000000000000000e+00
9.000000000000000000e+00
0.000000000000000000e+00
2.100000000000000000e+02
5.600000000000000000e+01
0.000000000000000000e+00
0.000000000000000000e+00
0.000000000000000000e+00
9.600000000000000000e+01
0.000000000000000000e+00
0.000000000000000000e+00
0.000000000000000000e+00
0.000000000000000000e+00
4.900000000000000000e+01
0.000000000000000000e+00
0.000000000000000000e+00
0.000000000000000000e+00
0.000000000000000000e+00
0.000000000000000000e+00
1.330000000000000000e+02
0.000000000000000000e+00
1.000000000000000000e+00
0.000000000000000000e+00
7.400000000000000000e+01
0.000000000000000000e+00
0.000000000000000000e+00
5.000000000000000000e+00
1.000000000000000000e+00
2.878000000000000000e+03
0.000000000000000000e+00
0.000000000000000000e+00
0.000000000000000000e+00
1.000000000000000000e+00
1.650000000000000000e+02
0.000000000000000000e+00
0.000000000000000000e+00
1.060000000000000000e+02
5.000000000000000000e+00
1.300000000000000000e+01
0.000000000000000000e+00
3.980000000000000000e+02
2.000000000000000000e+00
0.000000000000000000e+00
4.250000000000000000e+02
0.000000000000000000e+00
8.140000000000000000e+02
4.040000000000000000e+02
0.000000000000000000e+00
1.224000000000000000e+03
1.550000000000000000e+03
0.000000000000000000e+00
5.030000000000000000e+02
6.600000000000000000e+01
7.000000000000000000e+00
5.850000000000000000e+02
1.060000000000000000e+02
2.553000000000000000e+03
6.520000000000000000e+02
1.109000000000000000e+03
2.254000000000000000e+03
7.270000000000000000e+02
6.920000000000000000e+02
2.301000000000000000e+03
2.318400000000000000e+04
1.404000000000000000e+03
2.300000000000000000e+02
2.420000000000000000e+02
3.755000000000000000e+03
1.934000000000000000e+03
2.800000000000000000e+01
3.000000000000000000e+00
2.000000000000000000e+00
2.000000000000000000e+00
2.546400000000000000e+04
0.000000000000000000e+00
5.000000000000000000e+00
6.000000000000000000e+00
4.900000000000000000e+01
7.590000000000000000e+02
4.173000000000000000e+03
4.000000000000000000e+00
4.000000000000000000e+00
1.000000000000000000e+00
5.000000000000000000e+00
3.000000000000000000e+00
3.570000000000000000e+02
4.000000000000000000e+01
2.000000000000000000e+00
2.700000000000000000e+01
4.000000000000000000e+00
0.000000000000000000e+00
1.100000000000000000e+01
1.000000000000000000e+00
2.084000000000000000e+03
8.000000000000000000e+00
6.000000000000000000e+00
4.000000000000000000e+00
2.000000000000000000e+00
1.300000000000000000e+01
5.000000000000000000e+00
2.000000000000000000e+00
5.000000000000000000e+00
0.000000000000000000e+00
5.000000000000000000e+01
0.000000000000000000e+00
6.000000000000000000e+00
4.000000000000000000e+00
0.000000000000000000e+00
4.000000000000000000e+00
9.900000000000000000e+01
6.000000000000000000e+00
9.000000000000000000e+00
1.500000000000000000e+01
2.400000000000000000e+01
2.000000000000000000e+00
3.000000000000000000e+00
9.000000000000000000e+00
1.300000000000000000e+01
4.048000000000000000e+03
6.000000000000000000e+00
2.000000000000000000e+00
0.000000000000000000e+00
2.700000000000000000e+01
8.100000000000000000e+01
4.000000000000000000e+00
0.000000000000000000e+00
2.540000000000000000e+02
6.500000000000000000e+01
5.300000000000000000e+01
4.600000000000000000e+01
1.450000000000000000e+02
3.700000000000000000e+01
2.900000000000000000e+01
4.860700000000000000e+04
1.100000000000000000e+02
1.281400000000000000e+04
2.127400000000000000e+04
2.216000000000000000e+03
3.000000000000000000e+03
6.120000000000000000e+03
2.869000000000000000e+03
3.363000000000000000e+03
4.984000000000000000e+03
2.182000000000000000e+03
2.186000000000000000e+03
2.810000000000000000e+03
4.348000000000000000e+03
6.235000000000000000e+03
5.151000000000000000e+03
3.320000000000000000e+03
2.446000000000000000e+03
2.067000000000000000e+03
1.986000000000000000e+03
2.504000000000000000e+03
2.240000000000000000e+03
2.271000000000000000e+03
1.382000000000000000e+03
1.321000000000000000e+03
1.200000000000000000e+03
1.847000000000000000e+03
1.609000000000000000e+03
1.372000000000000000e+03
1.150000000000000000e+03
1.226000000000000000e+03
9.030000000000000000e+02
9.680000000000000000e+02
7.540000000000000000e+02
9.790000000000000000e+02
6.540000000000000000e+02
9.210000000000000000e+02
3.570000000000000000e+02
5.640000000000000000e+02
6.320000000000000000e+02
4.460000000000000000e+02
2.880000000000000000e+02
2.220000000000000000e+02
7.520000000000000000e+02
2.880000000000000000e+02
2.960000000000000000e+02
6.190000000000000000e+02
1.810000000000000000e+02
2.100000000000000000e+02
1.670000000000000000e+02
1.000000000000000000e+02
6.080000000000000000e+02
7.100000000000000000e+01
1.450000000000000000e+02
5.900000000000000000e+01
1.740000000000000000e+02
3.400000000000000000e+01
3.810000000000000000e+02
1.080000000000000000e+02
9.000000000000000000e+01
3.700000000000000000e+01
1.080000000000000000e+02
2.100000000000000000e+01
6.000000000000000000e+00
3.970000000000000000e+02
1.700000000000000000e+01
2.700000000000000000e+01
9.600000000000000000e+01
2.200000000000000000e+01
1.600000000000000000e+01
7.600000000000000000e+01
7.900000000000000000e+01
6.000000000000000000e+00
2.420000000000000000e+02
1.300000000000000000e+01
8.100000000000000000e+01
1.500000000000000000e+01
6.200000000000000000e+01
2.100000000000000000e+01
6.000000000000000000e+00
7.100000000000000000e+01
3.600000000000000000e+01
1.700000000000000000e+01
5.000000000000000000e+00
2.000000000000000000e+00
3.430000000000000000e+02
2.000000000000000000e+00
4.000000000000000000e+00
7.000000000000000000e+00
2.700000000000000000e+01
1.400000000000000000e+01
5.400000000000000000e+01
8.000000000000000000e+00
1.200000000000000000e+01
1.300000000000000000e+01
0.000000000000000000e+00
5.900000000000000000e+01
5.000000000000000000e+00
6.700000000000000000e+01
2.000000000000000000e+00
4.000000000000000000e+00
3.000000000000000000e+00
2.460000000000000000e+02
1.000000000000000000e+00
5.000000000000000000e+00
5.000000000000000000e+00
5.900000000000000000e+01
1.000000000000000000e+01
3.000000000000000000e+00
6.900000000000000000e+01
0.000000000000000000e+00
0.000000000000000000e+00
8.000000000000000000e+00
1.000000000000000000e+01
1.000000000000000000e+00
2.000000000000000000e+00
4.800000000000000000e+01
1.000000000000000000e+00
1.100000000000000000e+01
9.000000000000000000e+00
9.000000000000000000e+00
4.000000000000000000e+00
4.000000000000000000e+00
1.000000000000000000e+00
3.000000000000000000e+00
3.000000000000000000e+00
0.000000000000000000e+00
0.000000000000000000e+00
3.170000000000000000e+02
0.000000000000000000e+00
0.000000000000000000e+00
1.000000000000000000e+00
0.000000000000000000e+00
3.000000000000000000e+00
6.000000000000000000e+00
2.000000000000000000e+00
8.000000000000000000e+00
6.000000000000000000e+00
2.000000000000000000e+00
1.300000000000000000e+01
1.000000000000000000e+00
0.000000000000000000e+00
4.300000000000000000e+01
1.000000000000000000e+00
0.000000000000000000e+00
0.000000000000000000e+00
1.300000000000000000e+01
0.000000000000000000e+00
2.000000000000000000e+00
1.000000000000000000e+01
1.000000000000000000e+00
1.000000000000000000e+00
1.000000000000000000e+00
4.100000000000000000e+01
0.000000000000000000e+00
0.000000000000000000e+00
4.000000000000000000e+00
9.000000000000000000e+00
0.000000000000000000e+00
4.600000000000000000e+01
0.000000000000000000e+00
3.000000000000000000e+00
1.000000000000000000e+00
0.000000000000000000e+00
4.000000000000000000e+00
0.000000000000000000e+00
0.000000000000000000e+00
1.000000000000000000e+00
0.000000000000000000e+00
0.000000000000000000e+00
2.280000000000000000e+02
0.000000000000000000e+00
0.000000000000000000e+00
0.000000000000000000e+00
0.000000000000000000e+00
1.000000000000000000e+00
0.000000000000000000e+00
1.000000000000000000e+00
0.000000000000000000e+00
4.000000000000000000e+00
0.000000000000000000e+00
0.000000000000000000e+00
2.800000000000000000e+01
0.000000000000000000e+00
0.000000000000000000e+00
1.000000000000000000e+00
2.000000000000000000e+00
4.000000000000000000e+00
0.000000000000000000e+00
0.000000000000000000e+00
0.000000000000000000e+00
4.000000000000000000e+01
0.000000000000000000e+00
1.000000000000000000e+00
0.000000000000000000e+00
0.000000000000000000e+00
2.000000000000000000e+00
0.000000000000000000e+00
1.000000000000000000e+00
0.000000000000000000e+00
3.000000000000000000e+00
0.000000000000000000e+00
0.000000000000000000e+00
0.000000000000000000e+00
9.000000000000000000e+00
0.000000000000000000e+00
0.000000000000000000e+00
1.000000000000000000e+00
0.000000000000000000e+00
2.000000000000000000e+00
0.000000000000000000e+00
0.000000000000000000e+00
0.000000000000000000e+00
3.000000000000000000e+01
0.000000000000000000e+00
1.000000000000000000e+00
0.000000000000000000e+00
0.000000000000000000e+00
0.000000000000000000e+00
2.000000000000000000e+00
0.000000000000000000e+00
0.000000000000000000e+00
0.000000000000000000e+00
2.000000000000000000e+00
0.000000000000000000e+00
0.000000000000000000e+00
0.000000000000000000e+00
2.000000000000000000e+00
0.000000000000000000e+00
0.000000000000000000e+00
1.000000000000000000e+00
1.000000000000000000e+00
1.000000000000000000e+00
0.000000000000000000e+00
1.000000000000000000e+00
1.000000000000000000e+00
0.000000000000000000e+00
0.000000000000000000e+00
0.000000000000000000e+00
1.000000000000000000e+00
0.000000000000000000e+00
0.000000000000000000e+00
0.000000000000000000e+00
0.000000000000000000e+00
0.000000000000000000e+00
0.000000000000000000e+00
0.000000000000000000e+00
0.000000000000000000e+00
0.000000000000000000e+00
0.000000000000000000e+00
0.000000000000000000e+00
0.000000000000000000e+00
0.000000000000000000e+00
0.000000000000000000e+00
0.000000000000000000e+00
1.093000000000000000e+03
1.334000000000000000e+03
4.530000000000000000e+02
1.016000000000000000e+03
5.490000000000000000e+02
6.010000000000000000e+02
5.200000000000000000e+02
4.960000000000000000e+02
5.320000000000000000e+02
6.490000000000000000e+02
1.623000000000000000e+03
2.690000000000000000e+03
1.122000000000000000e+03
1.023000000000000000e+03
7.320000000000000000e+02
5.930000000000000000e+02
6.270000000000000000e+02
6.020000000000000000e+02
5.800000000000000000e+02
5.530000000000000000e+02
5.880000000000000000e+02
6.150000000000000000e+02
6.370000000000000000e+02
6.560000000000000000e+02
6.050000000000000000e+02
6.210000000000000000e+02
5.910000000000000000e+02
5.280000000000000000e+02
5.120000000000000000e+02
5.670000000000000000e+02
5.600000000000000000e+02
5.220000000000000000e+02
5.100000000000000000e+02
5.680000000000000000e+02
5.990000000000000000e+02
5.730000000000000000e+02
6.260000000000000000e+02
6.420000000000000000e+02
7.490000000000000000e+02
6.850000000000000000e+02
7.220000000000000000e+02
7.690000000000000000e+02
7.420000000000000000e+02
7.080000000000000000e+02
6.960000000000000000e+02
7.320000000000000000e+02
7.430000000000000000e+02
7.480000000000000000e+02
7.140000000000000000e+02
7.120000000000000000e+02
6.360000000000000000e+02
6.220000000000000000e+02
5.730000000000000000e+02
5.580000000000000000e+02
5.780000000000000000e+02
5.760000000000000000e+02
5.750000000000000000e+02
5.670000000000000000e+02
5.880000000000000000e+02
5.610000000000000000e+02
5.760000000000000000e+02
6.600000000000000000e+02
5.440000000000000000e+02
5.930000000000000000e+02
6.300000000000000000e+02
5.630000000000000000e+02
6.200000000000000000e+02
5.310000000000000000e+02
5.360000000000000000e+02
4.650000000000000000e+02
4.820000000000000000e+02
4.360000000000000000e+02
4.770000000000000000e+02
4.490000000000000000e+02
5.110000000000000000e+02
4.800000000000000000e+02
4.910000000000000000e+02
5.500000000000000000e+02
5.380000000000000000e+02
5.550000000000000000e+02
6.090000000000000000e+02
6.770000000000000000e+02
8.040000000000000000e+02
9.520000000000000000e+02
1.240000000000000000e+03
1.367000000000000000e+03
1.515000000000000000e+03
1.903000000000000000e+03
1.970000000000000000e+03
2.070000000000000000e+03
1.915000000000000000e+03
1.930000000000000000e+03
1.686000000000000000e+03
1.410000000000000000e+03
1.256000000000000000e+03
1.211000000000000000e+03
1.016000000000000000e+03
1.000000000000000000e+03
9.310000000000000000e+02
9.030000000000000000e+02
8.470000000000000000e+02
8.620000000000000000e+02
7.770000000000000000e+02
6.510000000000000000e+02
5.720000000000000000e+02
4.640000000000000000e+02
4.060000000000000000e+02
2.910000000000000000e+02
2.560000000000000000e+02
2.000000000000000000e+02
1.630000000000000000e+02
1.490000000000000000e+02
1.320000000000000000e+02
1.410000000000000000e+02
1.530000000000000000e+02
1.270000000000000000e+02
1.410000000000000000e+02
1.160000000000000000e+02
1.310000000000000000e+02
1.480000000000000000e+02
1.670000000000000000e+02
1.380000000000000000e+02
1.310000000000000000e+02
1.630000000000000000e+02
1.110000000000000000e+02
1.530000000000000000e+02
1.540000000000000000e+02
1.250000000000000000e+02
1.730000000000000000e+02
1.280000000000000000e+02
1.200000000000000000e+02
1.350000000000000000e+02
1.580000000000000000e+02
1.500000000000000000e+02
1.520000000000000000e+02
1.420000000000000000e+02
1.390000000000000000e+02
1.620000000000000000e+02
1.470000000000000000e+02
1.740000000000000000e+02
1.690000000000000000e+02
1.800000000000000000e+02
1.960000000000000000e+02
2.490000000000000000e+02
2.710000000000000000e+02
3.140000000000000000e+02
3.200000000000000000e+02
3.520000000000000000e+02
3.290000000000000000e+02
3.380000000000000000e+02
3.610000000000000000e+02
3.690000000000000000e+02
3.260000000000000000e+02
3.580000000000000000e+02
3.330000000000000000e+02
3.790000000000000000e+02
3.380000000000000000e+02
3.780000000000000000e+02
4.220000000000000000e+02
4.160000000000000000e+02
4.200000000000000000e+02
3.730000000000000000e+02
4.210000000000000000e+02
4.260000000000000000e+02
4.160000000000000000e+02
4.190000000000000000e+02
4.330000000000000000e+02
4.050000000000000000e+02
4.610000000000000000e+02
5.110000000000000000e+02
4.600000000000000000e+02
5.210000000000000000e+02
5.090000000000000000e+02
5.890000000000000000e+02
9.710000000000000000e+02
6.310000000000000000e+02
4.890000000000000000e+02
4.780000000000000000e+02
4.580000000000000000e+02
3.920000000000000000e+02
4.640000000000000000e+02
4.470000000000000000e+02
4.000000000000000000e+02
3.670000000000000000e+02
4.030000000000000000e+02
3.650000000000000000e+02
3.660000000000000000e+02
3.970000000000000000e+02
3.820000000000000000e+02
3.480000000000000000e+02
3.480000000000000000e+02
3.990000000000000000e+02
3.620000000000000000e+02
3.500000000000000000e+02
3.130000000000000000e+02
3.150000000000000000e+02
2.950000000000000000e+02
2.740000000000000000e+02
2.640000000000000000e+02
2.670000000000000000e+02
2.660000000000000000e+02
2.780000000000000000e+02
2.940000000000000000e+02
2.700000000000000000e+02
2.640000000000000000e+02
2.320000000000000000e+02
2.390000000000000000e+02
2.350000000000000000e+02
2.120000000000000000e+02
2.260000000000000000e+02
2.270000000000000000e+02
1.860000000000000000e+02
1.670000000000000000e+02
1.480000000000000000e+02
1.490000000000000000e+02
1.240000000000000000e+02
1.080000000000000000e+02
1.280000000000000000e+02
1.040000000000000000e+02
1.300000000000000000e+02
1.710000000000000000e+02
1.630000000000000000e+02
2.120000000000000000e+02
2.220000000000000000e+02
2.630000000000000000e+02
2.030000000000000000e+02
2.260000000000000000e+02
2.890000000000000000e+02
4.220000000000000000e+02
4.920000000000000000e+02
5.990000000000000000e+02
6.030000000000000000e+02
5.870000000000000000e+02
8.210000000000000000e+02
1.030000000000000000e+03
1.857000000000000000e+03
2.349000000000000000e+03
3.500000000000000000e+03
1.965000000000000000e+03
2.893000000000000000e+03
1.927000000000000000e+03
1.894000000000000000e+03
1.554000000000000000e+03
1.589000000000000000e+03
1.519000000000000000e+03
2.010000000000000000e+03
1.964000000000000000e+03
2.010000000000000000e+03
1.895000000000000000e+03
1.922000000000000000e+03
1.924000000000000000e+03
1.995000000000000000e+03
2.309000000000000000e+03
2.558000000000000000e+03
3.539000000000000000e+03
5.732000000000000000e+03
2.228000000000000000e+03
