7.300000000000000000e+01
0.000000000000000000e+00
0.000000000000000000e+00
0.000000000000000000e+00
0.000000000000000000e+00
0.000000000000000000e+00
2.000000000000000000e+00
0.000000000000000000e+00
0.000000000000000000e+00
0.000000000000000000e+00
0.000000000000000000e+00
0.000000000000000000e+00
0.000000000000000000e+00
1.000000000000000000e+00
0.000000000000000000e+00
2.000000000000000000e+00
0.000000000000000000e+00
0.000000000000000000e+00
0.000000000000000000e+00
0.000000000000000000e+00
6.000000000000000000e+00
0.000000000000000000e+00
0.000000000000000000e+00
0.000000000000000000e+00
4.000000000000000000e+00
2.000000000000000000e+00
0.000000000000000000e+00
0.000000000000000000e+00
0.000000000000000000e+00
0.000000000000000000e+00
1.800000000000000000e+01
0.000000000000000000e+00
0.000000000000000000e+00
0.000000000000000000e+00
1.000000000000000000e+00
2.000000000000000000e+00
4.000000000000000000e+00
0.000000000000000000e+00
3.000000000000000000e+00
0.000000000000000000e+00
2.000000000000000000e+00
0.000000000000000000e+00
1.000000000000000000e+00
1.000000000000000000e+00
0.000000000000000000e+00
0.000000000000000000e+00
0.000000000000000000e+00
0.000000000000000000e+00
1.000000000000000000e+00
0.000000000000000000e+00
3.000000000000000000e+00
0.000000000000000000e+00
0.000000000000000000e+00
0.000000000000000000e+00
0.000000000000000000e+00
3.000000000000000000e+00
0.000000000000000000e+00
1.000000000000000000e+00
0.000000000000000000e+00
0.000000000000000000e+00
1.300000000000000000e+01
0.000000000000000000e+00
0.000000000000000000e+00
0.000000000000000000e+00
0.000000000000000000e+00
0.000000000000000000e+00
2.000000000000000000e+00
0.000000000000000000e+00
0.000000000000000000e+00
0.000000000000000000e+00
3.000000000000000000e+00
0.000000000000000000e+00
0.000000000000000000e+00
0.000000000000000000e+00
0.000000000000000000e+00
3.000000000000000000e+00
0.000000000000000000e+00
0.000000000000000000e+00
0.000000000000000000e+00
0.000000000000000000e+00
0.000000000000000000e+00
0.000000000000000000e+00
0.000000000000000000e+00
1.000000000000000000e+00
0.000000000000000000e+00
0.000000000000000000e+00
0.000000000000000000e+00
0.000000000000000000e+00
0.000000000000000000e+00
0.000000000000000000e+00
8.000000000000000000e+00
0.000000000000000000e+00
2.000000000000000000e+00
3.000000000000000000e+00
3.000000000000000000e+00
4.000000000000000000e+00
3.000000000000000000e+00
5.000000000000000000e+00
1.100000000000000000e+01
9.000000000000000000e+00
8.000000000000000000e+00
2.000000000000000000e+01
2.600000000000000000e+01
5.900000000000000000e+01
2.900000000000000000e+01
1.720000000000000000e+02
1.600000000000000000e+02
5.450000000000000000e+02
1.007000000000000000e+03
3.528000000000000000e+03
8.074000000000000000e+03
9.601000000000000000e+03
2.247300000000000000e+04
2.059500000000000000e+04
4.750700000000000000e+04
2.204500000000000000e+04
4.205500000000000000e+04
9.752000000000000000e+03
4.793000000000000000e+03
6.777000000000000000e+03
4.128000000000000000e+03
1.435000000000000000e+03
1.458000000000000000e+03
6.454000000000000000e+03
2.788000000000000000e+03
7.101000000000000000e+03
3.522000000000000000e+03
2.056000000000000000e+03
7.020000000000000000e+02
1.080000000000000000e+03
8.040000000000000000e+02
4.820000000000000000e+02
5.300000000000000000e+02
5.730000000000000000e+02
5.040000000000000000e+02
4.930000000000000000e+02
6.190000000000000000e+02
4.340000000000000000e+02
5.100000000000000000e+02
4.320000000000000000e+02
6.570000000000000000e+02
5.280000000000000000e+02
4.520000000000000000e+02
6.140000000000000000e+02
3.870000000000000000e+02
7.680000000000000000e+02
6.450000000000000000e+02
5.180000000000000000e+02
5.850000000000000000e+02
5.650000000000000000e+02
1.042000000000000000e+03
7.060000000000000000e+02
6.360000000000000000e+02
5.950000000000000000e+02
6.130000000000000000e+02
8.550000000000000000e+02
1.373000000000000000e+03
1.956000000000000000e+03
1.923000000000000000e+03
6.150000000000000000e+02
1.140000000000000000e+02
2.100000000000000000e+01
8.000000000000000000e+00
6.000000000000000000e+00
2.000000000000000000e+00
6.000000000000000000e+00
0.000000000000000000e+00
3.000000000000000000e+00
3.000000000000000000e+00
1.000000000000000000e+00
4.000000000000000000e+00
1.000000000000000000e+00
1.000000000000000000e+00
3.000000000000000000e+00
0.000000000000000000e+00
2.000000000000000000e+00
1.000000000000000000e+00
0.000000000000000000e+00
0.000000000000000000e+00
0.000000000000000000e+00
5.100000000000000000e+01
1.000000000000000000e+00
1.400000000000000000e+01
1.500000000000000000e+01
1.100000000000000000e+01
2.600000000000000000e+01
2.500000000000000000e+01
2.200000000000000000e+01
2.100000000000000000e+01
1.400000000000000000e+01
1.600000000000000000e+01
1.800000000000000000e+01
1.600000000000000000e+01
1.900000000000000000e+01
1.300000000000000000e+01
2.600000000000000000e+01
2.700000000000000000e+01
3.100000000000000000e+01
4.800000000000000000e+01
6.600000000000000000e+01
6.500000000000000000e+01
4.000000000000000000e+01
2.300000000000000000e+01
3.600000000000000000e+01
3.000000000000000000e+01
4.400000000000000000e+01
3.000000000000000000e+01
2.800000000000000000e+01
2.800000000000000000e+01
2.900000000000000000e+01
2.800000000000000000e+01
3.400000000000000000e+01
3.800000000000000000e+01
2.800000000000000000e+01
3.500000000000000000e+01
3.700000000000000000e+01
4.600000000000000000e+01
3.700000000000000000e+01
4.400000000000000000e+01
5.200000000000000000e+01
6.700000000000000000e+01
7.400000000000000000e+01
1.010000000000000000e+02
1.060000000000000000e+02
1.380000000000000000e+02
1.800000000000000000e+02
1.900000000000000000e+02
2.060000000000000000e+02
2.050000000000000000e+02
2.200000000000000000e+02
2.950000000000000000e+02
2.960000000000000000e+02
3.150000000000000000e+02
3.360000000000000000e+02
4.030000000000000000e+02
3.770000000000000000e+02
4.560000000000000000e+02
4.690000000000000000e+02
5.700000000000000000e+02
7.060000000000000000e+02
9.720000000000000000e+02
1.193000000000000000e+03
1.525000000000000000e+03
1.282000000000000000e+03
1.281000000000000000e+03
1.295000000000000000e+03
1.168000000000000000e+03
1.392000000000000000e+03
1.455000000000000000e+03
1.525000000000000000e+03
1.873000000000000000e+03
1.968000000000000000e+03
1.777000000000000000e+03
1.707000000000000000e+03
1.324000000000000000e+03
1.722000000000000000e+03
1.822000000000000000e+03
1.569000000000000000e+03
2.207000000000000000e+03
1.974000000000000000e+03
1.750000000000000000e+03
2.180000000000000000e+03
1.763000000000000000e+03
1.911000000000000000e+03
1.823000000000000000e+03
1.584000000000000000e+03
1.848000000000000000e+03
1.921000000000000000e+03
1.982000000000000000e+03
1.988000000000000000e+03
2.263000000000000000e+03
2.197000000000000000e+03
2.205000000000000000e+03
2.272000000000000000e+03
2.529000000000000000e+03
2.169000000000000000e+03
2.514000000000000000e+03
2.656000000000000000e+03
2.945000000000000000e+03
2.450000000000000000e+03
2.658000000000000000e+03
2.706000000000000000e+03
2.302000000000000000e+03
2.489000000000000000e+03
2.472000000000000000e+03
2.498000000000000000e+03
2.635000000000000000e+03
2.506000000000000000e+03
2.776000000000000000e+03
2.784000000000000000e+03
2.695000000000000000e+03
3.179000000000000000e+03
2.905000000000000000e+03
3.141000000000000000e+03
3.628000000000000000e+03
2.585000000000000000e+03
2.938000000000000000e+03
4.039000000000000000e+03
2.350000000000000000e+03
3.740000000000000000e+03
2.686000000000000000e+03
3.764000000000000000e+03
2.924000000000000000e+03
2.295000000000000000e+03
2.947000000000000000e+03
2.330000000000000000e+03
2.236000000000000000e+03
2.187000000000000000e+03
1.649000000000000000e+03
2.143000000000000000e+03
1.756000000000000000e+03
2.273000000000000000e+03
1.377000000000000000e+03
2.103000000000000000e+03
1.976000000000000000e+03
1.884000000000000000e+03
2.233000000000000000e+03
1.542000000000000000e+03
2.354000000000000000e+03
1.931000000000000000e+03
1.703000000000000000e+03
2.082000000000000000e+03
1.756000000000000000e+03
1.930000000000000000e+03
1.696000000000000000e+03
1.778000000000000000e+03
1.626000000000000000e+03
1.312000000000000000e+03
1.508000000000000000e+03
1.580000000000000000e+03
1.475000000000000000e+03
1.384000000000000000e+03
1.326000000000000000e+03
1.223000000000000000e+03
1.504000000000000000e+03
1.236000000000000000e+03
1.392000000000000000e+03
1.039000000000000000e+03
9.950000000000000000e+02
1.351000000000000000e+03
9.270000000000000000e+02
8.960000000000000000e+02
1.326000000000000000e+03
1.020000000000000000e+03
8.520000000000000000e+02
1.162000000000000000e+03
8.280000000000000000e+02
8.570000000000000000e+02
9.140000000000000000e+02
6.680000000000000000e+02
1.334000000000000000e+03
6.290000000000000000e+02
7.660000000000000000e+02
7.570000000000000000e+02
8.730000000000000000e+02
6.090000000000000000e+02
5.380000000000000000e+02
1.070000000000000000e+03
3.940000000000000000e+02
7.450000000000000000e+02
6.300000000000000000e+02
6.290000000000000000e+02
5.590000000000000000e+02
5.270000000000000000e+02
4.640000000000000000e+02
6.030000000000000000e+02
6.800000000000000000e+02
3.340000000000000000e+02
5.970000000000000000e+02
3.270000000000000000e+02
4.320000000000000000e+02
6.630000000000000000e+02
1.820000000000000000e+02
5.380000000000000000e+02
3.280000000000000000e+02
3.720000000000000000e+02
4.690000000000000000e+02
4.350000000000000000e+02
4.130000000000000000e+02
2.740000000000000000e+02
3.460000000000000000e+02
3.650000000000000000e+02
3.020000000000000000e+02
3.380000000000000000e+02
3.220000000000000000e+02
2.560000000000000000e+02
3.020000000000000000e+02
3.200000000000000000e+02
2.650000000000000000e+02
3.860000000000000000e+02
2.370000000000000000e+02
2.490000000000000000e+02
2.400000000000000000e+02
1.980000000000000000e+02
2.930000000000000000e+02
2.420000000000000000e+02
2.150000000000000000e+02
2.200000000000000000e+02
1.240000000000000000e+02
2.040000000000000000e+02
2.560000000000000000e+02
2.120000000000000000e+02
1.820000000000000000e+02
1.460000000000000000e+02
1.460000000000000000e+02
1.240000000000000000e+02
2.010000000000000000e+02
1.770000000000000000e+02
1.620000000000000000e+02
1.090000000000000000e+02
1.740000000000000000e+02
9.200000000000000000e+01
1.380000000000000000e+02
1.960000000000000000e+02
1.680000000000000000e+02
1.350000000000000000e+02
1.000000000000000000e+02
1.870000000000000000e+02
9.300000000000000000e+01
1.230000000000000000e+02
2.570000000000000000e+02
1.470000000000000000e+02
5.800000000000000000e+01
1.200000000000000000e+01
5.700000000000000000e+01
6.200000000000000000e+01
1.540000000000000000e+02
2.870000000000000000e+02
6.110000000000000000e+02
3.900000000000000000e+01
2.200000000000000000e+01
0.000000000000000000e+00
0.000000000000000000e+00
0.000000000000000000e+00
0.000000000000000000e+00
2.453000000000000000e+03
3.900000000000000000e+01
4.700000000000000000e+01
8.700000000000000000e+01
2.500000000000000000e+01
4.700000000000000000e+01
4.700000000000000000e+01
2.500000000000000000e+01
3.200000000000000000e+01
1.700000000000000000e+01
2.300000000000000000e+01
2.100000000000000000e+01
2.100000000000000000e+01
2.400000000000000000e+01
3.000000000000000000e+01
3.600000000000000000e+01
3.900000000000000000e+01
3.700000000000000000e+01
4.400000000000000000e+01
4.700000000000000000e+01
4.900000000000000000e+01
5.800000000000000000e+01
5.900000000000000000e+01
8.700000000000000000e+01
8.400000000000000000e+01
1.490000000000000000e+02
2.280000000000000000e+02
2.940000000000000000e+02
4.000000000000000000e+02
4.350000000000000000e+02
5.840000000000000000e+02
5.690000000000000000e+02
6.530000000000000000e+02
7.590000000000000000e+02
1.036000000000000000e+03
1.398000000000000000e+03
1.757000000000000000e+03
2.023000000000000000e+03
2.475000000000000000e+03
2.334000000000000000e+03
2.569000000000000000e+03
1.602000000000000000e+03
1.428000000000000000e+03
1.178000000000000000e+03
9.550000000000000000e+02
7.960000000000000000e+02
8.890000000000000000e+02
8.600000000000000000e+02
9.890000000000000000e+02
1.206000000000000000e+03
1.512000000000000000e+03
1.712000000000000000e+03
1.686000000000000000e+03
1.536000000000000000e+03
1.402000000000000000e+03
1.337000000000000000e+03
1.356000000000000000e+03
1.353000000000000000e+03
1.360000000000000000e+03
1.547000000000000000e+03
1.876000000000000000e+03
2.428000000000000000e+03
3.370000000000000000e+03
4.091000000000000000e+03
4.776000000000000000e+03
4.110000000000000000e+03
3.188000000000000000e+03
2.430000000000000000e+03
1.804000000000000000e+03
1.582000000000000000e+03
1.462000000000000000e+03
1.566000000000000000e+03
1.586000000000000000e+03
1.984000000000000000e+03
3.339000000000000000e+03
4.929000000000000000e+03
5.592000000000000000e+03
4.538000000000000000e+03
3.310000000000000000e+03
2.559000000000000000e+03
1.994000000000000000e+03
1.694000000000000000e+03
1.671000000000000000e+03
2.040000000000000000e+03
2.688000000000000000e+03
4.312000000000000000e+03
5.773000000000000000e+03
6.099000000000000000e+03
4.365000000000000000e+03
2.922000000000000000e+03
2.280000000000000000e+03
1.924000000000000000e+03
1.868000000000000000e+03
1.833000000000000000e+03
2.071000000000000000e+03
2.414000000000000000e+03
2.893000000000000000e+03
3.617000000000000000e+03
4.391000000000000000e+03
4.078000000000000000e+03
3.593000000000000000e+03
2.551000000000000000e+03
2.086000000000000000e+03
1.670000000000000000e+03
1.370000000000000000e+03
1.359000000000000000e+03
1.460000000000000000e+03
1.696000000000000000e+03
2.155000000000000000e+03
2.422000000000000000e+03
2.234000000000000000e+03
1.828000000000000000e+03
1.523000000000000000e+03
1.283000000000000000e+03
1.229000000000000000e+03
1.252000000000000000e+03
1.329000000000000000e+03
1.477000000000000000e+03
1.616000000000000000e+03
1.795000000000000000e+03
1.677000000000000000e+03
1.649000000000000000e+03
1.450000000000000000e+03
1.249000000000000000e+03
1.111000000000000000e+03
1.108000000000000000e+03
1.208000000000000000e+03
1.377000000000000000e+03
1.409000000000000000e+03
1.403000000000000000e+03
1.297000000000000000e+03
1.106000000000000000e+03
9.370000000000000000e+02
9.380000000000000000e+02
8.710000000000000000e+02
8.210000000000000000e+02
8.380000000000000000e+02
9.430000000000000000e+02
1.298000000000000000e+03
1.488000000000000000e+03
1.383000000000000000e+03
1.276000000000000000e+03
1.088000000000000000e+03
9.460000000000000000e+02
8.760000000000000000e+02
8.150000000000000000e+02
9.050000000000000000e+02
9.630000000000000000e+02
1.076000000000000000e+03
1.037000000000000000e+03
9.170000000000000000e+02
7.010000000000000000e+02
6.510000000000000000e+02
6.280000000000000000e+02
6.210000000000000000e+02
5.800000000000000000e+02
5.940000000000000000e+02
6.730000000000000000e+02
7.550000000000000000e+02
7.710000000000000000e+02
5.620000000000000000e+02
4.580000000000000000e+02
3.690000000000000000e+02
3.210000000000000000e+02
2.870000000000000000e+02
2.600000000000000000e+02
2.610000000000000000e+02
2.700000000000000000e+02
2.420000000000000000e+02
2.300000000000000000e+02
2.190000000000000000e+02
2.270000000000000000e+02
2.200000000000000000e+02
2.130000000000000000e+02
1.930000000000000000e+02
1.870000000000000000e+02
1.920000000000000000e+02
1.820000000000000000e+02
1.660000000000000000e+02
1.760000000000000000e+02
1.660000000000000000e+02
1.560000000000000000e+02
1.600000000000000000e+02
1.520000000000000000e+02
1.350000000000000000e+02
1.460000000000000000e+02
1.340000000000000000e+02
1.080000000000000000e+02
1.040000000000000000e+02
9.900000000000000000e+01
7.000000000000000000e+01
7.700000000000000000e+01
7.700000000000000000e+01
8.200000000000000000e+01
7.600000000000000000e+01
6.100000000000000000e+01
6.700000000000000000e+01
6.200000000000000000e+01
7.100000000000000000e+01
6.600000000000000000e+01
5.200000000000000000e+01
6.100000000000000000e+01
4.100000000000000000e+01
5.300000000000000000e+01
5.400000000000000000e+01
4.300000000000000000e+01
5.100000000000000000e+01
4.700000000000000000e+01
4.700000000000000000e+01
3.800000000000000000e+01
3.800000000000000000e+01
3.800000000000000000e+01
2.900000000000000000e+01
3.300000000000000000e+01
4.000000000000000000e+01
4.000000000000000000e+01
2.800000000000000000e+01
2.100000000000000000e+01
3.300000000000000000e+01
1.800000000000000000e+01
2.700000000000000000e+01
2.900000000000000000e+01
3.400000000000000000e+01
2.800000000000000000e+01
2.500000000000000000e+01
4.500000000000000000e+01
2.800000000000000000e+01
3.400000000000000000e+01
3.300000000000000000e+01
2.500000000000000000e+01
2.500000000000000000e+01
3.100000000000000000e+01
1.300000000000000000e+01
1.300000000000000000e+01
1.100000000000000000e+01
1.600000000000000000e+01
8.000000000000000000e+00
1.400000000000000000e+01
1.600000000000000000e+01
8.000000000000000000e+00
1.000000000000000000e+01
6.000000000000000000e+00
7.000000000000000000e+00
1.200000000000000000e+01
1.200000000000000000e+01
1.300000000000000000e+01
1.200000000000000000e+01
6.000000000000000000e+00
6.000000000000000000e+00
8.000000000000000000e+00
1.000000000000000000e+01
3.000000000000000000e+00
1.100000000000000000e+01
1.700000000000000000e+01
1.900000000000000000e+01
3.000000000000000000e+01
7.850000000000000000e+02
