3.154400000000000000e+04
8.200000000000000000e+01
1.290000000000000000e+02
3.020000000000000000e+02
2.110000000000000000e+02
7.800000000000000000e+02
3.311000000000000000e+03
2.460000000000000000e+02
1.045000000000000000e+03
3.610000000000000000e+02
3.070000000000000000e+02
2.004000000000000000e+03
2.760000000000000000e+02
3.961000000000000000e+03
1.004000000000000000e+03
1.318000000000000000e+03
2.603000000000000000e+03
1.431000000000000000e+03
8.970000000000000000e+02
3.568000000000000000e+03
4.731000000000000000e+03
6.176000000000000000e+03
5.722000000000000000e+03
3.745000000000000000e+03
1.032500000000000000e+04
3.750000000000000000e+03
1.452500000000000000e+04
3.256000000000000000e+03
4.185000000000000000e+03
5.112000000000000000e+03
7.168000000000000000e+03
7.970000000000000000e+02
1.430000000000000000e+03
1.215000000000000000e+03
7.220000000000000000e+02
1.383000000000000000e+03
8.090000000000000000e+02
3.400000000000000000e+01
9.700000000000000000e+01
3.300000000000000000e+01
1.020000000000000000e+02
3.000000000000000000e+00
1.910000000000000000e+02
1.130000000000000000e+02
0.000000000000000000e+00
6.700000000000000000e+01
2.000000000000000000e+00
0.000000000000000000e+00
2.500000000000000000e+01
0.000000000000000000e+00
4.820000000000000000e+02
1.900000000000000000e+01
6.000000000000000000e+00
0.000000000000000000e+00
1.000000000000000000e+00
4.100000000000000000e+01
3.000000000000000000e+00
1.000000000000000000e+00
0.000000000000000000e+00
0.000000000000000000e+00
7.420000000000000000e+02
0.000000000000000000e+00
0.000000000000000000e+00
0.000000000000000000e+00
0.000000000000000000e+00
1.000000000000000000e+00
9.200000000000000000e+01
0.000000000000000000e+00
1.000000000000000000e+00
1.000000000000000000e+00
3.800000000000000000e+01
0.000000000000000000e+00
1.000000000000000000e+00
1.100000000000000000e+01
2.000000000000000000e+00
1.721000000000000000e+03
1.000000000000000000e+00
0.000000000000000000e+00
1.000000000000000000e+00
1.000000000000000000e+01
8.200000000000000000e+01
0.000000000000000000e+00
1.000000000000000000e+00
1.700000000000000000e+02
7.000000000000000000e+00
1.300000000000000000e+01
2.000000000000000000e+00
5.400000000000000000e+01
1.100000000000000000e+01
3.000000000000000000e+00
1.940000000000000000e+02
6.000000000000000000e+00
2.900000000000000000e+01
5.500000000000000000e+01
8.000000000000000000e+00
1.730000000000000000e+02
6.010000000000000000e+02
2.000000000000000000e+01
4.610000000000000000e+02
1.430000000000000000e+02
9.010000000000000000e+02
1.230300000000000000e+04
5.952200000000000000e+04
4.451900000000000000e+04
1.872700000000000000e+04
3.622600000000000000e+04
5.103000000000000000e+04
6.664100000000000000e+04
3.674800000000000000e+04
4.795400000000000000e+04
5.078000000000000000e+04
1.308900000000000000e+05
7.917700000000000000e+04
1.067710000000000000e+05
8.332800000000000000e+04
1.037780000000000000e+05
2.686130000000000000e+05
2.111000000000000000e+03
8.322000000000000000e+03
3.312000000000000000e+03
4.275410000000000000e+05
1.100000000000000000e+01
5.430700000000000000e+04
3.180000000000000000e+02
2.694000000000000000e+04
9.608400000000000000e+04
4.648000000000000000e+04
1.140000000000000000e+02
3.258000000000000000e+03
7.940000000000000000e+02
4.786000000000000000e+03
2.000000000000000000e+01
1.331700000000000000e+04
8.989000000000000000e+03
1.900000000000000000e+01
6.080000000000000000e+02
1.150000000000000000e+02
2.100000000000000000e+01
1.392000000000000000e+03
3.300000000000000000e+01
7.138000000000000000e+03
2.660000000000000000e+03
3.230000000000000000e+02
4.400000000000000000e+01
1.200000000000000000e+02
2.721000000000000000e+03
8.920000000000000000e+02
1.300000000000000000e+02
6.100000000000000000e+01
1.500000000000000000e+01
8.600000000000000000e+02
9.000000000000000000e+00
5.600000000000000000e+01
2.680000000000000000e+02
3.800000000000000000e+01
1.110000000000000000e+02
3.874000000000000000e+03
9.700000000000000000e+01
1.930000000000000000e+02
2.060000000000000000e+02
1.201000000000000000e+03
1.020000000000000000e+02
8.100000000000000000e+01
4.960000000000000000e+02
3.110000000000000000e+02
4.920000000000000000e+03
2.700000000000000000e+02
3.730000000000000000e+02
2.630000000000000000e+02
4.080000000000000000e+02
3.462000000000000000e+03
1.045000000000000000e+03
8.740000000000000000e+02
4.682000000000000000e+03
6.510000000000000000e+02
3.670000000000000000e+02
1.530000000000000000e+02
8.280000000000000000e+02
1.280000000000000000e+02
6.300000000000000000e+01
2.937900000000000000e+04
8.000000000000000000e+00
2.590000000000000000e+02
7.314000000000000000e+03
3.982000000000000000e+03
1.188000000000000000e+03
2.078000000000000000e+03
1.930200000000000000e+04
1.476500000000000000e+04
1.100300000000000000e+04
6.599000000000000000e+03
9.838000000000000000e+03
7.032000000000000000e+03
5.803000000000000000e+03
8.044000000000000000e+03
7.341000000000000000e+03
9.509000000000000000e+03
1.328600000000000000e+04
1.396000000000000000e+04
1.164100000000000000e+04
1.326000000000000000e+04
1.873300000000000000e+04
1.471000000000000000e+04
1.765600000000000000e+04
1.786600000000000000e+04
1.926400000000000000e+04
2.474800000000000000e+04
2.342100000000000000e+04
2.468500000000000000e+04
2.636800000000000000e+04
2.663200000000000000e+04
2.647400000000000000e+04
2.373000000000000000e+04
2.306700000000000000e+04
2.592100000000000000e+04
2.396000000000000000e+04
2.743900000000000000e+04
1.805700000000000000e+04
2.733100000000000000e+04
2.527300000000000000e+04
2.430100000000000000e+04
2.108100000000000000e+04
2.113900000000000000e+04
2.755700000000000000e+04
2.226800000000000000e+04
1.947600000000000000e+04
2.685600000000000000e+04
1.755400000000000000e+04
1.933900000000000000e+04
2.112000000000000000e+04
1.702500000000000000e+04
1.733900000000000000e+04
1.586000000000000000e+04
1.733800000000000000e+04
1.586600000000000000e+04
1.795400000000000000e+04
1.149600000000000000e+04
1.708700000000000000e+04
1.620500000000000000e+04
1.453400000000000000e+04
1.323500000000000000e+04
1.702400000000000000e+04
1.563300000000000000e+04
7.726000000000000000e+03
1.938300000000000000e+04
1.630500000000000000e+04
9.352000000000000000e+03
1.775400000000000000e+04
1.368200000000000000e+04
9.897000000000000000e+03
1.729600000000000000e+04
1.711100000000000000e+04
1.057200000000000000e+04
1.557500000000000000e+04
1.253400000000000000e+04
1.571700000000000000e+04
1.021100000000000000e+04
1.748300000000000000e+04
1.540300000000000000e+04
1.030500000000000000e+04
1.224500000000000000e+04
1.571200000000000000e+04
1.120000000000000000e+04
1.701200000000000000e+04
6.262000000000000000e+03
2.433100000000000000e+04
6.071000000000000000e+03
1.689700000000000000e+04
1.148800000000000000e+04
1.315800000000000000e+04
1.435200000000000000e+04
1.612100000000000000e+04
1.289000000000000000e+04
1.203500000000000000e+04
1.494400000000000000e+04
7.593000000000000000e+03
1.662800000000000000e+04
8.334000000000000000e+03
1.675300000000000000e+04
1.291000000000000000e+04
1.386100000000000000e+04
1.251100000000000000e+04
1.387100000000000000e+04
1.022900000000000000e+04
9.719000000000000000e+03
6.804000000000000000e+03
1.454100000000000000e+04
4.253000000000000000e+03
7.806000000000000000e+03
9.061000000000000000e+03
4.889000000000000000e+03
7.339000000000000000e+03
5.884000000000000000e+03
7.838000000000000000e+03
5.333000000000000000e+03
3.281000000000000000e+03
7.259000000000000000e+03
4.954000000000000000e+03
3.960000000000000000e+03
5.367000000000000000e+03
5.345000000000000000e+03
3.778000000000000000e+03
4.770000000000000000e+03
3.820000000000000000e+03
3.686000000000000000e+03
4.357000000000000000e+03
1.345000000000000000e+03
4.430000000000000000e+03
1.460400000000000000e+04
1.361000000000000000e+03
4.084000000000000000e+03
3.266000000000000000e+03
3.033000000000000000e+03
2.561000000000000000e+03
4.450000000000000000e+03
2.802000000000000000e+03
2.399000000000000000e+03
3.774000000000000000e+03
2.235000000000000000e+03
3.552000000000000000e+03
3.537000000000000000e+03
1.758000000000000000e+03
4.746000000000000000e+03
2.236000000000000000e+03
2.513000000000000000e+03
2.150000000000000000e+03
2.904000000000000000e+03
1.923000000000000000e+03
2.328000000000000000e+03
1.888000000000000000e+03
1.738000000000000000e+03
1.398000000000000000e+03
1.700000000000000000e+03
3.795000000000000000e+03
9.130000000000000000e+02
1.455000000000000000e+03
1.454000000000000000e+03
1.585000000000000000e+03
1.088000000000000000e+03
4.482000000000000000e+03
1.046000000000000000e+03
1.287000000000000000e+03
1.088000000000000000e+03
8.520000000000000000e+02
8.870000000000000000e+02
1.266000000000000000e+03
9.890000000000000000e+02
8.420000000000000000e+02
8.340000000000000000e+02
5.140000000000000000e+02
1.928100000000000000e+04
5.210000000000000000e+02
7.340000000000000000e+02
8.080000000000000000e+02
9.780000000000000000e+02
8.640000000000000000e+02
6.400000000000000000e+02
8.140000000000000000e+02
5.700000000000000000e+02
9.130000000000000000e+02
7.980000000000000000e+02
7.130000000000000000e+02
6.245000000000000000e+03
6.950000000000000000e+02
7.550000000000000000e+02
1.518000000000000000e+03
6.850000000000000000e+02
8.770000000000000000e+02
8.000000000000000000e+02
6.780000000000000000e+02
6.200000000000000000e+02
4.006000000000000000e+03
6.820000000000000000e+02
7.130000000000000000e+02
7.510000000000000000e+02
7.350000000000000000e+02
1.105000000000000000e+03
7.160000000000000000e+02
1.046000000000000000e+03
6.680000000000000000e+02
9.870000000000000000e+02
9.300000000000000000e+02
7.670000000000000000e+02
8.310000000000000000e+02
2.053000000000000000e+03
8.660000000000000000e+02
8.960000000000000000e+02
8.560000000000000000e+02
8.310000000000000000e+02
1.036000000000000000e+03
1.051000000000000000e+03
1.049000000000000000e+03
8.240000000000000000e+02
7.200000000000000000e+03
9.630000000000000000e+02
9.820000000000000000e+02
1.149000000000000000e+03
9.310000000000000000e+02
8.620000000000000000e+02
3.097000000000000000e+03
9.290000000000000000e+02
1.014000000000000000e+03
1.008000000000000000e+03
1.309000000000000000e+03
9.910000000000000000e+02
1.051000000000000000e+03
1.061000000000000000e+03
1.672000000000000000e+03
1.224000000000000000e+03
1.140000000000000000e+03
1.330000000000000000e+03
1.321000000000000000e+03
1.440000000000000000e+03
1.258000000000000000e+03
1.441000000000000000e+03
1.441000000000000000e+03
1.485000000000000000e+03
1.596000000000000000e+03
1.490000000000000000e+03
1.660000000000000000e+03
1.521000000000000000e+03
1.548000000000000000e+03
1.572000000000000000e+03
1.699000000000000000e+03
1.471000000000000000e+03
1.786000000000000000e+03
1.956000000000000000e+03
1.679000000000000000e+03
1.888000000000000000e+03
2.171000000000000000e+03
2.315000000000000000e+03
4.358000000000000000e+03
7.224000000000000000e+03
2.321000000000000000e+03
1.347900000000000000e+04
6.659800000000000000e+04
1.783000000000000000e+04
5.761000000000000000e+03
1.736500000000000000e+04
1.615400000000000000e+04
1.084400000000000000e+04
1.163300000000000000e+04
9.328000000000000000e+03
9.081000000000000000e+03
6.778000000000000000e+03
5.839000000000000000e+03
5.089000000000000000e+03
4.582000000000000000e+03
4.304000000000000000e+03
4.127000000000000000e+03
3.906000000000000000e+03
4.214000000000000000e+03
4.496000000000000000e+03
4.740000000000000000e+03
5.690000000000000000e+03
4.836000000000000000e+03
5.001000000000000000e+03
5.113000000000000000e+03
5.827000000000000000e+03
6.544000000000000000e+03
5.940000000000000000e+03
5.849000000000000000e+03
6.051000000000000000e+03
6.616000000000000000e+03
7.118000000000000000e+03
7.838000000000000000e+03
8.993000000000000000e+03
9.995000000000000000e+03
1.167000000000000000e+04
1.260800000000000000e+04
1.360400000000000000e+04
1.464300000000000000e+04
1.602700000000000000e+04
1.756300000000000000e+04
1.859800000000000000e+04
1.950700000000000000e+04
2.077100000000000000e+04
2.218300000000000000e+04
2.289700000000000000e+04
2.411900000000000000e+04
2.523900000000000000e+04
2.629600000000000000e+04
2.652100000000000000e+04
2.727100000000000000e+04
2.756700000000000000e+04
2.827400000000000000e+04
2.957800000000000000e+04
3.030800000000000000e+04
3.097400000000000000e+04
3.164800000000000000e+04
3.145400000000000000e+04
3.058800000000000000e+04
2.744700000000000000e+04
2.461200000000000000e+04
2.169900000000000000e+04
1.949700000000000000e+04
1.779600000000000000e+04
1.632600000000000000e+04
1.540700000000000000e+04
1.478600000000000000e+04
1.547200000000000000e+04
1.627600000000000000e+04
1.623100000000000000e+04
1.609500000000000000e+04
1.566900000000000000e+04
1.484400000000000000e+04
1.458700000000000000e+04
1.305800000000000000e+04
1.215100000000000000e+04
1.172400000000000000e+04
1.136200000000000000e+04
1.119600000000000000e+04
1.171500000000000000e+04
1.107200000000000000e+04
1.186400000000000000e+04
1.084300000000000000e+04
1.123000000000000000e+04
1.075500000000000000e+04
1.050800000000000000e+04
1.032500000000000000e+04
1.100100000000000000e+04
1.150100000000000000e+04
1.274900000000000000e+04
1.262000000000000000e+04
1.432900000000000000e+04
1.446200000000000000e+04
1.268900000000000000e+04
1.009500000000000000e+04
7.716000000000000000e+03
6.164000000000000000e+03
5.148000000000000000e+03
4.706000000000000000e+03
4.955000000000000000e+03
4.707000000000000000e+03
4.849000000000000000e+03
4.735000000000000000e+03
4.642000000000000000e+03
4.639000000000000000e+03
4.325000000000000000e+03
4.002000000000000000e+03
3.720000000000000000e+03
3.676000000000000000e+03
3.445000000000000000e+03
3.427000000000000000e+03
3.232000000000000000e+03
3.204000000000000000e+03
3.033000000000000000e+03
3.108000000000000000e+03
3.044000000000000000e+03
3.093000000000000000e+03
3.170000000000000000e+03
3.264000000000000000e+03
3.726000000000000000e+03
4.288000000000000000e+03
4.311000000000000000e+03
4.399000000000000000e+03
4.279000000000000000e+03
4.013000000000000000e+03
3.864000000000000000e+03
3.888000000000000000e+03
4.083000000000000000e+03
4.409000000000000000e+03
4.327000000000000000e+03
4.787000000000000000e+03
4.884000000000000000e+03
5.271000000000000000e+03
5.971000000000000000e+03
5.959000000000000000e+03
5.752000000000000000e+03
6.300000000000000000e+03
6.385000000000000000e+03
6.857000000000000000e+03
6.739000000000000000e+03
6.829000000000000000e+03
6.929000000000000000e+03
6.673000000000000000e+03
6.237000000000000000e+03
6.586000000000000000e+03
6.796000000000000000e+03
8.053000000000000000e+03
8.280000000000000000e+03
9.031000000000000000e+03
9.082000000000000000e+03
9.626000000000000000e+03
8.892000000000000000e+03
8.645000000000000000e+03
8.573000000000000000e+03
7.708000000000000000e+03
7.536000000000000000e+03
7.522000000000000000e+03
7.534000000000000000e+03
8.429000000000000000e+03
7.789000000000000000e+03
8.048000000000000000e+03
8.563000000000000000e+03
8.371000000000000000e+03
8.962000000000000000e+03
8.940000000000000000e+03
8.813000000000000000e+03
8.882000000000000000e+03
8.219000000000000000e+03
8.159000000000000000e+03
8.139000000000000000e+03
8.065000000000000000e+03
7.984000000000000000e+03
8.098000000000000000e+03
7.933000000000000000e+03
7.921000000000000000e+03
7.609000000000000000e+03
7.512000000000000000e+03
7.387000000000000000e+03
7.533000000000000000e+03
7.696000000000000000e+03
7.989000000000000000e+03
8.214000000000000000e+03
8.507000000000000000e+03
8.148000000000000000e+03
7.553000000000000000e+03
7.219000000000000000e+03
6.792000000000000000e+03
6.137000000000000000e+03
5.972000000000000000e+03
5.631000000000000000e+03
5.439000000000000000e+03
5.197000000000000000e+03
5.211000000000000000e+03
4.368000000000000000e+03
3.875000000000000000e+03
3.563000000000000000e+03
3.226000000000000000e+03
3.061000000000000000e+03
3.068000000000000000e+03
4.104000000000000000e+03
4.675000000000000000e+03
5.930000000000000000e+03
7.564000000000000000e+03
6.889000000000000000e+03
6.586000000000000000e+03
6.209000000000000000e+03
4.028000000000000000e+03
3.766000000000000000e+03
3.944000000000000000e+03
2.966000000000000000e+03
2.749000000000000000e+03
2.400000000000000000e+03
2.165000000000000000e+03
2.372000000000000000e+03
2.290000000000000000e+03
2.468000000000000000e+03
2.564000000000000000e+03
2.792000000000000000e+03
3.111000000000000000e+03
3.233000000000000000e+03
3.298000000000000000e+03
3.577000000000000000e+03
3.721000000000000000e+03
3.981000000000000000e+03
4.342000000000000000e+03
4.578000000000000000e+03
4.154000000000000000e+03
3.594000000000000000e+03
2.764000000000000000e+03
2.040000000000000000e+03
1.549000000000000000e+03
1.358000000000000000e+03
9.010000000000000000e+02
7.240000000000000000e+02
6.010000000000000000e+02
5.190000000000000000e+02
5.000000000000000000e+02
3.740000000000000000e+02
3.550000000000000000e+02
3.180000000000000000e+02
2.690000000000000000e+02
3.050000000000000000e+02
2.400000000000000000e+02
2.240000000000000000e+02
1.880000000000000000e+02
1.330000000000000000e+02
1.410000000000000000e+02
1.160000000000000000e+02
1.150000000000000000e+02
9.300000000000000000e+01
7.700000000000000000e+01
7.900000000000000000e+01
8.100000000000000000e+01
7.900000000000000000e+01
6.600000000000000000e+01
6.700000000000000000e+01
5.800000000000000000e+01
4.900000000000000000e+01
5.340000000000000000e+02
