4.313700000000000000e+04
2.331800000000000000e+04
3.320400000000000000e+04
3.568500000000000000e+04
2.936000000000000000e+04
2.147400000000000000e+04
2.041800000000000000e+04
9.840000000000000000e+03
1.218100000000000000e+04
7.440000000000000000e+03
6.567000000000000000e+03
1.191500000000000000e+04
5.986000000000000000e+03
1.799700000000000000e+04
7.131000000000000000e+03
8.616000000000000000e+03
1.333300000000000000e+04
5.906000000000000000e+03
5.288000000000000000e+03
2.541600000000000000e+04
3.717700000000000000e+04
4.692600000000000000e+04
4.407800000000000000e+04
8.762300000000000000e+04
7.927300000000000000e+04
6.677200000000000000e+04
6.865800000000000000e+04
6.300000000000000000e+01
6.260000000000000000e+02
3.380000000000000000e+02
5.195300000000000000e+04
0.000000000000000000e+00
2.586000000000000000e+03
1.270000000000000000e+02
3.082000000000000000e+03
6.339000000000000000e+03
4.768000000000000000e+03
1.260000000000000000e+02
1.061000000000000000e+03
4.970000000000000000e+02
9.520000000000000000e+02
4.100000000000000000e+01
1.111000000000000000e+03
1.534000000000000000e+03
1.510000000000000000e+02
8.670000000000000000e+02
9.040000000000000000e+02
6.200000000000000000e+01
3.182000000000000000e+03
1.490000000000000000e+02
1.371000000000000000e+03
4.290000000000000000e+02
3.170000000000000000e+02
2.660000000000000000e+02
1.050000000000000000e+03
2.100000000000000000e+02
6.710000000000000000e+02
1.350000000000000000e+02
5.300000000000000000e+01
0.000000000000000000e+00
1.930000000000000000e+02
0.000000000000000000e+00
6.200000000000000000e+01
5.200000000000000000e+01
0.000000000000000000e+00
2.800000000000000000e+01
3.200000000000000000e+02
2.700000000000000000e+01
2.600000000000000000e+01
1.900000000000000000e+01
6.500000000000000000e+01
4.000000000000000000e+00
3.000000000000000000e+00
2.600000000000000000e+01
2.100000000000000000e+01
1.225000000000000000e+03
6.000000000000000000e+00
3.000000000000000000e+00
0.000000000000000000e+00
1.000000000000000000e+01
1.220000000000000000e+02
1.000000000000000000e+00
3.000000000000000000e+00
2.520000000000000000e+02
1.300000000000000000e+01
1.200000000000000000e+01
1.000000000000000000e+00
5.100000000000000000e+01
1.000000000000000000e+01
6.000000000000000000e+00
3.620000000000000000e+02
1.500000000000000000e+01
3.700000000000000000e+01
3.700000000000000000e+01
1.000000000000000000e+01
6.100000000000000000e+01
3.400000000000000000e+02
1.700000000000000000e+01
1.120000000000000000e+02
5.700000000000000000e+01
8.300000000000000000e+01
2.670000000000000000e+02
1.100000000000000000e+02
8.270000000000000000e+02
4.640000000000000000e+02
1.295000000000000000e+03
1.395000000000000000e+03
2.980000000000000000e+02
5.000000000000000000e+01
2.830000000000000000e+02
7.380000000000000000e+02
1.110000000000000000e+02
2.400000000000000000e+01
4.400000000000000000e+01
4.800000000000000000e+02
2.430000000000000000e+02
1.330000000000000000e+02
7.500000000000000000e+01
4.600000000000000000e+01
2.400000000000000000e+01
1.253000000000000000e+03
9.000000000000000000e+00
1.900000000000000000e+01
8.000000000000000000e+00
2.300000000000000000e+01
7.400000000000000000e+01
3.250000000000000000e+02
7.000000000000000000e+00
1.200000000000000000e+01
3.000000000000000000e+00
1.300000000000000000e+01
4.000000000000000000e+00
2.060000000000000000e+02
5.500000000000000000e+01
4.000000000000000000e+00
1.300000000000000000e+01
5.000000000000000000e+00
4.000000000000000000e+00
4.000000000000000000e+00
2.000000000000000000e+00
1.209000000000000000e+03
2.200000000000000000e+01
1.000000000000000000e+00
4.000000000000000000e+00
0.000000000000000000e+00
1.060000000000000000e+02
1.200000000000000000e+01
2.000000000000000000e+00
1.000000000000000000e+00
4.000000000000000000e+00
7.600000000000000000e+01
1.000000000000000000e+00
3.000000000000000000e+00
4.000000000000000000e+00
1.000000000000000000e+00
1.000000000000000000e+00
4.900000000000000000e+02
3.000000000000000000e+00
7.000000000000000000e+00
4.000000000000000000e+00
2.230000000000000000e+02
7.000000000000000000e+00
6.000000000000000000e+00
7.500000000000000000e+01
4.000000000000000000e+01
7.191000000000000000e+03
1.800000000000000000e+01
2.400000000000000000e+01
1.900000000000000000e+01
9.800000000000000000e+01
7.910000000000000000e+02
4.400000000000000000e+01
6.500000000000000000e+01
1.833000000000000000e+03
1.500000000000000000e+02
2.420000000000000000e+02
3.770000000000000000e+02
2.144000000000000000e+03
8.036000000000000000e+03
2.588400000000000000e+04
1.209100000000000000e+04
1.650000000000000000e+02
1.353000000000000000e+03
1.843000000000000000e+03
5.420000000000000000e+02
2.805000000000000000e+03
6.722700000000000000e+04
2.574000000000000000e+04
7.622000000000000000e+03
1.480800000000000000e+04
2.675600000000000000e+04
1.838400000000000000e+04
1.551300000000000000e+04
1.454200000000000000e+04
8.912000000000000000e+03
1.155300000000000000e+04
3.929400000000000000e+04
1.929900000000000000e+04
1.112100000000000000e+04
1.796100000000000000e+04
2.027400000000000000e+04
3.185000000000000000e+04
1.007500000000000000e+04
2.076600000000000000e+04
1.329100000000000000e+04
1.163600000000000000e+04
3.550000000000000000e+04
1.864000000000000000e+04
1.342300000000000000e+04
1.189500000000000000e+04
1.839000000000000000e+04
1.472200000000000000e+04
6.439000000000000000e+03
5.188000000000000000e+03
9.728000000000000000e+03
4.687000000000000000e+03
4.558000000000000000e+03
3.141000000000000000e+03
4.138000000000000000e+03
3.757000000000000000e+03
3.487000000000000000e+03
3.192000000000000000e+03
2.705000000000000000e+03
3.040000000000000000e+03
2.971000000000000000e+03
2.557000000000000000e+03
2.929000000000000000e+03
2.586000000000000000e+03
2.431000000000000000e+03
2.421000000000000000e+03
1.861000000000000000e+03
2.076000000000000000e+03
1.747000000000000000e+03
2.112000000000000000e+03
1.872000000000000000e+03
1.894000000000000000e+03
1.536000000000000000e+03
1.754000000000000000e+03
1.756000000000000000e+03
1.462000000000000000e+03
1.524000000000000000e+03
1.539000000000000000e+03
1.357000000000000000e+03
1.221000000000000000e+03
1.613000000000000000e+03
1.255000000000000000e+03
1.231000000000000000e+03
1.169000000000000000e+03
1.154000000000000000e+03
9.570000000000000000e+02
1.184000000000000000e+03
1.083000000000000000e+03
9.920000000000000000e+02
1.025000000000000000e+03
9.550000000000000000e+02
9.630000000000000000e+02
8.620000000000000000e+02
1.022000000000000000e+03
1.003000000000000000e+03
8.500000000000000000e+02
8.720000000000000000e+02
8.980000000000000000e+02
8.590000000000000000e+02
8.840000000000000000e+02
6.480000000000000000e+02
1.177000000000000000e+03
6.280000000000000000e+02
7.850000000000000000e+02
8.360000000000000000e+02
7.720000000000000000e+02
7.880000000000000000e+02
7.530000000000000000e+02
7.310000000000000000e+02
7.810000000000000000e+02
7.810000000000000000e+02
7.620000000000000000e+02
7.860000000000000000e+02
7.330000000000000000e+02
7.630000000000000000e+02
6.560000000000000000e+02
7.910000000000000000e+02
7.140000000000000000e+02
7.240000000000000000e+02
6.680000000000000000e+02
8.110000000000000000e+02
8.290000000000000000e+02
8.690000000000000000e+02
8.440000000000000000e+02
8.540000000000000000e+02
9.350000000000000000e+02
8.040000000000000000e+02
9.560000000000000000e+02
8.840000000000000000e+02
8.730000000000000000e+02
8.510000000000000000e+02
9.240000000000000000e+02
9.020000000000000000e+02
8.290000000000000000e+02
9.450000000000000000e+02
8.030000000000000000e+02
9.100000000000000000e+02
9.340000000000000000e+02
8.470000000000000000e+02
9.120000000000000000e+02
1.004000000000000000e+03
8.640000000000000000e+02
9.470000000000000000e+02
9.250000000000000000e+02
1.217000000000000000e+03
1.105000000000000000e+03
8.810000000000000000e+02
1.122000000000000000e+03
1.112000000000000000e+03
1.205000000000000000e+03
1.130000000000000000e+03
1.205000000000000000e+03
1.141000000000000000e+03
1.175000000000000000e+03
1.341000000000000000e+03
1.246000000000000000e+03
1.295000000000000000e+03
1.273000000000000000e+03
1.326000000000000000e+03
1.432000000000000000e+03
1.424000000000000000e+03
1.535000000000000000e+03
1.567000000000000000e+03
1.558000000000000000e+03
1.744000000000000000e+03
1.857000000000000000e+03
1.888000000000000000e+03
2.126000000000000000e+03
2.613000000000000000e+03
2.351000000000000000e+03
2.420000000000000000e+03
2.662000000000000000e+03
2.605000000000000000e+03
2.479000000000000000e+03
2.577000000000000000e+03
2.633000000000000000e+03
2.593000000000000000e+03
2.527000000000000000e+03
2.455000000000000000e+03
2.633000000000000000e+03
2.517000000000000000e+03
2.283000000000000000e+03
2.182000000000000000e+03
2.198000000000000000e+03
2.388000000000000000e+03
2.442000000000000000e+03
1.861000000000000000e+03
2.511000000000000000e+03
2.452000000000000000e+03
2.421000000000000000e+03
2.685000000000000000e+03
2.578000000000000000e+03
2.784000000000000000e+03
2.670000000000000000e+03
2.660000000000000000e+03
2.840000000000000000e+03
2.725000000000000000e+03
2.608000000000000000e+03
2.423000000000000000e+03
2.695000000000000000e+03
2.761000000000000000e+03
2.475000000000000000e+03
2.028000000000000000e+03
2.013000000000000000e+03
2.014000000000000000e+03
1.818000000000000000e+03
1.785000000000000000e+03
1.771000000000000000e+03
1.917000000000000000e+03
1.659000000000000000e+03
1.938000000000000000e+03
1.964000000000000000e+03
2.028000000000000000e+03
2.054000000000000000e+03
1.961000000000000000e+03
1.985000000000000000e+03
2.061000000000000000e+03
1.781000000000000000e+03
1.596000000000000000e+03
1.847000000000000000e+03
1.437000000000000000e+03
1.247000000000000000e+03
1.560000000000000000e+03
1.292000000000000000e+03
1.352000000000000000e+03
1.388000000000000000e+03
1.569000000000000000e+03
2.340000000000000000e+03
2.923000000000000000e+03
1.485000000000000000e+03
2.102000000000000000e+03
1.823000000000000000e+03
1.455000000000000000e+03
2.241000000000000000e+03
1.603000000000000000e+03
2.699000000000000000e+03
1.632000000000000000e+03
2.486000000000000000e+03
2.925000000000000000e+03
2.666000000000000000e+03
1.535000000000000000e+03
1.919000000000000000e+03
2.031000000000000000e+03
1.452000000000000000e+03
2.015000000000000000e+03
1.614000000000000000e+03
1.583000000000000000e+03
1.605000000000000000e+03
1.506000000000000000e+03
1.562000000000000000e+03
1.350000000000000000e+03
1.357000000000000000e+03
1.172000000000000000e+03
1.105000000000000000e+03
9.020000000000000000e+02
8.000000000000000000e+02
6.250000000000000000e+02
6.860000000000000000e+02
5.290000000000000000e+02
5.580000000000000000e+02
5.840000000000000000e+02
4.810000000000000000e+02
5.590000000000000000e+02
5.570000000000000000e+02
5.980000000000000000e+02
5.630000000000000000e+02
7.170000000000000000e+02
9.230000000000000000e+02
8.960000000000000000e+02
7.620000000000000000e+02
8.350000000000000000e+02
8.139000000000000000e+03
4.800000000000000000e+01
1.960000000000000000e+02
7.200000000000000000e+01
2.140000000000000000e+02
2.460000000000000000e+02
1.220000000000000000e+02
1.840000000000000000e+02
1.770000000000000000e+02
1.790000000000000000e+02
1.060000000000000000e+02
1.210000000000000000e+02
1.290000000000000000e+02
1.260000000000000000e+02
1.160000000000000000e+02
1.560000000000000000e+02
1.590000000000000000e+02
1.790000000000000000e+02
2.510000000000000000e+02
2.950000000000000000e+02
3.580000000000000000e+02
4.630000000000000000e+02
6.950000000000000000e+02
8.360000000000000000e+02
1.139000000000000000e+03
1.629000000000000000e+03
1.904000000000000000e+03
2.788000000000000000e+03
2.634000000000000000e+03
2.236000000000000000e+03
2.942000000000000000e+03
2.663000000000000000e+03
2.464000000000000000e+03
3.010000000000000000e+03
3.620000000000000000e+03
3.272000000000000000e+03
3.197000000000000000e+03
2.598000000000000000e+03
2.512000000000000000e+03
2.438000000000000000e+03
2.336000000000000000e+03
2.525000000000000000e+03
2.425000000000000000e+03
2.384000000000000000e+03
2.204000000000000000e+03
2.185000000000000000e+03
2.061000000000000000e+03
2.028000000000000000e+03
1.920000000000000000e+03
1.939000000000000000e+03
1.892000000000000000e+03
1.968000000000000000e+03
1.948000000000000000e+03
1.779000000000000000e+03
1.722000000000000000e+03
1.732000000000000000e+03
1.777000000000000000e+03
1.903000000000000000e+03
1.928000000000000000e+03
1.860000000000000000e+03
1.865000000000000000e+03
1.925000000000000000e+03
2.042000000000000000e+03
2.159000000000000000e+03
3.125000000000000000e+03
2.971000000000000000e+03
2.150000000000000000e+03
1.995000000000000000e+03
1.814000000000000000e+03
1.767000000000000000e+03
1.652000000000000000e+03
1.638000000000000000e+03
1.505000000000000000e+03
1.559000000000000000e+03
1.546000000000000000e+03
1.585000000000000000e+03
1.682000000000000000e+03
1.816000000000000000e+03
1.855000000000000000e+03
1.931000000000000000e+03
2.039000000000000000e+03
2.016000000000000000e+03
1.935000000000000000e+03
1.990000000000000000e+03
1.995000000000000000e+03
1.893000000000000000e+03
1.801000000000000000e+03
1.812000000000000000e+03
1.793000000000000000e+03
1.825000000000000000e+03
1.870000000000000000e+03
1.982000000000000000e+03
1.861000000000000000e+03
1.913000000000000000e+03
2.166000000000000000e+03
2.230000000000000000e+03
2.170000000000000000e+03
2.169000000000000000e+03
2.252000000000000000e+03
2.451000000000000000e+03
2.442000000000000000e+03
2.390000000000000000e+03
2.449000000000000000e+03
2.458000000000000000e+03
2.690000000000000000e+03
2.737000000000000000e+03
3.176000000000000000e+03
3.767000000000000000e+03
4.806000000000000000e+03
4.366000000000000000e+03
5.510000000000000000e+03
3.170000000000000000e+03
3.076000000000000000e+03
2.900000000000000000e+03
2.909000000000000000e+03
2.829000000000000000e+03
2.502000000000000000e+03
2.631000000000000000e+03
2.817000000000000000e+03
2.711000000000000000e+03
3.074000000000000000e+03
3.026000000000000000e+03
2.884000000000000000e+03
3.103000000000000000e+03
3.300000000000000000e+03
2.698000000000000000e+03
2.700000000000000000e+03
2.715000000000000000e+03
2.575000000000000000e+03
2.627000000000000000e+03
2.640000000000000000e+03
2.466000000000000000e+03
2.697000000000000000e+03
2.567000000000000000e+03
2.617000000000000000e+03
2.691000000000000000e+03
2.756000000000000000e+03
3.051000000000000000e+03
3.217000000000000000e+03
3.001000000000000000e+03
3.163000000000000000e+03
3.880000000000000000e+03
3.729000000000000000e+03
4.986000000000000000e+03
5.728000000000000000e+03
1.083800000000000000e+04
1.612300000000000000e+04
1.177100000000000000e+04
1.454700000000000000e+04
1.080300000000000000e+04
1.081200000000000000e+04
9.500000000000000000e+03
8.780000000000000000e+03
6.785000000000000000e+03
6.446000000000000000e+03
5.386000000000000000e+03
5.214000000000000000e+03
4.931000000000000000e+03
4.662000000000000000e+03
4.512000000000000000e+03
4.314000000000000000e+03
4.031000000000000000e+03
4.331000000000000000e+03
4.477000000000000000e+03
4.830000000000000000e+03
4.257000000000000000e+03
4.072000000000000000e+03
4.020000000000000000e+03
3.908000000000000000e+03
4.241000000000000000e+03
4.170000000000000000e+03
4.422000000000000000e+03
4.792000000000000000e+03
4.597000000000000000e+03
4.697000000000000000e+03
4.970000000000000000e+03
5.291000000000000000e+03
5.455000000000000000e+03
5.005000000000000000e+03
5.250000000000000000e+03
5.718000000000000000e+03
5.860000000000000000e+03
6.746000000000000000e+03
6.999000000000000000e+03
1.042500000000000000e+04
8.915000000000000000e+03
8.734000000000000000e+03
9.460000000000000000e+03
7.781000000000000000e+03
8.121000000000000000e+03
9.465000000000000000e+03
1.304900000000000000e+04
1.574200000000000000e+04
1.025500000000000000e+04
7.920000000000000000e+03
6.968000000000000000e+03
7.300000000000000000e+03
6.452000000000000000e+03
7.624000000000000000e+03
7.336000000000000000e+03
6.253000000000000000e+03
6.663000000000000000e+03
6.127000000000000000e+03
6.973000000000000000e+03
7.366000000000000000e+03
5.374000000000000000e+03
4.633000000000000000e+03
4.460000000000000000e+03
5.568000000000000000e+03
6.778000000000000000e+03
5.857000000000000000e+03
6.615000000000000000e+03
6.220000000000000000e+03
6.985000000000000000e+03
9.636000000000000000e+03
6.467000000000000000e+03
8.072000000000000000e+03
7.574000000000000000e+03
8.986000000000000000e+03
7.465000000000000000e+03
5.508000000000000000e+03
7.819000000000000000e+03
6.717000000000000000e+03
7.830000000000000000e+03
6.495000000000000000e+03
4.394000000000000000e+03
4.362000000000000000e+03
4.342000000000000000e+03
4.745000000000000000e+03
4.261000000000000000e+03
3.110000000000000000e+03
3.186000000000000000e+03
2.298000000000000000e+03
1.879000000000000000e+03
1.604000000000000000e+03
1.464000000000000000e+03
1.324000000000000000e+03
1.191000000000000000e+03
1.128000000000000000e+03
9.420000000000000000e+02
8.450000000000000000e+02
7.690000000000000000e+02
7.010000000000000000e+02
6.480000000000000000e+02
6.380000000000000000e+02
6.450000000000000000e+02
5.880000000000000000e+02
6.360000000000000000e+02
5.590000000000000000e+02
5.140000000000000000e+02
5.180000000000000000e+02
5.310000000000000000e+02
5.080000000000000000e+02
5.160000000000000000e+02
4.840000000000000000e+02
5.240000000000000000e+02
4.233000000000000000e+03
