1.114800000000000000e+05
0.000000000000000000e+00
0.000000000000000000e+00
0.000000000000000000e+00
0.000000000000000000e+00
0.000000000000000000e+00
1.000000000000000000e+00
0.000000000000000000e+00
8.800000000000000000e+01
1.000000000000000000e+00
1.500000000000000000e+01
0.000000000000000000e+00
2.000000000000000000e+00
0.000000000000000000e+00
0.000000000000000000e+00
3.320000000000000000e+02
0.000000000000000000e+00
0.000000000000000000e+00
2.000000000000000000e+00
0.000000000000000000e+00
2.200000000000000000e+01
0.000000000000000000e+00
0.000000000000000000e+00
3.000000000000000000e+00
2.000000000000000000e+00
0.000000000000000000e+00
0.000000000000000000e+00
0.000000000000000000e+00
0.000000000000000000e+00
0.000000000000000000e+00
1.887000000000000000e+03
0.000000000000000000e+00
0.000000000000000000e+00
0.000000000000000000e+00
0.000000000000000000e+00
0.000000000000000000e+00
0.000000000000000000e+00
0.000000000000000000e+00
0.000000000000000000e+00
0.000000000000000000e+00
0.000000000000000000e+00
0.000000000000000000e+00
0.000000000000000000e+00
0.000000000000000000e+00
0.000000000000000000e+00
3.200000000000000000e+01
0.000000000000000000e+00
0.000000000000000000e+00
0.000000000000000000e+00
0.000000000000000000e+00
0.000000000000000000e+00
0.000000000000000000e+00
0.000000000000000000e+00
0.000000000000000000e+00
0.000000000000000000e+00
0.000000000000000000e+00
0.000000000000000000e+00
0.000000000000000000e+00
0.000000000000000000e+00
0.000000000000000000e+00
2.325000000000000000e+03
0.000000000000000000e+00
0.000000000000000000e+00
0.000000000000000000e+00
0.000000000000000000e+00
0.000000000000000000e+00
0.000000000000000000e+00
0.000000000000000000e+00
0.000000000000000000e+00
0.000000000000000000e+00
0.000000000000000000e+00
0.000000000000000000e+00
0.000000000000000000e+00
0.000000000000000000e+00
0.000000000000000000e+00
9.600000000000000000e+01
0.000000000000000000e+00
0.000000000000000000e+00
0.000000000000000000e+00
0.000000000000000000e+00
5.000000000000000000e+00
0.000000000000000000e+00
0.000000000000000000e+00
0.000000000000000000e+00
0.000000000000000000e+00
0.000000000000000000e+00
0.000000000000000000e+00
0.000000000000000000e+00
0.000000000000000000e+00
0.000000000000000000e+00
4.676000000000000000e+03
0.000000000000000000e+00
0.000000000000000000e+00
0.000000000000000000e+00
0.000000000000000000e+00
1.000000000000000000e+00
8.000000000000000000e+00
0.000000000000000000e+00
7.000000000000000000e+01
1.000000000000000000e+00
5.810000000000000000e+02
0.000000000000000000e+00
4.100000000000000000e+01
1.000000000000000000e+00
0.000000000000000000e+00
2.884000000000000000e+03
0.000000000000000000e+00
6.000000000000000000e+00
9.200000000000000000e+01
2.200000000000000000e+01
1.270000000000000000e+03
3.600000000000000000e+02
4.970000000000000000e+02
3.133000000000000000e+03
3.903000000000000000e+03
1.141300000000000000e+04
4.796000000000000000e+03
4.090000000000000000e+03
1.685000000000000000e+03
0.000000000000000000e+00
1.455800000000000000e+04
0.000000000000000000e+00
0.000000000000000000e+00
1.400000000000000000e+02
3.880000000000000000e+02
4.650000000000000000e+02
7.840000000000000000e+02
3.000000000000000000e+00
4.740000000000000000e+02
2.800000000000000000e+01
3.920000000000000000e+02
2.000000000000000000e+00
2.140000000000000000e+02
3.000000000000000000e+00
1.000000000000000000e+00
9.200000000000000000e+02
0.000000000000000000e+00
0.000000000000000000e+00
6.200000000000000000e+01
0.000000000000000000e+00
1.700000000000000000e+02
2.000000000000000000e+00
0.000000000000000000e+00
1.070000000000000000e+02
4.800000000000000000e+01
2.000000000000000000e+00
0.000000000000000000e+00
0.000000000000000000e+00
0.000000000000000000e+00
0.000000000000000000e+00
7.911000000000000000e+03
0.000000000000000000e+00
0.000000000000000000e+00
1.000000000000000000e+00
5.000000000000000000e+00
7.100000000000000000e+01
1.220000000000000000e+02
0.000000000000000000e+00
5.800000000000000000e+01
5.000000000000000000e+01
2.140000000000000000e+02
1.600000000000000000e+01
4.300000000000000000e+01
4.400000000000000000e+01
0.000000000000000000e+00
1.731000000000000000e+03
1.000000000000000000e+00
3.000000000000000000e+00
1.000000000000000000e+01
0.000000000000000000e+00
8.100000000000000000e+01
0.000000000000000000e+00
0.000000000000000000e+00
1.100000000000000000e+01
2.000000000000000000e+00
0.000000000000000000e+00
0.000000000000000000e+00
0.000000000000000000e+00
0.000000000000000000e+00
0.000000000000000000e+00
1.046070000000000000e+05
7.230000000000000000e+02
2.464000000000000000e+03
4.884000000000000000e+03
6.850000000000000000e+02
3.566000000000000000e+03
6.703000000000000000e+03
1.251000000000000000e+03
1.465000000000000000e+03
1.538000000000000000e+03
1.666000000000000000e+03
2.086000000000000000e+03
2.006000000000000000e+03
1.478000000000000000e+03
1.455000000000000000e+03
1.232000000000000000e+03
1.447000000000000000e+03
1.627000000000000000e+03
1.903000000000000000e+03
6.943000000000000000e+03
1.509000000000000000e+03
1.659000000000000000e+03
1.715000000000000000e+03
2.158000000000000000e+03
1.373000000000000000e+03
1.575000000000000000e+03
2.454000000000000000e+03
2.839000000000000000e+03
3.592000000000000000e+03
3.147000000000000000e+03
2.421000000000000000e+03
1.398000000000000000e+03
9.900000000000000000e+02
4.100000000000000000e+02
2.620000000000000000e+02
1.770000000000000000e+02
3.900000000000000000e+02
6.100000000000000000e+01
5.700000000000000000e+01
8.800000000000000000e+01
2.700000000000000000e+01
1.500000000000000000e+01
7.000000000000000000e+00
2.800000000000000000e+02
4.000000000000000000e+00
7.000000000000000000e+00
6.800000000000000000e+01
1.000000000000000000e+00
6.000000000000000000e+00
4.000000000000000000e+00
1.000000000000000000e+00
2.320000000000000000e+02
1.000000000000000000e+00
3.000000000000000000e+00
1.000000000000000000e+00
3.000000000000000000e+00
0.000000000000000000e+00
1.800000000000000000e+01
1.000000000000000000e+00
3.000000000000000000e+00
2.000000000000000000e+00
2.000000000000000000e+00
2.000000000000000000e+00
0.000000000000000000e+00
2.780000000000000000e+02
0.000000000000000000e+00
1.000000000000000000e+00
2.000000000000000000e+00
0.000000000000000000e+00
0.000000000000000000e+00
4.000000000000000000e+00
2.000000000000000000e+00
0.000000000000000000e+00
1.000000000000000000e+01
0.000000000000000000e+00
1.000000000000000000e+00
2.000000000000000000e+00
1.000000000000000000e+00
1.000000000000000000e+00
1.000000000000000000e+00
0.000000000000000000e+00
2.000000000000000000e+00
1.000000000000000000e+00
0.000000000000000000e+00
0.000000000000000000e+00
1.902000000000000000e+03
0.000000000000000000e+00
0.000000000000000000e+00
0.000000000000000000e+00
1.000000000000000000e+00
0.000000000000000000e+00
0.000000000000000000e+00
0.000000000000000000e+00
1.000000000000000000e+00
0.000000000000000000e+00
0.000000000000000000e+00
1.000000000000000000e+00
1.000000000000000000e+00
0.000000000000000000e+00
0.000000000000000000e+00
0.000000000000000000e+00
0.000000000000000000e+00
1.100000000000000000e+01
0.000000000000000000e+00
0.000000000000000000e+00
2.000000000000000000e+00
0.000000000000000000e+00
0.000000000000000000e+00
0.000000000000000000e+00
2.000000000000000000e+00
0.000000000000000000e+00
0.000000000000000000e+00
1.000000000000000000e+00
0.000000000000000000e+00
0.000000000000000000e+00
0.000000000000000000e+00
0.000000000000000000e+00
0.000000000000000000e+00
0.000000000000000000e+00
1.000000000000000000e+00
0.000000000000000000e+00
1.000000000000000000e+00
0.000000000000000000e+00
0.000000000000000000e+00
0.000000000000000000e+00
0.000000000000000000e+00
0.000000000000000000e+00
0.000000000000000000e+00
1.534000000000000000e+03
0.000000000000000000e+00
0.000000000000000000e+00
0.000000000000000000e+00
0.000000000000000000e+00
0.000000000000000000e+00
0.000000000000000000e+00
0.000000000000000000e+00
1.000000000000000000e+00
1.000000000000000000e+00
0.000000000000000000e+00
1.000000000000000000e+00
0.000000000000000000e+00
0.000000000000000000e+00
1.000000000000000000e+00
0.000000000000000000e+00
0.000000000000000000e+00
0.000000000000000000e+00
1.000000000000000000e+00
0.000000000000000000e+00
0.000000000000000000e+00
0.000000000000000000e+00
0.000000000000000000e+00
0.000000000000000000e+00
0.000000000000000000e+00
1.000000000000000000e+00
0.000000000000000000e+00
0.000000000000000000e+00
0.000000000000000000e+00
0.000000000000000000e+00
0.000000000000000000e+00
1.000000000000000000e+00
0.000000000000000000e+00
0.000000000000000000e+00
0.000000000000000000e+00
0.000000000000000000e+00
0.000000000000000000e+00
0.000000000000000000e+00
0.000000000000000000e+00
0.000000000000000000e+00
0.000000000000000000e+00
0.000000000000000000e+00
2.700000000000000000e+01
0.000000000000000000e+00
0.000000000000000000e+00
0.000000000000000000e+00
0.000000000000000000e+00
0.000000000000000000e+00
0.000000000000000000e+00
0.000000000000000000e+00
0.000000000000000000e+00
0.000000000000000000e+00
0.000000000000000000e+00
0.000000000000000000e+00
1.000000000000000000e+00
0.000000000000000000e+00
0.000000000000000000e+00
0.000000000000000000e+00
0.000000000000000000e+00
0.000000000000000000e+00
0.000000000000000000e+00
0.000000000000000000e+00
0.000000000000000000e+00
2.000000000000000000e+00
0.000000000000000000e+00
0.000000000000000000e+00
0.000000000000000000e+00
0.000000000000000000e+00
0.000000000000000000e+00
0.000000000000000000e+00
1.000000000000000000e+00
0.000000000000000000e+00
0.000000000000000000e+00
0.000000000000000000e+00
0.000000000000000000e+00
0.000000000000000000e+00
2.000000000000000000e+00
0.000000000000000000e+00
0.000000000000000000e+00
0.000000000000000000e+00
0.000000000000000000e+00
0.000000000000000000e+00
0.000000000000000000e+00
0.000000000000000000e+00
0.000000000000000000e+00
0.000000000000000000e+00
0.000000000000000000e+00
0.000000000000000000e+00
0.000000000000000000e+00
0.000000000000000000e+00
0.000000000000000000e+00
0.000000000000000000e+00
0.000000000000000000e+00
0.000000000000000000e+00
0.000000000000000000e+00
0.000000000000000000e+00
0.000000000000000000e+00
0.000000000000000000e+00
0.000000000000000000e+00
0.000000000000000000e+00
0.000000000000000000e+00
0.000000000000000000e+00
0.000000000000000000e+00
0.000000000000000000e+00
0.000000000000000000e+00
0.000000000000000000e+00
0.000000000000000000e+00
0.000000000000000000e+00
0.000000000000000000e+00
0.000000000000000000e+00
0.000000000000000000e+00
0.000000000000000000e+00
0.000000000000000000e+00
0.000000000000000000e+00
0.000000000000000000e+00
0.000000000000000000e+00
0.000000000000000000e+00
0.000000000000000000e+00
0.000000000000000000e+00
0.000000000000000000e+00
0.000000000000000000e+00
0.000000000000000000e+00
0.000000000000000000e+00
0.000000000000000000e+00
0.000000000000000000e+00
0.000000000000000000e+00
0.000000000000000000e+00
2.464000000000000000e+03
4.682000000000000000e+04
6.151000000000000000e+03
7.237000000000000000e+03
2.263000000000000000e+03
5.270000000000000000e+02
4.150000000000000000e+02
4.020000000000000000e+02
3.540000000000000000e+02
3.220000000000000000e+02
2.950000000000000000e+02
2.980000000000000000e+02
3.850000000000000000e+02
3.600000000000000000e+02
3.360000000000000000e+02
3.840000000000000000e+02
3.840000000000000000e+02
4.800000000000000000e+02
3.610000000000000000e+02
4.540000000000000000e+02
4.220000000000000000e+02
4.810000000000000000e+02
5.160000000000000000e+02
4.500000000000000000e+02
4.040000000000000000e+02
3.480000000000000000e+02
3.420000000000000000e+02
2.940000000000000000e+02
3.290000000000000000e+02
3.060000000000000000e+02
3.370000000000000000e+02
3.050000000000000000e+02
3.050000000000000000e+02
3.140000000000000000e+02
2.980000000000000000e+02
3.090000000000000000e+02
2.850000000000000000e+02
2.820000000000000000e+02
3.410000000000000000e+02
3.680000000000000000e+02
4.030000000000000000e+02
4.180000000000000000e+02
5.630000000000000000e+02
8.400000000000000000e+02
1.715000000000000000e+03
2.156000000000000000e+03
2.241000000000000000e+03
1.687000000000000000e+03
1.104000000000000000e+03
8.900000000000000000e+02
6.940000000000000000e+02
6.150000000000000000e+02
6.470000000000000000e+02
4.250000000000000000e+02
3.050000000000000000e+02
2.600000000000000000e+02
2.530000000000000000e+02
2.440000000000000000e+02
2.190000000000000000e+02
2.890000000000000000e+02
1.710000000000000000e+02
1.810000000000000000e+02
2.060000000000000000e+02
1.820000000000000000e+02
1.690000000000000000e+02
2.020000000000000000e+02
1.990000000000000000e+02
3.200000000000000000e+02
3.720000000000000000e+02
3.230000000000000000e+02
5.280000000000000000e+02
5.430000000000000000e+02
5.730000000000000000e+02
5.120000000000000000e+02
6.000000000000000000e+02
5.840000000000000000e+02
6.460000000000000000e+02
5.120000000000000000e+02
9.170000000000000000e+02
4.650000000000000000e+02
4.160000000000000000e+02
5.610000000000000000e+02
6.000000000000000000e+02
5.640000000000000000e+02
6.070000000000000000e+02
9.530000000000000000e+02
6.160000000000000000e+02
9.970000000000000000e+02
1.267000000000000000e+03
4.170000000000000000e+02
6.250000000000000000e+02
5.590000000000000000e+02
5.950000000000000000e+02
9.320000000000000000e+02
6.530000000000000000e+02
8.160000000000000000e+02
7.831000000000000000e+03
7.720000000000000000e+02
1.169000000000000000e+03
6.010000000000000000e+02
5.880000000000000000e+02
7.490000000000000000e+02
5.920000000000000000e+02
1.074000000000000000e+03
1.073000000000000000e+03
9.170000000000000000e+02
8.960000000000000000e+02
9.200000000000000000e+02
7.160000000000000000e+02
6.100000000000000000e+02
5.910000000000000000e+02
6.610000000000000000e+02
6.380000000000000000e+02
6.470000000000000000e+02
5.510000000000000000e+02
5.110000000000000000e+02
3.930000000000000000e+02
4.050000000000000000e+02
3.360000000000000000e+02
3.110000000000000000e+02
4.080000000000000000e+02
3.020000000000000000e+02
3.030000000000000000e+02
3.460000000000000000e+02
2.870000000000000000e+02
2.530000000000000000e+02
2.440000000000000000e+02
2.690000000000000000e+02
3.020000000000000000e+02
2.560000000000000000e+02
2.490000000000000000e+02
3.050000000000000000e+02
2.570000000000000000e+02
3.010000000000000000e+02
2.100000000000000000e+02
2.160000000000000000e+02
2.570000000000000000e+02
2.010000000000000000e+02
1.930000000000000000e+02
2.550000000000000000e+02
2.300000000000000000e+02
2.040000000000000000e+02
1.880000000000000000e+02
1.940000000000000000e+02
1.890000000000000000e+02
2.150000000000000000e+02
2.440000000000000000e+02
2.530000000000000000e+02
2.290000000000000000e+02
1.940000000000000000e+02
1.910000000000000000e+02
1.940000000000000000e+02
1.430000000000000000e+02
1.600000000000000000e+02
1.470000000000000000e+02
1.420000000000000000e+02
1.200000000000000000e+02
9.800000000000000000e+01
2.060000000000000000e+02
2.710000000000000000e+02
6.400000000000000000e+01
5.711000000000000000e+03
7.100000000000000000e+01
1.160000000000000000e+02
2.030000000000000000e+02
1.270000000000000000e+02
2.120000000000000000e+02
1.220000000000000000e+02
8.200000000000000000e+01
6.500000000000000000e+01
8.200000000000000000e+01
1.570000000000000000e+02
9.300000000000000000e+01
1.700000000000000000e+02
9.500000000000000000e+01
1.490000000000000000e+02
1.480000000000000000e+02
1.010000000000000000e+02
1.490000000000000000e+02
4.800000000000000000e+01
6.900000000000000000e+01
4.900000000000000000e+01
4.500000000000000000e+01
4.600000000000000000e+01
4.400000000000000000e+01
5.900000000000000000e+01
8.200000000000000000e+01
1.280000000000000000e+02
3.800000000000000000e+01
1.100000000000000000e+02
7.000000000000000000e+01
5.700000000000000000e+01
4.500000000000000000e+01
4.400000000000000000e+01
4.500000000000000000e+01
5.000000000000000000e+01
4.700000000000000000e+01
4.000000000000000000e+01
5.200000000000000000e+01
1.120000000000000000e+02
1.680000000000000000e+02
1.800000000000000000e+02
1.460000000000000000e+02
7.100000000000000000e+01
3.000000000000000000e+01
2.600000000000000000e+01
2.000000000000000000e+01
1.900000000000000000e+01
2.500000000000000000e+01
1.900000000000000000e+01
1.400000000000000000e+01
1.700000000000000000e+01
2.000000000000000000e+01
1.200000000000000000e+01
2.600000000000000000e+01
1.200000000000000000e+01
2.300000000000000000e+01
2.800000000000000000e+01
1.900000000000000000e+01
1.800000000000000000e+01
1.600000000000000000e+01
1.500000000000000000e+01
1.800000000000000000e+01
1.700000000000000000e+01
1.200000000000000000e+01
2.500000000000000000e+01
1.200000000000000000e+01
1.300000000000000000e+01
9.000000000000000000e+00
1.100000000000000000e+01
1.800000000000000000e+01
1.400000000000000000e+01
1.300000000000000000e+01
1.500000000000000000e+01
1.600000000000000000e+01
1.400000000000000000e+01
1.200000000000000000e+01
2.000000000000000000e+01
1.300000000000000000e+01
7.000000000000000000e+00
9.000000000000000000e+00
7.000000000000000000e+00
1.400000000000000000e+01
4.000000000000000000e+00
1.200000000000000000e+01
4.000000000000000000e+00
8.000000000000000000e+00
1.600000000000000000e+01
9.000000000000000000e+00
7.000000000000000000e+00
6.000000000000000000e+00
5.000000000000000000e+00
5.000000000000000000e+00
1.400000000000000000e+01
1.200000000000000000e+01
2.100000000000000000e+01
3.103400000000000000e+04
