3.417000000000000000e+03
1.487000000000000000e+03
1.203000000000000000e+03
1.442000000000000000e+03
2.600000000000000000e+03
2.728000000000000000e+03
2.176000000000000000e+03
1.255000000000000000e+03
1.768000000000000000e+03
1.287000000000000000e+03
8.760000000000000000e+02
1.202000000000000000e+03
7.150000000000000000e+02
9.480000000000000000e+02
2.810000000000000000e+02
2.350000000000000000e+02
1.810000000000000000e+02
8.400000000000000000e+01
4.100000000000000000e+01
8.900000000000000000e+01
3.240000000000000000e+02
9.700000000000000000e+01
2.600000000000000000e+01
1.600000000000000000e+01
9.500000000000000000e+01
3.300000000000000000e+01
1.300000000000000000e+01
1.000000000000000000e+00
3.000000000000000000e+00
2.000000000000000000e+00
1.840000000000000000e+02
0.000000000000000000e+00
4.000000000000000000e+00
0.000000000000000000e+00
1.000000000000000000e+01
3.000000000000000000e+01
5.200000000000000000e+01
2.000000000000000000e+00
4.000000000000000000e+00
2.000000000000000000e+00
3.000000000000000000e+00
0.000000000000000000e+00
5.300000000000000000e+01
1.000000000000000000e+01
0.000000000000000000e+00
4.000000000000000000e+00
5.000000000000000000e+00
0.000000000000000000e+00
6.000000000000000000e+00
0.000000000000000000e+00
1.570000000000000000e+02
1.500000000000000000e+01
5.000000000000000000e+00
0.000000000000000000e+00
2.000000000000000000e+00
2.500000000000000000e+01
1.000000000000000000e+01
5.000000000000000000e+00
0.000000000000000000e+00
0.000000000000000000e+00
3.100000000000000000e+01
0.000000000000000000e+00
5.000000000000000000e+00
8.000000000000000000e+00
1.000000000000000000e+00
7.000000000000000000e+00
1.520000000000000000e+02
6.000000000000000000e+00
1.400000000000000000e+01
1.300000000000000000e+01
8.000000000000000000e+01
1.100000000000000000e+01
8.000000000000000000e+00
3.000000000000000000e+01
3.100000000000000000e+01
4.370000000000000000e+02
2.200000000000000000e+01
2.000000000000000000e+01
3.000000000000000000e+00
5.300000000000000000e+01
3.250000000000000000e+02
1.400000000000000000e+01
1.700000000000000000e+01
2.390000000000000000e+02
6.300000000000000000e+01
1.210000000000000000e+02
3.600000000000000000e+01
3.440000000000000000e+02
1.320000000000000000e+02
2.210000000000000000e+02
1.556000000000000000e+03
6.370000000000000000e+02
1.258000000000000000e+03
1.902000000000000000e+03
5.527000000000000000e+03
9.443000000000000000e+03
1.955300000000000000e+04
3.502100000000000000e+04
4.796200000000000000e+04
1.614400000000000000e+04
3.170300000000000000e+04
3.580500000000000000e+04
1.895500000000000000e+04
1.699100000000000000e+04
4.805000000000000000e+03
5.763000000000000000e+03
6.032000000000000000e+03
2.448000000000000000e+03
1.195000000000000000e+03
2.829000000000000000e+04
2.161000000000000000e+03
5.331000000000000000e+03
1.611000000000000000e+03
4.526600000000000000e+04
9.630000000000000000e+02
2.988000000000000000e+03
1.188500000000000000e+04
4.800000000000000000e+01
2.700000000000000000e+02
7.500000000000000000e+01
5.474000000000000000e+03
0.000000000000000000e+00
6.300000000000000000e+02
6.600000000000000000e+01
1.093000000000000000e+03
5.866600000000000000e+04
6.350000000000000000e+02
6.800000000000000000e+01
1.078000000000000000e+03
2.030000000000000000e+02
6.610000000000000000e+02
1.600000000000000000e+01
1.094000000000000000e+03
1.653000000000000000e+03
3.400000000000000000e+01
5.650000000000000000e+02
1.380000000000000000e+02
0.000000000000000000e+00
1.081000000000000000e+03
1.500000000000000000e+01
5.770000000000000000e+02
1.644000000000000000e+03
2.750000000000000000e+02
3.100000000000000000e+01
1.270000000000000000e+02
4.940000000000000000e+02
1.008500000000000000e+04
1.840000000000000000e+02
5.300000000000000000e+01
6.000000000000000000e+00
9.290000000000000000e+02
2.000000000000000000e+00
8.100000000000000000e+01
5.030000000000000000e+02
4.000000000000000000e+00
3.200000000000000000e+02
1.010000000000000000e+03
3.380000000000000000e+02
1.830000000000000000e+02
3.800000000000000000e+02
7.100000000000000000e+02
1.080000000000000000e+02
2.740000000000000000e+02
7.000000000000000000e+02
7.980000000000000000e+02
8.210000000000000000e+02
3.580000000000000000e+02
4.650000000000000000e+02
1.040000000000000000e+02
5.144000000000000000e+03
6.508000000000000000e+03
5.270000000000000000e+02
3.340000000000000000e+02
1.123000000000000000e+03
1.305000000000000000e+03
1.018000000000000000e+03
6.390000000000000000e+02
2.217000000000000000e+03
1.002000000000000000e+03
9.040000000000000000e+02
6.750000000000000000e+02
1.500000000000000000e+01
4.800000000000000000e+01
4.570000000000000000e+02
1.610000000000000000e+02
2.670000000000000000e+02
3.280000000000000000e+02
3.790000000000000000e+02
1.100000000000000000e+03
1.447000000000000000e+03
1.343000000000000000e+03
1.136000000000000000e+03
1.833000000000000000e+03
2.307000000000000000e+03
2.167000000000000000e+03
2.395000000000000000e+03
2.671000000000000000e+03
2.818000000000000000e+03
2.722000000000000000e+03
2.510000000000000000e+03
2.258000000000000000e+03
2.294000000000000000e+03
2.405000000000000000e+03
2.833000000000000000e+03
2.829000000000000000e+03
3.297000000000000000e+03
3.993000000000000000e+03
3.465000000000000000e+03
5.051000000000000000e+03
4.730000000000000000e+03
6.150000000000000000e+03
4.375000000000000000e+03
5.918000000000000000e+03
6.311000000000000000e+03
5.199000000000000000e+03
4.933000000000000000e+03
6.800000000000000000e+03
5.828000000000000000e+03
5.995000000000000000e+03
4.694000000000000000e+03
4.749000000000000000e+03
4.688000000000000000e+03
3.888000000000000000e+03
4.378000000000000000e+03
4.314000000000000000e+03
3.904000000000000000e+03
4.592000000000000000e+03
4.161000000000000000e+03
4.794000000000000000e+03
5.477000000000000000e+03
4.772000000000000000e+03
4.544000000000000000e+03
4.285000000000000000e+03
4.817000000000000000e+03
4.176000000000000000e+03
4.199000000000000000e+03
3.480000000000000000e+03
3.943000000000000000e+03
3.593000000000000000e+03
5.349000000000000000e+03
3.353000000000000000e+03
3.707000000000000000e+03
3.033000000000000000e+03
2.561000000000000000e+03
9.242000000000000000e+03
2.709000000000000000e+03
2.962000000000000000e+03
3.311000000000000000e+03
3.163000000000000000e+03
2.583000000000000000e+03
3.890000000000000000e+03
3.165000000000000000e+03
2.804000000000000000e+03
3.849000000000000000e+03
2.743000000000000000e+03
3.074000000000000000e+03
2.783000000000000000e+03
3.494000000000000000e+03
1.059400000000000000e+04
2.470000000000000000e+03
2.548000000000000000e+03
2.623000000000000000e+03
2.970000000000000000e+03
2.793000000000000000e+03
1.781000000000000000e+03
8.521000000000000000e+03
1.970000000000000000e+03
2.839000000000000000e+03
2.321000000000000000e+03
2.416000000000000000e+03
2.748000000000000000e+03
2.386000000000000000e+03
2.329000000000000000e+03
3.723000000000000000e+03
2.320000000000000000e+03
2.099000000000000000e+03
3.522000000000000000e+03
2.116000000000000000e+03
2.155000000000000000e+03
2.840000000000000000e+03
2.099000000000000000e+03
1.914000000000000000e+03
6.002000000000000000e+03
1.946000000000000000e+03
1.677000000000000000e+03
2.047000000000000000e+03
2.567000000000000000e+03
2.114000000000000000e+03
1.792000000000000000e+03
3.283000000000000000e+03
2.008000000000000000e+03
1.876000000000000000e+03
1.856000000000000000e+03
2.269000000000000000e+03
1.838000000000000000e+03
2.050000000000000000e+03
2.595000000000000000e+03
1.693000000000000000e+03
2.354000000000000000e+03
1.911000000000000000e+03
1.782000000000000000e+03
1.906000000000000000e+03
1.860000000000000000e+03
1.520000000000000000e+03
1.903000000000000000e+03
1.771000000000000000e+03
1.254000000000000000e+03
1.894000000000000000e+03
1.761000000000000000e+03
1.473000000000000000e+03
2.068000000000000000e+03
1.959000000000000000e+03
2.484000000000000000e+03
1.887000000000000000e+03
2.733000000000000000e+03
1.322000000000000000e+03
1.570000000000000000e+03
2.107000000000000000e+03
1.309000000000000000e+03
1.395000000000000000e+03
1.391000000000000000e+03
2.067000000000000000e+03
1.322000000000000000e+03
8.950000000000000000e+02
2.033000000000000000e+03
1.479000000000000000e+03
2.009000000000000000e+03
7.030000000000000000e+02
1.490000000000000000e+03
1.559000000000000000e+03
5.570000000000000000e+02
1.985000000000000000e+03
1.279000000000000000e+03
1.264000000000000000e+03
1.394000000000000000e+03
9.740000000000000000e+02
1.106000000000000000e+03
1.033000000000000000e+03
1.782000000000000000e+03
1.134000000000000000e+03
7.220000000000000000e+02
1.515000000000000000e+03
7.000000000000000000e+02
9.260000000000000000e+02
7.260000000000000000e+02
1.249000000000000000e+03
9.580000000000000000e+02
8.000000000000000000e+02
8.330000000000000000e+02
4.800000000000000000e+02
1.802000000000000000e+03
5.060000000000000000e+02
9.070000000000000000e+02
9.020000000000000000e+02
9.880000000000000000e+02
9.420000000000000000e+02
7.280000000000000000e+02
8.450000000000000000e+02
1.084000000000000000e+03
5.820000000000000000e+02
1.284000000000000000e+03
8.610000000000000000e+02
6.710000000000000000e+02
1.021000000000000000e+03
7.910000000000000000e+02
7.870000000000000000e+02
5.900000000000000000e+02
9.150000000000000000e+02
7.120000000000000000e+02
6.300000000000000000e+02
6.600000000000000000e+02
7.660000000000000000e+02
3.390000000000000000e+02
1.508000000000000000e+03
6.130000000000000000e+02
5.320000000000000000e+02
6.030000000000000000e+02
5.970000000000000000e+02
6.820000000000000000e+02
3.930000000000000000e+02
7.150000000000000000e+02
1.085000000000000000e+03
4.400000000000000000e+02
6.320000000000000000e+02
3.610000000000000000e+02
7.320000000000000000e+02
4.460000000000000000e+02
6.260000000000000000e+02
8.270000000000000000e+02
1.268000000000000000e+03
3.790000000000000000e+02
7.330000000000000000e+02
3.550000000000000000e+02
5.230000000000000000e+02
4.130000000000000000e+02
3.010000000000000000e+02
1.064000000000000000e+03
3.360000000000000000e+02
3.390000000000000000e+02
4.440000000000000000e+02
3.550000000000000000e+02
5.790000000000000000e+02
2.720000000000000000e+02
2.890000000000000000e+02
3.840000000000000000e+02
2.820000000000000000e+02
3.020000000000000000e+02
3.040000000000000000e+02
3.270000000000000000e+02
2.530000000000000000e+02
3.350000000000000000e+02
3.290000000000000000e+02
2.160000000000000000e+02
2.820000000000000000e+02
2.050000000000000000e+02
3.260000000000000000e+02
3.180000000000000000e+02
2.230000000000000000e+02
1.320000000000000000e+02
3.270000000000000000e+02
2.720000000000000000e+02
1.230000000000000000e+02
1.770000000000000000e+02
1.970000000000000000e+02
1.760000000000000000e+02
1.570000000000000000e+02
1.490000000000000000e+02
2.780000000000000000e+02
2.500000000000000000e+02
1.610000000000000000e+02
1.210000000000000000e+02
2.090000000000000000e+02
3.440000000000000000e+02
5.000000000000000000e+00
0.000000000000000000e+00
4.817000000000000000e+03
3.000000000000000000e+00
5.000000000000000000e+00
1.400000000000000000e+01
2.200000000000000000e+01
4.100000000000000000e+01
1.510000000000000000e+02
5.400000000000000000e+01
1.200000000000000000e+02
8.100000000000000000e+01
2.440000000000000000e+02
1.630000000000000000e+02
2.400000000000000000e+02
2.930000000000000000e+02
3.150000000000000000e+02
4.340000000000000000e+02
4.660000000000000000e+02
5.310000000000000000e+02
6.960000000000000000e+02
8.350000000000000000e+02
1.127000000000000000e+03
1.258000000000000000e+03
1.699000000000000000e+03
1.861000000000000000e+03
2.420000000000000000e+03
1.306000000000000000e+04
2.529000000000000000e+03
1.139500000000000000e+04
2.443000000000000000e+03
4.392000000000000000e+03
2.347000000000000000e+03
5.691000000000000000e+03
2.577000000000000000e+03
2.607000000000000000e+03
3.240000000000000000e+03
2.229000000000000000e+03
2.436000000000000000e+03
1.953000000000000000e+03
1.894000000000000000e+03
2.100000000000000000e+03
1.808000000000000000e+03
1.818000000000000000e+03
1.733000000000000000e+03
1.790000000000000000e+03
1.659000000000000000e+03
1.941000000000000000e+03
1.893000000000000000e+03
1.849000000000000000e+03
2.482000000000000000e+03
1.895000000000000000e+03
3.724000000000000000e+03
2.083000000000000000e+03
2.267000000000000000e+03
2.028000000000000000e+03
2.272000000000000000e+03
2.200000000000000000e+03
2.167000000000000000e+03
2.307000000000000000e+03
2.308000000000000000e+03
2.336000000000000000e+03
2.359000000000000000e+03
2.408000000000000000e+03
2.522000000000000000e+03
2.571000000000000000e+03
2.676000000000000000e+03
2.754000000000000000e+03
3.188000000000000000e+03
3.069000000000000000e+03
3.084000000000000000e+03
3.014000000000000000e+03
3.059000000000000000e+03
3.186000000000000000e+03
3.035000000000000000e+03
3.241000000000000000e+03
3.193000000000000000e+03
3.433000000000000000e+03
3.752000000000000000e+03
3.519000000000000000e+03
3.859000000000000000e+03
3.409000000000000000e+03
3.906000000000000000e+03
3.607000000000000000e+03
3.733000000000000000e+03
3.790000000000000000e+03
3.817000000000000000e+03
3.847000000000000000e+03
3.659000000000000000e+03
3.970000000000000000e+03
3.837000000000000000e+03
3.969000000000000000e+03
4.421000000000000000e+03
4.072000000000000000e+03
5.041000000000000000e+03
4.297000000000000000e+03
5.293000000000000000e+03
4.796000000000000000e+03
4.080000000000000000e+03
4.672000000000000000e+03
3.684000000000000000e+03
4.283000000000000000e+03
3.442000000000000000e+03
3.834000000000000000e+03
3.596000000000000000e+03
3.231000000000000000e+03
4.561000000000000000e+03
3.100000000000000000e+03
4.384000000000000000e+03
3.237000000000000000e+03
3.147000000000000000e+03
4.255000000000000000e+03
2.873000000000000000e+03
3.992000000000000000e+03
2.600000000000000000e+03
3.516000000000000000e+03
2.459000000000000000e+03
2.758000000000000000e+03
2.714000000000000000e+03
2.415000000000000000e+03
2.634000000000000000e+03
2.287000000000000000e+03
2.526000000000000000e+03
2.367000000000000000e+03
1.992000000000000000e+03
3.000000000000000000e+03
1.869000000000000000e+03
2.565000000000000000e+03
2.059000000000000000e+03
2.047000000000000000e+03
2.585000000000000000e+03
1.812000000000000000e+03
2.341000000000000000e+03
1.796000000000000000e+03
2.085000000000000000e+03
1.870000000000000000e+03
1.965000000000000000e+03
1.936000000000000000e+03
1.833000000000000000e+03
2.143000000000000000e+03
2.009000000000000000e+03
1.863000000000000000e+03
2.185000000000000000e+03
1.669000000000000000e+03
2.189000000000000000e+03
1.856000000000000000e+03
2.009000000000000000e+03
2.032000000000000000e+03
1.918000000000000000e+03
2.633000000000000000e+03
1.812000000000000000e+03
2.336000000000000000e+03
2.385000000000000000e+03
2.038000000000000000e+03
2.398000000000000000e+03
1.902000000000000000e+03
2.675000000000000000e+03
1.916000000000000000e+03
1.837000000000000000e+03
2.658000000000000000e+03
1.752000000000000000e+03
1.995000000000000000e+03
1.944000000000000000e+03
1.923000000000000000e+03
2.003000000000000000e+03
1.678000000000000000e+03
1.916000000000000000e+03
1.543000000000000000e+03
1.987000000000000000e+03
1.764000000000000000e+03
1.857000000000000000e+03
1.748000000000000000e+03
1.617000000000000000e+03
2.209000000000000000e+03
1.656000000000000000e+03
1.972000000000000000e+03
1.683000000000000000e+03
1.597000000000000000e+03
1.699000000000000000e+03
1.571000000000000000e+03
1.508000000000000000e+03
1.393000000000000000e+03
1.552000000000000000e+03
1.434000000000000000e+03
1.404000000000000000e+03
1.558000000000000000e+03
1.476000000000000000e+03
1.565000000000000000e+03
1.346000000000000000e+03
1.704000000000000000e+03
1.609000000000000000e+03
1.299000000000000000e+03
1.532000000000000000e+03
1.367000000000000000e+03
1.271000000000000000e+03
1.512000000000000000e+03
1.142000000000000000e+03
1.297000000000000000e+03
9.920000000000000000e+02
1.047000000000000000e+03
9.420000000000000000e+02
9.240000000000000000e+02
8.450000000000000000e+02
9.420000000000000000e+02
8.740000000000000000e+02
8.500000000000000000e+02
8.560000000000000000e+02
8.500000000000000000e+02
8.220000000000000000e+02
7.800000000000000000e+02
7.440000000000000000e+02
6.950000000000000000e+02
7.880000000000000000e+02
6.970000000000000000e+02
7.790000000000000000e+02
7.710000000000000000e+02
8.210000000000000000e+02
7.030000000000000000e+02
7.470000000000000000e+02
7.190000000000000000e+02
7.400000000000000000e+02
7.060000000000000000e+02
7.450000000000000000e+02
8.510000000000000000e+02
7.390000000000000000e+02
6.950000000000000000e+02
6.570000000000000000e+02
7.290000000000000000e+02
6.560000000000000000e+02
6.020000000000000000e+02
6.070000000000000000e+02
6.140000000000000000e+02
5.680000000000000000e+02
4.980000000000000000e+02
4.840000000000000000e+02
4.320000000000000000e+02
4.330000000000000000e+02
4.130000000000000000e+02
3.830000000000000000e+02
3.490000000000000000e+02
3.690000000000000000e+02
3.210000000000000000e+02
3.420000000000000000e+02
2.750000000000000000e+02
2.890000000000000000e+02
2.340000000000000000e+02
2.310000000000000000e+02
2.150000000000000000e+02
2.150000000000000000e+02
2.080000000000000000e+02
2.060000000000000000e+02
1.800000000000000000e+02
1.970000000000000000e+02
1.660000000000000000e+02
1.590000000000000000e+02
1.420000000000000000e+02
1.420000000000000000e+02
1.510000000000000000e+02
1.709000000000000000e+03
