2.557700000000000000e+04
3.100000000000000000e+03
3.808000000000000000e+03
3.697000000000000000e+03
3.134000000000000000e+03
5.445000000000000000e+03
8.212000000000000000e+03
1.756000000000000000e+03
4.809000000000000000e+03
3.000000000000000000e+03
3.034000000000000000e+03
6.867000000000000000e+03
3.112000000000000000e+03
7.550000000000000000e+03
4.801000000000000000e+03
6.593000000000000000e+03
3.962000000000000000e+03
3.333000000000000000e+03
4.006000000000000000e+03
3.813000000000000000e+03
1.190600000000000000e+04
3.962000000000000000e+03
2.288000000000000000e+03
2.795000000000000000e+03
5.960000000000000000e+03
3.604000000000000000e+03
1.968000000000000000e+03
5.670000000000000000e+02
3.390000000000000000e+02
2.210000000000000000e+02
1.160900000000000000e+04
5.600000000000000000e+01
3.860000000000000000e+02
1.620000000000000000e+02
1.552000000000000000e+03
3.238000000000000000e+03
3.830000000000000000e+03
2.200000000000000000e+02
1.113000000000000000e+03
7.010000000000000000e+02
1.489000000000000000e+03
1.340000000000000000e+02
3.553000000000000000e+03
3.084000000000000000e+03
1.930000000000000000e+02
1.461000000000000000e+03
1.198000000000000000e+03
1.390000000000000000e+02
4.297000000000000000e+03
3.200000000000000000e+02
7.555000000000000000e+03
3.511000000000000000e+03
4.599000000000000000e+03
1.129000000000000000e+03
3.329000000000000000e+03
5.616000000000000000e+03
6.122000000000000000e+03
9.812000000000000000e+03
3.556000000000000000e+03
3.860000000000000000e+02
1.565300000000000000e+04
3.370000000000000000e+02
1.589000000000000000e+04
6.318000000000000000e+03
6.320000000000000000e+02
3.818000000000000000e+03
2.543900000000000000e+04
6.915000000000000000e+03
6.459000000000000000e+03
1.593900000000000000e+04
8.866000000000000000e+03
4.836000000000000000e+03
4.561000000000000000e+03
9.037000000000000000e+03
1.709500000000000000e+04
1.231600000000000000e+04
5.427000000000000000e+03
3.880000000000000000e+03
3.040000000000000000e+02
1.019700000000000000e+04
2.595300000000000000e+04
1.410000000000000000e+03
3.550000000000000000e+02
8.975000000000000000e+03
4.771000000000000000e+03
4.259000000000000000e+03
3.320000000000000000e+02
1.733100000000000000e+04
8.590000000000000000e+02
4.730000000000000000e+02
1.580400000000000000e+04
9.710000000000000000e+02
1.283000000000000000e+03
5.826000000000000000e+03
1.437000000000000000e+03
7.175000000000000000e+03
1.730600000000000000e+04
1.572000000000000000e+03
5.812000000000000000e+03
1.727000000000000000e+03
8.460000000000000000e+02
7.392000000000000000e+03
6.510000000000000000e+02
1.180700000000000000e+04
1.678000000000000000e+03
1.375000000000000000e+03
2.487000000000000000e+03
1.014000000000000000e+03
1.145000000000000000e+03
5.944000000000000000e+03
1.551100000000000000e+04
4.311000000000000000e+03
2.945000000000000000e+03
4.451000000000000000e+03
1.520600000000000000e+04
1.089700000000000000e+04
6.079000000000000000e+03
2.672000000000000000e+03
1.577000000000000000e+03
2.100000000000000000e+03
3.245200000000000000e+04
8.260000000000000000e+02
2.132000000000000000e+03
1.770000000000000000e+03
5.870000000000000000e+03
1.320500000000000000e+04
1.626200000000000000e+04
1.298000000000000000e+03
3.519000000000000000e+03
1.336000000000000000e+03
5.116000000000000000e+03
3.440000000000000000e+02
2.288600000000000000e+04
1.307400000000000000e+04
2.300000000000000000e+02
1.486000000000000000e+03
7.090000000000000000e+02
1.000000000000000000e+02
2.969000000000000000e+03
1.500000000000000000e+02
3.912500000000000000e+04
5.645000000000000000e+03
1.253000000000000000e+03
2.690000000000000000e+02
4.950000000000000000e+02
1.113100000000000000e+04
2.912000000000000000e+03
6.900000000000000000e+02
3.500000000000000000e+02
1.260000000000000000e+02
8.875000000000000000e+03
1.140000000000000000e+02
4.600000000000000000e+02
1.663000000000000000e+03
1.880000000000000000e+02
9.200000000000000000e+02
1.735600000000000000e+04
7.040000000000000000e+02
1.516000000000000000e+03
1.059000000000000000e+03
6.609000000000000000e+03
5.140000000000000000e+02
5.120000000000000000e+02
3.180000000000000000e+03
3.062000000000000000e+03
2.112900000000000000e+04
1.042000000000000000e+03
1.054000000000000000e+03
3.580000000000000000e+02
1.916000000000000000e+03
9.113000000000000000e+03
5.730000000000000000e+02
9.680000000000000000e+02
9.086000000000000000e+03
2.864000000000000000e+03
2.279000000000000000e+03
1.375000000000000000e+03
6.130000000000000000e+03
1.996000000000000000e+03
2.048000000000000000e+03
1.635900000000000000e+04
1.326000000000000000e+03
5.038000000000000000e+03
7.627000000000000000e+03
8.317000000000000000e+03
1.273000000000000000e+04
1.885900000000000000e+04
2.189400000000000000e+04
2.340600000000000000e+04
2.388500000000000000e+04
2.790700000000000000e+04
3.806300000000000000e+04
3.866300000000000000e+04
4.016300000000000000e+04
3.810800000000000000e+04
3.722600000000000000e+04
3.425900000000000000e+04
2.332000000000000000e+04
2.078700000000000000e+04
1.175200000000000000e+04
1.359500000000000000e+04
1.490600000000000000e+04
1.043000000000000000e+04
1.032300000000000000e+04
8.647000000000000000e+03
7.002000000000000000e+03
9.305000000000000000e+03
8.675000000000000000e+03
8.808000000000000000e+03
7.428000000000000000e+03
8.144000000000000000e+03
7.597000000000000000e+03
8.720000000000000000e+03
7.597000000000000000e+03
8.951000000000000000e+03
7.258000000000000000e+03
1.055800000000000000e+04
5.122000000000000000e+03
7.388000000000000000e+03
7.646000000000000000e+03
6.433000000000000000e+03
4.795000000000000000e+03
3.487000000000000000e+03
7.171000000000000000e+03
3.827000000000000000e+03
4.350000000000000000e+03
5.773000000000000000e+03
3.246000000000000000e+03
4.131000000000000000e+03
3.543000000000000000e+03
2.278000000000000000e+03
7.500000000000000000e+03
1.904000000000000000e+03
3.835000000000000000e+03
2.448000000000000000e+03
5.791000000000000000e+03
2.008000000000000000e+03
4.053000000000000000e+03
3.422000000000000000e+03
4.277000000000000000e+03
2.546000000000000000e+03
3.828000000000000000e+03
2.336000000000000000e+03
1.311000000000000000e+03
8.197000000000000000e+03
1.787000000000000000e+03
2.171000000000000000e+03
3.682000000000000000e+03
2.303000000000000000e+03
1.956000000000000000e+03
4.724000000000000000e+03
3.851000000000000000e+03
1.680000000000000000e+03
4.366000000000000000e+03
2.348000000000000000e+03
3.212000000000000000e+03
1.784000000000000000e+03
4.642000000000000000e+03
3.009000000000000000e+03
2.013000000000000000e+03
3.503000000000000000e+03
3.619000000000000000e+03
2.951000000000000000e+03
2.681000000000000000e+03
2.485000000000000000e+03
9.933000000000000000e+03
2.470000000000000000e+03
2.749000000000000000e+03
3.045000000000000000e+03
2.875000000000000000e+03
3.059000000000000000e+03
3.740000000000000000e+03
2.125000000000000000e+03
2.060000000000000000e+03
2.565000000000000000e+03
1.459000000000000000e+03
4.709000000000000000e+03
1.691000000000000000e+03
3.214000000000000000e+03
1.708000000000000000e+03
1.710000000000000000e+03
1.055000000000000000e+03
3.419000000000000000e+03
9.730000000000000000e+02
1.427000000000000000e+03
1.355000000000000000e+03
2.506000000000000000e+03
9.990000000000000000e+02
1.055000000000000000e+03
3.039000000000000000e+03
6.870000000000000000e+02
9.560000000000000000e+02
1.354000000000000000e+03
1.192000000000000000e+03
7.420000000000000000e+02
9.980000000000000000e+02
2.030000000000000000e+03
8.090000000000000000e+02
1.255000000000000000e+03
9.980000000000000000e+02
9.110000000000000000e+02
1.001000000000000000e+03
8.270000000000000000e+02
7.040000000000000000e+02
6.220000000000000000e+02
4.880000000000000000e+02
4.160000000000000000e+02
8.060000000000000000e+02
5.202000000000000000e+03
3.530000000000000000e+02
4.800000000000000000e+02
5.130000000000000000e+02
6.450000000000000000e+02
5.890000000000000000e+02
8.800000000000000000e+02
7.440000000000000000e+02
5.900000000000000000e+02
8.380000000000000000e+02
5.100000000000000000e+02
7.780000000000000000e+02
5.340000000000000000e+02
4.180000000000000000e+02
1.443000000000000000e+03
6.420000000000000000e+02
3.340000000000000000e+02
3.520000000000000000e+02
7.460000000000000000e+02
3.480000000000000000e+02
5.160000000000000000e+02
6.570000000000000000e+02
3.900000000000000000e+02
3.800000000000000000e+02
2.510000000000000000e+02
1.592000000000000000e+03
2.190000000000000000e+02
3.970000000000000000e+02
4.160000000000000000e+02
3.480000000000000000e+02
3.100000000000000000e+02
1.327000000000000000e+03
2.160000000000000000e+02
3.180000000000000000e+02
5.030000000000000000e+02
2.110000000000000000e+02
3.440000000000000000e+02
3.640000000000000000e+02
2.470000000000000000e+02
2.630000000000000000e+02
2.060000000000000000e+02
1.090000000000000000e+02
1.297000000000000000e+03
7.900000000000000000e+01
1.920000000000000000e+02
2.680000000000000000e+02
2.910000000000000000e+02
2.440000000000000000e+02
1.340000000000000000e+02
3.500000000000000000e+02
1.150000000000000000e+02
4.410000000000000000e+02
2.170000000000000000e+02
2.330000000000000000e+02
9.130000000000000000e+02
1.450000000000000000e+02
1.910000000000000000e+02
2.510000000000000000e+02
1.070000000000000000e+02
2.320000000000000000e+02
2.290000000000000000e+02
1.270000000000000000e+02
1.010000000000000000e+02
1.079000000000000000e+03
6.200000000000000000e+01
1.240000000000000000e+02
1.710000000000000000e+02
1.520000000000000000e+02
2.190000000000000000e+02
1.190000000000000000e+02
3.010000000000000000e+02
7.800000000000000000e+01
2.240000000000000000e+02
1.370000000000000000e+02
1.210000000000000000e+02
1.030000000000000000e+02
3.360000000000000000e+02
9.300000000000000000e+01
1.440000000000000000e+02
1.420000000000000000e+02
9.000000000000000000e+01
2.340000000000000000e+02
1.460000000000000000e+02
1.190000000000000000e+02
8.300000000000000000e+01
6.150000000000000000e+02
1.450000000000000000e+02
1.360000000000000000e+02
1.720000000000000000e+02
1.400000000000000000e+02
8.900000000000000000e+01
3.430000000000000000e+02
1.370000000000000000e+02
1.620000000000000000e+02
1.160000000000000000e+02
2.530000000000000000e+02
1.270000000000000000e+02
1.340000000000000000e+02
9.900000000000000000e+01
2.300000000000000000e+02
1.250000000000000000e+02
7.800000000000000000e+01
2.020000000000000000e+02
1.080000000000000000e+02
1.500000000000000000e+02
1.150000000000000000e+02
1.740000000000000000e+02
1.580000000000000000e+02
7.700000000000000000e+01
1.170000000000000000e+02
1.290000000000000000e+02
1.220000000000000000e+02
1.290000000000000000e+02
8.500000000000000000e+01
9.300000000000000000e+01
1.010000000000000000e+02
7.000000000000000000e+01
8.000000000000000000e+01
4.600000000000000000e+01
6.000000000000000000e+01
6.000000000000000000e+01
5.100000000000000000e+01
5.800000000000000000e+01
1.900000000000000000e+01
3.100000000000000000e+01
2.300000000000000000e+01
1.000000000000000000e+00
8.501000000000000000e+03
2.540000000000000000e+02
8.900000000000000000e+02
1.087000000000000000e+03
1.227000000000000000e+03
1.986000000000000000e+03
2.847000000000000000e+03
3.650000000000000000e+03
4.255000000000000000e+03
4.921000000000000000e+03
5.146000000000000000e+03
5.705000000000000000e+03
6.532000000000000000e+03
7.144000000000000000e+03
7.255000000000000000e+03
7.989000000000000000e+03
7.767000000000000000e+03
6.892000000000000000e+03
6.801000000000000000e+03
7.026000000000000000e+03
6.855000000000000000e+03
6.555000000000000000e+03
6.202000000000000000e+03
5.959000000000000000e+03
5.980000000000000000e+03
5.946000000000000000e+03
5.755000000000000000e+03
5.523000000000000000e+03
5.551000000000000000e+03
5.334000000000000000e+03
4.968000000000000000e+03
4.641000000000000000e+03
4.536000000000000000e+03
4.150000000000000000e+03
4.124000000000000000e+03
4.017000000000000000e+03
3.861000000000000000e+03
3.847000000000000000e+03
3.813000000000000000e+03
3.861000000000000000e+03
3.683000000000000000e+03
3.423000000000000000e+03
3.227000000000000000e+03
3.123000000000000000e+03
2.988000000000000000e+03
2.831000000000000000e+03
2.738000000000000000e+03
2.637000000000000000e+03
2.615000000000000000e+03
2.719000000000000000e+03
2.733000000000000000e+03
2.696000000000000000e+03
2.629000000000000000e+03
2.435000000000000000e+03
2.396000000000000000e+03
2.399000000000000000e+03
2.593000000000000000e+03
2.346000000000000000e+03
2.194000000000000000e+03
2.075000000000000000e+03
2.034000000000000000e+03
1.941000000000000000e+03
1.977000000000000000e+03
1.981000000000000000e+03
1.989000000000000000e+03
2.102000000000000000e+03
2.048000000000000000e+03
2.101000000000000000e+03
1.978000000000000000e+03
1.981000000000000000e+03
1.905000000000000000e+03
1.809000000000000000e+03
1.924000000000000000e+03
1.850000000000000000e+03
2.046000000000000000e+03
2.031000000000000000e+03
2.231000000000000000e+03
2.606000000000000000e+03
3.058000000000000000e+03
3.246000000000000000e+03
3.093000000000000000e+03
3.291000000000000000e+03
3.339000000000000000e+03
3.328000000000000000e+03
3.438000000000000000e+03
3.959000000000000000e+03
4.663000000000000000e+03
4.944000000000000000e+03
4.763000000000000000e+03
4.471000000000000000e+03
4.269000000000000000e+03
4.084000000000000000e+03
4.087000000000000000e+03
3.962000000000000000e+03
3.631000000000000000e+03
3.318000000000000000e+03
3.259000000000000000e+03
3.278000000000000000e+03
3.135000000000000000e+03
2.996000000000000000e+03
2.966000000000000000e+03
2.937000000000000000e+03
2.784000000000000000e+03
2.651000000000000000e+03
2.468000000000000000e+03
2.398000000000000000e+03
2.297000000000000000e+03
2.396000000000000000e+03
2.326000000000000000e+03
2.197000000000000000e+03
2.242000000000000000e+03
2.294000000000000000e+03
2.358000000000000000e+03
2.436000000000000000e+03
2.606000000000000000e+03
2.699000000000000000e+03
2.692000000000000000e+03
2.883000000000000000e+03
2.969000000000000000e+03
3.050000000000000000e+03
3.139000000000000000e+03
3.426000000000000000e+03
3.804000000000000000e+03
3.823000000000000000e+03
3.669000000000000000e+03
3.527000000000000000e+03
3.125000000000000000e+03
3.195000000000000000e+03
2.956000000000000000e+03
2.770000000000000000e+03
2.588000000000000000e+03
2.376000000000000000e+03
2.388000000000000000e+03
2.227000000000000000e+03
2.287000000000000000e+03
2.306000000000000000e+03
2.274000000000000000e+03
2.269000000000000000e+03
2.265000000000000000e+03
2.275000000000000000e+03
2.161000000000000000e+03
2.209000000000000000e+03
2.332000000000000000e+03
2.217000000000000000e+03
2.413000000000000000e+03
2.428000000000000000e+03
2.344000000000000000e+03
2.637000000000000000e+03
2.524000000000000000e+03
2.676000000000000000e+03
2.845000000000000000e+03
2.671000000000000000e+03
2.586000000000000000e+03
2.451000000000000000e+03
2.498000000000000000e+03
2.650000000000000000e+03
2.549000000000000000e+03
2.291000000000000000e+03
2.309000000000000000e+03
2.194000000000000000e+03
2.303000000000000000e+03
2.193000000000000000e+03
2.332000000000000000e+03
2.253000000000000000e+03
2.359000000000000000e+03
2.450000000000000000e+03
2.516000000000000000e+03
2.585000000000000000e+03
2.645000000000000000e+03
2.675000000000000000e+03
2.608000000000000000e+03
2.602000000000000000e+03
2.566000000000000000e+03
2.749000000000000000e+03
2.887000000000000000e+03
2.938000000000000000e+03
2.841000000000000000e+03
3.112000000000000000e+03
3.102000000000000000e+03
2.738000000000000000e+03
2.491000000000000000e+03
2.622000000000000000e+03
2.573000000000000000e+03
2.535000000000000000e+03
2.397000000000000000e+03
2.413000000000000000e+03
2.530000000000000000e+03
2.736000000000000000e+03
2.599000000000000000e+03
2.623000000000000000e+03
2.749000000000000000e+03
2.870000000000000000e+03
2.803000000000000000e+03
2.921000000000000000e+03
2.658000000000000000e+03
2.389000000000000000e+03
2.332000000000000000e+03
2.319000000000000000e+03
2.541000000000000000e+03
2.596000000000000000e+03
2.457000000000000000e+03
2.345000000000000000e+03
2.484000000000000000e+03
2.469000000000000000e+03
2.444000000000000000e+03
2.551000000000000000e+03
2.522000000000000000e+03
2.475000000000000000e+03
2.532000000000000000e+03
2.442000000000000000e+03
2.336000000000000000e+03
2.554000000000000000e+03
2.470000000000000000e+03
2.557000000000000000e+03
2.842000000000000000e+03
2.980000000000000000e+03
3.009000000000000000e+03
3.100000000000000000e+03
2.889000000000000000e+03
3.102000000000000000e+03
2.705000000000000000e+03
2.529000000000000000e+03
2.506000000000000000e+03
2.521000000000000000e+03
2.679000000000000000e+03
2.660000000000000000e+03
2.604000000000000000e+03
2.387000000000000000e+03
2.320000000000000000e+03
2.371000000000000000e+03
2.379000000000000000e+03
2.311000000000000000e+03
2.221000000000000000e+03
2.059000000000000000e+03
2.141000000000000000e+03
2.170000000000000000e+03
2.579000000000000000e+03
2.627000000000000000e+03
2.492000000000000000e+03
2.997000000000000000e+03
3.492000000000000000e+03
4.774000000000000000e+03
7.709000000000000000e+03
8.324000000000000000e+03
8.530000000000000000e+03
9.341000000000000000e+03
9.973000000000000000e+03
8.624000000000000000e+03
8.810000000000000000e+03
7.850000000000000000e+03
6.482000000000000000e+03
6.426000000000000000e+03
6.639000000000000000e+03
8.564000000000000000e+03
1.380400000000000000e+04
2.231500000000000000e+04
5.317300000000000000e+04
