5.170900000000000000e+04
2.248000000000000000e+04
1.718400000000000000e+04
7.265000000000000000e+03
3.528000000000000000e+03
3.981000000000000000e+03
9.485000000000000000e+03
5.700000000000000000e+02
6.874000000000000000e+03
3.498000000000000000e+03
7.619000000000000000e+03
4.364700000000000000e+04
8.028800000000000000e+04
2.178570000000000000e+05
9.704500000000000000e+04
8.782800000000000000e+04
2.170100000000000000e+04
1.776100000000000000e+04
7.031000000000000000e+03
1.572800000000000000e+04
3.267800000000000000e+04
1.450600000000000000e+04
1.853700000000000000e+04
8.935000000000000000e+03
2.257800000000000000e+04
8.196000000000000000e+03
1.834400000000000000e+04
4.824000000000000000e+03
5.708000000000000000e+03
7.460000000000000000e+03
2.149500000000000000e+04
3.425000000000000000e+03
1.069800000000000000e+04
1.458900000000000000e+04
2.052000000000000000e+04
4.198400000000000000e+04
1.573100000000000000e+04
1.731600000000000000e+04
1.784600000000000000e+04
1.374500000000000000e+04
1.676500000000000000e+04
7.158000000000000000e+03
9.951000000000000000e+03
1.732500000000000000e+04
3.382000000000000000e+03
5.772000000000000000e+03
4.615000000000000000e+03
5.540000000000000000e+02
5.220000000000000000e+03
5.700000000000000000e+02
2.141000000000000000e+03
2.533000000000000000e+03
9.930000000000000000e+02
2.240000000000000000e+02
3.680000000000000000e+02
1.252000000000000000e+03
6.140000000000000000e+02
2.190000000000000000e+02
3.900000000000000000e+01
4.400000000000000000e+01
4.970000000000000000e+02
3.800000000000000000e+01
1.000000000000000000e+01
1.920000000000000000e+02
2.900000000000000000e+01
2.100000000000000000e+01
7.090000000000000000e+02
5.200000000000000000e+01
2.500000000000000000e+01
5.400000000000000000e+01
2.390000000000000000e+02
0.000000000000000000e+00
5.400000000000000000e+01
1.380000000000000000e+02
1.930000000000000000e+02
2.088000000000000000e+03
4.800000000000000000e+01
7.800000000000000000e+01
1.000000000000000000e+00
6.800000000000000000e+02
1.436000000000000000e+03
2.100000000000000000e+01
2.400000000000000000e+01
5.410000000000000000e+02
4.890000000000000000e+02
6.700000000000000000e+02
1.290000000000000000e+02
7.930000000000000000e+02
8.000000000000000000e+01
1.170000000000000000e+02
3.257000000000000000e+03
4.300000000000000000e+02
6.890000000000000000e+02
3.880000000000000000e+02
1.127000000000000000e+03
5.068000000000000000e+03
2.364000000000000000e+03
2.770000000000000000e+02
1.688000000000000000e+03
7.890000000000000000e+02
7.150000000000000000e+02
3.983000000000000000e+03
6.060000000000000000e+02
3.343000000000000000e+03
3.730000000000000000e+02
5.670000000000000000e+02
9.480000000000000000e+02
5.460000000000000000e+02
2.950000000000000000e+02
4.002000000000000000e+03
5.246000000000000000e+03
3.871000000000000000e+03
6.470000000000000000e+02
8.680000000000000000e+02
3.858000000000000000e+03
4.855000000000000000e+03
5.540000000000000000e+02
8.000000000000000000e+00
2.700000000000000000e+01
1.700000000000000000e+01
6.636000000000000000e+03
0.000000000000000000e+00
7.900000000000000000e+01
1.700000000000000000e+01
3.850000000000000000e+02
1.188000000000000000e+03
1.996000000000000000e+03
1.100000000000000000e+01
1.270000000000000000e+02
2.000000000000000000e+01
1.760000000000000000e+02
4.000000000000000000e+00
8.640000000000000000e+02
3.990000000000000000e+02
4.000000000000000000e+00
4.500000000000000000e+01
3.000000000000000000e+01
0.000000000000000000e+00
1.300000000000000000e+02
9.000000000000000000e+00
2.914000000000000000e+03
1.770000000000000000e+02
9.600000000000000000e+01
2.600000000000000000e+01
8.200000000000000000e+01
4.390000000000000000e+02
4.510000000000000000e+02
1.860000000000000000e+02
3.390000000000000000e+02
6.000000000000000000e+00
6.100000000000000000e+02
2.000000000000000000e+00
3.220000000000000000e+02
4.950000000000000000e+02
9.000000000000000000e+00
2.090000000000000000e+02
1.246000000000000000e+03
3.170000000000000000e+02
2.080000000000000000e+02
5.120000000000000000e+02
6.080000000000000000e+02
1.750000000000000000e+02
2.210000000000000000e+02
7.230000000000000000e+02
6.110000000000000000e+02
1.280000000000000000e+04
2.300000000000000000e+02
3.060000000000000000e+02
2.010000000000000000e+02
4.110000000000000000e+02
2.205000000000000000e+03
2.410000000000000000e+02
4.850000000000000000e+02
2.913000000000000000e+03
1.000000000000000000e+03
1.500000000000000000e+03
2.197000000000000000e+03
6.707000000000000000e+03
2.687400000000000000e+04
3.480100000000000000e+04
2.003600000000000000e+04
0.000000000000000000e+00
4.450000000000000000e+02
6.700000000000000000e+02
1.245000000000000000e+03
2.020000000000000000e+03
3.558000000000000000e+03
4.155000000000000000e+03
2.669000000000000000e+03
2.363000000000000000e+03
3.036000000000000000e+03
4.029000000000000000e+03
4.239000000000000000e+03
3.981000000000000000e+03
5.450000000000000000e+03
5.211000000000000000e+03
5.332000000000000000e+03
5.850000000000000000e+03
5.396000000000000000e+03
5.746000000000000000e+03
4.904000000000000000e+03
4.456000000000000000e+03
4.210000000000000000e+03
4.429000000000000000e+03
4.288000000000000000e+03
4.939000000000000000e+03
6.389000000000000000e+03
4.906000000000000000e+03
3.930000000000000000e+03
2.960000000000000000e+03
2.965000000000000000e+03
2.729000000000000000e+03
2.985000000000000000e+03
3.045000000000000000e+03
2.903000000000000000e+03
3.124000000000000000e+03
4.253000000000000000e+03
2.011000000000000000e+03
4.156000000000000000e+03
3.169000000000000000e+03
4.128000000000000000e+03
3.282000000000000000e+03
5.731000000000000000e+03
7.683000000000000000e+03
5.313000000000000000e+03
4.956000000000000000e+03
5.544000000000000000e+03
5.449000000000000000e+03
5.536000000000000000e+03
5.524000000000000000e+03
6.123000000000000000e+03
9.225000000000000000e+03
6.965000000000000000e+03
1.124800000000000000e+04
6.833000000000000000e+03
9.976000000000000000e+03
7.048000000000000000e+03
7.428000000000000000e+03
7.137000000000000000e+03
9.618000000000000000e+03
8.093000000000000000e+03
9.230000000000000000e+03
9.971000000000000000e+03
1.023900000000000000e+04
1.275600000000000000e+04
9.024000000000000000e+03
8.384000000000000000e+03
9.146000000000000000e+03
1.206300000000000000e+04
1.399200000000000000e+04
1.433900000000000000e+04
1.315400000000000000e+04
1.234900000000000000e+04
1.537100000000000000e+04
1.196100000000000000e+04
1.295400000000000000e+04
1.427300000000000000e+04
1.395600000000000000e+04
2.029000000000000000e+04
1.777000000000000000e+04
1.750900000000000000e+04
1.807600000000000000e+04
1.814200000000000000e+04
1.616500000000000000e+04
1.890800000000000000e+04
2.079300000000000000e+04
2.063000000000000000e+04
1.768700000000000000e+04
1.653700000000000000e+04
1.361700000000000000e+04
1.235200000000000000e+04
1.240600000000000000e+04
1.029000000000000000e+04
1.133400000000000000e+04
1.018900000000000000e+04
8.880000000000000000e+03
1.053700000000000000e+04
8.178000000000000000e+03
8.094000000000000000e+03
7.443000000000000000e+03
7.683000000000000000e+03
6.513000000000000000e+03
7.988000000000000000e+03
6.004000000000000000e+03
6.583000000000000000e+03
5.945000000000000000e+03
6.495000000000000000e+03
5.757000000000000000e+03
5.278000000000000000e+03
6.851000000000000000e+03
4.292000000000000000e+03
4.814000000000000000e+03
5.396000000000000000e+03
5.613000000000000000e+03
4.443000000000000000e+03
5.332000000000000000e+03
4.816000000000000000e+03
4.574000000000000000e+03
4.489000000000000000e+03
4.607000000000000000e+03
5.047000000000000000e+03
4.146000000000000000e+03
3.872000000000000000e+03
3.652000000000000000e+03
3.380000000000000000e+03
2.948000000000000000e+03
2.213000000000000000e+03
4.051000000000000000e+03
9.248000000000000000e+03
1.917000000000000000e+03
2.874000000000000000e+03
3.076000000000000000e+03
3.247000000000000000e+03
3.036000000000000000e+03
3.519000000000000000e+03
3.891000000000000000e+03
3.322000000000000000e+03
4.144000000000000000e+03
2.944000000000000000e+03
3.146000000000000000e+03
3.342000000000000000e+03
2.525000000000000000e+03
3.527000000000000000e+03
4.455000000000000000e+03
2.303000000000000000e+03
2.426000000000000000e+03
3.758000000000000000e+03
2.486000000000000000e+03
3.061000000000000000e+03
4.661000000000000000e+03
2.523000000000000000e+03
2.549000000000000000e+03
2.056000000000000000e+03
4.889000000000000000e+03
1.861000000000000000e+03
3.524000000000000000e+03
3.120000000000000000e+03
2.657000000000000000e+03
2.957000000000000000e+03
3.658000000000000000e+03
1.606000000000000000e+03
2.914000000000000000e+03
4.248000000000000000e+03
2.271000000000000000e+03
2.571000000000000000e+03
3.210000000000000000e+03
2.356000000000000000e+03
2.925000000000000000e+03
2.576000000000000000e+03
1.039000000000000000e+03
6.523000000000000000e+03
9.840000000000000000e+02
1.982000000000000000e+03
2.935000000000000000e+03
2.327000000000000000e+03
2.514000000000000000e+03
1.296000000000000000e+03
2.896000000000000000e+03
1.192000000000000000e+03
3.948000000000000000e+03
1.774000000000000000e+03
2.286000000000000000e+03
2.465000000000000000e+03
1.293000000000000000e+03
1.958000000000000000e+03
2.684000000000000000e+03
1.115000000000000000e+03
2.066000000000000000e+03
3.033000000000000000e+03
1.393000000000000000e+03
8.770000000000000000e+02
4.109000000000000000e+03
3.400000000000000000e+02
1.648000000000000000e+03
1.343000000000000000e+03
1.322000000000000000e+03
1.780000000000000000e+03
2.008000000000000000e+03
3.082000000000000000e+03
8.050000000000000000e+02
2.304000000000000000e+03
1.202000000000000000e+03
1.349000000000000000e+03
1.049000000000000000e+03
2.440000000000000000e+03
7.540000000000000000e+02
1.890000000000000000e+03
1.182000000000000000e+03
1.055000000000000000e+03
2.108000000000000000e+03
1.697000000000000000e+03
1.302000000000000000e+03
6.160000000000000000e+02
2.223000000000000000e+03
1.429000000000000000e+03
1.243000000000000000e+03
1.833000000000000000e+03
1.650000000000000000e+03
8.820000000000000000e+02
2.425000000000000000e+03
1.825000000000000000e+03
2.049000000000000000e+03
2.361000000000000000e+03
3.575000000000000000e+03
2.614000000000000000e+03
2.615000000000000000e+03
2.874000000000000000e+03
3.358000000000000000e+03
3.258000000000000000e+03
2.153000000000000000e+03
3.369000000000000000e+03
2.349000000000000000e+03
2.895000000000000000e+03
2.777000000000000000e+03
2.906000000000000000e+03
2.469000000000000000e+03
2.270000000000000000e+03
2.348000000000000000e+03
2.997000000000000000e+03
2.342000000000000000e+03
3.097000000000000000e+03
3.271000000000000000e+03
3.922000000000000000e+03
3.819000000000000000e+03
3.879000000000000000e+03
2.967000000000000000e+03
2.535000000000000000e+03
1.302000000000000000e+03
1.681000000000000000e+03
5.850000000000000000e+02
4.400000000000000000e+02
2.650000000000000000e+02
6.900000000000000000e+01
2.200000000000000000e+02
0.000000000000000000e+00
2.348200000000000000e+04
9.000000000000000000e+00
5.900000000000000000e+01
1.340000000000000000e+02
5.250000000000000000e+02
1.895000000000000000e+03
4.037000000000000000e+03
5.197000000000000000e+03
4.441000000000000000e+03
4.293000000000000000e+03
4.863000000000000000e+03
5.556000000000000000e+03
6.356000000000000000e+03
6.844000000000000000e+03
7.578000000000000000e+03
9.238000000000000000e+03
9.235000000000000000e+03
9.019000000000000000e+03
9.491000000000000000e+03
9.649000000000000000e+03
9.956000000000000000e+03
1.023200000000000000e+04
1.002100000000000000e+04
9.645000000000000000e+03
9.126000000000000000e+03
8.550000000000000000e+03
8.481000000000000000e+03
8.252000000000000000e+03
7.880000000000000000e+03
7.813000000000000000e+03
7.855000000000000000e+03
7.485000000000000000e+03
7.521000000000000000e+03
7.392000000000000000e+03
7.168000000000000000e+03
6.975000000000000000e+03
6.809000000000000000e+03
6.722000000000000000e+03
6.554000000000000000e+03
6.389000000000000000e+03
6.322000000000000000e+03
6.108000000000000000e+03
6.027000000000000000e+03
6.000000000000000000e+03
5.789000000000000000e+03
5.626000000000000000e+03
5.580000000000000000e+03
5.486000000000000000e+03
5.382000000000000000e+03
5.189000000000000000e+03
5.081000000000000000e+03
4.931000000000000000e+03
4.791000000000000000e+03
4.838000000000000000e+03
4.753000000000000000e+03
4.429000000000000000e+03
4.444000000000000000e+03
4.267000000000000000e+03
3.941000000000000000e+03
4.009000000000000000e+03
3.808000000000000000e+03
3.776000000000000000e+03
3.730000000000000000e+03
3.750000000000000000e+03
3.736000000000000000e+03
3.802000000000000000e+03
3.759000000000000000e+03
3.883000000000000000e+03
3.909000000000000000e+03
4.058000000000000000e+03
4.004000000000000000e+03
4.167000000000000000e+03
4.281000000000000000e+03
4.512000000000000000e+03
4.672000000000000000e+03
4.761000000000000000e+03
4.881000000000000000e+03
5.053000000000000000e+03
5.389000000000000000e+03
5.532000000000000000e+03
5.721000000000000000e+03
5.804000000000000000e+03
6.069000000000000000e+03
6.171000000000000000e+03
6.332000000000000000e+03
6.397000000000000000e+03
6.563000000000000000e+03
6.483000000000000000e+03
6.535000000000000000e+03
6.732000000000000000e+03
6.932000000000000000e+03
6.920000000000000000e+03
7.119000000000000000e+03
7.558000000000000000e+03
7.785000000000000000e+03
8.025000000000000000e+03
8.119000000000000000e+03
8.314000000000000000e+03
8.503000000000000000e+03
8.437000000000000000e+03
8.652000000000000000e+03
8.888000000000000000e+03
9.231000000000000000e+03
9.188000000000000000e+03
9.377000000000000000e+03
1.009200000000000000e+04
9.815000000000000000e+03
1.004500000000000000e+04
9.973000000000000000e+03
1.018900000000000000e+04
1.033300000000000000e+04
1.038000000000000000e+04
1.018600000000000000e+04
1.000900000000000000e+04
1.019000000000000000e+04
1.056300000000000000e+04
1.094700000000000000e+04
1.092900000000000000e+04
1.032700000000000000e+04
1.036500000000000000e+04
1.043800000000000000e+04
1.039200000000000000e+04
1.061100000000000000e+04
1.013900000000000000e+04
9.929000000000000000e+03
9.459000000000000000e+03
9.087000000000000000e+03
9.220000000000000000e+03
8.978000000000000000e+03
8.523000000000000000e+03
8.294000000000000000e+03
8.129000000000000000e+03
8.032000000000000000e+03
7.714000000000000000e+03
7.318000000000000000e+03
7.091000000000000000e+03
6.498000000000000000e+03
6.507000000000000000e+03
6.277000000000000000e+03
5.985000000000000000e+03
5.618000000000000000e+03
5.376000000000000000e+03
5.330000000000000000e+03
5.068000000000000000e+03
4.935000000000000000e+03
4.885000000000000000e+03
5.044000000000000000e+03
4.882000000000000000e+03
4.812000000000000000e+03
4.531000000000000000e+03
4.450000000000000000e+03
4.138000000000000000e+03
3.861000000000000000e+03
3.722000000000000000e+03
3.342000000000000000e+03
3.225000000000000000e+03
3.141000000000000000e+03
2.929000000000000000e+03
2.855000000000000000e+03
2.709000000000000000e+03
2.645000000000000000e+03
2.594000000000000000e+03
2.449000000000000000e+03
2.506000000000000000e+03
2.507000000000000000e+03
2.302000000000000000e+03
2.351000000000000000e+03
2.278000000000000000e+03
2.302000000000000000e+03
2.194000000000000000e+03
2.171000000000000000e+03
2.256000000000000000e+03
2.077000000000000000e+03
1.949000000000000000e+03
1.801000000000000000e+03
1.789000000000000000e+03
1.849000000000000000e+03
1.762000000000000000e+03
1.783000000000000000e+03
1.829000000000000000e+03
1.814000000000000000e+03
1.722000000000000000e+03
2.149000000000000000e+03
2.829000000000000000e+03
2.977000000000000000e+03
2.728000000000000000e+03
3.537000000000000000e+03
3.667000000000000000e+03
3.421000000000000000e+03
2.875000000000000000e+03
2.748000000000000000e+03
2.868000000000000000e+03
3.491000000000000000e+03
5.570000000000000000e+03
5.777000000000000000e+03
5.839000000000000000e+03
4.938000000000000000e+03
5.113000000000000000e+03
5.127000000000000000e+03
5.077000000000000000e+03
4.542000000000000000e+03
4.412000000000000000e+03
5.497000000000000000e+03
5.242000000000000000e+03
5.269000000000000000e+03
5.401000000000000000e+03
6.206000000000000000e+03
5.473000000000000000e+03
5.565000000000000000e+03
5.210000000000000000e+03
5.009000000000000000e+03
4.903000000000000000e+03
5.141000000000000000e+03
5.074000000000000000e+03
4.187000000000000000e+03
4.084000000000000000e+03
4.601000000000000000e+03
5.129000000000000000e+03
6.823000000000000000e+03
5.925000000000000000e+03
5.432000000000000000e+03
4.149000000000000000e+03
2.844000000000000000e+03
2.534000000000000000e+03
2.302000000000000000e+03
2.096000000000000000e+03
1.317000000000000000e+03
1.236000000000000000e+03
1.087000000000000000e+03
1.022000000000000000e+03
1.111000000000000000e+03
1.209000000000000000e+03
1.926000000000000000e+03
2.530000000000000000e+03
1.139000000000000000e+03
6.000000000000000000e+02
3.680000000000000000e+02
2.730000000000000000e+02
2.060000000000000000e+02
2.000000000000000000e+02
1.840000000000000000e+02
1.810000000000000000e+02
1.650000000000000000e+02
1.610000000000000000e+02
1.350000000000000000e+02
1.580000000000000000e+02
1.300000000000000000e+02
1.520000000000000000e+02
1.490000000000000000e+02
1.440000000000000000e+02
1.590000000000000000e+02
1.450000000000000000e+02
1.290000000000000000e+02
1.270000000000000000e+02
8.400000000000000000e+01
7.000000000000000000e+01
1.790000000000000000e+02
