4.090000000000000000e+02
4.040000000000000000e+02
3.960000000000000000e+02
3.310000000000000000e+02
5.140000000000000000e+02
6.210000000000000000e+02
6.670000000000000000e+02
8.430000000000000000e+02
9.990000000000000000e+02
5.640000000000000000e+02
4.380000000000000000e+02
5.230000000000000000e+02
3.160000000000000000e+02
5.460000000000000000e+02
3.780000000000000000e+02
3.810000000000000000e+02
3.830000000000000000e+02
3.330000000000000000e+02
2.710000000000000000e+02
3.040000000000000000e+02
2.860000000000000000e+02
2.660000000000000000e+02
3.450000000000000000e+02
2.860000000000000000e+02
2.520000000000000000e+02
1.820000000000000000e+02
3.020000000000000000e+02
1.720000000000000000e+02
2.210000000000000000e+02
2.320000000000000000e+02
4.040000000000000000e+02
1.650000000000000000e+02
3.180000000000000000e+02
1.510000000000000000e+02
5.490000000000000000e+02
9.080000000000000000e+02
9.950000000000000000e+02
8.870000000000000000e+02
1.864000000000000000e+03
2.275000000000000000e+03
3.870000000000000000e+03
3.635000000000000000e+03
5.687000000000000000e+03
3.763000000000000000e+03
3.398000000000000000e+03
2.014000000000000000e+03
1.564000000000000000e+03
8.350000000000000000e+02
8.350000000000000000e+02
4.650000000000000000e+02
6.320000000000000000e+02
6.130000000000000000e+02
4.370000000000000000e+02
4.870000000000000000e+02
3.130000000000000000e+02
6.680000000000000000e+02
5.130000000000000000e+02
3.730000000000000000e+02
3.740000000000000000e+02
5.120000000000000000e+02
5.070000000000000000e+02
4.270000000000000000e+02
5.620000000000000000e+02
9.310000000000000000e+02
1.118000000000000000e+03
7.350000000000000000e+02
7.450000000000000000e+02
4.000000000000000000e+02
1.030000000000000000e+02
2.500000000000000000e+02
1.950000000000000000e+02
6.400000000000000000e+01
1.170000000000000000e+02
1.130000000000000000e+02
2.480000000000000000e+02
6.900000000000000000e+01
1.150000000000000000e+02
1.700000000000000000e+02
0.000000000000000000e+00
1.450000000000000000e+02
3.720000000000000000e+02
8.000000000000000000e+01
1.500000000000000000e+01
1.100000000000000000e+02
3.860000000000000000e+02
1.680000000000000000e+02
1.700000000000000000e+01
4.820000000000000000e+02
1.600000000000000000e+02
6.300000000000000000e+01
1.215000000000000000e+03
1.530000000000000000e+02
4.090000000000000000e+02
7.180000000000000000e+02
1.300000000000000000e+01
2.161000000000000000e+03
2.360000000000000000e+02
8.000000000000000000e+00
1.862000000000000000e+03
7.600000000000000000e+02
2.890000000000000000e+02
2.654000000000000000e+03
2.850000000000000000e+02
1.336000000000000000e+03
1.742000000000000000e+03
2.040000000000000000e+03
1.836000000000000000e+03
1.653000000000000000e+03
1.013000000000000000e+03
1.010000000000000000e+03
1.215000000000000000e+03
2.197000000000000000e+03
2.231000000000000000e+03
1.133000000000000000e+03
9.840000000000000000e+02
7.480000000000000000e+02
1.371000000000000000e+03
4.870000000000000000e+02
2.410000000000000000e+02
2.970000000000000000e+02
6.160000000000000000e+02
1.040000000000000000e+02
4.640000000000000000e+02
3.490000000000000000e+02
3.100000000000000000e+02
6.070000000000000000e+02
9.200000000000000000e+01
1.260000000000000000e+02
8.000000000000000000e+01
3.400000000000000000e+01
6.700000000000000000e+01
1.500000000000000000e+01
5.500000000000000000e+01
6.100000000000000000e+01
1.600000000000000000e+01
3.600000000000000000e+01
2.400000000000000000e+01
8.000000000000000000e+00
4.100000000000000000e+01
3.000000000000000000e+00
4.300000000000000000e+01
3.300000000000000000e+01
1.500000000000000000e+01
6.000000000000000000e+00
5.000000000000000000e+00
1.900000000000000000e+01
1.200000000000000000e+01
6.000000000000000000e+00
9.000000000000000000e+00
1.000000000000000000e+00
1.300000000000000000e+01
0.000000000000000000e+00
3.100000000000000000e+01
2.000000000000000000e+01
0.000000000000000000e+00
7.000000000000000000e+00
4.400000000000000000e+01
3.600000000000000000e+01
1.100000000000000000e+01
7.200000000000000000e+01
6.300000000000000000e+01
2.900000000000000000e+01
5.800000000000000000e+01
2.200000000000000000e+01
1.040000000000000000e+02
3.400000000000000000e+01
1.600000000000000000e+01
1.060000000000000000e+02
6.000000000000000000e+00
3.300000000000000000e+01
1.780000000000000000e+02
2.500000000000000000e+01
9.300000000000000000e+01
8.100000000000000000e+01
1.670000000000000000e+02
1.370000000000000000e+02
1.780000000000000000e+02
2.400000000000000000e+02
1.660000000000000000e+02
2.440000000000000000e+02
7.300000000000000000e+01
0.000000000000000000e+00
4.600000000000000000e+01
3.900000000000000000e+01
1.300000000000000000e+01
1.300000000000000000e+01
5.000000000000000000e+01
2.800000000000000000e+01
2.400000000000000000e+01
6.500000000000000000e+01
1.200000000000000000e+01
5.300000000000000000e+01
4.300000000000000000e+01
3.500000000000000000e+01
5.400000000000000000e+01
5.800000000000000000e+01
8.600000000000000000e+01
4.900000000000000000e+01
7.600000000000000000e+01
8.000000000000000000e+01
7.200000000000000000e+01
7.500000000000000000e+01
6.000000000000000000e+01
7.400000000000000000e+01
7.400000000000000000e+01
8.600000000000000000e+01
1.240000000000000000e+02
1.290000000000000000e+02
1.350000000000000000e+02
1.580000000000000000e+02
1.360000000000000000e+02
1.260000000000000000e+02
1.730000000000000000e+02
1.760000000000000000e+02
1.670000000000000000e+02
1.690000000000000000e+02
2.260000000000000000e+02
1.480000000000000000e+02
2.020000000000000000e+02
2.130000000000000000e+02
2.200000000000000000e+02
2.130000000000000000e+02
2.110000000000000000e+02
2.380000000000000000e+02
2.920000000000000000e+02
2.410000000000000000e+02
2.780000000000000000e+02
2.890000000000000000e+02
3.000000000000000000e+02
3.150000000000000000e+02
2.660000000000000000e+02
3.670000000000000000e+02
3.240000000000000000e+02
3.700000000000000000e+02
3.600000000000000000e+02
3.740000000000000000e+02
3.270000000000000000e+02
3.860000000000000000e+02
4.090000000000000000e+02
3.910000000000000000e+02
4.390000000000000000e+02
4.820000000000000000e+02
5.630000000000000000e+02
4.280000000000000000e+02
5.450000000000000000e+02
4.730000000000000000e+02
4.060000000000000000e+02
5.190000000000000000e+02
5.050000000000000000e+02
4.000000000000000000e+02
5.070000000000000000e+02
4.590000000000000000e+02
4.620000000000000000e+02
4.440000000000000000e+02
5.000000000000000000e+02
4.610000000000000000e+02
3.700000000000000000e+02
5.060000000000000000e+02
4.280000000000000000e+02
2.750000000000000000e+02
3.260000000000000000e+02
4.270000000000000000e+02
2.620000000000000000e+02
5.180000000000000000e+02
1.650000000000000000e+02
6.460000000000000000e+02
1.620000000000000000e+02
5.950000000000000000e+02
3.330000000000000000e+02
4.520000000000000000e+02
4.490000000000000000e+02
4.840000000000000000e+02
4.600000000000000000e+02
5.710000000000000000e+02
6.060000000000000000e+02
5.060000000000000000e+02
7.670000000000000000e+02
5.050000000000000000e+02
7.110000000000000000e+02
6.220000000000000000e+02
7.550000000000000000e+02
7.250000000000000000e+02
7.730000000000000000e+02
8.560000000000000000e+02
7.950000000000000000e+02
7.670000000000000000e+02
9.920000000000000000e+02
8.600000000000000000e+02
1.107000000000000000e+03
1.106000000000000000e+03
8.680000000000000000e+02
1.154000000000000000e+03
1.076000000000000000e+03
1.431000000000000000e+03
1.356000000000000000e+03
1.203000000000000000e+03
1.436000000000000000e+03
1.301000000000000000e+03
1.629000000000000000e+03
1.336000000000000000e+03
1.672000000000000000e+03
1.487000000000000000e+03
1.535000000000000000e+03
1.670000000000000000e+03
1.878000000000000000e+03
1.351000000000000000e+03
1.280000000000000000e+03
1.309000000000000000e+03
1.589000000000000000e+03
1.168000000000000000e+03
1.061000000000000000e+03
1.775000000000000000e+03
1.214000000000000000e+03
9.260000000000000000e+02
9.420000000000000000e+02
1.286000000000000000e+03
7.060000000000000000e+02
7.610000000000000000e+02
1.015000000000000000e+03
8.430000000000000000e+02
7.270000000000000000e+02
5.470000000000000000e+02
7.540000000000000000e+02
1.014000000000000000e+03
3.910000000000000000e+02
5.410000000000000000e+02
6.340000000000000000e+02
7.940000000000000000e+02
5.040000000000000000e+02
5.020000000000000000e+02
4.580000000000000000e+02
6.960000000000000000e+02
3.200000000000000000e+02
5.280000000000000000e+02
2.510000000000000000e+02
4.790000000000000000e+02
5.030000000000000000e+02
2.160000000000000000e+02
4.290000000000000000e+02
5.100000000000000000e+02
2.120000000000000000e+02
2.080000000000000000e+02
4.280000000000000000e+02
2.240000000000000000e+02
1.990000000000000000e+02
3.480000000000000000e+02
1.810000000000000000e+02
3.630000000000000000e+02
1.300000000000000000e+02
1.100000000000000000e+02
4.450000000000000000e+02
9.300000000000000000e+01
1.030000000000000000e+02
2.940000000000000000e+02
1.320000000000000000e+02
1.550000000000000000e+02
1.780000000000000000e+02
1.880000000000000000e+02
1.010000000000000000e+02
2.650000000000000000e+02
9.200000000000000000e+01
1.710000000000000000e+02
2.290000000000000000e+02
9.200000000000000000e+01
1.060000000000000000e+02
2.440000000000000000e+02
1.030000000000000000e+02
1.520000000000000000e+02
1.780000000000000000e+02
1.400000000000000000e+02
6.800000000000000000e+01
2.210000000000000000e+02
6.200000000000000000e+01
1.620000000000000000e+02
1.120000000000000000e+02
9.900000000000000000e+01
1.520000000000000000e+02
1.200000000000000000e+02
1.870000000000000000e+02
9.900000000000000000e+01
1.650000000000000000e+02
1.210000000000000000e+02
1.160000000000000000e+02
7.500000000000000000e+01
1.780000000000000000e+02
8.200000000000000000e+01
1.860000000000000000e+02
1.230000000000000000e+02
1.320000000000000000e+02
1.370000000000000000e+02
1.370000000000000000e+02
1.260000000000000000e+02
7.600000000000000000e+01
1.420000000000000000e+02
1.270000000000000000e+02
1.110000000000000000e+02
9.200000000000000000e+01
1.480000000000000000e+02
5.900000000000000000e+01
1.170000000000000000e+02
1.040000000000000000e+02
8.100000000000000000e+01
8.700000000000000000e+01
1.070000000000000000e+02
8.300000000000000000e+01
5.500000000000000000e+01
5.500000000000000000e+01
6.300000000000000000e+01
1.000000000000000000e+02
5.400000000000000000e+01
7.400000000000000000e+01
5.700000000000000000e+01
3.200000000000000000e+01
4.600000000000000000e+01
2.800000000000000000e+01
5.200000000000000000e+01
3.300000000000000000e+01
4.700000000000000000e+01
3.700000000000000000e+01
4.500000000000000000e+01
3.200000000000000000e+01
8.500000000000000000e+01
2.700000000000000000e+01
3.000000000000000000e+01
2.100000000000000000e+01
3.900000000000000000e+01
3.700000000000000000e+01
4.100000000000000000e+01
2.500000000000000000e+01
3.200000000000000000e+01
2.000000000000000000e+01
1.700000000000000000e+01
9.000000000000000000e+00
1.000000000000000000e+00
0.000000000000000000e+00
7.300000000000000000e+02
0.000000000000000000e+00
1.000000000000000000e+00
0.000000000000000000e+00
1.000000000000000000e+00
0.000000000000000000e+00
1.000000000000000000e+00
1.000000000000000000e+00
0.000000000000000000e+00
0.000000000000000000e+00
0.000000000000000000e+00
0.000000000000000000e+00
0.000000000000000000e+00
1.000000000000000000e+00
2.000000000000000000e+00
4.000000000000000000e+00
1.000000000000000000e+01
6.000000000000000000e+01
9.500000000000000000e+01
1.430000000000000000e+02
1.740000000000000000e+02
1.960000000000000000e+02
2.750000000000000000e+02
3.060000000000000000e+02
3.940000000000000000e+02
5.340000000000000000e+02
7.730000000000000000e+02
9.380000000000000000e+02
1.165000000000000000e+03
1.255000000000000000e+03
1.469000000000000000e+03
1.600000000000000000e+03
1.920000000000000000e+03
2.288000000000000000e+03
2.256000000000000000e+03
2.141000000000000000e+03
2.067000000000000000e+03
1.914000000000000000e+03
1.924000000000000000e+03
1.815000000000000000e+03
1.498000000000000000e+03
1.380000000000000000e+03
1.168000000000000000e+03
1.002000000000000000e+03
9.120000000000000000e+02
8.130000000000000000e+02
6.910000000000000000e+02
5.090000000000000000e+02
4.950000000000000000e+02
4.100000000000000000e+02
3.910000000000000000e+02
3.430000000000000000e+02
3.290000000000000000e+02
3.060000000000000000e+02
3.060000000000000000e+02
3.060000000000000000e+02
2.950000000000000000e+02
3.140000000000000000e+02
3.000000000000000000e+02
2.570000000000000000e+02
2.920000000000000000e+02
2.820000000000000000e+02
2.850000000000000000e+02
2.750000000000000000e+02
2.610000000000000000e+02
2.900000000000000000e+02
3.170000000000000000e+02
3.370000000000000000e+02
3.520000000000000000e+02
4.320000000000000000e+02
4.030000000000000000e+02
3.930000000000000000e+02
4.300000000000000000e+02
4.180000000000000000e+02
4.770000000000000000e+02
5.370000000000000000e+02
5.650000000000000000e+02
5.800000000000000000e+02
5.550000000000000000e+02
5.670000000000000000e+02
5.840000000000000000e+02
4.980000000000000000e+02
5.070000000000000000e+02
5.000000000000000000e+02
4.520000000000000000e+02
4.380000000000000000e+02
4.150000000000000000e+02
4.510000000000000000e+02
4.550000000000000000e+02
4.920000000000000000e+02
5.080000000000000000e+02
4.990000000000000000e+02
4.870000000000000000e+02
5.130000000000000000e+02
4.740000000000000000e+02
5.000000000000000000e+02
4.850000000000000000e+02
5.150000000000000000e+02
5.240000000000000000e+02
5.440000000000000000e+02
5.950000000000000000e+02
6.310000000000000000e+02
6.180000000000000000e+02
5.890000000000000000e+02
5.910000000000000000e+02
6.200000000000000000e+02
6.120000000000000000e+02
6.880000000000000000e+02
7.160000000000000000e+02
7.340000000000000000e+02
7.560000000000000000e+02
8.090000000000000000e+02
7.570000000000000000e+02
7.800000000000000000e+02
8.200000000000000000e+02
8.250000000000000000e+02
8.370000000000000000e+02
8.440000000000000000e+02
8.380000000000000000e+02
9.870000000000000000e+02
9.570000000000000000e+02
9.900000000000000000e+02
9.680000000000000000e+02
9.610000000000000000e+02
9.950000000000000000e+02
9.860000000000000000e+02
9.980000000000000000e+02
9.920000000000000000e+02
1.010000000000000000e+03
9.830000000000000000e+02
9.040000000000000000e+02
9.140000000000000000e+02
8.280000000000000000e+02
8.020000000000000000e+02
6.820000000000000000e+02
6.430000000000000000e+02
5.300000000000000000e+02
4.840000000000000000e+02
3.540000000000000000e+02
3.420000000000000000e+02
3.090000000000000000e+02
2.920000000000000000e+02
2.520000000000000000e+02
2.090000000000000000e+02
2.070000000000000000e+02
1.930000000000000000e+02
2.190000000000000000e+02
1.900000000000000000e+02
1.510000000000000000e+02
1.620000000000000000e+02
1.690000000000000000e+02
1.700000000000000000e+02
1.790000000000000000e+02
1.740000000000000000e+02
1.660000000000000000e+02
1.740000000000000000e+02
1.700000000000000000e+02
1.700000000000000000e+02
1.650000000000000000e+02
1.490000000000000000e+02
1.530000000000000000e+02
1.520000000000000000e+02
1.460000000000000000e+02
1.240000000000000000e+02
1.150000000000000000e+02
1.150000000000000000e+02
1.320000000000000000e+02
1.160000000000000000e+02
1.260000000000000000e+02
1.210000000000000000e+02
1.000000000000000000e+02
1.020000000000000000e+02
1.500000000000000000e+02
1.050000000000000000e+02
1.300000000000000000e+02
1.040000000000000000e+02
1.160000000000000000e+02
1.180000000000000000e+02
1.110000000000000000e+02
8.600000000000000000e+01
9.700000000000000000e+01
1.000000000000000000e+02
9.600000000000000000e+01
9.200000000000000000e+01
8.600000000000000000e+01
8.800000000000000000e+01
1.080000000000000000e+02
8.500000000000000000e+01
8.300000000000000000e+01
7.500000000000000000e+01
8.600000000000000000e+01
9.900000000000000000e+01
7.800000000000000000e+01
1.000000000000000000e+02
7.800000000000000000e+01
8.600000000000000000e+01
8.300000000000000000e+01
6.400000000000000000e+01
7.800000000000000000e+01
7.400000000000000000e+01
6.800000000000000000e+01
6.900000000000000000e+01
6.800000000000000000e+01
8.000000000000000000e+01
7.200000000000000000e+01
7.600000000000000000e+01
5.200000000000000000e+01
7.000000000000000000e+01
7.500000000000000000e+01
7.200000000000000000e+01
7.000000000000000000e+01
8.300000000000000000e+01
8.000000000000000000e+01
6.600000000000000000e+01
8.600000000000000000e+01
9.200000000000000000e+01
6.700000000000000000e+01
7.300000000000000000e+01
7.100000000000000000e+01
7.100000000000000000e+01
9.700000000000000000e+01
8.300000000000000000e+01
8.300000000000000000e+01
6.800000000000000000e+01
7.100000000000000000e+01
8.100000000000000000e+01
8.300000000000000000e+01
8.900000000000000000e+01
1.270000000000000000e+02
1.720000000000000000e+02
1.820000000000000000e+02
1.470000000000000000e+02
1.390000000000000000e+02
1.280000000000000000e+02
9.700000000000000000e+01
7.400000000000000000e+01
7.000000000000000000e+01
5.200000000000000000e+01
4.600000000000000000e+01
4.700000000000000000e+01
4.100000000000000000e+01
2.800000000000000000e+01
2.000000000000000000e+01
2.700000000000000000e+01
2.600000000000000000e+01
1.700000000000000000e+01
1.500000000000000000e+01
1.300000000000000000e+01
9.000000000000000000e+00
8.000000000000000000e+00
8.000000000000000000e+00
6.000000000000000000e+00
7.000000000000000000e+00
3.000000000000000000e+00
1.000000000000000000e+01
4.000000000000000000e+00
3.000000000000000000e+01
