2.300000000000000000e+01
1.200000000000000000e+01
2.600000000000000000e+01
5.500000000000000000e+01
2.370000000000000000e+02
3.290000000000000000e+02
4.240000000000000000e+02
5.670000000000000000e+02
1.156000000000000000e+03
1.690000000000000000e+03
2.109000000000000000e+03
2.390000000000000000e+03
5.270000000000000000e+02
3.530000000000000000e+02
2.180000000000000000e+02
2.220000000000000000e+02
2.030000000000000000e+02
1.530000000000000000e+02
9.400000000000000000e+01
1.370000000000000000e+02
1.300000000000000000e+02
1.390000000000000000e+02
1.380000000000000000e+02
9.000000000000000000e+01
1.430000000000000000e+02
6.800000000000000000e+01
1.700000000000000000e+02
6.000000000000000000e+01
6.100000000000000000e+01
7.000000000000000000e+01
1.630000000000000000e+02
4.000000000000000000e+01
8.300000000000000000e+01
8.300000000000000000e+01
1.130000000000000000e+02
2.050000000000000000e+02
1.670000000000000000e+02
3.200000000000000000e+02
5.240000000000000000e+02
7.540000000000000000e+02
8.940000000000000000e+02
1.196000000000000000e+03
2.489000000000000000e+03
3.464000000000000000e+03
4.131000000000000000e+03
7.698000000000000000e+03
8.606000000000000000e+03
1.072000000000000000e+04
1.190600000000000000e+04
8.355000000000000000e+03
7.480000000000000000e+03
4.009000000000000000e+03
4.011000000000000000e+03
1.808000000000000000e+03
1.377000000000000000e+03
1.450000000000000000e+03
8.290000000000000000e+02
6.990000000000000000e+02
5.180000000000000000e+02
3.450000000000000000e+02
3.270000000000000000e+02
2.280000000000000000e+02
1.730000000000000000e+02
1.830000000000000000e+02
1.090000000000000000e+02
1.010000000000000000e+02
1.630000000000000000e+02
5.300000000000000000e+01
4.800000000000000000e+01
4.800000000000000000e+01
5.000000000000000000e+01
7.000000000000000000e+00
9.000000000000000000e+00
3.800000000000000000e+01
4.600000000000000000e+01
4.300000000000000000e+01
8.000000000000000000e+00
3.000000000000000000e+00
0.000000000000000000e+00
7.000000000000000000e+00
5.900000000000000000e+01
0.000000000000000000e+00
0.000000000000000000e+00
4.700000000000000000e+01
4.000000000000000000e+00
9.000000000000000000e+00
0.000000000000000000e+00
2.300000000000000000e+01
0.000000000000000000e+00
0.000000000000000000e+00
1.900000000000000000e+01
0.000000000000000000e+00
0.000000000000000000e+00
2.000000000000000000e+00
0.000000000000000000e+00
0.000000000000000000e+00
1.300000000000000000e+01
0.000000000000000000e+00
0.000000000000000000e+00
0.000000000000000000e+00
0.000000000000000000e+00
1.700000000000000000e+01
0.000000000000000000e+00
0.000000000000000000e+00
0.000000000000000000e+00
0.000000000000000000e+00
0.000000000000000000e+00
0.000000000000000000e+00
0.000000000000000000e+00
0.000000000000000000e+00
5.000000000000000000e+00
0.000000000000000000e+00
0.000000000000000000e+00
0.000000000000000000e+00
2.000000000000000000e+00
0.000000000000000000e+00
0.000000000000000000e+00
0.000000000000000000e+00
0.000000000000000000e+00
0.000000000000000000e+00
1.000000000000000000e+01
0.000000000000000000e+00
0.000000000000000000e+00
0.000000000000000000e+00
0.000000000000000000e+00
0.000000000000000000e+00
1.000000000000000000e+00
0.000000000000000000e+00
0.000000000000000000e+00
0.000000000000000000e+00
0.000000000000000000e+00
0.000000000000000000e+00
0.000000000000000000e+00
0.000000000000000000e+00
0.000000000000000000e+00
0.000000000000000000e+00
0.000000000000000000e+00
0.000000000000000000e+00
0.000000000000000000e+00
0.000000000000000000e+00
0.000000000000000000e+00
0.000000000000000000e+00
0.000000000000000000e+00
0.000000000000000000e+00
0.000000000000000000e+00
0.000000000000000000e+00
0.000000000000000000e+00
0.000000000000000000e+00
0.000000000000000000e+00
0.000000000000000000e+00
0.000000000000000000e+00
0.000000000000000000e+00
0.000000000000000000e+00
0.000000000000000000e+00
0.000000000000000000e+00
0.000000000000000000e+00
0.000000000000000000e+00
0.000000000000000000e+00
0.000000000000000000e+00
0.000000000000000000e+00
0.000000000000000000e+00
0.000000000000000000e+00
0.000000000000000000e+00
0.000000000000000000e+00
0.000000000000000000e+00
3.000000000000000000e+00
0.000000000000000000e+00
0.000000000000000000e+00
0.000000000000000000e+00
0.000000000000000000e+00
2.000000000000000000e+00
0.000000000000000000e+00
0.000000000000000000e+00
0.000000000000000000e+00
4.000000000000000000e+00
0.000000000000000000e+00
0.000000000000000000e+00
5.000000000000000000e+00
0.000000000000000000e+00
4.000000000000000000e+00
1.100000000000000000e+01
0.000000000000000000e+00
0.000000000000000000e+00
0.000000000000000000e+00
0.000000000000000000e+00
0.000000000000000000e+00
0.000000000000000000e+00
8.000000000000000000e+00
3.000000000000000000e+00
5.000000000000000000e+00
3.000000000000000000e+00
1.200000000000000000e+01
1.800000000000000000e+01
1.900000000000000000e+01
9.000000000000000000e+00
7.000000000000000000e+00
1.200000000000000000e+01
1.600000000000000000e+01
2.100000000000000000e+01
6.000000000000000000e+00
7.000000000000000000e+00
9.000000000000000000e+00
1.200000000000000000e+01
1.000000000000000000e+01
1.700000000000000000e+01
1.100000000000000000e+01
3.900000000000000000e+01
2.300000000000000000e+01
1.700000000000000000e+01
1.600000000000000000e+01
1.900000000000000000e+01
2.600000000000000000e+01
1.700000000000000000e+01
2.700000000000000000e+01
2.000000000000000000e+01
2.700000000000000000e+01
4.700000000000000000e+01
2.800000000000000000e+01
3.300000000000000000e+01
3.900000000000000000e+01
4.600000000000000000e+01
3.500000000000000000e+01
3.200000000000000000e+01
6.000000000000000000e+01
6.600000000000000000e+01
5.700000000000000000e+01
6.500000000000000000e+01
3.800000000000000000e+01
6.100000000000000000e+01
4.700000000000000000e+01
5.800000000000000000e+01
5.300000000000000000e+01
5.200000000000000000e+01
6.900000000000000000e+01
5.800000000000000000e+01
7.000000000000000000e+01
7.600000000000000000e+01
6.100000000000000000e+01
7.300000000000000000e+01
5.500000000000000000e+01
8.200000000000000000e+01
5.300000000000000000e+01
8.300000000000000000e+01
4.900000000000000000e+01
9.200000000000000000e+01
1.080000000000000000e+02
8.400000000000000000e+01
9.200000000000000000e+01
9.500000000000000000e+01
8.400000000000000000e+01
1.240000000000000000e+02
1.230000000000000000e+02
1.100000000000000000e+02
1.220000000000000000e+02
1.090000000000000000e+02
1.200000000000000000e+02
1.330000000000000000e+02
1.300000000000000000e+02
1.470000000000000000e+02
1.320000000000000000e+02
1.600000000000000000e+02
1.550000000000000000e+02
1.520000000000000000e+02
1.810000000000000000e+02
1.620000000000000000e+02
2.450000000000000000e+02
1.720000000000000000e+02
2.350000000000000000e+02
2.000000000000000000e+02
2.220000000000000000e+02
2.580000000000000000e+02
2.850000000000000000e+02
2.870000000000000000e+02
2.890000000000000000e+02
3.400000000000000000e+02
3.730000000000000000e+02
4.380000000000000000e+02
5.070000000000000000e+02
5.910000000000000000e+02
6.020000000000000000e+02
6.660000000000000000e+02
7.760000000000000000e+02
7.260000000000000000e+02
8.610000000000000000e+02
1.092000000000000000e+03
1.132000000000000000e+03
1.340000000000000000e+03
1.334000000000000000e+03
1.423000000000000000e+03
1.683000000000000000e+03
1.557000000000000000e+03
1.793000000000000000e+03
1.783000000000000000e+03
2.070000000000000000e+03
1.987000000000000000e+03
1.996000000000000000e+03
2.211000000000000000e+03
2.172000000000000000e+03
2.279000000000000000e+03
2.359000000000000000e+03
2.424000000000000000e+03
2.348000000000000000e+03
2.352000000000000000e+03
2.558000000000000000e+03
2.266000000000000000e+03
2.926000000000000000e+03
2.013000000000000000e+03
2.091000000000000000e+03
2.891000000000000000e+03
1.920000000000000000e+03
2.438000000000000000e+03
2.231000000000000000e+03
2.039000000000000000e+03
1.955000000000000000e+03
1.970000000000000000e+03
1.849000000000000000e+03
1.733000000000000000e+03
1.523000000000000000e+03
1.475000000000000000e+03
1.332000000000000000e+03
1.256000000000000000e+03
1.144000000000000000e+03
8.830000000000000000e+02
9.000000000000000000e+02
7.750000000000000000e+02
7.300000000000000000e+02
6.490000000000000000e+02
5.750000000000000000e+02
5.460000000000000000e+02
4.770000000000000000e+02
4.240000000000000000e+02
4.010000000000000000e+02
3.980000000000000000e+02
3.780000000000000000e+02
3.470000000000000000e+02
3.240000000000000000e+02
3.110000000000000000e+02
3.210000000000000000e+02
3.110000000000000000e+02
2.430000000000000000e+02
2.730000000000000000e+02
2.410000000000000000e+02
2.580000000000000000e+02
2.070000000000000000e+02
2.180000000000000000e+02
2.020000000000000000e+02
1.770000000000000000e+02
1.740000000000000000e+02
1.340000000000000000e+02
1.180000000000000000e+02
1.260000000000000000e+02
1.370000000000000000e+02
1.200000000000000000e+02
9.400000000000000000e+01
1.120000000000000000e+02
8.500000000000000000e+01
7.800000000000000000e+01
8.100000000000000000e+01
6.400000000000000000e+01
5.300000000000000000e+01
6.600000000000000000e+01
4.500000000000000000e+01
4.300000000000000000e+01
3.800000000000000000e+01
5.800000000000000000e+01
3.600000000000000000e+01
2.800000000000000000e+01
2.600000000000000000e+01
2.600000000000000000e+01
2.300000000000000000e+01
2.500000000000000000e+01
1.900000000000000000e+01
2.600000000000000000e+01
1.600000000000000000e+01
2.300000000000000000e+01
1.000000000000000000e+01
9.000000000000000000e+00
8.000000000000000000e+00
1.000000000000000000e+01
1.200000000000000000e+01
1.000000000000000000e+01
8.000000000000000000e+00
1.000000000000000000e+01
6.000000000000000000e+00
9.000000000000000000e+00
5.000000000000000000e+00
5.000000000000000000e+00
4.000000000000000000e+00
9.000000000000000000e+00
3.000000000000000000e+00
2.000000000000000000e+00
1.000000000000000000e+01
9.000000000000000000e+00
3.000000000000000000e+00
4.000000000000000000e+00
3.000000000000000000e+00
5.000000000000000000e+00
1.000000000000000000e+00
4.000000000000000000e+00
7.000000000000000000e+00
2.000000000000000000e+00
4.000000000000000000e+00
4.000000000000000000e+00
1.000000000000000000e+00
1.000000000000000000e+00
2.000000000000000000e+00
5.000000000000000000e+00
1.000000000000000000e+00
3.000000000000000000e+00
2.000000000000000000e+00
1.000000000000000000e+00
2.000000000000000000e+00
2.000000000000000000e+00
3.000000000000000000e+00
1.000000000000000000e+00
0.000000000000000000e+00
0.000000000000000000e+00
2.000000000000000000e+00
0.000000000000000000e+00
0.000000000000000000e+00
0.000000000000000000e+00
2.000000000000000000e+00
0.000000000000000000e+00
1.000000000000000000e+00
2.000000000000000000e+00
3.000000000000000000e+00
3.000000000000000000e+00
0.000000000000000000e+00
1.000000000000000000e+00
1.000000000000000000e+00
4.000000000000000000e+00
0.000000000000000000e+00
0.000000000000000000e+00
0.000000000000000000e+00
0.000000000000000000e+00
1.600000000000000000e+01
0.000000000000000000e+00
0.000000000000000000e+00
0.000000000000000000e+00
0.000000000000000000e+00
0.000000000000000000e+00
0.000000000000000000e+00
0.000000000000000000e+00
0.000000000000000000e+00
0.000000000000000000e+00
0.000000000000000000e+00
0.000000000000000000e+00
0.000000000000000000e+00
0.000000000000000000e+00
0.000000000000000000e+00
0.000000000000000000e+00
0.000000000000000000e+00
0.000000000000000000e+00
0.000000000000000000e+00
0.000000000000000000e+00
0.000000000000000000e+00
0.000000000000000000e+00
0.000000000000000000e+00
0.000000000000000000e+00
0.000000000000000000e+00
2.000000000000000000e+00
3.000000000000000000e+00
5.000000000000000000e+00
7.000000000000000000e+00
3.400000000000000000e+01
5.400000000000000000e+01
5.100000000000000000e+01
4.700000000000000000e+01
6.800000000000000000e+01
4.600000000000000000e+01
5.700000000000000000e+01
6.000000000000000000e+01
5.800000000000000000e+01
6.500000000000000000e+01
6.800000000000000000e+01
7.300000000000000000e+01
9.800000000000000000e+01
1.250000000000000000e+02
1.210000000000000000e+02
9.200000000000000000e+01
1.270000000000000000e+02
1.130000000000000000e+02
1.360000000000000000e+02
1.290000000000000000e+02
1.130000000000000000e+02
1.240000000000000000e+02
1.400000000000000000e+02
1.260000000000000000e+02
1.130000000000000000e+02
1.350000000000000000e+02
1.380000000000000000e+02
1.170000000000000000e+02
1.380000000000000000e+02
1.390000000000000000e+02
1.310000000000000000e+02
1.140000000000000000e+02
1.290000000000000000e+02
1.190000000000000000e+02
1.060000000000000000e+02
1.190000000000000000e+02
1.230000000000000000e+02
1.300000000000000000e+02
1.010000000000000000e+02
1.060000000000000000e+02
9.800000000000000000e+01
1.210000000000000000e+02
1.140000000000000000e+02
1.050000000000000000e+02
1.240000000000000000e+02
1.300000000000000000e+02
1.170000000000000000e+02
1.270000000000000000e+02
1.190000000000000000e+02
1.110000000000000000e+02
1.200000000000000000e+02
1.440000000000000000e+02
1.230000000000000000e+02
1.200000000000000000e+02
1.150000000000000000e+02
1.140000000000000000e+02
1.280000000000000000e+02
1.280000000000000000e+02
1.110000000000000000e+02
1.160000000000000000e+02
1.160000000000000000e+02
1.130000000000000000e+02
1.240000000000000000e+02
1.140000000000000000e+02
1.170000000000000000e+02
1.130000000000000000e+02
1.100000000000000000e+02
1.060000000000000000e+02
1.160000000000000000e+02
1.260000000000000000e+02
1.180000000000000000e+02
1.170000000000000000e+02
1.170000000000000000e+02
1.250000000000000000e+02
1.290000000000000000e+02
1.380000000000000000e+02
1.080000000000000000e+02
1.120000000000000000e+02
9.900000000000000000e+01
1.090000000000000000e+02
1.220000000000000000e+02
1.200000000000000000e+02
1.300000000000000000e+02
1.350000000000000000e+02
1.380000000000000000e+02
1.240000000000000000e+02
1.400000000000000000e+02
1.370000000000000000e+02
1.410000000000000000e+02
1.510000000000000000e+02
1.420000000000000000e+02
1.760000000000000000e+02
1.650000000000000000e+02
2.010000000000000000e+02
1.910000000000000000e+02
2.030000000000000000e+02
2.160000000000000000e+02
2.070000000000000000e+02
1.970000000000000000e+02
2.170000000000000000e+02
2.350000000000000000e+02
2.200000000000000000e+02
2.270000000000000000e+02
2.310000000000000000e+02
2.470000000000000000e+02
2.860000000000000000e+02
2.390000000000000000e+02
2.450000000000000000e+02
2.530000000000000000e+02
2.350000000000000000e+02
2.550000000000000000e+02
2.460000000000000000e+02
2.980000000000000000e+02
3.250000000000000000e+02
3.300000000000000000e+02
3.190000000000000000e+02
3.500000000000000000e+02
3.560000000000000000e+02
3.920000000000000000e+02
3.520000000000000000e+02
3.950000000000000000e+02
4.270000000000000000e+02
4.670000000000000000e+02
5.180000000000000000e+02
5.140000000000000000e+02
5.260000000000000000e+02
6.030000000000000000e+02
6.880000000000000000e+02
6.700000000000000000e+02
7.770000000000000000e+02
8.600000000000000000e+02
8.630000000000000000e+02
9.000000000000000000e+02
9.910000000000000000e+02
1.030000000000000000e+03
1.113000000000000000e+03
1.155000000000000000e+03
1.244000000000000000e+03
1.238000000000000000e+03
1.207000000000000000e+03
1.260000000000000000e+03
1.296000000000000000e+03
1.320000000000000000e+03
1.370000000000000000e+03
1.407000000000000000e+03
1.434000000000000000e+03
1.454000000000000000e+03
1.452000000000000000e+03
1.521000000000000000e+03
1.621000000000000000e+03
1.611000000000000000e+03
1.542000000000000000e+03
1.563000000000000000e+03
1.653000000000000000e+03
1.600000000000000000e+03
1.577000000000000000e+03
1.609000000000000000e+03
1.610000000000000000e+03
1.594000000000000000e+03
1.574000000000000000e+03
1.513000000000000000e+03
1.598000000000000000e+03
1.558000000000000000e+03
1.574000000000000000e+03
1.521000000000000000e+03
1.520000000000000000e+03
1.445000000000000000e+03
1.490000000000000000e+03
1.496000000000000000e+03
1.390000000000000000e+03
1.431000000000000000e+03
1.452000000000000000e+03
1.379000000000000000e+03
1.278000000000000000e+03
1.257000000000000000e+03
1.151000000000000000e+03
1.151000000000000000e+03
1.150000000000000000e+03
1.019000000000000000e+03
9.470000000000000000e+02
8.640000000000000000e+02
7.740000000000000000e+02
6.920000000000000000e+02
6.320000000000000000e+02
5.790000000000000000e+02
5.080000000000000000e+02
4.200000000000000000e+02
3.720000000000000000e+02
3.410000000000000000e+02
2.920000000000000000e+02
2.300000000000000000e+02
2.280000000000000000e+02
1.850000000000000000e+02
1.600000000000000000e+02
1.130000000000000000e+02
1.000000000000000000e+02
9.100000000000000000e+01
7.000000000000000000e+01
7.500000000000000000e+01
4.900000000000000000e+01
4.300000000000000000e+01
2.500000000000000000e+01
2.400000000000000000e+01
3.300000000000000000e+01
1.900000000000000000e+01
1.500000000000000000e+01
1.100000000000000000e+01
1.300000000000000000e+01
9.000000000000000000e+00
7.000000000000000000e+00
6.000000000000000000e+00
1.400000000000000000e+01
6.000000000000000000e+00
3.000000000000000000e+00
1.000000000000000000e+00
4.000000000000000000e+00
1.000000000000000000e+00
2.000000000000000000e+00
1.000000000000000000e+00
1.000000000000000000e+00
1.000000000000000000e+00
0.000000000000000000e+00
1.000000000000000000e+00
0.000000000000000000e+00
1.000000000000000000e+00
3.000000000000000000e+00
0.000000000000000000e+00
5.000000000000000000e+00
