4.070000000000000000e+02
8.480000000000000000e+02
1.842000000000000000e+03
1.927000000000000000e+03
2.823000000000000000e+03
3.721000000000000000e+03
4.048000000000000000e+03
4.117000000000000000e+03
3.447000000000000000e+03
1.810000000000000000e+03
1.207000000000000000e+03
9.980000000000000000e+02
6.810000000000000000e+02
7.100000000000000000e+02
4.560000000000000000e+02
5.090000000000000000e+02
3.850000000000000000e+02
4.110000000000000000e+02
3.490000000000000000e+02
3.870000000000000000e+02
3.440000000000000000e+02
3.110000000000000000e+02
3.380000000000000000e+02
3.370000000000000000e+02
3.150000000000000000e+02
2.750000000000000000e+02
3.710000000000000000e+02
3.170000000000000000e+02
3.700000000000000000e+02
3.260000000000000000e+02
4.740000000000000000e+02
5.900000000000000000e+02
1.342000000000000000e+03
2.046000000000000000e+03
2.594000000000000000e+03
3.193000000000000000e+03
2.575000000000000000e+03
3.720000000000000000e+03
3.913000000000000000e+03
4.994000000000000000e+03
4.825000000000000000e+03
5.090000000000000000e+03
4.900000000000000000e+03
4.759000000000000000e+03
3.236000000000000000e+03
3.555000000000000000e+03
2.689000000000000000e+03
2.443000000000000000e+03
2.249000000000000000e+03
1.275000000000000000e+03
9.130000000000000000e+02
4.970000000000000000e+02
4.990000000000000000e+02
3.080000000000000000e+02
2.230000000000000000e+02
2.070000000000000000e+02
1.390000000000000000e+02
7.800000000000000000e+01
8.200000000000000000e+01
3.700000000000000000e+01
3.500000000000000000e+01
3.600000000000000000e+01
2.300000000000000000e+01
1.600000000000000000e+01
1.900000000000000000e+01
1.000000000000000000e+01
8.000000000000000000e+00
5.000000000000000000e+00
9.000000000000000000e+00
0.000000000000000000e+00
0.000000000000000000e+00
0.000000000000000000e+00
0.000000000000000000e+00
0.000000000000000000e+00
0.000000000000000000e+00
0.000000000000000000e+00
0.000000000000000000e+00
0.000000000000000000e+00
0.000000000000000000e+00
0.000000000000000000e+00
0.000000000000000000e+00
0.000000000000000000e+00
0.000000000000000000e+00
0.000000000000000000e+00
0.000000000000000000e+00
0.000000000000000000e+00
0.000000000000000000e+00
0.000000000000000000e+00
0.000000000000000000e+00
0.000000000000000000e+00
0.000000000000000000e+00
0.000000000000000000e+00
0.000000000000000000e+00
0.000000000000000000e+00
0.000000000000000000e+00
0.000000000000000000e+00
0.000000000000000000e+00
0.000000000000000000e+00
0.000000000000000000e+00
0.000000000000000000e+00
0.000000000000000000e+00
0.000000000000000000e+00
0.000000000000000000e+00
0.000000000000000000e+00
0.000000000000000000e+00
0.000000000000000000e+00
0.000000000000000000e+00
0.000000000000000000e+00
0.000000000000000000e+00
0.000000000000000000e+00
0.000000000000000000e+00
0.000000000000000000e+00
0.000000000000000000e+00
0.000000000000000000e+00
0.000000000000000000e+00
0.000000000000000000e+00
0.000000000000000000e+00
0.000000000000000000e+00
0.000000000000000000e+00
0.000000000000000000e+00
0.000000000000000000e+00
0.000000000000000000e+00
0.000000000000000000e+00
0.000000000000000000e+00
0.000000000000000000e+00
0.000000000000000000e+00
0.000000000000000000e+00
0.000000000000000000e+00
0.000000000000000000e+00
0.000000000000000000e+00
0.000000000000000000e+00
0.000000000000000000e+00
0.000000000000000000e+00
0.000000000000000000e+00
0.000000000000000000e+00
0.000000000000000000e+00
0.000000000000000000e+00
0.000000000000000000e+00
0.000000000000000000e+00
0.000000000000000000e+00
0.000000000000000000e+00
0.000000000000000000e+00
0.000000000000000000e+00
0.000000000000000000e+00
0.000000000000000000e+00
0.000000000000000000e+00
0.000000000000000000e+00
0.000000000000000000e+00
0.000000000000000000e+00
0.000000000000000000e+00
0.000000000000000000e+00
0.000000000000000000e+00
0.000000000000000000e+00
0.000000000000000000e+00
0.000000000000000000e+00
0.000000000000000000e+00
0.000000000000000000e+00
0.000000000000000000e+00
0.000000000000000000e+00
0.000000000000000000e+00
0.000000000000000000e+00
0.000000000000000000e+00
0.000000000000000000e+00
0.000000000000000000e+00
0.000000000000000000e+00
0.000000000000000000e+00
0.000000000000000000e+00
0.000000000000000000e+00
0.000000000000000000e+00
0.000000000000000000e+00
0.000000000000000000e+00
0.000000000000000000e+00
0.000000000000000000e+00
0.000000000000000000e+00
4.000000000000000000e+00
9.000000000000000000e+00
2.100000000000000000e+01
3.600000000000000000e+01
8.600000000000000000e+01
1.550000000000000000e+02
0.000000000000000000e+00
0.000000000000000000e+00
0.000000000000000000e+00
0.000000000000000000e+00
0.000000000000000000e+00
0.000000000000000000e+00
0.000000000000000000e+00
0.000000000000000000e+00
0.000000000000000000e+00
0.000000000000000000e+00
0.000000000000000000e+00
0.000000000000000000e+00
0.000000000000000000e+00
2.000000000000000000e+00
2.000000000000000000e+00
2.000000000000000000e+00
3.000000000000000000e+00
3.000000000000000000e+00
3.000000000000000000e+00
4.000000000000000000e+00
5.000000000000000000e+00
6.000000000000000000e+00
6.000000000000000000e+00
5.000000000000000000e+00
7.000000000000000000e+00
1.700000000000000000e+01
1.400000000000000000e+01
1.200000000000000000e+01
1.200000000000000000e+01
1.000000000000000000e+01
1.300000000000000000e+01
2.500000000000000000e+01
2.300000000000000000e+01
1.200000000000000000e+01
1.400000000000000000e+01
1.300000000000000000e+01
2.600000000000000000e+01
1.600000000000000000e+01
1.800000000000000000e+01
2.000000000000000000e+01
1.800000000000000000e+01
1.900000000000000000e+01
2.500000000000000000e+01
3.100000000000000000e+01
2.900000000000000000e+01
1.700000000000000000e+01
2.000000000000000000e+01
1.600000000000000000e+01
2.100000000000000000e+01
3.400000000000000000e+01
1.800000000000000000e+01
2.200000000000000000e+01
2.200000000000000000e+01
1.800000000000000000e+01
1.900000000000000000e+01
3.300000000000000000e+01
3.700000000000000000e+01
4.800000000000000000e+01
3.900000000000000000e+01
4.400000000000000000e+01
5.900000000000000000e+01
6.900000000000000000e+01
6.000000000000000000e+01
5.700000000000000000e+01
7.400000000000000000e+01
6.500000000000000000e+01
6.900000000000000000e+01
7.700000000000000000e+01
9.100000000000000000e+01
1.050000000000000000e+02
9.800000000000000000e+01
9.400000000000000000e+01
9.900000000000000000e+01
1.100000000000000000e+02
1.110000000000000000e+02
1.250000000000000000e+02
1.220000000000000000e+02
1.060000000000000000e+02
1.200000000000000000e+02
1.280000000000000000e+02
1.350000000000000000e+02
1.640000000000000000e+02
1.680000000000000000e+02
1.600000000000000000e+02
1.540000000000000000e+02
2.340000000000000000e+02
1.860000000000000000e+02
2.220000000000000000e+02
2.350000000000000000e+02
2.420000000000000000e+02
3.020000000000000000e+02
3.300000000000000000e+02
4.090000000000000000e+02
4.080000000000000000e+02
5.130000000000000000e+02
5.480000000000000000e+02
6.480000000000000000e+02
6.950000000000000000e+02
7.340000000000000000e+02
8.000000000000000000e+02
9.080000000000000000e+02
1.101000000000000000e+03
9.230000000000000000e+02
1.139000000000000000e+03
1.206000000000000000e+03
1.255000000000000000e+03
1.317000000000000000e+03
1.334000000000000000e+03
1.475000000000000000e+03
1.543000000000000000e+03
1.443000000000000000e+03
1.725000000000000000e+03
1.536000000000000000e+03
1.842000000000000000e+03
1.618000000000000000e+03
1.702000000000000000e+03
1.793000000000000000e+03
1.781000000000000000e+03
1.783000000000000000e+03
1.877000000000000000e+03
1.861000000000000000e+03
1.764000000000000000e+03
1.788000000000000000e+03
1.824000000000000000e+03
1.637000000000000000e+03
1.661000000000000000e+03
1.493000000000000000e+03
1.303000000000000000e+03
1.583000000000000000e+03
1.377000000000000000e+03
1.301000000000000000e+03
1.219000000000000000e+03
1.332000000000000000e+03
1.246000000000000000e+03
1.179000000000000000e+03
1.154000000000000000e+03
1.081000000000000000e+03
1.095000000000000000e+03
1.021000000000000000e+03
1.010000000000000000e+03
1.038000000000000000e+03
1.049000000000000000e+03
9.230000000000000000e+02
1.009000000000000000e+03
9.680000000000000000e+02
9.130000000000000000e+02
9.240000000000000000e+02
8.790000000000000000e+02
9.400000000000000000e+02
9.430000000000000000e+02
9.010000000000000000e+02
8.890000000000000000e+02
8.750000000000000000e+02
8.810000000000000000e+02
8.650000000000000000e+02
8.760000000000000000e+02
8.210000000000000000e+02
7.890000000000000000e+02
8.470000000000000000e+02
7.710000000000000000e+02
7.560000000000000000e+02
6.860000000000000000e+02
7.170000000000000000e+02
6.710000000000000000e+02
6.160000000000000000e+02
5.400000000000000000e+02
5.410000000000000000e+02
5.140000000000000000e+02
5.100000000000000000e+02
4.290000000000000000e+02
4.300000000000000000e+02
4.220000000000000000e+02
3.700000000000000000e+02
3.920000000000000000e+02
3.250000000000000000e+02
3.170000000000000000e+02
2.560000000000000000e+02
2.600000000000000000e+02
2.520000000000000000e+02
2.160000000000000000e+02
1.790000000000000000e+02
1.840000000000000000e+02
1.580000000000000000e+02
1.580000000000000000e+02
1.310000000000000000e+02
1.120000000000000000e+02
1.330000000000000000e+02
1.080000000000000000e+02
1.140000000000000000e+02
1.150000000000000000e+02
1.030000000000000000e+02
1.070000000000000000e+02
1.060000000000000000e+02
8.300000000000000000e+01
7.100000000000000000e+01
7.900000000000000000e+01
7.600000000000000000e+01
7.000000000000000000e+01
7.500000000000000000e+01
6.100000000000000000e+01
4.700000000000000000e+01
7.500000000000000000e+01
5.000000000000000000e+01
4.300000000000000000e+01
4.000000000000000000e+01
4.500000000000000000e+01
3.600000000000000000e+01
2.900000000000000000e+01
5.200000000000000000e+01
3.200000000000000000e+01
5.000000000000000000e+01
3.800000000000000000e+01
3.400000000000000000e+01
3.300000000000000000e+01
3.100000000000000000e+01
3.000000000000000000e+01
2.500000000000000000e+01
3.400000000000000000e+01
1.900000000000000000e+01
2.500000000000000000e+01
2.800000000000000000e+01
2.600000000000000000e+01
2.300000000000000000e+01
2.600000000000000000e+01
2.000000000000000000e+01
2.100000000000000000e+01
2.000000000000000000e+01
2.300000000000000000e+01
1.600000000000000000e+01
1.800000000000000000e+01
1.500000000000000000e+01
1.400000000000000000e+01
1.600000000000000000e+01
1.900000000000000000e+01
1.600000000000000000e+01
9.000000000000000000e+00
1.400000000000000000e+01
1.300000000000000000e+01
7.000000000000000000e+00
1.500000000000000000e+01
1.300000000000000000e+01
1.200000000000000000e+01
9.000000000000000000e+00
1.200000000000000000e+01
1.400000000000000000e+01
1.700000000000000000e+01
1.200000000000000000e+01
7.000000000000000000e+00
1.200000000000000000e+01
1.100000000000000000e+01
1.000000000000000000e+01
1.000000000000000000e+01
5.000000000000000000e+00
4.000000000000000000e+00
0.000000000000000000e+00
3.060000000000000000e+02
0.000000000000000000e+00
0.000000000000000000e+00
0.000000000000000000e+00
0.000000000000000000e+00
0.000000000000000000e+00
0.000000000000000000e+00
0.000000000000000000e+00
0.000000000000000000e+00
0.000000000000000000e+00
0.000000000000000000e+00
0.000000000000000000e+00
0.000000000000000000e+00
0.000000000000000000e+00
0.000000000000000000e+00
0.000000000000000000e+00
0.000000000000000000e+00
0.000000000000000000e+00
0.000000000000000000e+00
0.000000000000000000e+00
0.000000000000000000e+00
0.000000000000000000e+00
0.000000000000000000e+00
0.000000000000000000e+00
0.000000000000000000e+00
0.000000000000000000e+00
0.000000000000000000e+00
0.000000000000000000e+00
0.000000000000000000e+00
0.000000000000000000e+00
3.000000000000000000e+00
7.000000000000000000e+00
2.000000000000000000e+00
6.000000000000000000e+00
1.000000000000000000e+01
7.000000000000000000e+00
1.100000000000000000e+01
1.100000000000000000e+01
1.500000000000000000e+01
2.300000000000000000e+01
2.400000000000000000e+01
4.900000000000000000e+01
4.800000000000000000e+01
6.700000000000000000e+01
6.200000000000000000e+01
6.900000000000000000e+01
6.500000000000000000e+01
5.700000000000000000e+01
6.300000000000000000e+01
7.000000000000000000e+01
6.600000000000000000e+01
5.500000000000000000e+01
6.600000000000000000e+01
7.000000000000000000e+01
5.700000000000000000e+01
5.600000000000000000e+01
4.600000000000000000e+01
6.800000000000000000e+01
4.900000000000000000e+01
6.000000000000000000e+01
6.300000000000000000e+01
5.400000000000000000e+01
4.600000000000000000e+01
5.400000000000000000e+01
5.800000000000000000e+01
6.100000000000000000e+01
6.600000000000000000e+01
3.900000000000000000e+01
7.100000000000000000e+01
6.300000000000000000e+01
5.700000000000000000e+01
7.100000000000000000e+01
7.800000000000000000e+01
7.800000000000000000e+01
5.900000000000000000e+01
6.400000000000000000e+01
7.400000000000000000e+01
7.400000000000000000e+01
6.600000000000000000e+01
9.100000000000000000e+01
8.000000000000000000e+01
9.700000000000000000e+01
7.700000000000000000e+01
9.400000000000000000e+01
9.900000000000000000e+01
1.030000000000000000e+02
1.040000000000000000e+02
1.260000000000000000e+02
1.130000000000000000e+02
1.040000000000000000e+02
9.700000000000000000e+01
1.200000000000000000e+02
1.100000000000000000e+02
1.180000000000000000e+02
1.300000000000000000e+02
1.330000000000000000e+02
1.210000000000000000e+02
1.410000000000000000e+02
1.120000000000000000e+02
1.340000000000000000e+02
1.330000000000000000e+02
1.310000000000000000e+02
1.120000000000000000e+02
1.310000000000000000e+02
1.490000000000000000e+02
1.450000000000000000e+02
1.560000000000000000e+02
1.540000000000000000e+02
1.610000000000000000e+02
1.470000000000000000e+02
1.270000000000000000e+02
1.650000000000000000e+02
1.720000000000000000e+02
1.780000000000000000e+02
1.920000000000000000e+02
1.770000000000000000e+02
1.880000000000000000e+02
1.690000000000000000e+02
2.090000000000000000e+02
2.040000000000000000e+02
2.020000000000000000e+02
2.040000000000000000e+02
1.880000000000000000e+02
1.960000000000000000e+02
1.990000000000000000e+02
2.520000000000000000e+02
2.340000000000000000e+02
2.300000000000000000e+02
2.410000000000000000e+02
2.390000000000000000e+02
2.470000000000000000e+02
2.660000000000000000e+02
2.470000000000000000e+02
2.330000000000000000e+02
2.620000000000000000e+02
2.770000000000000000e+02
2.590000000000000000e+02
2.880000000000000000e+02
2.530000000000000000e+02
2.680000000000000000e+02
2.850000000000000000e+02
2.860000000000000000e+02
3.200000000000000000e+02
3.340000000000000000e+02
3.210000000000000000e+02
3.060000000000000000e+02
3.290000000000000000e+02
3.300000000000000000e+02
3.400000000000000000e+02
3.680000000000000000e+02
3.760000000000000000e+02
3.290000000000000000e+02
3.680000000000000000e+02
3.920000000000000000e+02
3.790000000000000000e+02
3.850000000000000000e+02
4.130000000000000000e+02
4.090000000000000000e+02
4.360000000000000000e+02
4.710000000000000000e+02
4.840000000000000000e+02
4.450000000000000000e+02
4.550000000000000000e+02
4.950000000000000000e+02
5.640000000000000000e+02
4.940000000000000000e+02
5.760000000000000000e+02
5.800000000000000000e+02
6.030000000000000000e+02
6.040000000000000000e+02
6.490000000000000000e+02
7.020000000000000000e+02
7.650000000000000000e+02
8.180000000000000000e+02
8.810000000000000000e+02
9.100000000000000000e+02
9.750000000000000000e+02
1.054000000000000000e+03
1.185000000000000000e+03
1.270000000000000000e+03
1.372000000000000000e+03
1.468000000000000000e+03
1.646000000000000000e+03
1.648000000000000000e+03
1.797000000000000000e+03
1.890000000000000000e+03
2.016000000000000000e+03
2.039000000000000000e+03
2.020000000000000000e+03
2.116000000000000000e+03
2.014000000000000000e+03
2.140000000000000000e+03
2.094000000000000000e+03
2.042000000000000000e+03
1.922000000000000000e+03
1.922000000000000000e+03
1.761000000000000000e+03
1.716000000000000000e+03
1.646000000000000000e+03
1.504000000000000000e+03
1.435000000000000000e+03
1.363000000000000000e+03
1.285000000000000000e+03
1.218000000000000000e+03
1.170000000000000000e+03
1.091000000000000000e+03
1.066000000000000000e+03
1.012000000000000000e+03
9.690000000000000000e+02
9.190000000000000000e+02
8.900000000000000000e+02
8.650000000000000000e+02
8.980000000000000000e+02
8.080000000000000000e+02
8.050000000000000000e+02
8.410000000000000000e+02
8.070000000000000000e+02
8.250000000000000000e+02
8.010000000000000000e+02
8.160000000000000000e+02
8.300000000000000000e+02
7.670000000000000000e+02
7.140000000000000000e+02
6.620000000000000000e+02
6.030000000000000000e+02
5.290000000000000000e+02
4.500000000000000000e+02
4.210000000000000000e+02
3.180000000000000000e+02
3.080000000000000000e+02
2.810000000000000000e+02
2.170000000000000000e+02
1.890000000000000000e+02
1.510000000000000000e+02
1.450000000000000000e+02
1.290000000000000000e+02
8.200000000000000000e+01
8.000000000000000000e+01
4.200000000000000000e+01
4.600000000000000000e+01
4.100000000000000000e+01
3.900000000000000000e+01
3.100000000000000000e+01
2.800000000000000000e+01
1.500000000000000000e+01
2.300000000000000000e+01
1.800000000000000000e+01
1.000000000000000000e+01
9.000000000000000000e+00
7.000000000000000000e+00
5.000000000000000000e+00
8.000000000000000000e+00
4.000000000000000000e+00
1.000000000000000000e+00
1.000000000000000000e+00
4.000000000000000000e+00
6.000000000000000000e+00
