1.282000000000000000e+03
8.510000000000000000e+02
8.960000000000000000e+02
9.290000000000000000e+02
1.383000000000000000e+03
1.523000000000000000e+03
1.623000000000000000e+03
9.350000000000000000e+02
5.840000000000000000e+02
3.410000000000000000e+02
3.060000000000000000e+02
3.780000000000000000e+02
3.280000000000000000e+02
3.320000000000000000e+02
2.590000000000000000e+02
2.760000000000000000e+02
2.210000000000000000e+02
2.440000000000000000e+02
2.370000000000000000e+02
2.170000000000000000e+02
1.830000000000000000e+02
1.800000000000000000e+02
1.810000000000000000e+02
2.200000000000000000e+02
1.900000000000000000e+02
1.800000000000000000e+02
1.910000000000000000e+02
2.120000000000000000e+02
2.480000000000000000e+02
2.400000000000000000e+02
3.140000000000000000e+02
3.270000000000000000e+02
6.700000000000000000e+02
1.282000000000000000e+03
2.132000000000000000e+03
3.224000000000000000e+03
2.872000000000000000e+03
3.703000000000000000e+03
3.382000000000000000e+03
3.997000000000000000e+03
4.667000000000000000e+03
4.757000000000000000e+03
4.762000000000000000e+03
5.243000000000000000e+03
4.280000000000000000e+03
4.671000000000000000e+03
3.984000000000000000e+03
3.909000000000000000e+03
4.123000000000000000e+03
3.104000000000000000e+03
3.218000000000000000e+03
2.414000000000000000e+03
2.242000000000000000e+03
1.564000000000000000e+03
1.180000000000000000e+03
9.020000000000000000e+02
5.710000000000000000e+02
3.580000000000000000e+02
2.570000000000000000e+02
1.370000000000000000e+02
2.090000000000000000e+02
4.200000000000000000e+01
1.900000000000000000e+01
1.700000000000000000e+01
6.000000000000000000e+00
2.000000000000000000e+00
6.000000000000000000e+00
2.000000000000000000e+00
1.000000000000000000e+00
1.000000000000000000e+00
5.000000000000000000e+00
0.000000000000000000e+00
0.000000000000000000e+00
2.000000000000000000e+00
1.000000000000000000e+00
4.800000000000000000e+01
0.000000000000000000e+00
1.000000000000000000e+00
1.000000000000000000e+00
1.000000000000000000e+00
1.100000000000000000e+01
0.000000000000000000e+00
0.000000000000000000e+00
6.000000000000000000e+00
1.000000000000000000e+00
0.000000000000000000e+00
0.000000000000000000e+00
0.000000000000000000e+00
0.000000000000000000e+00
0.000000000000000000e+00
6.000000000000000000e+00
0.000000000000000000e+00
0.000000000000000000e+00
0.000000000000000000e+00
0.000000000000000000e+00
0.000000000000000000e+00
8.000000000000000000e+00
0.000000000000000000e+00
7.000000000000000000e+00
0.000000000000000000e+00
1.000000000000000000e+01
0.000000000000000000e+00
0.000000000000000000e+00
6.000000000000000000e+00
0.000000000000000000e+00
5.000000000000000000e+00
0.000000000000000000e+00
1.000000000000000000e+00
1.000000000000000000e+00
1.000000000000000000e+00
3.000000000000000000e+01
3.000000000000000000e+00
0.000000000000000000e+00
7.000000000000000000e+00
1.900000000000000000e+01
1.300000000000000000e+01
0.000000000000000000e+00
0.000000000000000000e+00
0.000000000000000000e+00
0.000000000000000000e+00
7.300000000000000000e+01
0.000000000000000000e+00
0.000000000000000000e+00
1.000000000000000000e+00
6.000000000000000000e+00
1.400000000000000000e+01
2.500000000000000000e+01
0.000000000000000000e+00
9.000000000000000000e+00
4.000000000000000000e+00
2.000000000000000000e+00
0.000000000000000000e+00
1.400000000000000000e+01
3.000000000000000000e+01
1.000000000000000000e+00
1.200000000000000000e+01
1.000000000000000000e+00
2.000000000000000000e+00
1.900000000000000000e+01
0.000000000000000000e+00
4.500000000000000000e+01
2.700000000000000000e+01
2.700000000000000000e+01
0.000000000000000000e+00
8.000000000000000000e+00
2.000000000000000000e+01
2.800000000000000000e+01
1.100000000000000000e+01
0.000000000000000000e+00
0.000000000000000000e+00
2.900000000000000000e+01
0.000000000000000000e+00
0.000000000000000000e+00
1.500000000000000000e+01
1.000000000000000000e+00
1.400000000000000000e+01
3.300000000000000000e+01
1.100000000000000000e+01
2.000000000000000000e+01
2.400000000000000000e+01
3.400000000000000000e+01
9.000000000000000000e+00
1.300000000000000000e+01
2.000000000000000000e+01
3.100000000000000000e+01
6.400000000000000000e+01
3.200000000000000000e+01
5.100000000000000000e+01
1.700000000000000000e+01
3.600000000000000000e+01
1.570000000000000000e+02
5.200000000000000000e+01
7.200000000000000000e+01
1.960000000000000000e+02
1.990000000000000000e+02
3.350000000000000000e+02
3.040000000000000000e+02
6.820000000000000000e+02
8.120000000000000000e+02
7.470000000000000000e+02
5.700000000000000000e+01
0.000000000000000000e+00
3.000000000000000000e+00
2.000000000000000000e+00
2.000000000000000000e+00
2.000000000000000000e+00
2.000000000000000000e+00
8.000000000000000000e+00
9.000000000000000000e+00
4.000000000000000000e+00
2.100000000000000000e+01
1.100000000000000000e+01
1.700000000000000000e+01
7.000000000000000000e+00
8.000000000000000000e+00
9.000000000000000000e+00
1.200000000000000000e+01
1.400000000000000000e+01
7.000000000000000000e+00
9.000000000000000000e+00
1.200000000000000000e+01
7.000000000000000000e+00
1.000000000000000000e+01
1.400000000000000000e+01
1.100000000000000000e+01
1.300000000000000000e+01
8.000000000000000000e+00
1.300000000000000000e+01
1.300000000000000000e+01
1.300000000000000000e+01
4.000000000000000000e+00
9.000000000000000000e+00
8.000000000000000000e+00
1.200000000000000000e+01
1.000000000000000000e+01
1.100000000000000000e+01
1.300000000000000000e+01
8.000000000000000000e+00
6.000000000000000000e+00
8.000000000000000000e+00
5.000000000000000000e+00
4.000000000000000000e+00
7.000000000000000000e+00
9.000000000000000000e+00
8.000000000000000000e+00
8.000000000000000000e+00
8.000000000000000000e+00
8.000000000000000000e+00
1.000000000000000000e+01
7.000000000000000000e+00
8.000000000000000000e+00
1.300000000000000000e+01
1.000000000000000000e+01
1.200000000000000000e+01
9.000000000000000000e+00
1.300000000000000000e+01
1.000000000000000000e+01
1.200000000000000000e+01
9.000000000000000000e+00
1.300000000000000000e+01
1.200000000000000000e+01
1.900000000000000000e+01
1.700000000000000000e+01
2.100000000000000000e+01
2.800000000000000000e+01
1.900000000000000000e+01
2.000000000000000000e+01
2.100000000000000000e+01
2.100000000000000000e+01
1.500000000000000000e+01
2.600000000000000000e+01
2.700000000000000000e+01
2.700000000000000000e+01
3.200000000000000000e+01
3.400000000000000000e+01
3.100000000000000000e+01
2.800000000000000000e+01
3.800000000000000000e+01
4.100000000000000000e+01
4.000000000000000000e+01
4.400000000000000000e+01
5.400000000000000000e+01
4.600000000000000000e+01
4.500000000000000000e+01
4.900000000000000000e+01
7.600000000000000000e+01
5.700000000000000000e+01
7.400000000000000000e+01
9.100000000000000000e+01
9.900000000000000000e+01
8.000000000000000000e+01
9.400000000000000000e+01
1.040000000000000000e+02
8.900000000000000000e+01
1.070000000000000000e+02
1.350000000000000000e+02
1.330000000000000000e+02
1.410000000000000000e+02
1.680000000000000000e+02
2.030000000000000000e+02
2.230000000000000000e+02
2.290000000000000000e+02
2.730000000000000000e+02
2.850000000000000000e+02
3.160000000000000000e+02
3.560000000000000000e+02
3.950000000000000000e+02
4.560000000000000000e+02
4.430000000000000000e+02
5.040000000000000000e+02
5.010000000000000000e+02
5.980000000000000000e+02
6.150000000000000000e+02
7.670000000000000000e+02
7.280000000000000000e+02
7.560000000000000000e+02
8.650000000000000000e+02
8.550000000000000000e+02
9.430000000000000000e+02
1.051000000000000000e+03
1.060000000000000000e+03
1.077000000000000000e+03
1.048000000000000000e+03
1.177000000000000000e+03
1.170000000000000000e+03
1.347000000000000000e+03
1.159000000000000000e+03
1.154000000000000000e+03
1.675000000000000000e+03
1.315000000000000000e+03
1.473000000000000000e+03
1.413000000000000000e+03
1.428000000000000000e+03
1.465000000000000000e+03
1.469000000000000000e+03
1.380000000000000000e+03
1.381000000000000000e+03
1.460000000000000000e+03
1.412000000000000000e+03
1.425000000000000000e+03
1.449000000000000000e+03
1.391000000000000000e+03
1.340000000000000000e+03
1.370000000000000000e+03
1.326000000000000000e+03
1.177000000000000000e+03
1.418000000000000000e+03
1.229000000000000000e+03
1.321000000000000000e+03
1.298000000000000000e+03
1.269000000000000000e+03
1.207000000000000000e+03
1.264000000000000000e+03
1.254000000000000000e+03
1.197000000000000000e+03
1.223000000000000000e+03
1.153000000000000000e+03
1.142000000000000000e+03
1.175000000000000000e+03
1.119000000000000000e+03
1.058000000000000000e+03
1.066000000000000000e+03
9.820000000000000000e+02
9.230000000000000000e+02
9.630000000000000000e+02
9.310000000000000000e+02
9.020000000000000000e+02
8.840000000000000000e+02
8.390000000000000000e+02
7.660000000000000000e+02
8.570000000000000000e+02
6.810000000000000000e+02
7.050000000000000000e+02
6.320000000000000000e+02
7.080000000000000000e+02
6.200000000000000000e+02
5.770000000000000000e+02
5.700000000000000000e+02
5.440000000000000000e+02
5.230000000000000000e+02
4.670000000000000000e+02
5.110000000000000000e+02
4.860000000000000000e+02
4.750000000000000000e+02
4.540000000000000000e+02
4.020000000000000000e+02
3.780000000000000000e+02
4.040000000000000000e+02
3.780000000000000000e+02
3.480000000000000000e+02
3.710000000000000000e+02
3.960000000000000000e+02
2.930000000000000000e+02
2.980000000000000000e+02
3.210000000000000000e+02
3.130000000000000000e+02
2.960000000000000000e+02
3.000000000000000000e+02
2.510000000000000000e+02
2.530000000000000000e+02
2.660000000000000000e+02
2.290000000000000000e+02
2.180000000000000000e+02
1.940000000000000000e+02
2.550000000000000000e+02
1.960000000000000000e+02
1.830000000000000000e+02
1.860000000000000000e+02
1.980000000000000000e+02
1.670000000000000000e+02
1.910000000000000000e+02
1.710000000000000000e+02
1.450000000000000000e+02
1.960000000000000000e+02
1.590000000000000000e+02
1.350000000000000000e+02
1.400000000000000000e+02
1.220000000000000000e+02
1.140000000000000000e+02
1.760000000000000000e+02
1.120000000000000000e+02
1.240000000000000000e+02
1.310000000000000000e+02
1.020000000000000000e+02
1.010000000000000000e+02
1.000000000000000000e+02
1.080000000000000000e+02
1.030000000000000000e+02
7.200000000000000000e+01
1.030000000000000000e+02
1.030000000000000000e+02
8.000000000000000000e+01
9.300000000000000000e+01
9.300000000000000000e+01
1.020000000000000000e+02
8.500000000000000000e+01
7.800000000000000000e+01
7.400000000000000000e+01
6.700000000000000000e+01
7.700000000000000000e+01
7.900000000000000000e+01
6.700000000000000000e+01
6.300000000000000000e+01
7.600000000000000000e+01
7.300000000000000000e+01
5.600000000000000000e+01
7.000000000000000000e+01
6.600000000000000000e+01
6.900000000000000000e+01
4.800000000000000000e+01
4.800000000000000000e+01
6.400000000000000000e+01
3.500000000000000000e+01
2.200000000000000000e+01
0.000000000000000000e+00
2.828000000000000000e+03
1.100000000000000000e+01
4.900000000000000000e+01
8.000000000000000000e+01
1.300000000000000000e+02
1.350000000000000000e+02
1.010000000000000000e+02
1.090000000000000000e+02
1.230000000000000000e+02
9.000000000000000000e+01
9.500000000000000000e+01
8.900000000000000000e+01
9.100000000000000000e+01
6.700000000000000000e+01
8.400000000000000000e+01
8.400000000000000000e+01
1.050000000000000000e+02
9.100000000000000000e+01
7.800000000000000000e+01
7.900000000000000000e+01
8.900000000000000000e+01
8.400000000000000000e+01
7.300000000000000000e+01
6.200000000000000000e+01
8.600000000000000000e+01
5.700000000000000000e+01
7.900000000000000000e+01
6.300000000000000000e+01
5.800000000000000000e+01
6.500000000000000000e+01
6.700000000000000000e+01
5.800000000000000000e+01
6.100000000000000000e+01
5.600000000000000000e+01
7.800000000000000000e+01
6.200000000000000000e+01
7.700000000000000000e+01
7.500000000000000000e+01
6.700000000000000000e+01
7.600000000000000000e+01
8.200000000000000000e+01
7.500000000000000000e+01
9.500000000000000000e+01
7.300000000000000000e+01
6.100000000000000000e+01
8.700000000000000000e+01
8.600000000000000000e+01
7.900000000000000000e+01
7.700000000000000000e+01
8.700000000000000000e+01
6.800000000000000000e+01
8.500000000000000000e+01
8.200000000000000000e+01
7.600000000000000000e+01
1.040000000000000000e+02
8.300000000000000000e+01
6.500000000000000000e+01
7.300000000000000000e+01
8.500000000000000000e+01
9.800000000000000000e+01
7.500000000000000000e+01
1.090000000000000000e+02
1.240000000000000000e+02
1.100000000000000000e+02
1.130000000000000000e+02
9.700000000000000000e+01
1.010000000000000000e+02
8.800000000000000000e+01
1.050000000000000000e+02
1.100000000000000000e+02
1.180000000000000000e+02
1.130000000000000000e+02
1.130000000000000000e+02
1.190000000000000000e+02
1.140000000000000000e+02
1.410000000000000000e+02
1.230000000000000000e+02
1.350000000000000000e+02
1.500000000000000000e+02
1.620000000000000000e+02
1.530000000000000000e+02
1.420000000000000000e+02
1.260000000000000000e+02
1.380000000000000000e+02
1.610000000000000000e+02
1.490000000000000000e+02
1.830000000000000000e+02
1.990000000000000000e+02
1.900000000000000000e+02
1.520000000000000000e+02
1.900000000000000000e+02
1.810000000000000000e+02
1.710000000000000000e+02
1.710000000000000000e+02
1.900000000000000000e+02
1.480000000000000000e+02
1.610000000000000000e+02
1.760000000000000000e+02
1.760000000000000000e+02
2.200000000000000000e+02
1.990000000000000000e+02
2.130000000000000000e+02
1.860000000000000000e+02
1.700000000000000000e+02
1.970000000000000000e+02
2.090000000000000000e+02
2.070000000000000000e+02
2.020000000000000000e+02
2.030000000000000000e+02
1.900000000000000000e+02
1.950000000000000000e+02
2.000000000000000000e+02
2.170000000000000000e+02
1.960000000000000000e+02
2.020000000000000000e+02
2.070000000000000000e+02
1.940000000000000000e+02
2.110000000000000000e+02
2.060000000000000000e+02
2.210000000000000000e+02
2.110000000000000000e+02
2.110000000000000000e+02
2.160000000000000000e+02
2.060000000000000000e+02
2.010000000000000000e+02
2.280000000000000000e+02
2.220000000000000000e+02
2.300000000000000000e+02
2.110000000000000000e+02
2.280000000000000000e+02
2.550000000000000000e+02
2.500000000000000000e+02
2.180000000000000000e+02
2.850000000000000000e+02
2.550000000000000000e+02
2.710000000000000000e+02
2.580000000000000000e+02
2.750000000000000000e+02
2.640000000000000000e+02
3.220000000000000000e+02
3.190000000000000000e+02
3.000000000000000000e+02
3.200000000000000000e+02
2.950000000000000000e+02
3.200000000000000000e+02
3.320000000000000000e+02
4.040000000000000000e+02
3.830000000000000000e+02
4.390000000000000000e+02
4.360000000000000000e+02
4.220000000000000000e+02
4.850000000000000000e+02
4.310000000000000000e+02
5.290000000000000000e+02
5.600000000000000000e+02
5.880000000000000000e+02
5.950000000000000000e+02
6.530000000000000000e+02
6.830000000000000000e+02
8.090000000000000000e+02
8.070000000000000000e+02
8.300000000000000000e+02
9.160000000000000000e+02
9.910000000000000000e+02
9.680000000000000000e+02
1.079000000000000000e+03
1.066000000000000000e+03
1.117000000000000000e+03
1.251000000000000000e+03
1.268000000000000000e+03
1.310000000000000000e+03
1.356000000000000000e+03
1.369000000000000000e+03
1.385000000000000000e+03
1.366000000000000000e+03
1.512000000000000000e+03
1.391000000000000000e+03
1.379000000000000000e+03
1.366000000000000000e+03
1.440000000000000000e+03
1.375000000000000000e+03
1.413000000000000000e+03
1.363000000000000000e+03
1.344000000000000000e+03
1.281000000000000000e+03
1.289000000000000000e+03
1.248000000000000000e+03
1.163000000000000000e+03
1.136000000000000000e+03
1.169000000000000000e+03
1.078000000000000000e+03
1.072000000000000000e+03
9.880000000000000000e+02
9.290000000000000000e+02
9.230000000000000000e+02
9.120000000000000000e+02
8.900000000000000000e+02
7.990000000000000000e+02
8.440000000000000000e+02
8.140000000000000000e+02
7.540000000000000000e+02
7.690000000000000000e+02
6.990000000000000000e+02
7.220000000000000000e+02
7.020000000000000000e+02
7.200000000000000000e+02
7.480000000000000000e+02
6.910000000000000000e+02
6.940000000000000000e+02
7.190000000000000000e+02
6.900000000000000000e+02
7.120000000000000000e+02
6.440000000000000000e+02
6.590000000000000000e+02
7.200000000000000000e+02
6.580000000000000000e+02
6.790000000000000000e+02
6.960000000000000000e+02
6.420000000000000000e+02
6.730000000000000000e+02
7.150000000000000000e+02
6.800000000000000000e+02
6.380000000000000000e+02
6.370000000000000000e+02
6.110000000000000000e+02
6.420000000000000000e+02
5.960000000000000000e+02
5.700000000000000000e+02
5.060000000000000000e+02
4.970000000000000000e+02
4.620000000000000000e+02
3.870000000000000000e+02
3.820000000000000000e+02
3.220000000000000000e+02
2.580000000000000000e+02
2.420000000000000000e+02
1.970000000000000000e+02
1.910000000000000000e+02
1.630000000000000000e+02
1.340000000000000000e+02
1.180000000000000000e+02
8.900000000000000000e+01
8.500000000000000000e+01
7.000000000000000000e+01
4.900000000000000000e+01
4.200000000000000000e+01
4.200000000000000000e+01
3.700000000000000000e+01
3.700000000000000000e+01
2.100000000000000000e+01
2.300000000000000000e+01
2.000000000000000000e+01
1.700000000000000000e+01
2.000000000000000000e+01
8.000000000000000000e+00
8.000000000000000000e+00
5.300000000000000000e+01
