3.292000000000000000e+03
0.000000000000000000e+00
7.000000000000000000e+00
7.000000000000000000e+00
1.000000000000000000e+00
5.800000000000000000e+01
1.370000000000000000e+02
6.000000000000000000e+00
1.130000000000000000e+02
6.600000000000000000e+01
8.600000000000000000e+01
3.300000000000000000e+02
3.510000000000000000e+02
6.940000000000000000e+02
4.330000000000000000e+02
6.410000000000000000e+02
6.540000000000000000e+02
5.580000000000000000e+02
2.500000000000000000e+02
3.620000000000000000e+02
7.860000000000000000e+02
4.370000000000000000e+02
4.030000000000000000e+02
2.580000000000000000e+02
5.560000000000000000e+02
2.450000000000000000e+02
5.920000000000000000e+02
1.240000000000000000e+02
1.380000000000000000e+02
1.250000000000000000e+02
2.847000000000000000e+03
0.000000000000000000e+00
1.710000000000000000e+02
6.200000000000000000e+01
2.710000000000000000e+02
5.700000000000000000e+02
3.610000000000000000e+02
5.500000000000000000e+01
2.480000000000000000e+02
1.050000000000000000e+02
1.800000000000000000e+02
2.200000000000000000e+01
5.290000000000000000e+02
2.650000000000000000e+02
6.000000000000000000e+00
7.300000000000000000e+01
3.800000000000000000e+01
0.000000000000000000e+00
2.000000000000000000e+02
4.000000000000000000e+00
7.350000000000000000e+02
2.870000000000000000e+02
7.700000000000000000e+01
0.000000000000000000e+00
1.500000000000000000e+01
6.570000000000000000e+02
1.140000000000000000e+02
3.300000000000000000e+01
0.000000000000000000e+00
0.000000000000000000e+00
4.600000000000000000e+02
0.000000000000000000e+00
0.000000000000000000e+00
7.600000000000000000e+01
0.000000000000000000e+00
2.500000000000000000e+01
1.050000000000000000e+03
2.000000000000000000e+00
8.900000000000000000e+01
1.400000000000000000e+01
1.444000000000000000e+03
2.000000000000000000e+00
0.000000000000000000e+00
1.044000000000000000e+03
4.610000000000000000e+02
1.941000000000000000e+03
1.000000000000000000e+01
0.000000000000000000e+00
1.000000000000000000e+00
1.564000000000000000e+03
3.194000000000000000e+03
0.000000000000000000e+00
0.000000000000000000e+00
1.771000000000000000e+03
3.060000000000000000e+02
1.048000000000000000e+03
0.000000000000000000e+00
3.590000000000000000e+03
5.280000000000000000e+02
3.600000000000000000e+01
5.107000000000000000e+03
2.180000000000000000e+02
1.244000000000000000e+03
2.390000000000000000e+03
8.450000000000000000e+02
7.423000000000000000e+03
6.805000000000000000e+03
4.425000000000000000e+03
1.304700000000000000e+04
7.091000000000000000e+03
2.579000000000000000e+03
2.959000000000000000e+03
1.780000000000000000e+02
2.395000000000000000e+03
4.040000000000000000e+02
8.000000000000000000e+00
2.140000000000000000e+02
0.000000000000000000e+00
2.000000000000000000e+00
4.130000000000000000e+02
1.129000000000000000e+03
4.800000000000000000e+01
0.000000000000000000e+00
1.000000000000000000e+00
2.690000000000000000e+02
3.000000000000000000e+01
0.000000000000000000e+00
0.000000000000000000e+00
0.000000000000000000e+00
0.000000000000000000e+00
2.600000000000000000e+02
0.000000000000000000e+00
0.000000000000000000e+00
0.000000000000000000e+00
0.000000000000000000e+00
5.000000000000000000e+00
7.300000000000000000e+01
0.000000000000000000e+00
0.000000000000000000e+00
0.000000000000000000e+00
0.000000000000000000e+00
0.000000000000000000e+00
5.000000000000000000e+00
0.000000000000000000e+00
0.000000000000000000e+00
0.000000000000000000e+00
0.000000000000000000e+00
0.000000000000000000e+00
0.000000000000000000e+00
0.000000000000000000e+00
5.800000000000000000e+01
0.000000000000000000e+00
0.000000000000000000e+00
0.000000000000000000e+00
0.000000000000000000e+00
0.000000000000000000e+00
0.000000000000000000e+00
0.000000000000000000e+00
0.000000000000000000e+00
0.000000000000000000e+00
0.000000000000000000e+00
0.000000000000000000e+00
0.000000000000000000e+00
0.000000000000000000e+00
0.000000000000000000e+00
0.000000000000000000e+00
3.000000000000000000e+00
0.000000000000000000e+00
0.000000000000000000e+00
0.000000000000000000e+00
0.000000000000000000e+00
0.000000000000000000e+00
0.000000000000000000e+00
0.000000000000000000e+00
0.000000000000000000e+00
3.230000000000000000e+02
0.000000000000000000e+00
0.000000000000000000e+00
0.000000000000000000e+00
0.000000000000000000e+00
1.100000000000000000e+01
0.000000000000000000e+00
0.000000000000000000e+00
3.900000000000000000e+01
0.000000000000000000e+00
0.000000000000000000e+00
0.000000000000000000e+00
1.200000000000000000e+01
0.000000000000000000e+00
0.000000000000000000e+00
3.243000000000000000e+03
0.000000000000000000e+00
4.507000000000000000e+03
1.878000000000000000e+03
2.920000000000000000e+02
1.693000000000000000e+03
3.217000000000000000e+03
3.745000000000000000e+03
2.623000000000000000e+03
2.005000000000000000e+03
1.837000000000000000e+03
2.764000000000000000e+03
2.620000000000000000e+03
3.154000000000000000e+03
3.808000000000000000e+03
2.441000000000000000e+03
1.737000000000000000e+03
1.744000000000000000e+03
1.514000000000000000e+03
1.718000000000000000e+03
1.982000000000000000e+03
1.508000000000000000e+03
1.216000000000000000e+03
1.865000000000000000e+03
1.129000000000000000e+03
1.619000000000000000e+03
1.312000000000000000e+03
1.580000000000000000e+03
1.599000000000000000e+03
1.769000000000000000e+03
1.604000000000000000e+03
1.430000000000000000e+03
1.044000000000000000e+03
1.332000000000000000e+03
7.880000000000000000e+02
8.790000000000000000e+02
9.330000000000000000e+02
9.770000000000000000e+02
6.400000000000000000e+02
8.110000000000000000e+02
7.210000000000000000e+02
6.840000000000000000e+02
8.520000000000000000e+02
7.560000000000000000e+02
6.580000000000000000e+02
6.650000000000000000e+02
7.410000000000000000e+02
5.970000000000000000e+02
5.650000000000000000e+02
6.160000000000000000e+02
6.610000000000000000e+02
6.690000000000000000e+02
5.240000000000000000e+02
6.150000000000000000e+02
4.750000000000000000e+02
5.570000000000000000e+02
4.620000000000000000e+02
5.940000000000000000e+02
6.380000000000000000e+02
4.750000000000000000e+02
4.760000000000000000e+02
4.830000000000000000e+02
5.590000000000000000e+02
5.790000000000000000e+02
4.790000000000000000e+02
3.750000000000000000e+02
3.820000000000000000e+02
5.240000000000000000e+02
5.360000000000000000e+02
5.620000000000000000e+02
5.330000000000000000e+02
5.070000000000000000e+02
5.900000000000000000e+02
5.110000000000000000e+02
3.960000000000000000e+02
2.920000000000000000e+02
2.350000000000000000e+02
2.680000000000000000e+02
2.330000000000000000e+02
1.560000000000000000e+02
1.340000000000000000e+02
1.530000000000000000e+02
1.570000000000000000e+02
1.220000000000000000e+02
8.000000000000000000e+01
1.960000000000000000e+02
9.600000000000000000e+01
9.700000000000000000e+01
8.900000000000000000e+01
1.180000000000000000e+02
9.800000000000000000e+01
8.700000000000000000e+01
7.300000000000000000e+01
7.200000000000000000e+01
7.700000000000000000e+01
6.200000000000000000e+01
1.040000000000000000e+02
5.500000000000000000e+01
6.300000000000000000e+01
5.400000000000000000e+01
6.400000000000000000e+01
3.700000000000000000e+01
1.030000000000000000e+02
4.300000000000000000e+01
3.600000000000000000e+01
4.300000000000000000e+01
5.200000000000000000e+01
4.200000000000000000e+01
4.600000000000000000e+01
6.200000000000000000e+01
2.300000000000000000e+01
4.700000000000000000e+01
3.800000000000000000e+01
5.500000000000000000e+01
3.000000000000000000e+01
3.700000000000000000e+01
4.400000000000000000e+01
3.200000000000000000e+01
3.500000000000000000e+01
3.400000000000000000e+01
3.300000000000000000e+01
3.500000000000000000e+01
3.800000000000000000e+01
1.900000000000000000e+01
2.500000000000000000e+01
2.500000000000000000e+01
1.400000000000000000e+01
2.900000000000000000e+01
1.300000000000000000e+02
1.800000000000000000e+01
1.400000000000000000e+01
2.400000000000000000e+01
2.500000000000000000e+01
2.300000000000000000e+01
2.700000000000000000e+01
2.300000000000000000e+01
2.800000000000000000e+01
2.400000000000000000e+01
1.000000000000000000e+01
1.800000000000000000e+01
2.800000000000000000e+01
1.700000000000000000e+01
4.300000000000000000e+01
1.700000000000000000e+01
1.600000000000000000e+01
9.000000000000000000e+00
2.500000000000000000e+01
1.200000000000000000e+01
2.800000000000000000e+01
1.900000000000000000e+01
2.400000000000000000e+01
1.600000000000000000e+01
1.500000000000000000e+01
4.800000000000000000e+01
1.300000000000000000e+01
1.300000000000000000e+01
1.300000000000000000e+01
1.300000000000000000e+01
9.000000000000000000e+00
4.300000000000000000e+01
5.000000000000000000e+00
1.400000000000000000e+01
1.700000000000000000e+01
8.000000000000000000e+00
1.700000000000000000e+01
1.700000000000000000e+01
1.600000000000000000e+01
7.000000000000000000e+00
1.400000000000000000e+01
5.000000000000000000e+00
3.400000000000000000e+01
0.000000000000000000e+00
1.100000000000000000e+01
5.000000000000000000e+00
1.100000000000000000e+01
7.000000000000000000e+00
3.000000000000000000e+00
1.000000000000000000e+01
1.000000000000000000e+00
2.200000000000000000e+01
9.000000000000000000e+00
1.000000000000000000e+01
2.800000000000000000e+01
3.000000000000000000e+00
7.000000000000000000e+00
9.000000000000000000e+00
2.000000000000000000e+00
1.100000000000000000e+01
8.000000000000000000e+00
4.000000000000000000e+00
4.000000000000000000e+00
2.000000000000000000e+01
0.000000000000000000e+00
6.000000000000000000e+00
6.000000000000000000e+00
5.000000000000000000e+00
7.000000000000000000e+00
9.000000000000000000e+00
1.000000000000000000e+01
3.000000000000000000e+00
9.000000000000000000e+00
1.100000000000000000e+01
5.000000000000000000e+00
2.000000000000000000e+00
1.600000000000000000e+01
2.000000000000000000e+00
3.000000000000000000e+00
6.000000000000000000e+00
2.000000000000000000e+00
6.000000000000000000e+00
2.000000000000000000e+00
3.000000000000000000e+00
0.000000000000000000e+00
1.900000000000000000e+01
2.000000000000000000e+00
3.000000000000000000e+00
1.200000000000000000e+01
3.000000000000000000e+00
0.000000000000000000e+00
5.000000000000000000e+00
3.000000000000000000e+00
3.000000000000000000e+00
2.000000000000000000e+00
8.000000000000000000e+00
2.000000000000000000e+00
4.000000000000000000e+00
1.000000000000000000e+00
2.000000000000000000e+00
4.000000000000000000e+00
1.000000000000000000e+00
4.000000000000000000e+00
3.000000000000000000e+00
5.000000000000000000e+00
0.000000000000000000e+00
2.000000000000000000e+00
2.000000000000000000e+00
0.000000000000000000e+00
2.000000000000000000e+00
0.000000000000000000e+00
3.000000000000000000e+00
2.000000000000000000e+00
2.000000000000000000e+00
1.000000000000000000e+00
0.000000000000000000e+00
0.000000000000000000e+00
1.000000000000000000e+00
1.000000000000000000e+00
1.000000000000000000e+00
2.000000000000000000e+00
2.000000000000000000e+00
0.000000000000000000e+00
0.000000000000000000e+00
0.000000000000000000e+00
0.000000000000000000e+00
0.000000000000000000e+00
9.400000000000000000e+01
4.000000000000000000e+00
8.000000000000000000e+00
7.000000000000000000e+00
2.100000000000000000e+01
3.900000000000000000e+01
8.600000000000000000e+01
1.010000000000000000e+02
1.000000000000000000e+02
1.090000000000000000e+02
9.000000000000000000e+01
8.700000000000000000e+01
5.900000000000000000e+01
8.200000000000000000e+01
9.000000000000000000e+01
8.600000000000000000e+01
9.900000000000000000e+01
8.500000000000000000e+01
8.700000000000000000e+01
8.400000000000000000e+01
1.060000000000000000e+02
8.900000000000000000e+01
7.700000000000000000e+01
6.500000000000000000e+01
6.700000000000000000e+01
6.500000000000000000e+01
7.000000000000000000e+01
5.900000000000000000e+01
4.900000000000000000e+01
6.300000000000000000e+01
5.600000000000000000e+01
5.600000000000000000e+01
6.600000000000000000e+01
6.100000000000000000e+01
5.600000000000000000e+01
5.900000000000000000e+01
5.700000000000000000e+01
5.400000000000000000e+01
5.400000000000000000e+01
5.900000000000000000e+01
5.900000000000000000e+01
6.400000000000000000e+01
6.300000000000000000e+01
4.300000000000000000e+01
7.400000000000000000e+01
5.300000000000000000e+01
5.300000000000000000e+01
6.200000000000000000e+01
6.900000000000000000e+01
6.400000000000000000e+01
5.200000000000000000e+01
5.100000000000000000e+01
4.300000000000000000e+01
5.400000000000000000e+01
5.300000000000000000e+01
5.700000000000000000e+01
6.000000000000000000e+01
6.000000000000000000e+01
5.100000000000000000e+01
4.400000000000000000e+01
4.000000000000000000e+01
5.300000000000000000e+01
5.500000000000000000e+01
5.700000000000000000e+01
8.000000000000000000e+01
6.700000000000000000e+01
6.000000000000000000e+01
5.700000000000000000e+01
6.900000000000000000e+01
5.900000000000000000e+01
7.300000000000000000e+01
6.500000000000000000e+01
7.000000000000000000e+01
9.000000000000000000e+01
8.200000000000000000e+01
6.700000000000000000e+01
6.700000000000000000e+01
6.900000000000000000e+01
7.600000000000000000e+01
7.500000000000000000e+01
6.300000000000000000e+01
6.700000000000000000e+01
5.600000000000000000e+01
5.400000000000000000e+01
6.200000000000000000e+01
5.700000000000000000e+01
5.600000000000000000e+01
5.700000000000000000e+01
6.400000000000000000e+01
4.700000000000000000e+01
6.500000000000000000e+01
6.200000000000000000e+01
6.100000000000000000e+01
6.300000000000000000e+01
6.200000000000000000e+01
6.700000000000000000e+01
4.700000000000000000e+01
5.700000000000000000e+01
5.400000000000000000e+01
5.400000000000000000e+01
6.500000000000000000e+01
5.700000000000000000e+01
5.800000000000000000e+01
7.100000000000000000e+01
6.100000000000000000e+01
5.800000000000000000e+01
7.500000000000000000e+01
5.400000000000000000e+01
8.200000000000000000e+01
7.500000000000000000e+01
8.500000000000000000e+01
4.900000000000000000e+01
6.800000000000000000e+01
6.400000000000000000e+01
7.200000000000000000e+01
6.800000000000000000e+01
7.200000000000000000e+01
6.100000000000000000e+01
5.200000000000000000e+01
7.800000000000000000e+01
7.000000000000000000e+01
6.700000000000000000e+01
6.300000000000000000e+01
7.900000000000000000e+01
8.100000000000000000e+01
7.200000000000000000e+01
6.900000000000000000e+01
7.900000000000000000e+01
6.200000000000000000e+01
8.900000000000000000e+01
7.700000000000000000e+01
6.900000000000000000e+01
7.900000000000000000e+01
9.500000000000000000e+01
6.700000000000000000e+01
7.600000000000000000e+01
8.100000000000000000e+01
8.900000000000000000e+01
9.200000000000000000e+01
9.700000000000000000e+01
9.400000000000000000e+01
7.500000000000000000e+01
9.500000000000000000e+01
1.150000000000000000e+02
9.400000000000000000e+01
9.100000000000000000e+01
8.300000000000000000e+01
9.800000000000000000e+01
1.160000000000000000e+02
9.700000000000000000e+01
1.140000000000000000e+02
1.240000000000000000e+02
1.600000000000000000e+02
1.260000000000000000e+02
1.280000000000000000e+02
1.320000000000000000e+02
1.160000000000000000e+02
1.340000000000000000e+02
1.370000000000000000e+02
1.470000000000000000e+02
1.340000000000000000e+02
1.330000000000000000e+02
1.600000000000000000e+02
1.440000000000000000e+02
1.650000000000000000e+02
1.700000000000000000e+02
1.670000000000000000e+02
1.760000000000000000e+02
1.560000000000000000e+02
1.700000000000000000e+02
2.050000000000000000e+02
1.970000000000000000e+02
2.010000000000000000e+02
1.830000000000000000e+02
2.060000000000000000e+02
2.260000000000000000e+02
2.390000000000000000e+02
2.630000000000000000e+02
2.940000000000000000e+02
3.220000000000000000e+02
3.070000000000000000e+02
3.260000000000000000e+02
3.780000000000000000e+02
4.010000000000000000e+02
5.490000000000000000e+02
6.190000000000000000e+02
7.950000000000000000e+02
7.780000000000000000e+02
8.710000000000000000e+02
7.270000000000000000e+02
7.650000000000000000e+02
7.750000000000000000e+02
8.090000000000000000e+02
9.390000000000000000e+02
9.700000000000000000e+02
1.047000000000000000e+03
8.960000000000000000e+02
8.890000000000000000e+02
9.240000000000000000e+02
9.820000000000000000e+02
9.880000000000000000e+02
1.006000000000000000e+03
1.099000000000000000e+03
1.113000000000000000e+03
9.980000000000000000e+02
1.049000000000000000e+03
1.092000000000000000e+03
1.246000000000000000e+03
1.371000000000000000e+03
1.368000000000000000e+03
1.520000000000000000e+03
1.476000000000000000e+03
1.432000000000000000e+03
1.605000000000000000e+03
1.791000000000000000e+03
1.771000000000000000e+03
2.057000000000000000e+03
2.348000000000000000e+03
2.368000000000000000e+03
2.748000000000000000e+03
2.953000000000000000e+03
2.850000000000000000e+03
2.696000000000000000e+03
2.602000000000000000e+03
3.024000000000000000e+03
3.576000000000000000e+03
4.041000000000000000e+03
4.383000000000000000e+03
3.939000000000000000e+03
3.357000000000000000e+03
1.905000000000000000e+03
1.066000000000000000e+03
4.170000000000000000e+02
2.210000000000000000e+02
1.540000000000000000e+02
1.110000000000000000e+02
6.600000000000000000e+01
5.700000000000000000e+01
4.800000000000000000e+01
4.600000000000000000e+01
4.100000000000000000e+01
4.500000000000000000e+01
2.600000000000000000e+01
2.700000000000000000e+01
2.400000000000000000e+01
1.600000000000000000e+01
1.300000000000000000e+01
1.300000000000000000e+01
2.100000000000000000e+01
8.000000000000000000e+00
1.100000000000000000e+01
8.000000000000000000e+00
1.100000000000000000e+01
6.000000000000000000e+00
4.000000000000000000e+00
2.000000000000000000e+00
1.100000000000000000e+01
