1.154000000000000000e+03
0.000000000000000000e+00
0.000000000000000000e+00
0.000000000000000000e+00
0.000000000000000000e+00
0.000000000000000000e+00
2.200000000000000000e+01
0.000000000000000000e+00
0.000000000000000000e+00
0.000000000000000000e+00
0.000000000000000000e+00
4.000000000000000000e+00
0.000000000000000000e+00
2.800000000000000000e+01
0.000000000000000000e+00
0.000000000000000000e+00
4.000000000000000000e+00
1.000000000000000000e+00
1.000000000000000000e+00
4.500000000000000000e+01
1.150000000000000000e+02
3.800000000000000000e+01
1.200000000000000000e+01
4.200000000000000000e+01
1.480000000000000000e+02
1.820000000000000000e+02
9.700000000000000000e+01
0.000000000000000000e+00
7.000000000000000000e+00
0.000000000000000000e+00
2.244000000000000000e+03
0.000000000000000000e+00
7.100000000000000000e+01
0.000000000000000000e+00
4.370000000000000000e+02
2.625000000000000000e+03
1.486000000000000000e+03
0.000000000000000000e+00
5.000000000000000000e+01
3.000000000000000000e+00
3.620000000000000000e+02
0.000000000000000000e+00
2.546300000000000000e+04
3.436400000000000000e+04
0.000000000000000000e+00
3.100000000000000000e+01
0.000000000000000000e+00
0.000000000000000000e+00
2.200000000000000000e+01
0.000000000000000000e+00
4.150700000000000000e+04
4.624000000000000000e+03
1.400000000000000000e+01
2.000000000000000000e+00
1.000000000000000000e+00
3.020000000000000000e+04
6.500000000000000000e+02
0.000000000000000000e+00
0.000000000000000000e+00
0.000000000000000000e+00
5.610000000000000000e+03
0.000000000000000000e+00
9.000000000000000000e+00
1.340000000000000000e+02
0.000000000000000000e+00
1.310000000000000000e+02
9.147400000000000000e+04
1.270000000000000000e+02
9.200000000000000000e+01
2.030000000000000000e+02
1.059000000000000000e+04
4.500000000000000000e+01
2.310000000000000000e+02
2.590000000000000000e+02
9.100000000000000000e+01
8.994000000000000000e+03
0.000000000000000000e+00
0.000000000000000000e+00
0.000000000000000000e+00
8.000000000000000000e+00
3.074000000000000000e+03
0.000000000000000000e+00
0.000000000000000000e+00
2.987400000000000000e+04
5.000000000000000000e+00
3.000000000000000000e+00
0.000000000000000000e+00
1.820000000000000000e+02
0.000000000000000000e+00
0.000000000000000000e+00
2.313000000000000000e+03
0.000000000000000000e+00
3.000000000000000000e+00
4.300000000000000000e+01
0.000000000000000000e+00
4.400000000000000000e+01
4.703000000000000000e+03
0.000000000000000000e+00
1.240000000000000000e+02
5.000000000000000000e+00
1.400000000000000000e+01
2.521000000000000000e+03
2.000000000000000000e+01
3.266000000000000000e+03
7.900000000000000000e+01
1.100000000000000000e+02
6.520000000000000000e+02
3.190000000000000000e+02
3.290000000000000000e+02
1.137000000000000000e+03
1.571000000000000000e+03
4.850000000000000000e+02
9.000000000000000000e+01
1.320000000000000000e+02
5.030000000000000000e+02
1.840000000000000000e+02
6.200000000000000000e+01
2.000000000000000000e+00
0.000000000000000000e+00
0.000000000000000000e+00
2.780000000000000000e+02
0.000000000000000000e+00
9.000000000000000000e+00
0.000000000000000000e+00
9.000000000000000000e+00
3.400000000000000000e+01
6.100000000000000000e+01
0.000000000000000000e+00
2.000000000000000000e+00
1.000000000000000000e+00
5.000000000000000000e+00
0.000000000000000000e+00
2.400000000000000000e+01
1.000000000000000000e+01
0.000000000000000000e+00
0.000000000000000000e+00
0.000000000000000000e+00
0.000000000000000000e+00
0.000000000000000000e+00
0.000000000000000000e+00
5.600000000000000000e+01
1.000000000000000000e+00
0.000000000000000000e+00
0.000000000000000000e+00
0.000000000000000000e+00
2.000000000000000000e+00
0.000000000000000000e+00
0.000000000000000000e+00
0.000000000000000000e+00
0.000000000000000000e+00
2.000000000000000000e+00
0.000000000000000000e+00
0.000000000000000000e+00
0.000000000000000000e+00
0.000000000000000000e+00
0.000000000000000000e+00
4.000000000000000000e+00
0.000000000000000000e+00
0.000000000000000000e+00
0.000000000000000000e+00
2.000000000000000000e+00
0.000000000000000000e+00
0.000000000000000000e+00
0.000000000000000000e+00
0.000000000000000000e+00
7.400000000000000000e+01
0.000000000000000000e+00
0.000000000000000000e+00
0.000000000000000000e+00
0.000000000000000000e+00
8.000000000000000000e+00
0.000000000000000000e+00
0.000000000000000000e+00
1.500000000000000000e+01
0.000000000000000000e+00
0.000000000000000000e+00
0.000000000000000000e+00
0.000000000000000000e+00
0.000000000000000000e+00
0.000000000000000000e+00
1.149000000000000000e+03
5.300000000000000000e+01
6.710000000000000000e+02
7.620000000000000000e+03
2.645500000000000000e+04
2.680200000000000000e+04
7.366700000000000000e+04
2.589000000000000000e+04
4.232300000000000000e+04
1.840800000000000000e+04
1.567200000000000000e+04
4.424400000000000000e+04
5.365000000000000000e+03
3.807000000000000000e+03
3.275000000000000000e+03
2.599000000000000000e+03
2.321000000000000000e+03
1.535000000000000000e+03
1.405000000000000000e+03
1.088000000000000000e+03
8.870000000000000000e+02
7.800000000000000000e+02
6.090000000000000000e+02
6.570000000000000000e+02
5.410000000000000000e+02
3.810000000000000000e+02
4.690000000000000000e+02
3.780000000000000000e+02
3.490000000000000000e+02
2.450000000000000000e+02
3.600000000000000000e+02
2.490000000000000000e+02
2.590000000000000000e+02
2.560000000000000000e+02
3.350000000000000000e+02
2.450000000000000000e+02
3.330000000000000000e+02
6.100000000000000000e+01
2.340000000000000000e+02
2.060000000000000000e+02
1.910000000000000000e+02
1.530000000000000000e+02
6.400000000000000000e+01
2.320000000000000000e+02
1.290000000000000000e+02
1.240000000000000000e+02
1.770000000000000000e+02
8.100000000000000000e+01
1.030000000000000000e+02
1.050000000000000000e+02
4.800000000000000000e+01
1.860000000000000000e+02
4.200000000000000000e+01
7.400000000000000000e+01
5.000000000000000000e+01
9.500000000000000000e+01
2.500000000000000000e+01
7.000000000000000000e+01
5.700000000000000000e+01
6.000000000000000000e+01
4.700000000000000000e+01
5.000000000000000000e+01
3.100000000000000000e+01
1.000000000000000000e+01
1.210000000000000000e+02
2.200000000000000000e+01
2.200000000000000000e+01
4.900000000000000000e+01
3.500000000000000000e+01
1.300000000000000000e+01
5.600000000000000000e+01
5.300000000000000000e+01
6.000000000000000000e+00
2.500000000000000000e+01
2.000000000000000000e+01
6.100000000000000000e+01
1.200000000000000000e+01
2.900000000000000000e+01
2.700000000000000000e+01
8.000000000000000000e+00
4.000000000000000000e+01
1.400000000000000000e+01
1.000000000000000000e+01
1.100000000000000000e+01
3.000000000000000000e+00
6.800000000000000000e+01
3.000000000000000000e+00
6.000000000000000000e+00
1.200000000000000000e+01
7.000000000000000000e+00
9.000000000000000000e+00
2.900000000000000000e+01
8.000000000000000000e+00
1.500000000000000000e+01
1.400000000000000000e+01
1.000000000000000000e+01
1.900000000000000000e+01
1.200000000000000000e+01
2.500000000000000000e+01
1.100000000000000000e+01
1.500000000000000000e+01
4.000000000000000000e+00
1.400000000000000000e+01
5.000000000000000000e+00
1.400000000000000000e+01
5.000000000000000000e+00
1.900000000000000000e+01
8.000000000000000000e+00
7.000000000000000000e+00
1.100000000000000000e+01
8.000000000000000000e+00
5.000000000000000000e+00
3.000000000000000000e+00
1.000000000000000000e+01
1.100000000000000000e+01
1.000000000000000000e+01
2.300000000000000000e+01
7.000000000000000000e+00
1.300000000000000000e+01
1.100000000000000000e+01
6.000000000000000000e+00
5.000000000000000000e+00
1.200000000000000000e+01
9.000000000000000000e+00
1.000000000000000000e+01
1.300000000000000000e+01
7.000000000000000000e+00
1.900000000000000000e+01
3.500000000000000000e+01
8.000000000000000000e+00
6.000000000000000000e+00
8.000000000000000000e+00
1.100000000000000000e+01
7.000000000000000000e+00
1.200000000000000000e+01
1.200000000000000000e+01
1.000000000000000000e+01
1.200000000000000000e+01
7.000000000000000000e+00
1.400000000000000000e+01
1.400000000000000000e+01
1.000000000000000000e+01
2.200000000000000000e+01
1.000000000000000000e+01
1.100000000000000000e+01
1.400000000000000000e+01
1.600000000000000000e+01
5.000000000000000000e+00
1.200000000000000000e+01
2.000000000000000000e+01
1.600000000000000000e+01
2.200000000000000000e+01
1.200000000000000000e+01
1.900000000000000000e+01
2.100000000000000000e+01
1.300000000000000000e+01
2.400000000000000000e+01
1.800000000000000000e+01
2.400000000000000000e+01
3.000000000000000000e+01
2.000000000000000000e+01
2.600000000000000000e+01
2.600000000000000000e+01
2.400000000000000000e+01
3.400000000000000000e+01
3.800000000000000000e+01
3.000000000000000000e+01
1.700000000000000000e+01
1.800000000000000000e+01
2.100000000000000000e+01
3.100000000000000000e+01
1.500000000000000000e+01
1.400000000000000000e+01
1.200000000000000000e+01
1.400000000000000000e+01
1.700000000000000000e+01
1.400000000000000000e+01
1.000000000000000000e+01
1.400000000000000000e+01
3.000000000000000000e+00
9.000000000000000000e+00
8.000000000000000000e+00
1.300000000000000000e+01
6.000000000000000000e+00
3.000000000000000000e+00
1.000000000000000000e+00
0.000000000000000000e+00
0.000000000000000000e+00
0.000000000000000000e+00
0.000000000000000000e+00
1.000000000000000000e+00
4.000000000000000000e+00
0.000000000000000000e+00
0.000000000000000000e+00
0.000000000000000000e+00
0.000000000000000000e+00
1.000000000000000000e+00
0.000000000000000000e+00
1.000000000000000000e+00
0.000000000000000000e+00
0.000000000000000000e+00
0.000000000000000000e+00
1.000000000000000000e+00
0.000000000000000000e+00
2.000000000000000000e+00
0.000000000000000000e+00
0.000000000000000000e+00
0.000000000000000000e+00
0.000000000000000000e+00
0.000000000000000000e+00
1.000000000000000000e+00
0.000000000000000000e+00
0.000000000000000000e+00
4.000000000000000000e+00
0.000000000000000000e+00
2.000000000000000000e+00
0.000000000000000000e+00
0.000000000000000000e+00
0.000000000000000000e+00
0.000000000000000000e+00
0.000000000000000000e+00
2.000000000000000000e+00
1.000000000000000000e+00
0.000000000000000000e+00
0.000000000000000000e+00
2.000000000000000000e+00
0.000000000000000000e+00
0.000000000000000000e+00
0.000000000000000000e+00
0.000000000000000000e+00
0.000000000000000000e+00
0.000000000000000000e+00
0.000000000000000000e+00
0.000000000000000000e+00
0.000000000000000000e+00
0.000000000000000000e+00
0.000000000000000000e+00
1.000000000000000000e+00
0.000000000000000000e+00
0.000000000000000000e+00
0.000000000000000000e+00
0.000000000000000000e+00
0.000000000000000000e+00
0.000000000000000000e+00
1.000000000000000000e+00
0.000000000000000000e+00
0.000000000000000000e+00
0.000000000000000000e+00
0.000000000000000000e+00
0.000000000000000000e+00
0.000000000000000000e+00
0.000000000000000000e+00
0.000000000000000000e+00
0.000000000000000000e+00
0.000000000000000000e+00
7.000000000000000000e+00
0.000000000000000000e+00
1.000000000000000000e+00
1.000000000000000000e+00
1.000000000000000000e+00
6.000000000000000000e+00
1.100000000000000000e+01
1.300000000000000000e+01
1.300000000000000000e+01
2.700000000000000000e+01
4.000000000000000000e+01
6.700000000000000000e+01
1.050000000000000000e+02
9.200000000000000000e+01
1.430000000000000000e+02
1.360000000000000000e+02
1.680000000000000000e+02
1.570000000000000000e+02
1.880000000000000000e+02
1.770000000000000000e+02
1.590000000000000000e+02
1.900000000000000000e+02
1.690000000000000000e+02
2.190000000000000000e+02
1.990000000000000000e+02
1.840000000000000000e+02
1.810000000000000000e+02
1.750000000000000000e+02
1.890000000000000000e+02
1.980000000000000000e+02
2.340000000000000000e+02
2.600000000000000000e+02
3.370000000000000000e+02
3.230000000000000000e+02
3.020000000000000000e+02
3.030000000000000000e+02
2.660000000000000000e+02
2.690000000000000000e+02
2.520000000000000000e+02
2.870000000000000000e+02
2.580000000000000000e+02
2.250000000000000000e+02
2.510000000000000000e+02
2.730000000000000000e+02
2.560000000000000000e+02
2.450000000000000000e+02
2.450000000000000000e+02
2.460000000000000000e+02
2.490000000000000000e+02
2.870000000000000000e+02
3.120000000000000000e+02
2.780000000000000000e+02
2.840000000000000000e+02
2.870000000000000000e+02
2.880000000000000000e+02
2.770000000000000000e+02
2.730000000000000000e+02
2.860000000000000000e+02
2.880000000000000000e+02
2.830000000000000000e+02
2.550000000000000000e+02
2.610000000000000000e+02
2.670000000000000000e+02
2.800000000000000000e+02
2.590000000000000000e+02
2.560000000000000000e+02
2.710000000000000000e+02
2.780000000000000000e+02
2.770000000000000000e+02
2.450000000000000000e+02
2.580000000000000000e+02
2.770000000000000000e+02
2.420000000000000000e+02
2.420000000000000000e+02
2.510000000000000000e+02
2.190000000000000000e+02
2.360000000000000000e+02
2.620000000000000000e+02
2.640000000000000000e+02
2.460000000000000000e+02
2.420000000000000000e+02
2.600000000000000000e+02
2.660000000000000000e+02
2.660000000000000000e+02
2.810000000000000000e+02
2.400000000000000000e+02
2.350000000000000000e+02
2.520000000000000000e+02
2.170000000000000000e+02
2.560000000000000000e+02
2.160000000000000000e+02
2.460000000000000000e+02
2.410000000000000000e+02
2.240000000000000000e+02
2.460000000000000000e+02
2.360000000000000000e+02
2.700000000000000000e+02
2.610000000000000000e+02
2.430000000000000000e+02
2.400000000000000000e+02
2.300000000000000000e+02
2.350000000000000000e+02
2.200000000000000000e+02
2.270000000000000000e+02
2.530000000000000000e+02
2.470000000000000000e+02
2.310000000000000000e+02
2.970000000000000000e+02
2.460000000000000000e+02
2.580000000000000000e+02
2.670000000000000000e+02
2.920000000000000000e+02
3.030000000000000000e+02
3.280000000000000000e+02
3.080000000000000000e+02
3.550000000000000000e+02
3.640000000000000000e+02
4.320000000000000000e+02
4.310000000000000000e+02
5.570000000000000000e+02
5.560000000000000000e+02
7.360000000000000000e+02
8.880000000000000000e+02
9.740000000000000000e+02
9.420000000000000000e+02
9.190000000000000000e+02
9.100000000000000000e+02
9.570000000000000000e+02
8.950000000000000000e+02
8.370000000000000000e+02
8.780000000000000000e+02
9.140000000000000000e+02
8.690000000000000000e+02
9.300000000000000000e+02
7.250000000000000000e+02
6.350000000000000000e+02
6.020000000000000000e+02
6.170000000000000000e+02
6.080000000000000000e+02
5.520000000000000000e+02
5.780000000000000000e+02
6.580000000000000000e+02
5.640000000000000000e+02
6.090000000000000000e+02
5.710000000000000000e+02
6.060000000000000000e+02
6.220000000000000000e+02
5.950000000000000000e+02
6.320000000000000000e+02
6.270000000000000000e+02
6.180000000000000000e+02
7.480000000000000000e+02
7.550000000000000000e+02
8.180000000000000000e+02
8.880000000000000000e+02
9.500000000000000000e+02
1.165000000000000000e+03
2.244000000000000000e+03
4.272000000000000000e+03
6.146000000000000000e+03
6.280000000000000000e+03
7.214000000000000000e+03
9.599000000000000000e+03
1.060200000000000000e+04
1.155000000000000000e+04
1.729000000000000000e+04
1.610000000000000000e+04
6.943000000000000000e+03
2.280000000000000000e+03
8.230000000000000000e+02
4.930000000000000000e+02
4.190000000000000000e+02
4.080000000000000000e+02
3.940000000000000000e+02
3.800000000000000000e+02
3.790000000000000000e+02
3.580000000000000000e+02
3.550000000000000000e+02
3.970000000000000000e+02
4.350000000000000000e+02
5.180000000000000000e+02
4.840000000000000000e+02
4.910000000000000000e+02
5.260000000000000000e+02
5.870000000000000000e+02
6.880000000000000000e+02
7.380000000000000000e+02
7.800000000000000000e+02
1.083000000000000000e+03
1.294000000000000000e+03
1.442000000000000000e+03
1.795000000000000000e+03
2.383000000000000000e+03
2.488000000000000000e+03
2.784000000000000000e+03
5.329000000000000000e+03
7.470000000000000000e+03
7.791000000000000000e+03
7.570000000000000000e+03
7.290000000000000000e+03
5.882000000000000000e+03
4.864000000000000000e+03
4.604000000000000000e+03
4.806000000000000000e+03
5.602000000000000000e+03
5.541000000000000000e+03
5.547000000000000000e+03
6.440000000000000000e+03
5.531000000000000000e+03
4.648000000000000000e+03
5.209000000000000000e+03
4.900000000000000000e+03
4.067000000000000000e+03
5.085000000000000000e+03
4.516000000000000000e+03
2.941000000000000000e+03
2.726000000000000000e+03
2.236000000000000000e+03
1.761000000000000000e+03
1.956000000000000000e+03
1.950000000000000000e+03
1.600000000000000000e+03
1.753000000000000000e+03
1.359000000000000000e+03
1.011000000000000000e+03
1.064000000000000000e+03
9.380000000000000000e+02
6.590000000000000000e+02
6.110000000000000000e+02
4.270000000000000000e+02
2.960000000000000000e+02
1.670000000000000000e+02
1.340000000000000000e+02
7.600000000000000000e+01
5.700000000000000000e+01
4.200000000000000000e+01
3.200000000000000000e+01
4.000000000000000000e+01
3.100000000000000000e+01
4.400000000000000000e+01
2.200000000000000000e+01
2.400000000000000000e+01
2.300000000000000000e+01
3.400000000000000000e+01
3.700000000000000000e+01
3.100000000000000000e+01
2.600000000000000000e+01
2.400000000000000000e+01
2.500000000000000000e+01
3.000000000000000000e+01
4.200000000000000000e+01
7.200000000000000000e+01
6.500000000000000000e+01
5.500000000000000000e+01
8.700000000000000000e+01
6.200000000000000000e+01
2.500000000000000000e+02
