3.264000000000000000e+03
0.000000000000000000e+00
1.100000000000000000e+01
1.120000000000000000e+02
0.000000000000000000e+00
8.990000000000000000e+02
1.418000000000000000e+03
0.000000000000000000e+00
7.266000000000000000e+03
2.600000000000000000e+01
1.800000000000000000e+01
1.357000000000000000e+04
1.590000000000000000e+02
9.098000000000000000e+03
1.088300000000000000e+04
1.424000000000000000e+03
4.234000000000000000e+03
1.214000000000000000e+03
5.980000000000000000e+02
2.275000000000000000e+03
2.506000000000000000e+03
2.281000000000000000e+03
1.091000000000000000e+03
1.470000000000000000e+03
1.944000000000000000e+03
1.539000000000000000e+03
3.095000000000000000e+03
1.230000000000000000e+02
6.670000000000000000e+02
3.740000000000000000e+02
2.787000000000000000e+03
0.000000000000000000e+00
2.730000000000000000e+02
1.770000000000000000e+02
4.290000000000000000e+02
9.930000000000000000e+02
9.290000000000000000e+02
9.300000000000000000e+01
1.820000000000000000e+02
5.300000000000000000e+01
2.730000000000000000e+02
2.000000000000000000e+00
6.140000000000000000e+02
3.390000000000000000e+02
0.000000000000000000e+00
1.500000000000000000e+01
0.000000000000000000e+00
0.000000000000000000e+00
7.300000000000000000e+01
0.000000000000000000e+00
1.049000000000000000e+03
9.100000000000000000e+01
7.000000000000000000e+00
2.000000000000000000e+00
4.000000000000000000e+00
1.700000000000000000e+02
1.900000000000000000e+01
4.000000000000000000e+00
0.000000000000000000e+00
0.000000000000000000e+00
1.230000000000000000e+02
0.000000000000000000e+00
0.000000000000000000e+00
2.000000000000000000e+00
0.000000000000000000e+00
0.000000000000000000e+00
4.570000000000000000e+02
0.000000000000000000e+00
0.000000000000000000e+00
1.000000000000000000e+00
8.300000000000000000e+01
0.000000000000000000e+00
0.000000000000000000e+00
2.700000000000000000e+01
5.000000000000000000e+00
1.602000000000000000e+03
0.000000000000000000e+00
0.000000000000000000e+00
0.000000000000000000e+00
3.100000000000000000e+01
3.270000000000000000e+02
7.000000000000000000e+00
1.000000000000000000e+00
8.360000000000000000e+02
5.600000000000000000e+01
9.100000000000000000e+01
9.000000000000000000e+01
3.590000000000000000e+02
4.600000000000000000e+01
7.500000000000000000e+01
7.350000000000000000e+02
6.700000000000000000e+01
7.400000000000000000e+01
1.330000000000000000e+02
4.100000000000000000e+01
3.650000000000000000e+02
1.433000000000000000e+03
1.100000000000000000e+01
4.820000000000000000e+02
5.900000000000000000e+01
2.300000000000000000e+01
8.810000000000000000e+02
2.200000000000000000e+01
3.516000000000000000e+03
5.520000000000000000e+02
2.300000000000000000e+02
2.299000000000000000e+03
1.340000000000000000e+02
2.230000000000000000e+02
2.082000000000000000e+03
2.266000000000000000e+03
5.198000000000000000e+03
1.365000000000000000e+03
3.365000000000000000e+03
2.874000000000000000e+03
1.936000000000000000e+03
1.552000000000000000e+03
6.210000000000000000e+02
3.200000000000000000e+02
3.260000000000000000e+02
7.544000000000000000e+03
3.800000000000000000e+01
2.240000000000000000e+02
1.170000000000000000e+02
1.345000000000000000e+03
2.377000000000000000e+03
6.160000000000000000e+02
1.660000000000000000e+02
4.680000000000000000e+02
2.670000000000000000e+02
9.200000000000000000e+01
8.000000000000000000e+00
3.620000000000000000e+02
3.690000000000000000e+02
1.500000000000000000e+01
2.330000000000000000e+02
4.500000000000000000e+01
0.000000000000000000e+00
1.070000000000000000e+02
1.000000000000000000e+00
5.610000000000000000e+02
4.300000000000000000e+01
2.700000000000000000e+01
3.000000000000000000e+00
1.000000000000000000e+01
1.000000000000000000e+02
2.900000000000000000e+01
1.000000000000000000e+01
0.000000000000000000e+00
0.000000000000000000e+00
2.400000000000000000e+01
0.000000000000000000e+00
1.000000000000000000e+00
1.500000000000000000e+01
0.000000000000000000e+00
2.000000000000000000e+00
2.710000000000000000e+02
3.000000000000000000e+00
7.000000000000000000e+00
4.000000000000000000e+00
7.300000000000000000e+01
2.000000000000000000e+00
0.000000000000000000e+00
1.600000000000000000e+01
1.000000000000000000e+00
9.140000000000000000e+02
4.000000000000000000e+00
0.000000000000000000e+00
0.000000000000000000e+00
1.400000000000000000e+01
2.380000000000000000e+02
0.000000000000000000e+00
0.000000000000000000e+00
4.840000000000000000e+02
2.000000000000000000e+00
3.000000000000000000e+00
0.000000000000000000e+00
2.040000000000000000e+02
0.000000000000000000e+00
0.000000000000000000e+00
2.551000000000000000e+03
0.000000000000000000e+00
1.180000000000000000e+02
1.866000000000000000e+03
2.551000000000000000e+03
1.802000000000000000e+03
2.018000000000000000e+03
2.241000000000000000e+03
4.363000000000000000e+03
2.446000000000000000e+03
2.670000000000000000e+03
7.123000000000000000e+03
3.668000000000000000e+03
2.890000000000000000e+03
3.118000000000000000e+03
2.667000000000000000e+03
3.358000000000000000e+03
2.760000000000000000e+03
2.243000000000000000e+03
2.563000000000000000e+03
2.448000000000000000e+03
2.736000000000000000e+03
2.924000000000000000e+03
2.674000000000000000e+03
3.593000000000000000e+03
4.647000000000000000e+03
4.155000000000000000e+03
3.830000000000000000e+03
4.599000000000000000e+03
4.950000000000000000e+03
5.241000000000000000e+03
4.000000000000000000e+03
3.381000000000000000e+03
3.084000000000000000e+03
2.640000000000000000e+03
1.945000000000000000e+03
1.659000000000000000e+03
9.840000000000000000e+02
1.083000000000000000e+03
8.670000000000000000e+02
8.980000000000000000e+02
8.100000000000000000e+02
7.960000000000000000e+02
7.250000000000000000e+02
5.640000000000000000e+02
5.110000000000000000e+02
5.060000000000000000e+02
4.730000000000000000e+02
5.060000000000000000e+02
4.210000000000000000e+02
3.750000000000000000e+02
4.010000000000000000e+02
3.080000000000000000e+02
2.850000000000000000e+02
2.690000000000000000e+02
2.780000000000000000e+02
2.170000000000000000e+02
2.550000000000000000e+02
2.500000000000000000e+02
2.480000000000000000e+02
2.230000000000000000e+02
2.340000000000000000e+02
2.450000000000000000e+02
1.430000000000000000e+02
2.660000000000000000e+02
1.470000000000000000e+02
1.770000000000000000e+02
1.560000000000000000e+02
1.490000000000000000e+02
8.800000000000000000e+01
1.470000000000000000e+02
1.330000000000000000e+02
9.500000000000000000e+01
1.220000000000000000e+02
1.020000000000000000e+02
1.030000000000000000e+02
9.400000000000000000e+01
1.120000000000000000e+02
9.300000000000000000e+01
5.900000000000000000e+01
7.100000000000000000e+01
6.000000000000000000e+01
8.900000000000000000e+01
5.900000000000000000e+01
4.000000000000000000e+01
1.730000000000000000e+02
4.000000000000000000e+01
4.000000000000000000e+01
6.300000000000000000e+01
9.600000000000000000e+01
5.900000000000000000e+01
5.800000000000000000e+01
5.200000000000000000e+01
7.200000000000000000e+01
5.900000000000000000e+01
4.000000000000000000e+01
7.300000000000000000e+01
6.000000000000000000e+01
6.600000000000000000e+01
4.800000000000000000e+01
5.000000000000000000e+01
3.200000000000000000e+01
9.600000000000000000e+01
4.100000000000000000e+01
2.900000000000000000e+01
5.600000000000000000e+01
5.500000000000000000e+01
5.600000000000000000e+01
3.700000000000000000e+01
8.100000000000000000e+01
3.800000000000000000e+01
2.800000000000000000e+01
5.400000000000000000e+01
6.300000000000000000e+01
3.400000000000000000e+01
3.800000000000000000e+01
7.000000000000000000e+01
3.300000000000000000e+01
3.600000000000000000e+01
6.000000000000000000e+01
5.500000000000000000e+01
4.400000000000000000e+01
3.100000000000000000e+01
4.200000000000000000e+01
3.100000000000000000e+01
3.800000000000000000e+01
2.200000000000000000e+01
4.000000000000000000e+01
2.080000000000000000e+02
2.000000000000000000e+01
3.400000000000000000e+01
3.500000000000000000e+01
3.200000000000000000e+01
3.700000000000000000e+01
3.300000000000000000e+01
3.200000000000000000e+01
5.000000000000000000e+01
4.700000000000000000e+01
2.700000000000000000e+01
5.100000000000000000e+01
3.600000000000000000e+01
3.000000000000000000e+01
6.700000000000000000e+01
3.400000000000000000e+01
2.400000000000000000e+01
2.800000000000000000e+01
6.100000000000000000e+01
3.100000000000000000e+01
4.200000000000000000e+01
5.600000000000000000e+01
2.300000000000000000e+01
2.600000000000000000e+01
2.400000000000000000e+01
6.600000000000000000e+01
3.600000000000000000e+01
3.100000000000000000e+01
3.900000000000000000e+01
4.400000000000000000e+01
2.300000000000000000e+01
9.300000000000000000e+01
2.100000000000000000e+01
3.600000000000000000e+01
3.900000000000000000e+01
2.200000000000000000e+01
3.000000000000000000e+01
3.700000000000000000e+01
2.000000000000000000e+01
2.900000000000000000e+01
3.000000000000000000e+01
2.800000000000000000e+01
1.250000000000000000e+02
2.200000000000000000e+01
4.000000000000000000e+01
3.200000000000000000e+01
3.300000000000000000e+01
2.400000000000000000e+01
2.200000000000000000e+01
2.900000000000000000e+01
2.400000000000000000e+01
4.100000000000000000e+01
2.900000000000000000e+01
2.600000000000000000e+01
8.400000000000000000e+01
2.600000000000000000e+01
2.800000000000000000e+01
3.300000000000000000e+01
3.000000000000000000e+01
3.200000000000000000e+01
3.000000000000000000e+01
2.800000000000000000e+01
3.200000000000000000e+01
8.900000000000000000e+01
2.000000000000000000e+01
1.700000000000000000e+01
1.500000000000000000e+01
2.300000000000000000e+01
1.500000000000000000e+01
1.900000000000000000e+01
3.400000000000000000e+01
1.900000000000000000e+01
2.600000000000000000e+01
1.500000000000000000e+01
2.300000000000000000e+01
1.600000000000000000e+01
3.300000000000000000e+01
1.500000000000000000e+01
2.500000000000000000e+01
1.600000000000000000e+01
2.100000000000000000e+01
3.100000000000000000e+01
1.700000000000000000e+01
1.300000000000000000e+01
2.100000000000000000e+01
7.400000000000000000e+01
2.000000000000000000e+01
1.700000000000000000e+01
2.400000000000000000e+01
1.500000000000000000e+01
2.900000000000000000e+01
4.100000000000000000e+01
1.100000000000000000e+01
2.000000000000000000e+01
2.700000000000000000e+01
3.300000000000000000e+01
1.900000000000000000e+01
2.300000000000000000e+01
1.500000000000000000e+01
3.500000000000000000e+01
3.400000000000000000e+01
2.400000000000000000e+01
2.900000000000000000e+01
1.700000000000000000e+01
2.500000000000000000e+01
2.800000000000000000e+01
2.900000000000000000e+01
1.900000000000000000e+01
2.400000000000000000e+01
2.100000000000000000e+01
2.600000000000000000e+01
3.300000000000000000e+01
1.800000000000000000e+01
2.900000000000000000e+01
2.800000000000000000e+01
3.700000000000000000e+01
2.600000000000000000e+01
3.000000000000000000e+01
2.600000000000000000e+01
3.200000000000000000e+01
3.300000000000000000e+01
3.200000000000000000e+01
2.800000000000000000e+01
4.800000000000000000e+01
4.500000000000000000e+01
5.600000000000000000e+01
2.000000000000000000e+00
1.765000000000000000e+03
2.310000000000000000e+02
3.190000000000000000e+02
3.300000000000000000e+02
2.440000000000000000e+02
2.180000000000000000e+02
1.900000000000000000e+02
1.440000000000000000e+02
1.580000000000000000e+02
1.450000000000000000e+02
1.440000000000000000e+02
1.250000000000000000e+02
1.130000000000000000e+02
1.460000000000000000e+02
1.460000000000000000e+02
1.300000000000000000e+02
1.230000000000000000e+02
1.190000000000000000e+02
1.210000000000000000e+02
1.290000000000000000e+02
1.300000000000000000e+02
1.340000000000000000e+02
1.410000000000000000e+02
1.380000000000000000e+02
1.410000000000000000e+02
1.060000000000000000e+02
1.740000000000000000e+02
1.600000000000000000e+02
1.530000000000000000e+02
1.380000000000000000e+02
1.370000000000000000e+02
1.640000000000000000e+02
1.360000000000000000e+02
1.570000000000000000e+02
1.440000000000000000e+02
1.510000000000000000e+02
1.430000000000000000e+02
1.720000000000000000e+02
1.340000000000000000e+02
1.410000000000000000e+02
1.660000000000000000e+02
1.420000000000000000e+02
1.370000000000000000e+02
1.420000000000000000e+02
1.560000000000000000e+02
1.850000000000000000e+02
1.440000000000000000e+02
1.380000000000000000e+02
1.830000000000000000e+02
1.950000000000000000e+02
1.590000000000000000e+02
1.920000000000000000e+02
1.860000000000000000e+02
1.730000000000000000e+02
1.640000000000000000e+02
1.850000000000000000e+02
1.740000000000000000e+02
2.040000000000000000e+02
2.080000000000000000e+02
1.990000000000000000e+02
2.340000000000000000e+02
2.120000000000000000e+02
2.580000000000000000e+02
2.220000000000000000e+02
2.350000000000000000e+02
2.130000000000000000e+02
2.090000000000000000e+02
2.290000000000000000e+02
2.130000000000000000e+02
2.420000000000000000e+02
2.320000000000000000e+02
2.590000000000000000e+02
2.720000000000000000e+02
2.760000000000000000e+02
3.320000000000000000e+02
3.210000000000000000e+02
3.420000000000000000e+02
3.400000000000000000e+02
3.570000000000000000e+02
3.200000000000000000e+02
3.460000000000000000e+02
3.400000000000000000e+02
3.380000000000000000e+02
3.700000000000000000e+02
4.020000000000000000e+02
4.380000000000000000e+02
4.590000000000000000e+02
4.430000000000000000e+02
4.190000000000000000e+02
4.590000000000000000e+02
5.050000000000000000e+02
5.010000000000000000e+02
5.090000000000000000e+02
5.310000000000000000e+02
5.330000000000000000e+02
5.460000000000000000e+02
5.880000000000000000e+02
5.630000000000000000e+02
6.140000000000000000e+02
6.190000000000000000e+02
6.440000000000000000e+02
6.010000000000000000e+02
6.490000000000000000e+02
6.290000000000000000e+02
6.680000000000000000e+02
6.690000000000000000e+02
7.300000000000000000e+02
7.130000000000000000e+02
7.720000000000000000e+02
7.690000000000000000e+02
8.130000000000000000e+02
8.850000000000000000e+02
8.340000000000000000e+02
9.410000000000000000e+02
9.050000000000000000e+02
1.051000000000000000e+03
1.083000000000000000e+03
1.148000000000000000e+03
1.217000000000000000e+03
1.230000000000000000e+03
1.306000000000000000e+03
1.294000000000000000e+03
1.339000000000000000e+03
1.247000000000000000e+03
1.322000000000000000e+03
1.304000000000000000e+03
1.278000000000000000e+03
1.311000000000000000e+03
1.266000000000000000e+03
1.238000000000000000e+03
1.294000000000000000e+03
1.350000000000000000e+03
1.294000000000000000e+03
1.443000000000000000e+03
1.348000000000000000e+03
1.461000000000000000e+03
1.530000000000000000e+03
1.510000000000000000e+03
1.558000000000000000e+03
1.407000000000000000e+03
1.377000000000000000e+03
1.353000000000000000e+03
1.390000000000000000e+03
1.313000000000000000e+03
1.281000000000000000e+03
1.265000000000000000e+03
1.239000000000000000e+03
1.164000000000000000e+03
9.730000000000000000e+02
9.960000000000000000e+02
8.610000000000000000e+02
8.460000000000000000e+02
9.160000000000000000e+02
8.760000000000000000e+02
8.580000000000000000e+02
8.730000000000000000e+02
9.040000000000000000e+02
9.180000000000000000e+02
9.480000000000000000e+02
1.016000000000000000e+03
1.000000000000000000e+03
1.109000000000000000e+03
1.037000000000000000e+03
9.730000000000000000e+02
1.028000000000000000e+03
1.051000000000000000e+03
9.360000000000000000e+02
9.640000000000000000e+02
9.430000000000000000e+02
8.790000000000000000e+02
9.450000000000000000e+02
8.990000000000000000e+02
9.310000000000000000e+02
9.870000000000000000e+02
1.005000000000000000e+03
9.670000000000000000e+02
8.400000000000000000e+02
8.590000000000000000e+02
7.960000000000000000e+02
8.070000000000000000e+02
8.150000000000000000e+02
8.300000000000000000e+02
1.018000000000000000e+03
1.084000000000000000e+03
1.063000000000000000e+03
1.457000000000000000e+03
1.357000000000000000e+03
1.269000000000000000e+03
1.282000000000000000e+03
1.272000000000000000e+03
1.058000000000000000e+03
9.020000000000000000e+02
1.058000000000000000e+03
8.970000000000000000e+02
7.200000000000000000e+02
7.090000000000000000e+02
6.070000000000000000e+02
5.800000000000000000e+02
5.870000000000000000e+02
5.400000000000000000e+02
4.320000000000000000e+02
4.560000000000000000e+02
3.940000000000000000e+02
3.670000000000000000e+02
3.260000000000000000e+02
3.080000000000000000e+02
2.570000000000000000e+02
2.490000000000000000e+02
2.400000000000000000e+02
2.600000000000000000e+02
2.580000000000000000e+02
2.940000000000000000e+02
2.480000000000000000e+02
2.810000000000000000e+02
3.060000000000000000e+02
2.370000000000000000e+02
2.590000000000000000e+02
2.200000000000000000e+02
2.120000000000000000e+02
1.930000000000000000e+02
1.710000000000000000e+02
1.470000000000000000e+02
1.120000000000000000e+02
1.220000000000000000e+02
1.240000000000000000e+02
1.000000000000000000e+02
7.200000000000000000e+01
6.800000000000000000e+01
6.300000000000000000e+01
4.900000000000000000e+01
4.400000000000000000e+01
3.100000000000000000e+01
2.800000000000000000e+01
2.600000000000000000e+01
2.100000000000000000e+01
1.900000000000000000e+01
1.100000000000000000e+01
1.100000000000000000e+01
1.100000000000000000e+01
1.000000000000000000e+01
6.000000000000000000e+00
6.000000000000000000e+00
6.000000000000000000e+00
1.000000000000000000e+00
3.000000000000000000e+00
7.000000000000000000e+00
3.000000000000000000e+00
2.000000000000000000e+00
1.000000000000000000e+00
0.000000000000000000e+00
2.000000000000000000e+00
0.000000000000000000e+00
2.000000000000000000e+00
2.000000000000000000e+00
0.000000000000000000e+00
1.000000000000000000e+00
0.000000000000000000e+00
