4.509900000000000000e+04
1.581600000000000000e+04
2.402500000000000000e+04
1.965500000000000000e+04
2.082100000000000000e+04
2.329600000000000000e+04
1.180400000000000000e+04
4.128000000000000000e+03
9.330000000000000000e+03
5.131000000000000000e+03
7.059000000000000000e+03
1.748200000000000000e+04
7.144000000000000000e+03
1.319000000000000000e+04
5.169000000000000000e+03
3.598000000000000000e+03
2.904000000000000000e+03
7.800000000000000000e+02
4.690000000000000000e+02
2.754000000000000000e+03
2.062000000000000000e+03
1.321000000000000000e+03
6.060000000000000000e+02
5.960000000000000000e+02
1.220000000000000000e+03
1.847000000000000000e+03
8.910000000000000000e+02
6.600000000000000000e+01
1.250000000000000000e+02
1.090000000000000000e+02
3.528000000000000000e+03
4.200000000000000000e+01
3.810000000000000000e+02
1.900000000000000000e+02
1.246000000000000000e+03
1.506000000000000000e+03
5.620000000000000000e+02
2.140000000000000000e+02
3.950000000000000000e+02
2.570000000000000000e+02
3.350000000000000000e+02
1.610000000000000000e+02
4.020000000000000000e+02
1.118000000000000000e+03
1.830000000000000000e+02
3.680000000000000000e+02
4.340000000000000000e+02
1.600000000000000000e+02
5.560000000000000000e+02
1.280000000000000000e+02
8.480000000000000000e+02
3.790000000000000000e+02
2.260000000000000000e+02
1.510000000000000000e+02
1.970000000000000000e+02
3.280000000000000000e+02
3.260000000000000000e+02
2.020000000000000000e+02
2.120000000000000000e+02
1.360000000000000000e+02
6.380000000000000000e+02
5.600000000000000000e+01
2.060000000000000000e+02
2.630000000000000000e+02
6.400000000000000000e+01
1.640000000000000000e+02
6.040000000000000000e+02
3.430000000000000000e+02
2.820000000000000000e+02
8.870000000000000000e+02
5.360000000000000000e+02
3.770000000000000000e+02
6.350000000000000000e+02
8.670000000000000000e+02
3.700000000000000000e+02
1.520000000000000000e+03
2.420000000000000000e+02
2.050000000000000000e+02
1.620000000000000000e+02
2.020000000000000000e+02
7.930000000000000000e+02
7.000000000000000000e+01
1.110000000000000000e+02
5.420000000000000000e+02
2.250000000000000000e+02
1.740000000000000000e+02
1.340000000000000000e+02
5.580000000000000000e+02
3.520000000000000000e+02
6.330000000000000000e+02
1.681000000000000000e+03
1.231000000000000000e+03
1.000000000000000000e+03
9.950000000000000000e+02
1.182000000000000000e+03
1.450000000000000000e+03
1.470000000000000000e+03
6.360000000000000000e+02
1.289000000000000000e+03
1.344000000000000000e+03
1.612000000000000000e+03
1.711000000000000000e+03
9.810000000000000000e+02
2.034000000000000000e+03
9.000000000000000000e+02
1.599000000000000000e+03
2.271000000000000000e+03
3.186000000000000000e+03
4.108000000000000000e+03
7.551000000000000000e+03
1.001000000000000000e+04
1.007400000000000000e+04
1.397700000000000000e+04
9.978000000000000000e+03
9.070000000000000000e+03
5.110000000000000000e+03
9.907000000000000000e+03
1.684000000000000000e+03
2.185000000000000000e+03
1.644000000000000000e+03
1.077600000000000000e+04
1.690000000000000000e+02
1.955000000000000000e+03
7.810000000000000000e+02
2.647000000000000000e+03
6.954000000000000000e+03
7.376000000000000000e+03
2.990000000000000000e+02
7.050000000000000000e+02
3.520000000000000000e+02
1.103000000000000000e+03
8.400000000000000000e+01
1.978000000000000000e+03
1.665000000000000000e+03
7.200000000000000000e+01
3.250000000000000000e+02
2.320000000000000000e+02
4.700000000000000000e+01
5.540000000000000000e+02
6.300000000000000000e+01
2.187000000000000000e+03
6.500000000000000000e+02
2.900000000000000000e+02
1.230000000000000000e+02
1.880000000000000000e+02
8.910000000000000000e+02
3.630000000000000000e+02
2.210000000000000000e+02
1.240000000000000000e+02
6.000000000000000000e+01
5.870000000000000000e+02
5.900000000000000000e+01
2.010000000000000000e+02
3.310000000000000000e+02
6.700000000000000000e+01
2.180000000000000000e+02
1.421000000000000000e+03
2.930000000000000000e+02
2.150000000000000000e+02
4.290000000000000000e+02
1.046000000000000000e+03
2.200000000000000000e+02
3.300000000000000000e+02
6.070000000000000000e+02
9.240000000000000000e+02
3.898000000000000000e+03
4.760000000000000000e+02
8.860000000000000000e+02
5.460000000000000000e+02
1.136000000000000000e+03
4.811000000000000000e+03
6.630000000000000000e+02
1.342000000000000000e+03
3.299000000000000000e+03
1.980000000000000000e+03
4.243000000000000000e+03
1.524000000000000000e+03
5.926000000000000000e+03
4.224000000000000000e+03
7.111000000000000000e+03
2.019200000000000000e+04
0.000000000000000000e+00
3.500000000000000000e+01
2.040000000000000000e+03
1.298000000000000000e+03
1.016000000000000000e+03
9.590000000000000000e+02
1.002000000000000000e+03
2.133000000000000000e+03
3.567000000000000000e+03
2.321000000000000000e+03
2.972000000000000000e+03
3.833000000000000000e+03
3.938000000000000000e+03
7.164000000000000000e+03
5.691000000000000000e+03
5.382000000000000000e+03
7.470000000000000000e+03
6.732000000000000000e+03
6.306000000000000000e+03
4.976000000000000000e+03
4.767000000000000000e+03
4.833000000000000000e+03
4.370000000000000000e+03
3.787000000000000000e+03
3.238000000000000000e+03
3.196000000000000000e+03
3.323000000000000000e+03
3.487000000000000000e+03
3.090000000000000000e+03
3.196000000000000000e+03
3.024000000000000000e+03
3.715000000000000000e+03
3.271000000000000000e+03
3.186000000000000000e+03
3.136000000000000000e+03
3.696000000000000000e+03
2.561000000000000000e+03
2.894000000000000000e+03
2.596000000000000000e+03
2.435000000000000000e+03
2.402000000000000000e+03
2.362000000000000000e+03
2.847000000000000000e+03
2.361000000000000000e+03
2.109000000000000000e+03
2.387000000000000000e+03
2.121000000000000000e+03
1.908000000000000000e+03
2.306000000000000000e+03
1.659000000000000000e+03
2.873000000000000000e+03
1.408000000000000000e+03
2.340000000000000000e+03
1.405000000000000000e+03
2.378000000000000000e+03
1.396000000000000000e+03
1.978000000000000000e+03
1.922000000000000000e+03
1.508000000000000000e+03
1.396000000000000000e+03
1.957000000000000000e+03
1.382000000000000000e+03
9.200000000000000000e+02
2.650000000000000000e+03
1.077000000000000000e+03
1.173000000000000000e+03
1.784000000000000000e+03
1.259000000000000000e+03
9.870000000000000000e+02
1.659000000000000000e+03
1.402000000000000000e+03
8.340000000000000000e+02
1.676000000000000000e+03
9.780000000000000000e+02
1.391000000000000000e+03
9.950000000000000000e+02
1.401000000000000000e+03
1.352000000000000000e+03
7.720000000000000000e+02
1.130000000000000000e+03
1.235000000000000000e+03
9.980000000000000000e+02
1.216000000000000000e+03
5.940000000000000000e+02
2.458000000000000000e+03
6.330000000000000000e+02
1.102000000000000000e+03
1.135000000000000000e+03
1.120000000000000000e+03
1.188000000000000000e+03
1.154000000000000000e+03
9.500000000000000000e+02
1.111000000000000000e+03
1.219000000000000000e+03
7.590000000000000000e+02
1.471000000000000000e+03
9.660000000000000000e+02
1.348000000000000000e+03
9.900000000000000000e+02
1.090000000000000000e+03
8.410000000000000000e+02
1.671000000000000000e+03
9.000000000000000000e+02
1.060000000000000000e+03
1.014000000000000000e+03
1.558000000000000000e+03
1.069000000000000000e+03
1.021000000000000000e+03
1.332000000000000000e+03
8.770000000000000000e+02
9.800000000000000000e+02
1.082000000000000000e+03
1.194000000000000000e+03
9.400000000000000000e+02
8.910000000000000000e+02
1.440000000000000000e+03
1.008000000000000000e+03
1.160000000000000000e+03
9.550000000000000000e+02
1.158000000000000000e+03
1.062000000000000000e+03
1.069000000000000000e+03
1.047000000000000000e+03
1.053000000000000000e+03
1.048000000000000000e+03
8.150000000000000000e+02
1.097000000000000000e+03
2.182000000000000000e+03
9.190000000000000000e+02
1.132000000000000000e+03
1.189000000000000000e+03
1.187000000000000000e+03
1.230000000000000000e+03
1.311000000000000000e+03
1.247000000000000000e+03
1.241000000000000000e+03
1.275000000000000000e+03
1.292000000000000000e+03
1.382000000000000000e+03
1.298000000000000000e+03
1.361000000000000000e+03
1.770000000000000000e+03
1.619000000000000000e+03
1.381000000000000000e+03
1.410000000000000000e+03
1.793000000000000000e+03
1.505000000000000000e+03
1.816000000000000000e+03
1.569000000000000000e+03
1.800000000000000000e+03
1.845000000000000000e+03
1.565000000000000000e+03
2.205000000000000000e+03
1.842000000000000000e+03
1.938000000000000000e+03
1.983000000000000000e+03
2.039000000000000000e+03
2.037000000000000000e+03
2.431000000000000000e+03
1.925000000000000000e+03
2.002000000000000000e+03
2.170000000000000000e+03
2.202000000000000000e+03
2.031000000000000000e+03
2.197000000000000000e+03
2.232000000000000000e+03
2.316000000000000000e+03
2.247000000000000000e+03
1.684000000000000000e+03
3.502000000000000000e+03
1.703000000000000000e+03
2.107000000000000000e+03
2.198000000000000000e+03
2.410000000000000000e+03
1.971000000000000000e+03
1.790000000000000000e+03
2.579000000000000000e+03
1.531000000000000000e+03
2.415000000000000000e+03
2.081000000000000000e+03
1.964000000000000000e+03
2.053000000000000000e+03
1.788000000000000000e+03
2.066000000000000000e+03
2.106000000000000000e+03
1.373000000000000000e+03
1.823000000000000000e+03
1.926000000000000000e+03
1.464000000000000000e+03
1.923000000000000000e+03
2.259000000000000000e+03
1.041000000000000000e+03
1.541000000000000000e+03
1.628000000000000000e+03
1.583000000000000000e+03
1.627000000000000000e+03
1.348000000000000000e+03
1.588000000000000000e+03
1.269000000000000000e+03
1.715000000000000000e+03
1.235000000000000000e+03
1.214000000000000000e+03
1.388000000000000000e+03
1.469000000000000000e+03
1.233000000000000000e+03
1.271000000000000000e+03
1.050000000000000000e+03
1.093000000000000000e+03
1.400000000000000000e+03
1.058000000000000000e+03
1.250000000000000000e+03
8.950000000000000000e+02
1.520000000000000000e+03
1.020000000000000000e+03
1.128000000000000000e+03
8.780000000000000000e+02
9.230000000000000000e+02
8.940000000000000000e+02
1.228000000000000000e+03
1.224000000000000000e+03
1.086000000000000000e+03
1.088000000000000000e+03
9.020000000000000000e+02
1.131000000000000000e+03
1.039000000000000000e+03
1.052000000000000000e+03
1.068000000000000000e+03
1.012000000000000000e+03
7.240000000000000000e+02
1.167000000000000000e+03
8.880000000000000000e+02
1.050000000000000000e+03
1.213000000000000000e+03
9.330000000000000000e+02
1.175000000000000000e+03
9.920000000000000000e+02
1.024000000000000000e+03
9.650000000000000000e+02
9.880000000000000000e+02
1.000000000000000000e+03
9.570000000000000000e+02
9.450000000000000000e+02
1.169000000000000000e+03
1.179000000000000000e+03
9.410000000000000000e+02
9.950000000000000000e+02
7.610000000000000000e+02
9.090000000000000000e+02
1.490000000000000000e+03
1.189000000000000000e+03
9.200000000000000000e+02
3.560000000000000000e+02
9.500000000000000000e+01
4.500000000000000000e+01
1.725700000000000000e+04
6.290000000000000000e+02
4.840000000000000000e+02
5.880000000000000000e+02
4.850000000000000000e+02
7.590000000000000000e+02
8.820000000000000000e+02
1.008000000000000000e+03
1.176000000000000000e+03
1.368000000000000000e+03
1.440000000000000000e+03
1.552000000000000000e+03
1.631000000000000000e+03
1.557000000000000000e+03
1.494000000000000000e+03
1.425000000000000000e+03
1.532000000000000000e+03
1.663000000000000000e+03
1.616000000000000000e+03
1.685000000000000000e+03
1.840000000000000000e+03
1.971000000000000000e+03
2.146000000000000000e+03
2.248000000000000000e+03
2.763000000000000000e+03
2.683000000000000000e+03
2.746000000000000000e+03
2.656000000000000000e+03
2.560000000000000000e+03
2.546000000000000000e+03
2.779000000000000000e+03
2.767000000000000000e+03
2.722000000000000000e+03
2.790000000000000000e+03
2.784000000000000000e+03
3.147000000000000000e+03
3.211000000000000000e+03
3.346000000000000000e+03
3.254000000000000000e+03
3.405000000000000000e+03
3.474000000000000000e+03
3.809000000000000000e+03
4.077000000000000000e+03
3.945000000000000000e+03
4.016000000000000000e+03
4.453000000000000000e+03
4.273000000000000000e+03
4.298000000000000000e+03
4.993000000000000000e+03
4.798000000000000000e+03
4.525000000000000000e+03
4.580000000000000000e+03
4.310000000000000000e+03
4.468000000000000000e+03
4.364000000000000000e+03
4.331000000000000000e+03
4.435000000000000000e+03
4.305000000000000000e+03
4.250000000000000000e+03
4.275000000000000000e+03
4.082000000000000000e+03
3.873000000000000000e+03
3.546000000000000000e+03
3.506000000000000000e+03
3.263000000000000000e+03
3.267000000000000000e+03
3.165000000000000000e+03
2.909000000000000000e+03
2.813000000000000000e+03
2.703000000000000000e+03
2.635000000000000000e+03
2.534000000000000000e+03
2.419000000000000000e+03
2.346000000000000000e+03
2.323000000000000000e+03
2.139000000000000000e+03
2.061000000000000000e+03
1.972000000000000000e+03
1.945000000000000000e+03
1.891000000000000000e+03
1.854000000000000000e+03
1.860000000000000000e+03
1.754000000000000000e+03
1.734000000000000000e+03
1.687000000000000000e+03
1.689000000000000000e+03
1.660000000000000000e+03
1.676000000000000000e+03
1.625000000000000000e+03
1.611000000000000000e+03
1.557000000000000000e+03
1.603000000000000000e+03
1.539000000000000000e+03
1.713000000000000000e+03
1.597000000000000000e+03
1.685000000000000000e+03
1.686000000000000000e+03
1.774000000000000000e+03
1.705000000000000000e+03
1.818000000000000000e+03
1.786000000000000000e+03
1.840000000000000000e+03
1.694000000000000000e+03
1.736000000000000000e+03
1.812000000000000000e+03
1.822000000000000000e+03
1.775000000000000000e+03
1.767000000000000000e+03
1.746000000000000000e+03
1.710000000000000000e+03
1.689000000000000000e+03
1.667000000000000000e+03
1.661000000000000000e+03
1.641000000000000000e+03
1.616000000000000000e+03
1.644000000000000000e+03
1.578000000000000000e+03
1.621000000000000000e+03
1.519000000000000000e+03
1.523000000000000000e+03
1.624000000000000000e+03
1.544000000000000000e+03
1.609000000000000000e+03
1.545000000000000000e+03
1.569000000000000000e+03
1.540000000000000000e+03
1.486000000000000000e+03
1.561000000000000000e+03
1.511000000000000000e+03
1.557000000000000000e+03
1.567000000000000000e+03
1.591000000000000000e+03
1.668000000000000000e+03
1.746000000000000000e+03
1.796000000000000000e+03
1.856000000000000000e+03
1.911000000000000000e+03
1.973000000000000000e+03
2.045000000000000000e+03
2.202000000000000000e+03
2.217000000000000000e+03
2.418000000000000000e+03
2.533000000000000000e+03
2.547000000000000000e+03
2.625000000000000000e+03
2.526000000000000000e+03
2.669000000000000000e+03
2.812000000000000000e+03
2.873000000000000000e+03
2.736000000000000000e+03
2.436000000000000000e+03
2.482000000000000000e+03
2.385000000000000000e+03
2.341000000000000000e+03
2.245000000000000000e+03
2.290000000000000000e+03
2.301000000000000000e+03
2.272000000000000000e+03
2.325000000000000000e+03
2.389000000000000000e+03
2.496000000000000000e+03
2.623000000000000000e+03
2.626000000000000000e+03
2.619000000000000000e+03
2.765000000000000000e+03
2.876000000000000000e+03
2.945000000000000000e+03
3.023000000000000000e+03
3.083000000000000000e+03
3.256000000000000000e+03
3.459000000000000000e+03
3.320000000000000000e+03
3.443000000000000000e+03
3.662000000000000000e+03
3.659000000000000000e+03
3.763000000000000000e+03
3.679000000000000000e+03
3.402000000000000000e+03
3.248000000000000000e+03
2.920000000000000000e+03
2.549000000000000000e+03
2.236000000000000000e+03
1.907000000000000000e+03
1.546000000000000000e+03
1.226000000000000000e+03
1.093000000000000000e+03
8.720000000000000000e+02
7.820000000000000000e+02
7.290000000000000000e+02
6.810000000000000000e+02
6.570000000000000000e+02
7.360000000000000000e+02
8.610000000000000000e+02
1.032000000000000000e+03
2.577000000000000000e+03
3.424000000000000000e+03
3.480000000000000000e+03
3.443000000000000000e+03
2.555000000000000000e+03
2.228000000000000000e+03
1.703000000000000000e+03
1.120000000000000000e+03
8.470000000000000000e+02
8.270000000000000000e+02
7.170000000000000000e+02
6.710000000000000000e+02
5.280000000000000000e+02
5.080000000000000000e+02
4.660000000000000000e+02
4.210000000000000000e+02
4.110000000000000000e+02
3.320000000000000000e+02
3.070000000000000000e+02
2.710000000000000000e+02
2.940000000000000000e+02
2.310000000000000000e+02
2.530000000000000000e+02
1.780000000000000000e+02
1.840000000000000000e+02
1.810000000000000000e+02
1.600000000000000000e+02
1.530000000000000000e+02
1.290000000000000000e+02
1.340000000000000000e+02
1.090000000000000000e+02
9.100000000000000000e+01
9.800000000000000000e+01
8.400000000000000000e+01
8.600000000000000000e+01
7.800000000000000000e+01
7.900000000000000000e+01
6.800000000000000000e+01
7.000000000000000000e+01
6.500000000000000000e+01
6.100000000000000000e+01
7.200000000000000000e+01
6.600000000000000000e+01
6.400000000000000000e+01
4.500000000000000000e+01
5.100000000000000000e+01
5.100000000000000000e+01
3.700000000000000000e+01
4.300000000000000000e+01
3.900000000000000000e+01
3.700000000000000000e+01
2.500000000000000000e+01
3.200000000000000000e+01
1.800000000000000000e+01
2.600000000000000000e+01
1.800000000000000000e+01
2.400000000000000000e+01
2.500000000000000000e+01
1.600000000000000000e+01
1.800000000000000000e+01
1.900000000000000000e+01
1.500000000000000000e+01
1.570000000000000000e+02
