2.660400000000000000e+04
5.360000000000000000e+02
8.300000000000000000e+02
7.310000000000000000e+02
1.504000000000000000e+03
1.454000000000000000e+03
1.925000000000000000e+03
4.150000000000000000e+02
1.077000000000000000e+03
4.190000000000000000e+02
3.830000000000000000e+02
1.441000000000000000e+03
4.480000000000000000e+02
4.958000000000000000e+03
7.710000000000000000e+02
1.160000000000000000e+03
3.246000000000000000e+03
6.120000000000000000e+03
1.214000000000000000e+03
1.909400000000000000e+04
5.739000000000000000e+03
6.778000000000000000e+03
3.576000000000000000e+03
2.185000000000000000e+03
4.279000000000000000e+03
5.682000000000000000e+03
2.489000000000000000e+03
3.250000000000000000e+02
2.290000000000000000e+02
1.630000000000000000e+02
1.087300000000000000e+04
9.900000000000000000e+01
1.140000000000000000e+02
1.620000000000000000e+02
3.270000000000000000e+02
8.920000000000000000e+02
1.451000000000000000e+03
4.700000000000000000e+01
1.720000000000000000e+02
4.200000000000000000e+01
1.100000000000000000e+02
9.000000000000000000e+00
2.310000000000000000e+02
1.470000000000000000e+02
1.000000000000000000e+00
5.200000000000000000e+01
3.000000000000000000e+00
0.000000000000000000e+00
4.000000000000000000e+01
0.000000000000000000e+00
4.480000000000000000e+02
9.300000000000000000e+01
2.700000000000000000e+01
4.000000000000000000e+00
4.000000000000000000e+00
1.270000000000000000e+02
3.500000000000000000e+01
2.200000000000000000e+01
0.000000000000000000e+00
1.000000000000000000e+00
1.850000000000000000e+02
0.000000000000000000e+00
3.600000000000000000e+01
1.200000000000000000e+01
0.000000000000000000e+00
1.300000000000000000e+01
1.280000000000000000e+02
2.400000000000000000e+01
2.500000000000000000e+01
5.100000000000000000e+01
7.200000000000000000e+01
2.600000000000000000e+01
2.000000000000000000e+01
3.000000000000000000e+01
3.700000000000000000e+01
9.950000000000000000e+02
2.500000000000000000e+01
3.800000000000000000e+01
1.000000000000000000e+01
2.000000000000000000e+01
1.640000000000000000e+02
7.000000000000000000e+00
2.200000000000000000e+01
2.030000000000000000e+02
3.100000000000000000e+01
3.200000000000000000e+01
2.600000000000000000e+01
1.340000000000000000e+02
2.100000000000000000e+01
1.500000000000000000e+01
4.870000000000000000e+02
2.300000000000000000e+01
6.800000000000000000e+01
1.680000000000000000e+02
3.300000000000000000e+01
1.133000000000000000e+03
2.930000000000000000e+02
7.900000000000000000e+01
1.362000000000000000e+03
1.028000000000000000e+03
2.038000000000000000e+03
7.620000000000000000e+02
2.140000000000000000e+02
6.490000000000000000e+02
2.530000000000000000e+02
1.450000000000000000e+02
2.330000000000000000e+02
9.000000000000000000e+00
5.000000000000000000e+01
2.470000000000000000e+02
1.053000000000000000e+03
4.130000000000000000e+02
8.300000000000000000e+01
1.690000000000000000e+02
4.470000000000000000e+02
5.580000000000000000e+02
3.800000000000000000e+01
0.000000000000000000e+00
3.000000000000000000e+00
4.000000000000000000e+00
6.770000000000000000e+03
0.000000000000000000e+00
3.200000000000000000e+01
1.900000000000000000e+01
5.270000000000000000e+02
9.790000000000000000e+02
1.178000000000000000e+03
1.900000000000000000e+01
2.700000000000000000e+01
8.000000000000000000e+00
4.900000000000000000e+01
0.000000000000000000e+00
4.300000000000000000e+02
1.250000000000000000e+02
6.000000000000000000e+00
1.900000000000000000e+01
4.000000000000000000e+00
0.000000000000000000e+00
1.200000000000000000e+01
0.000000000000000000e+00
1.172000000000000000e+03
3.500000000000000000e+01
9.000000000000000000e+00
0.000000000000000000e+00
4.000000000000000000e+00
9.300000000000000000e+01
3.200000000000000000e+01
4.000000000000000000e+00
0.000000000000000000e+00
0.000000000000000000e+00
1.330000000000000000e+02
0.000000000000000000e+00
1.000000000000000000e+00
7.000000000000000000e+00
0.000000000000000000e+00
2.000000000000000000e+00
1.690000000000000000e+02
0.000000000000000000e+00
1.200000000000000000e+01
0.000000000000000000e+00
1.190000000000000000e+02
1.000000000000000000e+00
0.000000000000000000e+00
3.700000000000000000e+01
3.500000000000000000e+01
2.308000000000000000e+03
1.000000000000000000e+01
0.000000000000000000e+00
0.000000000000000000e+00
8.200000000000000000e+01
4.040000000000000000e+02
0.000000000000000000e+00
1.000000000000000000e+01
4.600000000000000000e+02
8.300000000000000000e+01
1.230000000000000000e+02
6.200000000000000000e+01
6.060000000000000000e+02
1.160000000000000000e+02
2.750000000000000000e+02
2.538400000000000000e+04
3.800000000000000000e+02
3.024000000000000000e+03
1.800000000000000000e+03
8.560000000000000000e+02
3.793000000000000000e+03
3.744000000000000000e+03
2.866000000000000000e+03
2.810000000000000000e+03
2.535000000000000000e+03
4.313000000000000000e+03
2.164000000000000000e+03
1.820000000000000000e+03
5.928000000000000000e+03
5.812000000000000000e+03
3.784000000000000000e+03
2.930000000000000000e+03
2.384000000000000000e+03
1.795000000000000000e+03
1.483000000000000000e+03
1.213000000000000000e+03
1.149000000000000000e+03
9.820000000000000000e+02
9.480000000000000000e+02
8.990000000000000000e+02
7.080000000000000000e+02
9.400000000000000000e+02
8.310000000000000000e+02
8.500000000000000000e+02
7.870000000000000000e+02
7.740000000000000000e+02
6.290000000000000000e+02
8.070000000000000000e+02
7.500000000000000000e+02
9.040000000000000000e+02
6.410000000000000000e+02
1.038000000000000000e+03
6.220000000000000000e+02
9.550000000000000000e+02
9.330000000000000000e+02
7.110000000000000000e+02
1.091000000000000000e+03
1.220000000000000000e+03
1.292000000000000000e+03
1.133000000000000000e+03
1.455000000000000000e+03
1.937000000000000000e+03
1.519000000000000000e+03
1.461000000000000000e+03
1.638000000000000000e+03
1.257000000000000000e+03
1.363000000000000000e+03
7.070000000000000000e+02
7.690000000000000000e+02
7.380000000000000000e+02
7.890000000000000000e+02
6.540000000000000000e+02
1.132000000000000000e+03
7.360000000000000000e+02
7.030000000000000000e+02
6.200000000000000000e+02
6.200000000000000000e+02
4.740000000000000000e+02
3.860000000000000000e+02
1.293000000000000000e+03
4.020000000000000000e+02
3.860000000000000000e+02
4.110000000000000000e+02
3.500000000000000000e+02
2.500000000000000000e+02
4.270000000000000000e+02
3.090000000000000000e+02
2.340000000000000000e+02
1.421000000000000000e+03
2.870000000000000000e+02
3.480000000000000000e+02
2.480000000000000000e+02
4.140000000000000000e+02
2.650000000000000000e+02
2.010000000000000000e+02
2.420000000000000000e+02
2.660000000000000000e+02
2.310000000000000000e+02
1.830000000000000000e+02
1.490000000000000000e+02
1.399000000000000000e+03
1.350000000000000000e+02
1.610000000000000000e+02
1.750000000000000000e+02
1.770000000000000000e+02
1.990000000000000000e+02
2.340000000000000000e+02
1.910000000000000000e+02
2.000000000000000000e+02
2.040000000000000000e+02
1.490000000000000000e+02
3.760000000000000000e+02
1.620000000000000000e+02
2.560000000000000000e+02
1.950000000000000000e+02
1.980000000000000000e+02
1.710000000000000000e+02
1.031000000000000000e+03
1.620000000000000000e+02
1.770000000000000000e+02
1.690000000000000000e+02
2.410000000000000000e+02
1.570000000000000000e+02
1.660000000000000000e+02
2.640000000000000000e+02
1.140000000000000000e+02
1.960000000000000000e+02
1.690000000000000000e+02
1.830000000000000000e+02
1.300000000000000000e+02
1.490000000000000000e+02
2.340000000000000000e+02
1.700000000000000000e+02
1.490000000000000000e+02
1.740000000000000000e+02
1.700000000000000000e+02
1.490000000000000000e+02
1.460000000000000000e+02
1.640000000000000000e+02
9.100000000000000000e+01
1.280000000000000000e+02
1.300000000000000000e+02
1.520000000000000000e+02
1.188000000000000000e+03
1.000000000000000000e+02
9.500000000000000000e+01
7.600000000000000000e+01
8.800000000000000000e+01
8.400000000000000000e+01
7.500000000000000000e+01
8.400000000000000000e+01
9.000000000000000000e+01
8.100000000000000000e+01
8.200000000000000000e+01
7.200000000000000000e+01
1.000000000000000000e+02
7.900000000000000000e+01
2.030000000000000000e+02
1.000000000000000000e+02
6.800000000000000000e+01
8.700000000000000000e+01
1.140000000000000000e+02
8.400000000000000000e+01
8.800000000000000000e+01
8.700000000000000000e+01
8.800000000000000000e+01
7.200000000000000000e+01
9.100000000000000000e+01
1.660000000000000000e+02
8.500000000000000000e+01
1.050000000000000000e+02
8.600000000000000000e+01
1.010000000000000000e+02
1.000000000000000000e+02
2.040000000000000000e+02
8.000000000000000000e+01
1.110000000000000000e+02
1.120000000000000000e+02
8.400000000000000000e+01
9.500000000000000000e+01
9.700000000000000000e+01
1.010000000000000000e+02
9.100000000000000000e+01
1.090000000000000000e+02
4.400000000000000000e+01
1.190000000000000000e+03
4.100000000000000000e+01
1.030000000000000000e+02
8.900000000000000000e+01
1.270000000000000000e+02
9.200000000000000000e+01
7.900000000000000000e+01
1.130000000000000000e+02
5.000000000000000000e+01
1.360000000000000000e+02
8.500000000000000000e+01
1.060000000000000000e+02
1.630000000000000000e+02
7.800000000000000000e+01
9.300000000000000000e+01
1.270000000000000000e+02
7.600000000000000000e+01
8.100000000000000000e+01
1.130000000000000000e+02
6.900000000000000000e+01
8.400000000000000000e+01
1.920000000000000000e+02
2.600000000000000000e+01
9.100000000000000000e+01
6.500000000000000000e+01
7.300000000000000000e+01
7.900000000000000000e+01
6.200000000000000000e+01
8.900000000000000000e+01
4.500000000000000000e+01
1.050000000000000000e+02
4.200000000000000000e+01
6.300000000000000000e+01
5.000000000000000000e+01
1.180000000000000000e+02
4.900000000000000000e+01
5.700000000000000000e+01
4.600000000000000000e+01
7.100000000000000000e+01
8.200000000000000000e+01
5.000000000000000000e+01
8.800000000000000000e+01
2.700000000000000000e+01
1.740000000000000000e+02
5.700000000000000000e+01
3.600000000000000000e+01
5.100000000000000000e+01
4.300000000000000000e+01
2.700000000000000000e+01
1.180000000000000000e+02
6.300000000000000000e+01
3.700000000000000000e+01
3.100000000000000000e+01
5.100000000000000000e+01
4.000000000000000000e+01
3.500000000000000000e+01
1.900000000000000000e+01
5.300000000000000000e+01
2.900000000000000000e+01
1.800000000000000000e+01
3.000000000000000000e+01
2.500000000000000000e+01
3.300000000000000000e+01
2.800000000000000000e+01
3.200000000000000000e+01
4.400000000000000000e+01
2.700000000000000000e+01
2.800000000000000000e+01
2.100000000000000000e+01
2.200000000000000000e+01
1.700000000000000000e+01
1.500000000000000000e+01
1.300000000000000000e+01
1.800000000000000000e+01
2.100000000000000000e+01
1.800000000000000000e+01
8.000000000000000000e+00
2.100000000000000000e+01
1.300000000000000000e+01
8.000000000000000000e+00
1.000000000000000000e+01
4.000000000000000000e+00
1.000000000000000000e+00
2.000000000000000000e+00
1.000000000000000000e+00
1.772000000000000000e+03
8.070000000000000000e+02
1.749000000000000000e+03
2.734000000000000000e+03
2.543000000000000000e+03
2.080000000000000000e+03
1.787000000000000000e+03
1.842000000000000000e+03
2.405000000000000000e+03
1.581000000000000000e+03
1.381000000000000000e+03
1.234000000000000000e+03
1.318000000000000000e+03
1.234000000000000000e+03
9.830000000000000000e+02
8.500000000000000000e+02
7.030000000000000000e+02
5.500000000000000000e+02
5.190000000000000000e+02
4.510000000000000000e+02
4.020000000000000000e+02
3.280000000000000000e+02
3.160000000000000000e+02
3.440000000000000000e+02
3.560000000000000000e+02
3.330000000000000000e+02
3.190000000000000000e+02
2.670000000000000000e+02
3.020000000000000000e+02
3.210000000000000000e+02
3.050000000000000000e+02
3.080000000000000000e+02
2.630000000000000000e+02
2.920000000000000000e+02
2.830000000000000000e+02
2.790000000000000000e+02
2.650000000000000000e+02
2.800000000000000000e+02
3.110000000000000000e+02
2.870000000000000000e+02
3.250000000000000000e+02
3.270000000000000000e+02
3.210000000000000000e+02
3.300000000000000000e+02
3.510000000000000000e+02
3.630000000000000000e+02
3.280000000000000000e+02
3.350000000000000000e+02
3.300000000000000000e+02
3.110000000000000000e+02
3.040000000000000000e+02
3.090000000000000000e+02
3.580000000000000000e+02
3.490000000000000000e+02
3.420000000000000000e+02
3.760000000000000000e+02
3.830000000000000000e+02
3.960000000000000000e+02
3.750000000000000000e+02
4.040000000000000000e+02
4.250000000000000000e+02
4.210000000000000000e+02
4.600000000000000000e+02
4.620000000000000000e+02
4.580000000000000000e+02
4.940000000000000000e+02
4.690000000000000000e+02
4.460000000000000000e+02
5.050000000000000000e+02
5.310000000000000000e+02
5.990000000000000000e+02
5.780000000000000000e+02
5.690000000000000000e+02
5.790000000000000000e+02
6.280000000000000000e+02
6.140000000000000000e+02
6.370000000000000000e+02
6.440000000000000000e+02
6.380000000000000000e+02
6.280000000000000000e+02
6.400000000000000000e+02
6.630000000000000000e+02
7.310000000000000000e+02
6.800000000000000000e+02
7.360000000000000000e+02
7.080000000000000000e+02
8.390000000000000000e+02
8.140000000000000000e+02
8.090000000000000000e+02
8.060000000000000000e+02
8.230000000000000000e+02
8.240000000000000000e+02
8.170000000000000000e+02
7.720000000000000000e+02
7.350000000000000000e+02
6.700000000000000000e+02
6.790000000000000000e+02
7.150000000000000000e+02
7.370000000000000000e+02
7.040000000000000000e+02
7.680000000000000000e+02
6.730000000000000000e+02
6.670000000000000000e+02
5.900000000000000000e+02
6.030000000000000000e+02
6.130000000000000000e+02
6.300000000000000000e+02
6.300000000000000000e+02
6.250000000000000000e+02
6.980000000000000000e+02
6.570000000000000000e+02
6.180000000000000000e+02
5.980000000000000000e+02
6.310000000000000000e+02
6.870000000000000000e+02
5.970000000000000000e+02
5.980000000000000000e+02
5.940000000000000000e+02
6.000000000000000000e+02
5.920000000000000000e+02
6.450000000000000000e+02
5.930000000000000000e+02
6.000000000000000000e+02
6.470000000000000000e+02
6.580000000000000000e+02
6.220000000000000000e+02
5.880000000000000000e+02
6.820000000000000000e+02
7.020000000000000000e+02
7.000000000000000000e+02
6.960000000000000000e+02
6.250000000000000000e+02
6.420000000000000000e+02
6.590000000000000000e+02
6.240000000000000000e+02
7.170000000000000000e+02
6.860000000000000000e+02
6.950000000000000000e+02
7.290000000000000000e+02
7.420000000000000000e+02
7.540000000000000000e+02
7.930000000000000000e+02
8.740000000000000000e+02
9.320000000000000000e+02
1.026000000000000000e+03
1.216000000000000000e+03
1.275000000000000000e+03
1.372000000000000000e+03
1.270000000000000000e+03
1.284000000000000000e+03
1.337000000000000000e+03
1.302000000000000000e+03
1.278000000000000000e+03
1.428000000000000000e+03
1.419000000000000000e+03
1.545000000000000000e+03
1.402000000000000000e+03
1.488000000000000000e+03
1.432000000000000000e+03
1.390000000000000000e+03
1.303000000000000000e+03
1.203000000000000000e+03
1.102000000000000000e+03
9.660000000000000000e+02
8.440000000000000000e+02
6.300000000000000000e+02
4.660000000000000000e+02
4.010000000000000000e+02
3.840000000000000000e+02
3.090000000000000000e+02
2.790000000000000000e+02
2.450000000000000000e+02
1.940000000000000000e+02
1.790000000000000000e+02
1.610000000000000000e+02
1.510000000000000000e+02
1.260000000000000000e+02
1.060000000000000000e+02
1.310000000000000000e+02
1.290000000000000000e+02
1.260000000000000000e+02
1.300000000000000000e+02
1.060000000000000000e+02
1.030000000000000000e+02
1.060000000000000000e+02
8.900000000000000000e+01
1.030000000000000000e+02
1.000000000000000000e+02
9.800000000000000000e+01
8.500000000000000000e+01
9.000000000000000000e+01
1.080000000000000000e+02
8.000000000000000000e+01
7.700000000000000000e+01
8.600000000000000000e+01
9.300000000000000000e+01
1.200000000000000000e+02
9.800000000000000000e+01
9.800000000000000000e+01
1.070000000000000000e+02
1.120000000000000000e+02
1.100000000000000000e+02
1.070000000000000000e+02
9.400000000000000000e+01
9.900000000000000000e+01
8.000000000000000000e+01
9.400000000000000000e+01
8.200000000000000000e+01
1.000000000000000000e+02
9.400000000000000000e+01
9.600000000000000000e+01
1.180000000000000000e+02
8.800000000000000000e+01
8.200000000000000000e+01
1.110000000000000000e+02
9.400000000000000000e+01
1.340000000000000000e+02
1.010000000000000000e+02
1.030000000000000000e+02
1.040000000000000000e+02
1.030000000000000000e+02
1.150000000000000000e+02
1.120000000000000000e+02
1.190000000000000000e+02
1.120000000000000000e+02
1.170000000000000000e+02
1.190000000000000000e+02
1.090000000000000000e+02
1.000000000000000000e+02
1.170000000000000000e+02
9.300000000000000000e+01
1.240000000000000000e+02
1.020000000000000000e+02
1.200000000000000000e+02
1.940000000000000000e+02
2.310000000000000000e+02
3.040000000000000000e+02
3.340000000000000000e+02
4.270000000000000000e+02
4.990000000000000000e+02
4.940000000000000000e+02
5.070000000000000000e+02
5.720000000000000000e+02
5.350000000000000000e+02
4.620000000000000000e+02
5.080000000000000000e+02
5.010000000000000000e+02
4.660000000000000000e+02
4.750000000000000000e+02
4.660000000000000000e+02
4.650000000000000000e+02
4.810000000000000000e+02
6.030000000000000000e+02
6.640000000000000000e+02
7.770000000000000000e+02
1.743000000000000000e+03
9.521000000000000000e+03
