1.787890000000000000e+05
0.000000000000000000e+00
0.000000000000000000e+00
0.000000000000000000e+00
0.000000000000000000e+00
0.000000000000000000e+00
4.900000000000000000e+01
0.000000000000000000e+00
0.000000000000000000e+00
0.000000000000000000e+00
0.000000000000000000e+00
0.000000000000000000e+00
0.000000000000000000e+00
2.200000000000000000e+01
0.000000000000000000e+00
0.000000000000000000e+00
0.000000000000000000e+00
0.000000000000000000e+00
0.000000000000000000e+00
0.000000000000000000e+00
2.200000000000000000e+02
0.000000000000000000e+00
0.000000000000000000e+00
1.000000000000000000e+00
3.500000000000000000e+01
0.000000000000000000e+00
0.000000000000000000e+00
0.000000000000000000e+00
0.000000000000000000e+00
0.000000000000000000e+00
7.690000000000000000e+02
0.000000000000000000e+00
0.000000000000000000e+00
1.000000000000000000e+00
1.100000000000000000e+01
2.900000000000000000e+01
9.200000000000000000e+01
0.000000000000000000e+00
7.000000000000000000e+00
0.000000000000000000e+00
5.000000000000000000e+00
0.000000000000000000e+00
4.500000000000000000e+01
1.300000000000000000e+01
0.000000000000000000e+00
1.400000000000000000e+01
0.000000000000000000e+00
1.000000000000000000e+00
2.000000000000000000e+00
0.000000000000000000e+00
3.860000000000000000e+02
2.000000000000000000e+00
0.000000000000000000e+00
4.000000000000000000e+00
1.000000000000000000e+00
1.300000000000000000e+01
0.000000000000000000e+00
0.000000000000000000e+00
0.000000000000000000e+00
0.000000000000000000e+00
4.000000000000000000e+00
0.000000000000000000e+00
0.000000000000000000e+00
0.000000000000000000e+00
0.000000000000000000e+00
0.000000000000000000e+00
1.020000000000000000e+02
0.000000000000000000e+00
3.000000000000000000e+00
0.000000000000000000e+00
2.200000000000000000e+01
0.000000000000000000e+00
1.000000000000000000e+00
0.000000000000000000e+00
0.000000000000000000e+00
6.080000000000000000e+02
0.000000000000000000e+00
0.000000000000000000e+00
0.000000000000000000e+00
1.000000000000000000e+00
3.800000000000000000e+01
4.000000000000000000e+00
0.000000000000000000e+00
2.060000000000000000e+02
2.700000000000000000e+01
2.000000000000000000e+00
2.500000000000000000e+01
7.600000000000000000e+01
5.000000000000000000e+00
2.700000000000000000e+01
5.090000000000000000e+02
8.100000000000000000e+01
1.070000000000000000e+02
9.400000000000000000e+01
2.860000000000000000e+02
3.430000000000000000e+02
9.380000000000000000e+02
4.600000000000000000e+02
1.567000000000000000e+03
1.256000000000000000e+03
1.825000000000000000e+03
3.208000000000000000e+03
2.238000000000000000e+03
2.795000000000000000e+03
1.177000000000000000e+03
5.391000000000000000e+03
1.329800000000000000e+04
4.523000000000000000e+03
1.724000000000000000e+03
1.084700000000000000e+04
1.077200000000000000e+04
1.091900000000000000e+04
6.490000000000000000e+03
5.945000000000000000e+03
1.938970000000000000e+05
2.596000000000000000e+03
3.287000000000000000e+03
3.300000000000000000e+01
8.200000000000000000e+01
6.000000000000000000e+00
4.332000000000000000e+03
0.000000000000000000e+00
3.000000000000000000e+01
6.000000000000000000e+00
2.890000000000000000e+02
6.820000000000000000e+02
1.012000000000000000e+03
1.000000000000000000e+00
2.600000000000000000e+01
9.000000000000000000e+00
9.500000000000000000e+01
0.000000000000000000e+00
1.430000000000000000e+02
1.590000000000000000e+02
0.000000000000000000e+00
8.000000000000000000e+00
0.000000000000000000e+00
0.000000000000000000e+00
1.300000000000000000e+01
0.000000000000000000e+00
3.330000000000000000e+02
4.300000000000000000e+01
7.000000000000000000e+00
2.000000000000000000e+00
5.000000000000000000e+00
4.400000000000000000e+01
1.400000000000000000e+01
2.000000000000000000e+00
2.000000000000000000e+00
0.000000000000000000e+00
2.700000000000000000e+01
0.000000000000000000e+00
6.000000000000000000e+00
2.000000000000000000e+00
0.000000000000000000e+00
0.000000000000000000e+00
7.100000000000000000e+01
1.100000000000000000e+01
9.000000000000000000e+00
1.200000000000000000e+01
2.800000000000000000e+01
6.000000000000000000e+00
1.000000000000000000e+00
4.500000000000000000e+01
1.900000000000000000e+01
2.122000000000000000e+03
7.000000000000000000e+00
0.000000000000000000e+00
0.000000000000000000e+00
4.000000000000000000e+00
1.500000000000000000e+01
0.000000000000000000e+00
0.000000000000000000e+00
1.993000000000000000e+03
2.000000000000000000e+00
0.000000000000000000e+00
0.000000000000000000e+00
7.000000000000000000e+00
0.000000000000000000e+00
0.000000000000000000e+00
1.787830000000000000e+05
1.080000000000000000e+02
6.630000000000000000e+02
2.875000000000000000e+03
5.870000000000000000e+02
2.268000000000000000e+03
1.942860000000000000e+05
1.389000000000000000e+03
1.091000000000000000e+03
8.590000000000000000e+02
2.377000000000000000e+03
5.710000000000000000e+02
6.020000000000000000e+02
5.600000000000000000e+02
6.950000000000000000e+02
5.130000000000000000e+02
4.660000000000000000e+02
4.570000000000000000e+02
7.330000000000000000e+02
6.930000000000000000e+02
7.440000000000000000e+02
1.093000000000000000e+03
6.890000000000000000e+02
8.150000000000000000e+02
8.830000000000000000e+02
5.770000000000000000e+02
7.440000000000000000e+02
7.710000000000000000e+02
1.250000000000000000e+03
9.460000000000000000e+02
7.360000000000000000e+02
7.530000000000000000e+02
9.020000000000000000e+02
9.070000000000000000e+02
1.001000000000000000e+03
9.090000000000000000e+02
1.010000000000000000e+03
9.060000000000000000e+02
1.121000000000000000e+03
9.500000000000000000e+02
1.084000000000000000e+03
1.254000000000000000e+03
1.176000000000000000e+03
1.604000000000000000e+03
2.628000000000000000e+03
1.262000000000000000e+03
1.417000000000000000e+03
1.492000000000000000e+03
1.538000000000000000e+03
1.512000000000000000e+03
1.443000000000000000e+03
1.445000000000000000e+03
1.283000000000000000e+03
1.331000000000000000e+03
1.185000000000000000e+03
1.498000000000000000e+03
1.230000000000000000e+03
9.880000000000000000e+02
9.750000000000000000e+02
9.620000000000000000e+02
8.380000000000000000e+02
7.940000000000000000e+02
8.960000000000000000e+02
6.030000000000000000e+02
8.940000000000000000e+02
7.510000000000000000e+02
6.680000000000000000e+02
7.810000000000000000e+02
7.300000000000000000e+02
5.660000000000000000e+02
7.040000000000000000e+02
6.040000000000000000e+02
5.530000000000000000e+02
5.510000000000000000e+02
5.960000000000000000e+02
5.500000000000000000e+02
4.800000000000000000e+02
6.220000000000000000e+02
5.740000000000000000e+02
4.150000000000000000e+02
4.320000000000000000e+02
5.500000000000000000e+02
4.680000000000000000e+02
5.510000000000000000e+02
3.780000000000000000e+02
7.810000000000000000e+02
4.140000000000000000e+02
4.110000000000000000e+02
5.460000000000000000e+02
5.690000000000000000e+02
4.980000000000000000e+02
3.990000000000000000e+02
4.260000000000000000e+02
3.560000000000000000e+02
6.520000000000000000e+02
3.390000000000000000e+02
4.980000000000000000e+02
4.930000000000000000e+02
5.170000000000000000e+02
2.640000000000000000e+02
6.120000000000000000e+02
1.880000000000000000e+02
6.230000000000000000e+02
1.620000000000000000e+02
5.530000000000000000e+02
2.000000000000000000e+02
5.370000000000000000e+02
3.800000000000000000e+02
3.060000000000000000e+02
4.100000000000000000e+02
2.850000000000000000e+02
2.500000000000000000e+02
3.540000000000000000e+02
2.900000000000000000e+02
3.170000000000000000e+02
1.790000000000000000e+02
2.410000000000000000e+02
3.260000000000000000e+02
1.610000000000000000e+02
4.150000000000000000e+02
1.660000000000000000e+02
1.900000000000000000e+02
3.780000000000000000e+02
1.220000000000000000e+02
2.010000000000000000e+02
3.440000000000000000e+02
5.000000000000000000e+00
4.260000000000000000e+02
3.240000000000000000e+02
2.000000000000000000e+00
3.500000000000000000e+02
1.510000000000000000e+02
1.200000000000000000e+02
1.070000000000000000e+02
3.780000000000000000e+02
1.030000000000000000e+02
1.060000000000000000e+02
3.130000000000000000e+02
8.600000000000000000e+01
1.340000000000000000e+02
1.710000000000000000e+02
1.010000000000000000e+02
1.960000000000000000e+02
1.110000000000000000e+02
1.650000000000000000e+02
5.600000000000000000e+01
1.660000000000000000e+02
7.700000000000000000e+01
1.710000000000000000e+02
1.440000000000000000e+02
6.400000000000000000e+01
9.600000000000000000e+01
1.250000000000000000e+02
2.310000000000000000e+02
2.100000000000000000e+01
9.300000000000000000e+01
1.510000000000000000e+02
1.190000000000000000e+02
1.040000000000000000e+02
9.000000000000000000e+01
1.450000000000000000e+02
1.020000000000000000e+02
7.800000000000000000e+01
5.900000000000000000e+01
7.000000000000000000e+01
2.310000000000000000e+02
7.000000000000000000e+01
6.500000000000000000e+01
2.700000000000000000e+01
0.000000000000000000e+00
4.400000000000000000e+02
0.000000000000000000e+00
2.600000000000000000e+01
5.700000000000000000e+01
9.700000000000000000e+01
2.670000000000000000e+02
3.100000000000000000e+01
1.350000000000000000e+02
7.000000000000000000e+00
1.020000000000000000e+02
1.450000000000000000e+02
1.520000000000000000e+02
9.600000000000000000e+01
1.700000000000000000e+01
9.700000000000000000e+01
2.200000000000000000e+02
1.800000000000000000e+01
1.820000000000000000e+02
5.900000000000000000e+01
6.700000000000000000e+01
1.400000000000000000e+01
2.820000000000000000e+02
3.000000000000000000e+00
1.210000000000000000e+02
8.000000000000000000e+01
1.070000000000000000e+02
7.800000000000000000e+01
1.360000000000000000e+02
9.000000000000000000e+01
1.400000000000000000e+01
2.320000000000000000e+02
1.300000000000000000e+02
3.600000000000000000e+01
1.400000000000000000e+01
2.030000000000000000e+02
1.500000000000000000e+01
5.600000000000000000e+01
7.900000000000000000e+01
9.000000000000000000e+01
7.100000000000000000e+01
5.100000000000000000e+01
1.260000000000000000e+02
4.000000000000000000e+00
1.470000000000000000e+02
6.200000000000000000e+01
6.300000000000000000e+01
1.040000000000000000e+02
2.300000000000000000e+01
2.000000000000000000e+00
1.650000000000000000e+02
2.100000000000000000e+01
6.100000000000000000e+01
4.600000000000000000e+01
8.500000000000000000e+01
7.300000000000000000e+01
7.700000000000000000e+01
2.100000000000000000e+01
1.050000000000000000e+02
2.900000000000000000e+01
2.000000000000000000e+01
6.200000000000000000e+01
3.200000000000000000e+01
5.800000000000000000e+01
3.200000000000000000e+01
6.300000000000000000e+01
8.400000000000000000e+01
1.100000000000000000e+01
7.500000000000000000e+01
4.900000000000000000e+01
4.900000000000000000e+01
6.400000000000000000e+01
2.400000000000000000e+01
7.500000000000000000e+01
6.500000000000000000e+01
4.900000000000000000e+01
1.600000000000000000e+01
1.600000000000000000e+01
1.400000000000000000e+01
7.000000000000000000e+00
2.000000000000000000e+01
0.000000000000000000e+00
0.000000000000000000e+00
0.000000000000000000e+00
0.000000000000000000e+00
0.000000000000000000e+00
1.388000000000000000e+03
0.000000000000000000e+00
0.000000000000000000e+00
0.000000000000000000e+00
0.000000000000000000e+00
4.000000000000000000e+00
1.200000000000000000e+01
1.100000000000000000e+01
5.500000000000000000e+01
2.700000000000000000e+01
1.020000000000000000e+02
1.030000000000000000e+02
1.900000000000000000e+02
2.510000000000000000e+02
2.210000000000000000e+02
2.700000000000000000e+02
2.270000000000000000e+02
2.740000000000000000e+02
3.620000000000000000e+02
3.550000000000000000e+02
3.910000000000000000e+02
4.140000000000000000e+02
6.120000000000000000e+02
5.970000000000000000e+02
7.090000000000000000e+02
6.870000000000000000e+02
7.440000000000000000e+02
7.140000000000000000e+02
7.800000000000000000e+02
8.030000000000000000e+02
8.750000000000000000e+02
9.020000000000000000e+02
8.240000000000000000e+02
8.860000000000000000e+02
8.710000000000000000e+02
8.750000000000000000e+02
8.560000000000000000e+02
9.050000000000000000e+02
8.620000000000000000e+02
8.210000000000000000e+02
8.260000000000000000e+02
8.920000000000000000e+02
1.003000000000000000e+03
1.038000000000000000e+03
1.086000000000000000e+03
1.082000000000000000e+03
1.053000000000000000e+03
1.046000000000000000e+03
1.048000000000000000e+03
1.049000000000000000e+03
1.034000000000000000e+03
9.860000000000000000e+02
9.660000000000000000e+02
1.051000000000000000e+03
1.023000000000000000e+03
1.142000000000000000e+03
1.112000000000000000e+03
1.171000000000000000e+03
1.215000000000000000e+03
1.261000000000000000e+03
1.143000000000000000e+03
1.210000000000000000e+03
1.160000000000000000e+03
1.079000000000000000e+03
1.072000000000000000e+03
1.044000000000000000e+03
1.040000000000000000e+03
9.450000000000000000e+02
9.820000000000000000e+02
9.630000000000000000e+02
9.350000000000000000e+02
9.720000000000000000e+02
1.039000000000000000e+03
1.031000000000000000e+03
1.083000000000000000e+03
1.156000000000000000e+03
1.092000000000000000e+03
1.209000000000000000e+03
1.162000000000000000e+03
1.186000000000000000e+03
1.271000000000000000e+03
1.364000000000000000e+03
1.481000000000000000e+03
1.604000000000000000e+03
1.696000000000000000e+03
1.979000000000000000e+03
2.431000000000000000e+03
2.879000000000000000e+03
3.624000000000000000e+03
4.751000000000000000e+03
5.972000000000000000e+03
6.713000000000000000e+03
7.482000000000000000e+03
8.736000000000000000e+03
8.523000000000000000e+03
9.170000000000000000e+03
8.347000000000000000e+03
7.236000000000000000e+03
7.287000000000000000e+03
6.458000000000000000e+03
6.805000000000000000e+03
4.875000000000000000e+03
4.280000000000000000e+03
4.067000000000000000e+03
4.379000000000000000e+03
4.695000000000000000e+03
5.440000000000000000e+03
5.723000000000000000e+03
6.020000000000000000e+03
5.942000000000000000e+03
5.651000000000000000e+03
4.840000000000000000e+03
3.885000000000000000e+03
2.774000000000000000e+03
2.020000000000000000e+03
1.342000000000000000e+03
7.640000000000000000e+02
4.970000000000000000e+02
3.920000000000000000e+02
2.840000000000000000e+02
3.080000000000000000e+02
2.930000000000000000e+02
2.520000000000000000e+02
2.970000000000000000e+02
3.070000000000000000e+02
3.080000000000000000e+02
3.190000000000000000e+02
3.340000000000000000e+02
3.290000000000000000e+02
3.220000000000000000e+02
3.430000000000000000e+02
4.120000000000000000e+02
4.020000000000000000e+02
4.060000000000000000e+02
4.090000000000000000e+02
4.150000000000000000e+02
4.290000000000000000e+02
3.740000000000000000e+02
4.060000000000000000e+02
3.740000000000000000e+02
3.960000000000000000e+02
4.280000000000000000e+02
4.820000000000000000e+02
5.080000000000000000e+02
5.390000000000000000e+02
4.740000000000000000e+02
4.520000000000000000e+02
4.330000000000000000e+02
3.840000000000000000e+02
3.560000000000000000e+02
4.040000000000000000e+02
4.080000000000000000e+02
4.070000000000000000e+02
3.790000000000000000e+02
4.390000000000000000e+02
3.860000000000000000e+02
4.030000000000000000e+02
4.210000000000000000e+02
3.590000000000000000e+02
3.830000000000000000e+02
3.690000000000000000e+02
4.140000000000000000e+02
3.910000000000000000e+02
4.300000000000000000e+02
5.120000000000000000e+02
4.750000000000000000e+02
5.180000000000000000e+02
4.980000000000000000e+02
5.310000000000000000e+02
4.780000000000000000e+02
4.200000000000000000e+02
3.910000000000000000e+02
3.350000000000000000e+02
3.490000000000000000e+02
3.570000000000000000e+02
3.470000000000000000e+02
2.770000000000000000e+02
3.020000000000000000e+02
3.330000000000000000e+02
3.060000000000000000e+02
2.730000000000000000e+02
3.050000000000000000e+02
3.130000000000000000e+02
3.120000000000000000e+02
3.120000000000000000e+02
3.020000000000000000e+02
2.540000000000000000e+02
2.900000000000000000e+02
2.640000000000000000e+02
2.410000000000000000e+02
2.660000000000000000e+02
2.270000000000000000e+02
2.690000000000000000e+02
2.670000000000000000e+02
3.570000000000000000e+02
3.210000000000000000e+02
3.000000000000000000e+02
3.410000000000000000e+02
3.120000000000000000e+02
2.960000000000000000e+02
3.190000000000000000e+02
3.790000000000000000e+02
3.650000000000000000e+02
3.650000000000000000e+02
3.860000000000000000e+02
3.790000000000000000e+02
4.480000000000000000e+02
4.740000000000000000e+02
7.050000000000000000e+02
1.270000000000000000e+03
1.337000000000000000e+03
5.770000000000000000e+02
5.930000000000000000e+02
5.210000000000000000e+02
4.850000000000000000e+02
7.890000000000000000e+02
1.059000000000000000e+03
1.278000000000000000e+03
1.557000000000000000e+03
2.759000000000000000e+03
3.876000000000000000e+03
5.365000000000000000e+03
9.689000000000000000e+03
1.536600000000000000e+04
1.679200000000000000e+04
2.578400000000000000e+04
3.910300000000000000e+04
3.892500000000000000e+04
2.376500000000000000e+04
1.018200000000000000e+04
2.299000000000000000e+03
3.990000000000000000e+02
2.110000000000000000e+02
1.660000000000000000e+02
1.310000000000000000e+02
1.250000000000000000e+02
1.240000000000000000e+02
1.410000000000000000e+02
1.500000000000000000e+02
1.380000000000000000e+02
1.200000000000000000e+02
1.500000000000000000e+02
1.520000000000000000e+02
1.040000000000000000e+02
1.000000000000000000e+02
9.700000000000000000e+01
1.260000000000000000e+02
1.320000000000000000e+02
1.310000000000000000e+02
1.630000000000000000e+02
1.760000000000000000e+02
1.990000000000000000e+02
2.300000000000000000e+02
3.860000000000000000e+02
5.540000000000000000e+02
9.940000000000000000e+02
4.217000000000000000e+03
