1.603120000000000000e+05
2.140000000000000000e+02
4.307000000000000000e+03
4.974000000000000000e+03
4.590000000000000000e+02
5.666700000000000000e+04
3.339900000000000000e+04
1.323000000000000000e+03
2.492380000000000000e+05
6.537100000000000000e+04
1.176310000000000000e+05
2.831430000000000000e+05
2.818550000000000000e+05
3.225600000000000000e+05
2.215070000000000000e+05
2.848250000000000000e+05
2.624440000000000000e+05
2.826020000000000000e+05
4.718440000000000000e+05
2.580910000000000000e+05
8.587900000000000000e+04
4.412400000000000000e+04
1.966000000000000000e+04
1.143800000000000000e+04
3.329900000000000000e+04
2.192900000000000000e+04
9.627000000000000000e+03
7.980000000000000000e+02
1.151000000000000000e+03
7.360000000000000000e+02
5.306900000000000000e+04
6.800000000000000000e+01
2.588000000000000000e+03
5.840000000000000000e+02
1.150900000000000000e+04
2.703000000000000000e+04
2.551800000000000000e+04
3.230000000000000000e+02
3.992000000000000000e+03
1.484000000000000000e+03
5.177000000000000000e+03
1.030000000000000000e+02
1.151400000000000000e+04
1.066200000000000000e+04
1.270000000000000000e+02
1.334000000000000000e+03
5.500000000000000000e+02
6.600000000000000000e+01
3.013000000000000000e+03
1.580000000000000000e+02
9.208000000000000000e+03
4.550000000000000000e+03
9.160000000000000000e+02
2.220000000000000000e+02
6.420000000000000000e+02
2.777000000000000000e+03
1.999000000000000000e+03
7.860000000000000000e+02
3.630000000000000000e+02
7.100000000000000000e+01
4.518000000000000000e+03
1.900000000000000000e+01
6.320000000000000000e+02
1.165000000000000000e+03
1.000000000000000000e+01
1.121000000000000000e+03
3.612000000000000000e+03
7.590000000000000000e+02
9.140000000000000000e+02
1.073000000000000000e+03
1.176000000000000000e+03
5.690000000000000000e+02
6.570000000000000000e+02
1.123000000000000000e+03
1.061000000000000000e+03
2.051900000000000000e+04
9.150000000000000000e+02
1.700000000000000000e+02
2.000000000000000000e+01
1.001000000000000000e+03
6.037000000000000000e+03
1.120000000000000000e+02
3.900000000000000000e+01
7.393000000000000000e+03
1.925000000000000000e+03
6.650000000000000000e+02
8.300000000000000000e+01
3.931000000000000000e+03
1.074000000000000000e+03
2.310000000000000000e+02
9.122000000000000000e+03
9.270000000000000000e+02
4.113000000000000000e+03
3.153000000000000000e+03
1.821000000000000000e+03
3.305300000000000000e+04
1.284100000000000000e+04
1.274400000000000000e+04
2.122230000000000000e+05
2.063490000000000000e+05
2.826180000000000000e+05
3.164470000000000000e+05
2.076590000000000000e+05
1.101460000000000000e+05
5.383000000000000000e+04
4.634400000000000000e+04
3.612400000000000000e+04
1.221300000000000000e+04
7.281000000000000000e+03
1.223600000000000000e+04
1.640500000000000000e+04
1.986800000000000000e+04
4.871000000000000000e+03
4.271000000000000000e+03
1.428500000000000000e+04
4.537800000000000000e+04
1.950000000000000000e+03
1.200000000000000000e+02
1.980000000000000000e+02
1.430000000000000000e+02
6.225000000000000000e+04
4.300000000000000000e+01
4.630000000000000000e+02
1.740000000000000000e+02
3.878000000000000000e+03
2.564300000000000000e+04
2.525000000000000000e+04
1.380000000000000000e+02
4.800000000000000000e+02
1.470000000000000000e+02
1.790000000000000000e+03
3.000000000000000000e+01
1.125600000000000000e+04
1.403800000000000000e+04
2.200000000000000000e+01
6.450000000000000000e+02
6.700000000000000000e+01
1.300000000000000000e+01
3.550000000000000000e+02
2.600000000000000000e+01
1.505000000000000000e+04
6.150000000000000000e+02
1.260000000000000000e+02
6.800000000000000000e+01
5.600000000000000000e+01
1.762000000000000000e+03
1.770000000000000000e+02
7.000000000000000000e+01
2.400000000000000000e+01
8.000000000000000000e+00
5.460000000000000000e+02
5.000000000000000000e+00
3.700000000000000000e+01
9.700000000000000000e+01
9.000000000000000000e+00
7.100000000000000000e+01
7.418000000000000000e+03
6.400000000000000000e+01
1.670000000000000000e+02
7.900000000000000000e+01
8.210000000000000000e+02
4.500000000000000000e+01
4.500000000000000000e+01
2.750000000000000000e+02
2.010000000000000000e+02
2.665200000000000000e+04
4.600000000000000000e+01
4.100000000000000000e+01
1.000000000000000000e+01
3.230000000000000000e+02
3.295000000000000000e+03
3.200000000000000000e+01
1.500000000000000000e+01
2.397700000000000000e+04
2.890000000000000000e+02
3.630000000000000000e+02
6.200000000000000000e+01
6.968000000000000000e+03
2.160000000000000000e+02
1.000000000000000000e+02
1.378460000000000000e+05
1.070000000000000000e+02
3.003000000000000000e+03
4.635000000000000000e+03
2.894000000000000000e+03
5.371000000000000000e+03
1.211700000000000000e+04
1.521200000000000000e+04
1.526800000000000000e+04
9.339000000000000000e+03
1.213900000000000000e+04
9.539000000000000000e+03
1.233400000000000000e+04
1.335900000000000000e+04
1.285700000000000000e+04
1.904400000000000000e+04
2.030800000000000000e+04
1.909000000000000000e+04
2.539200000000000000e+04
2.944800000000000000e+04
3.670100000000000000e+04
3.028700000000000000e+04
2.373500000000000000e+04
3.407400000000000000e+04
4.954600000000000000e+04
2.473600000000000000e+04
5.123100000000000000e+04
8.639500000000000000e+04
7.609900000000000000e+04
5.955500000000000000e+04
1.057950000000000000e+05
7.717100000000000000e+04
6.494400000000000000e+04
6.538000000000000000e+04
5.860600000000000000e+04
1.000490000000000000e+05
6.970100000000000000e+04
5.666100000000000000e+04
9.778600000000000000e+04
6.494900000000000000e+04
8.850700000000000000e+04
7.944200000000000000e+04
6.489700000000000000e+04
4.071100000000000000e+04
3.587500000000000000e+04
2.674900000000000000e+04
3.474500000000000000e+04
2.398900000000000000e+04
5.225400000000000000e+04
3.911800000000000000e+04
2.942100000000000000e+04
3.582000000000000000e+04
5.525700000000000000e+04
4.228500000000000000e+04
3.159800000000000000e+04
4.264200000000000000e+04
2.348600000000000000e+04
3.180300000000000000e+04
5.389100000000000000e+04
3.565000000000000000e+04
3.076900000000000000e+04
3.364200000000000000e+04
2.649500000000000000e+04
2.009100000000000000e+04
3.501800000000000000e+04
2.852600000000000000e+04
2.733900000000000000e+04
6.420700000000000000e+04
5.267500000000000000e+04
2.749800000000000000e+04
4.243800000000000000e+04
3.323600000000000000e+04
5.166400000000000000e+04
4.071900000000000000e+04
3.015800000000000000e+04
3.451800000000000000e+04
3.386700000000000000e+04
4.151700000000000000e+04
3.483900000000000000e+04
3.245500000000000000e+04
3.196400000000000000e+04
3.339500000000000000e+04
2.567300000000000000e+04
2.878900000000000000e+04
2.764100000000000000e+04
4.429800000000000000e+04
2.439500000000000000e+04
1.703700000000000000e+04
2.586700000000000000e+04
2.747400000000000000e+04
2.916300000000000000e+04
1.795800000000000000e+04
2.360000000000000000e+04
1.812400000000000000e+04
1.954600000000000000e+04
1.867400000000000000e+04
2.258000000000000000e+04
1.830500000000000000e+04
2.035800000000000000e+04
1.364600000000000000e+04
1.724900000000000000e+04
1.600700000000000000e+04
2.031200000000000000e+04
1.605000000000000000e+04
1.471800000000000000e+04
1.450400000000000000e+04
1.815900000000000000e+04
1.854300000000000000e+04
1.725500000000000000e+04
2.341000000000000000e+04
1.651100000000000000e+04
1.868800000000000000e+04
2.019800000000000000e+04
2.490300000000000000e+04
2.086500000000000000e+04
2.101500000000000000e+04
2.392700000000000000e+04
2.340700000000000000e+04
2.683600000000000000e+04
2.353600000000000000e+04
2.838200000000000000e+04
2.422000000000000000e+04
2.529800000000000000e+04
2.573900000000000000e+04
2.506800000000000000e+04
2.678400000000000000e+04
2.238600000000000000e+04
2.565200000000000000e+04
4.391700000000000000e+04
2.203500000000000000e+04
2.613100000000000000e+04
2.389800000000000000e+04
2.342300000000000000e+04
2.399300000000000000e+04
2.443600000000000000e+04
2.186300000000000000e+04
2.331100000000000000e+04
2.048300000000000000e+04
2.085900000000000000e+04
2.198300000000000000e+04
1.867200000000000000e+04
1.814700000000000000e+04
1.929400000000000000e+04
1.719500000000000000e+04
1.408900000000000000e+04
1.476600000000000000e+04
1.521000000000000000e+04
1.192000000000000000e+04
1.400900000000000000e+04
1.174500000000000000e+04
1.154000000000000000e+04
1.051200000000000000e+04
9.489000000000000000e+03
1.643600000000000000e+04
8.779000000000000000e+03
8.941000000000000000e+03
1.006400000000000000e+04
8.173000000000000000e+03
8.255000000000000000e+03
1.150900000000000000e+04
6.201000000000000000e+03
6.232000000000000000e+03
6.921000000000000000e+03
5.210000000000000000e+03
6.735000000000000000e+03
8.085000000000000000e+03
6.505000000000000000e+03
5.068000000000000000e+03
5.019000000000000000e+03
3.793000000000000000e+03
1.774900000000000000e+04
3.758000000000000000e+03
4.930000000000000000e+03
5.055000000000000000e+03
6.811000000000000000e+03
7.587000000000000000e+03
4.419000000000000000e+03
6.780000000000000000e+03
4.174000000000000000e+03
6.007000000000000000e+03
5.181000000000000000e+03
5.959000000000000000e+03
9.188000000000000000e+03
4.972000000000000000e+03
7.306000000000000000e+03
7.902000000000000000e+03
6.183000000000000000e+03
9.335000000000000000e+03
7.397000000000000000e+03
6.154000000000000000e+03
9.103000000000000000e+03
1.476400000000000000e+04
4.816000000000000000e+03
6.436000000000000000e+03
7.639000000000000000e+03
9.965000000000000000e+03
7.635000000000000000e+03
7.780000000000000000e+03
8.628000000000000000e+03
8.665000000000000000e+03
1.163400000000000000e+04
1.523400000000000000e+04
1.213300000000000000e+04
1.177100000000000000e+04
1.796800000000000000e+04
1.871000000000000000e+04
1.622100000000000000e+04
2.007800000000000000e+04
1.396800000000000000e+04
1.556200000000000000e+04
1.470100000000000000e+04
1.526000000000000000e+04
1.589600000000000000e+04
2.042900000000000000e+04
1.400500000000000000e+04
1.153600000000000000e+04
1.131000000000000000e+04
1.009600000000000000e+04
1.141300000000000000e+04
1.244200000000000000e+04
1.120600000000000000e+04
1.300700000000000000e+04
1.167000000000000000e+04
1.448800000000000000e+04
1.529600000000000000e+04
1.646900000000000000e+04
1.760100000000000000e+04
2.239300000000000000e+04
1.895500000000000000e+04
1.826400000000000000e+04
1.766600000000000000e+04
1.017500000000000000e+04
1.013200000000000000e+04
8.733000000000000000e+03
7.722000000000000000e+03
6.487000000000000000e+03
5.756000000000000000e+03
5.729000000000000000e+03
4.291000000000000000e+03
4.173000000000000000e+03
3.622000000000000000e+03
3.329000000000000000e+03
2.954000000000000000e+03
2.848000000000000000e+03
2.726000000000000000e+03
2.542000000000000000e+03
2.518000000000000000e+03
2.278000000000000000e+03
2.359000000000000000e+03
2.483000000000000000e+03
2.482000000000000000e+03
2.178000000000000000e+03
2.382000000000000000e+03
2.230000000000000000e+03
2.310000000000000000e+03
6.243200000000000000e+04
5.488000000000000000e+04
1.799600000000000000e+04
1.646600000000000000e+04
1.377000000000000000e+04
1.149400000000000000e+04
1.053800000000000000e+04
1.107200000000000000e+04
1.126300000000000000e+04
1.081300000000000000e+04
1.099700000000000000e+04
1.154600000000000000e+04
1.161600000000000000e+04
1.191600000000000000e+04
1.276900000000000000e+04
1.529900000000000000e+04
1.906200000000000000e+04
2.442300000000000000e+04
2.738500000000000000e+04
2.702200000000000000e+04
2.244800000000000000e+04
1.810200000000000000e+04
1.566100000000000000e+04
1.583200000000000000e+04
1.687100000000000000e+04
1.782700000000000000e+04
1.772600000000000000e+04
1.661100000000000000e+04
1.531000000000000000e+04
1.445800000000000000e+04
1.451100000000000000e+04
1.422500000000000000e+04
1.441000000000000000e+04
1.437600000000000000e+04
1.406900000000000000e+04
1.440300000000000000e+04
1.443900000000000000e+04
1.459100000000000000e+04
1.492100000000000000e+04
1.567100000000000000e+04
1.691600000000000000e+04
1.770400000000000000e+04
1.762900000000000000e+04
1.716800000000000000e+04
1.667300000000000000e+04
1.703900000000000000e+04
1.693900000000000000e+04
1.746000000000000000e+04
1.748300000000000000e+04
1.774900000000000000e+04
1.800900000000000000e+04
1.875500000000000000e+04
2.005900000000000000e+04
2.199800000000000000e+04
2.391900000000000000e+04
2.548800000000000000e+04
2.739800000000000000e+04
2.816100000000000000e+04
2.912200000000000000e+04
3.024600000000000000e+04
3.211100000000000000e+04
3.346400000000000000e+04
3.535200000000000000e+04
3.741600000000000000e+04
3.915500000000000000e+04
4.095700000000000000e+04
4.355100000000000000e+04
4.607900000000000000e+04
4.772300000000000000e+04
4.795100000000000000e+04
4.864500000000000000e+04
4.980300000000000000e+04
5.071200000000000000e+04
5.222100000000000000e+04
5.431500000000000000e+04
5.677100000000000000e+04
5.893300000000000000e+04
6.112100000000000000e+04
6.262200000000000000e+04
6.308600000000000000e+04
6.293100000000000000e+04
6.158700000000000000e+04
5.945900000000000000e+04
5.648500000000000000e+04
5.270000000000000000e+04
4.782800000000000000e+04
4.376000000000000000e+04
3.910300000000000000e+04
3.508000000000000000e+04
3.064300000000000000e+04
2.688700000000000000e+04
2.390400000000000000e+04
2.119600000000000000e+04
1.887800000000000000e+04
1.721800000000000000e+04
1.533700000000000000e+04
1.417000000000000000e+04
1.297000000000000000e+04
1.258100000000000000e+04
1.172600000000000000e+04
1.137400000000000000e+04
1.101000000000000000e+04
1.104400000000000000e+04
1.117500000000000000e+04
1.140900000000000000e+04
1.129400000000000000e+04
1.168300000000000000e+04
1.190400000000000000e+04
1.201300000000000000e+04
1.233300000000000000e+04
1.242300000000000000e+04
1.230800000000000000e+04
1.201200000000000000e+04
1.222900000000000000e+04
1.196800000000000000e+04
1.206300000000000000e+04
1.184000000000000000e+04
1.203600000000000000e+04
1.214900000000000000e+04
1.238700000000000000e+04
1.278700000000000000e+04
1.302100000000000000e+04
1.343300000000000000e+04
1.379600000000000000e+04
1.407800000000000000e+04
1.398900000000000000e+04
1.439500000000000000e+04
1.427500000000000000e+04
1.448100000000000000e+04
1.468700000000000000e+04
1.477700000000000000e+04
1.491300000000000000e+04
1.458800000000000000e+04
1.466700000000000000e+04
1.464600000000000000e+04
1.423200000000000000e+04
1.441300000000000000e+04
1.423700000000000000e+04
1.363100000000000000e+04
1.389300000000000000e+04
1.344600000000000000e+04
1.318500000000000000e+04
1.273700000000000000e+04
1.214900000000000000e+04
1.167800000000000000e+04
1.135900000000000000e+04
1.115200000000000000e+04
1.097000000000000000e+04
1.077000000000000000e+04
1.039300000000000000e+04
1.011600000000000000e+04
9.790000000000000000e+03
9.511000000000000000e+03
9.230000000000000000e+03
8.870000000000000000e+03
8.441000000000000000e+03
8.250000000000000000e+03
8.170000000000000000e+03
7.965000000000000000e+03
7.812000000000000000e+03
7.450000000000000000e+03
7.467000000000000000e+03
7.357000000000000000e+03
7.178000000000000000e+03
6.969000000000000000e+03
6.919000000000000000e+03
6.668000000000000000e+03
6.516000000000000000e+03
6.376000000000000000e+03
6.421000000000000000e+03
6.268000000000000000e+03
5.941000000000000000e+03
5.704000000000000000e+03
5.506000000000000000e+03
5.336000000000000000e+03
5.261000000000000000e+03
5.191000000000000000e+03
5.088000000000000000e+03
4.893000000000000000e+03
4.769000000000000000e+03
4.573000000000000000e+03
4.441000000000000000e+03
4.390000000000000000e+03
4.424000000000000000e+03
4.573000000000000000e+03
4.401000000000000000e+03
4.501000000000000000e+03
4.417000000000000000e+03
4.774000000000000000e+03
4.907000000000000000e+03
5.247000000000000000e+03
5.322000000000000000e+03
5.530000000000000000e+03
5.500000000000000000e+03
5.647000000000000000e+03
5.907000000000000000e+03
6.024000000000000000e+03
6.790000000000000000e+03
9.541000000000000000e+03
1.180600000000000000e+04
1.452700000000000000e+04
2.476500000000000000e+04
2.333100000000000000e+04
2.419500000000000000e+04
2.159200000000000000e+04
1.799900000000000000e+04
1.550700000000000000e+04
1.930800000000000000e+04
1.959900000000000000e+04
1.649200000000000000e+04
1.558300000000000000e+04
1.439200000000000000e+04
1.481800000000000000e+04
1.685300000000000000e+04
2.121200000000000000e+04
1.305500000000000000e+04
1.205300000000000000e+04
1.649800000000000000e+04
2.210300000000000000e+04
3.674900000000000000e+04
4.225300000000000000e+04
3.878500000000000000e+04
3.929400000000000000e+04
4.882800000000000000e+04
4.785200000000000000e+04
4.622600000000000000e+04
6.090900000000000000e+04
8.324800000000000000e+04
9.600000000000000000e+04
1.279080000000000000e+05
1.607100000000000000e+05
1.404240000000000000e+05
9.344100000000000000e+04
7.013700000000000000e+04
4.665600000000000000e+04
3.095700000000000000e+04
1.683800000000000000e+04
1.628800000000000000e+04
1.688700000000000000e+04
1.883600000000000000e+04
2.148800000000000000e+04
2.382300000000000000e+04
2.662700000000000000e+04
2.060200000000000000e+04
1.564400000000000000e+04
1.613300000000000000e+04
1.742900000000000000e+04
2.024200000000000000e+04
2.181600000000000000e+04
1.883600000000000000e+04
1.635100000000000000e+04
1.328900000000000000e+04
1.342600000000000000e+04
1.647000000000000000e+04
2.350000000000000000e+04
4.254500000000000000e+04
1.579560000000000000e+05
