2.158260000000000000e+05
8.000000000000000000e+02
4.300000000000000000e+02
1.221000000000000000e+03
1.900000000000000000e+02
3.891000000000000000e+03
1.642550000000000000e+05
7.200000000000000000e+01
2.707000000000000000e+04
4.360000000000000000e+02
3.330000000000000000e+02
4.619100000000000000e+04
1.525000000000000000e+03
8.464000000000000000e+03
2.900000000000000000e+03
4.076000000000000000e+03
3.955000000000000000e+03
3.995000000000000000e+03
2.436000000000000000e+03
4.571000000000000000e+03
1.224200000000000000e+04
4.564000000000000000e+03
7.986000000000000000e+03
4.597000000000000000e+03
2.704000000000000000e+03
1.646000000000000000e+03
3.161000000000000000e+03
1.592000000000000000e+03
2.654000000000000000e+03
7.771000000000000000e+03
1.728400000000000000e+04
5.425000000000000000e+03
1.156400000000000000e+04
6.568000000000000000e+03
1.544700000000000000e+04
2.051800000000000000e+04
1.957400000000000000e+04
2.674200000000000000e+04
1.306380000000000000e+05
4.581300000000000000e+04
4.998400000000000000e+04
2.630000000000000000e+03
3.447700000000000000e+04
1.438730000000000000e+05
8.800000000000000000e+02
1.498600000000000000e+04
1.139000000000000000e+03
5.000000000000000000e+00
1.774200000000000000e+04
6.500000000000000000e+01
1.316800000000000000e+04
1.651800000000000000e+04
7.700000000000000000e+02
7.000000000000000000e+00
7.000000000000000000e+01
2.406000000000000000e+03
1.114000000000000000e+03
1.160000000000000000e+02
4.000000000000000000e+00
0.000000000000000000e+00
1.531000000000000000e+03
0.000000000000000000e+00
9.000000000000000000e+00
1.040000000000000000e+02
0.000000000000000000e+00
2.300000000000000000e+01
2.334000000000000000e+03
1.700000000000000000e+01
2.540000000000000000e+02
1.050000000000000000e+02
4.251000000000000000e+03
1.770000000000000000e+02
4.400000000000000000e+01
4.840000000000000000e+02
1.350000000000000000e+03
1.638600000000000000e+04
1.770000000000000000e+02
9.000000000000000000e+00
1.000000000000000000e+00
1.270000000000000000e+03
1.031000000000000000e+04
9.000000000000000000e+00
4.300000000000000000e+01
8.576000000000000000e+03
1.980000000000000000e+02
1.500000000000000000e+02
1.220000000000000000e+02
2.665000000000000000e+03
8.300000000000000000e+01
4.100000000000000000e+01
1.552700000000000000e+04
1.000000000000000000e+01
1.870000000000000000e+02
4.890000000000000000e+02
4.900000000000000000e+01
6.670000000000000000e+02
4.787700000000000000e+04
6.200000000000000000e+01
1.474000000000000000e+03
3.440000000000000000e+02
5.530000000000000000e+02
1.661700000000000000e+04
4.237000000000000000e+03
2.438800000000000000e+04
1.590700000000000000e+04
1.155990000000000000e+05
6.162100000000000000e+04
3.327700000000000000e+04
1.065600000000000000e+04
1.346600000000000000e+04
2.396100000000000000e+04
1.234600000000000000e+04
2.736000000000000000e+03
1.269000000000000000e+03
8.546000000000000000e+03
1.764000000000000000e+03
8.880000000000000000e+02
9.400000000000000000e+01
1.350000000000000000e+02
1.470000000000000000e+02
7.091000000000000000e+03
9.000000000000000000e+00
2.680000000000000000e+02
9.200000000000000000e+01
6.490000000000000000e+02
1.576000000000000000e+03
2.265000000000000000e+03
1.550000000000000000e+02
2.630000000000000000e+02
1.160000000000000000e+02
3.970000000000000000e+02
4.400000000000000000e+01
6.370000000000000000e+02
7.260000000000000000e+02
2.500000000000000000e+01
1.060000000000000000e+02
1.260000000000000000e+02
8.000000000000000000e+00
3.200000000000000000e+02
1.400000000000000000e+01
1.208000000000000000e+03
3.060000000000000000e+02
8.800000000000000000e+01
1.000000000000000000e+01
6.300000000000000000e+01
2.850000000000000000e+02
1.590000000000000000e+02
5.800000000000000000e+01
1.100000000000000000e+01
0.000000000000000000e+00
2.500000000000000000e+02
2.000000000000000000e+00
4.800000000000000000e+01
8.500000000000000000e+01
2.000000000000000000e+00
4.800000000000000000e+01
7.450000000000000000e+02
3.600000000000000000e+01
6.900000000000000000e+01
1.030000000000000000e+02
5.180000000000000000e+02
3.700000000000000000e+01
6.000000000000000000e+01
3.510000000000000000e+02
2.010000000000000000e+02
9.576000000000000000e+03
9.000000000000000000e+01
1.030000000000000000e+02
5.100000000000000000e+01
2.780000000000000000e+02
3.590000000000000000e+03
1.220000000000000000e+02
2.300000000000000000e+02
3.441000000000000000e+03
5.070000000000000000e+02
6.710000000000000000e+02
8.810000000000000000e+02
3.254000000000000000e+04
1.076800000000000000e+04
6.825000000000000000e+03
1.512270000000000000e+05
1.850000000000000000e+02
2.178000000000000000e+03
6.365000000000000000e+03
1.062400000000000000e+04
1.263500000000000000e+04
1.111300000000000000e+04
2.093800000000000000e+04
2.157500000000000000e+04
1.801500000000000000e+04
1.440400000000000000e+04
1.320200000000000000e+04
1.344900000000000000e+04
1.874100000000000000e+04
3.026800000000000000e+04
2.842800000000000000e+04
1.848500000000000000e+04
1.746700000000000000e+04
1.927100000000000000e+04
1.907400000000000000e+04
1.931300000000000000e+04
2.425000000000000000e+04
3.217400000000000000e+04
3.892900000000000000e+04
2.748900000000000000e+04
2.387800000000000000e+04
2.275000000000000000e+04
2.042900000000000000e+04
1.746700000000000000e+04
1.383200000000000000e+04
1.227800000000000000e+04
8.467000000000000000e+03
7.537000000000000000e+03
5.704000000000000000e+03
6.134000000000000000e+03
4.203000000000000000e+03
6.133000000000000000e+03
2.395000000000000000e+03
4.219000000000000000e+03
4.447000000000000000e+03
4.018000000000000000e+03
3.159000000000000000e+03
2.838000000000000000e+03
5.660000000000000000e+03
3.489000000000000000e+03
4.261000000000000000e+03
4.685000000000000000e+03
2.841000000000000000e+03
4.374000000000000000e+03
3.119000000000000000e+03
2.483000000000000000e+03
7.314000000000000000e+03
2.899000000000000000e+03
4.638000000000000000e+03
3.411000000000000000e+03
7.058000000000000000e+03
4.924000000000000000e+03
6.789000000000000000e+03
8.856000000000000000e+03
9.664000000000000000e+03
1.073600000000000000e+04
1.108200000000000000e+04
1.165100000000000000e+04
5.127000000000000000e+03
1.606200000000000000e+04
4.571000000000000000e+03
1.159900000000000000e+04
9.048000000000000000e+03
6.046000000000000000e+03
1.301900000000000000e+04
8.021000000000000000e+03
2.195100000000000000e+04
6.824000000000000000e+03
9.749000000000000000e+03
2.720900000000000000e+04
1.311400000000000000e+04
1.063100000000000000e+04
9.237000000000000000e+03
2.200400000000000000e+04
7.306000000000000000e+03
9.106000000000000000e+03
1.937000000000000000e+04
7.941000000000000000e+03
4.113000000000000000e+03
1.505000000000000000e+03
3.328700000000000000e+04
1.318000000000000000e+03
3.037000000000000000e+03
1.232400000000000000e+04
1.490600000000000000e+04
7.200000000000000000e+03
8.494000000000000000e+03
7.657000000000000000e+03
4.297000000000000000e+03
2.069800000000000000e+04
2.766000000000000000e+03
1.159900000000000000e+04
9.498000000000000000e+03
7.764000000000000000e+03
1.394200000000000000e+04
1.298100000000000000e+04
5.103000000000000000e+03
1.299500000000000000e+04
6.148000000000000000e+03
1.305300000000000000e+04
1.095500000000000000e+04
9.870000000000000000e+03
5.717000000000000000e+03
1.247400000000000000e+04
1.020100000000000000e+04
4.693000000000000000e+03
5.154000000000000000e+03
1.346700000000000000e+04
9.772000000000000000e+03
5.820000000000000000e+03
1.075100000000000000e+04
7.874000000000000000e+03
1.018900000000000000e+04
9.023000000000000000e+03
1.293100000000000000e+04
1.139300000000000000e+04
9.910000000000000000e+03
1.033800000000000000e+04
1.348600000000000000e+04
1.160000000000000000e+04
9.996000000000000000e+03
9.157000000000000000e+03
5.988000000000000000e+03
9.017000000000000000e+03
8.230000000000000000e+03
8.391000000000000000e+03
8.311000000000000000e+03
7.775000000000000000e+03
6.975000000000000000e+03
7.114000000000000000e+03
6.310000000000000000e+03
5.843000000000000000e+03
6.488000000000000000e+03
4.148000000000000000e+03
3.757000000000000000e+03
4.004000000000000000e+03
3.552000000000000000e+03
3.469000000000000000e+03
2.835000000000000000e+03
2.397000000000000000e+03
2.781000000000000000e+03
1.981000000000000000e+03
1.470000000000000000e+03
1.405000000000000000e+03
1.763000000000000000e+03
9.820000000000000000e+02
9.430000000000000000e+02
8.770000000000000000e+02
9.130000000000000000e+02
6.660000000000000000e+02
8.260000000000000000e+02
5.710000000000000000e+02
6.300000000000000000e+02
4.870000000000000000e+02
5.900000000000000000e+02
4.540000000000000000e+02
5.730000000000000000e+02
4.740000000000000000e+02
4.130000000000000000e+02
4.430000000000000000e+02
4.150000000000000000e+02
4.320000000000000000e+02
3.870000000000000000e+02
3.840000000000000000e+02
3.300000000000000000e+02
7.220000000000000000e+02
3.530000000000000000e+02
3.920000000000000000e+02
4.000000000000000000e+02
4.160000000000000000e+02
3.950000000000000000e+02
3.720000000000000000e+02
4.580000000000000000e+02
3.960000000000000000e+02
5.310000000000000000e+02
5.190000000000000000e+02
4.640000000000000000e+02
6.260000000000000000e+02
5.400000000000000000e+02
6.250000000000000000e+02
6.840000000000000000e+02
6.150000000000000000e+02
7.050000000000000000e+02
8.310000000000000000e+02
6.230000000000000000e+02
7.070000000000000000e+02
6.980000000000000000e+02
6.440000000000000000e+02
5.260000000000000000e+02
4.520000000000000000e+02
5.050000000000000000e+02
5.130000000000000000e+02
4.370000000000000000e+02
4.380000000000000000e+02
2.740000000000000000e+02
2.660000000000000000e+02
3.080000000000000000e+02
1.670000000000000000e+02
1.660000000000000000e+02
1.820000000000000000e+02
1.180000000000000000e+02
1.150000000000000000e+02
1.040000000000000000e+02
9.800000000000000000e+01
1.060000000000000000e+02
7.600000000000000000e+01
8.600000000000000000e+01
5.300000000000000000e+01
1.650000000000000000e+02
7.200000000000000000e+01
6.000000000000000000e+01
1.070000000000000000e+02
6.900000000000000000e+01
6.600000000000000000e+01
1.220000000000000000e+02
5.800000000000000000e+01
7.000000000000000000e+01
6.000000000000000000e+01
9.500000000000000000e+01
4.500000000000000000e+01
5.700000000000000000e+01
4.400000000000000000e+01
8.700000000000000000e+01
4.000000000000000000e+01
4.600000000000000000e+01
9.100000000000000000e+01
5.600000000000000000e+01
4.700000000000000000e+01
6.700000000000000000e+01
6.100000000000000000e+01
7.900000000000000000e+01
4.900000000000000000e+01
7.100000000000000000e+01
7.500000000000000000e+01
6.900000000000000000e+01
6.300000000000000000e+01
6.900000000000000000e+01
7.400000000000000000e+01
8.700000000000000000e+01
8.800000000000000000e+01
8.700000000000000000e+01
7.400000000000000000e+01
8.500000000000000000e+01
5.800000000000000000e+01
1.090000000000000000e+02
1.010000000000000000e+02
3.400000000000000000e+01
1.680000000000000000e+02
2.380000000000000000e+02
7.300000000000000000e+01
2.152000000000000000e+03
2.570000000000000000e+02
2.210000000000000000e+02
3.640000000000000000e+02
3.260000000000000000e+02
8.660000000000000000e+02
5.177000000000000000e+03
1.296000000000000000e+04
3.829400000000000000e+04
2.378500000000000000e+04
1.759700000000000000e+04
1.367200000000000000e+04
1.018900000000000000e+04
7.863000000000000000e+03
8.519000000000000000e+03
1.049800000000000000e+04
1.147000000000000000e+04
1.183600000000000000e+04
1.349200000000000000e+04
1.612300000000000000e+04
1.762800000000000000e+04
1.913900000000000000e+04
2.202000000000000000e+04
2.190300000000000000e+04
2.289000000000000000e+04
2.533000000000000000e+04
2.369200000000000000e+04
2.436600000000000000e+04
2.525600000000000000e+04
2.404500000000000000e+04
2.199500000000000000e+04
1.989000000000000000e+04
1.832600000000000000e+04
1.628600000000000000e+04
1.390900000000000000e+04
1.273700000000000000e+04
1.070100000000000000e+04
9.774000000000000000e+03
8.391000000000000000e+03
7.897000000000000000e+03
6.850000000000000000e+03
6.298000000000000000e+03
6.562000000000000000e+03
7.438000000000000000e+03
7.233000000000000000e+03
6.861000000000000000e+03
7.275000000000000000e+03
6.097000000000000000e+03
5.764000000000000000e+03
5.671000000000000000e+03
5.489000000000000000e+03
5.391000000000000000e+03
5.029000000000000000e+03
4.668000000000000000e+03
3.893000000000000000e+03
3.750000000000000000e+03
3.157000000000000000e+03
2.751000000000000000e+03
2.689000000000000000e+03
2.603000000000000000e+03
2.578000000000000000e+03
2.557000000000000000e+03
2.652000000000000000e+03
2.836000000000000000e+03
3.036000000000000000e+03
3.113000000000000000e+03
3.314000000000000000e+03
3.288000000000000000e+03
3.343000000000000000e+03
3.398000000000000000e+03
3.418000000000000000e+03
3.551000000000000000e+03
3.566000000000000000e+03
3.568000000000000000e+03
3.631000000000000000e+03
3.761000000000000000e+03
3.856000000000000000e+03
3.895000000000000000e+03
4.031000000000000000e+03
4.132000000000000000e+03
4.563000000000000000e+03
4.749000000000000000e+03
4.980000000000000000e+03
4.969000000000000000e+03
4.998000000000000000e+03
5.486000000000000000e+03
5.793000000000000000e+03
5.990000000000000000e+03
6.334000000000000000e+03
6.702000000000000000e+03
7.237000000000000000e+03
7.746000000000000000e+03
8.142000000000000000e+03
8.363000000000000000e+03
8.902000000000000000e+03
9.054000000000000000e+03
9.702000000000000000e+03
1.003400000000000000e+04
1.103400000000000000e+04
1.186600000000000000e+04
1.219300000000000000e+04
1.297700000000000000e+04
1.425000000000000000e+04
1.512500000000000000e+04
1.684000000000000000e+04
1.781700000000000000e+04
1.862400000000000000e+04
2.013200000000000000e+04
2.174600000000000000e+04
2.245100000000000000e+04
2.387800000000000000e+04
2.493300000000000000e+04
2.585100000000000000e+04
2.610600000000000000e+04
2.524500000000000000e+04
2.475600000000000000e+04
2.388000000000000000e+04
2.194900000000000000e+04
2.049300000000000000e+04
1.888300000000000000e+04
1.672500000000000000e+04
1.530900000000000000e+04
1.341700000000000000e+04
1.187500000000000000e+04
1.041300000000000000e+04
9.024000000000000000e+03
8.034000000000000000e+03
6.733000000000000000e+03
5.545000000000000000e+03
4.656000000000000000e+03
4.167000000000000000e+03
3.821000000000000000e+03
3.624000000000000000e+03
3.259000000000000000e+03
3.175000000000000000e+03
3.369000000000000000e+03
3.235000000000000000e+03
3.451000000000000000e+03
3.629000000000000000e+03
4.031000000000000000e+03
3.900000000000000000e+03
4.053000000000000000e+03
4.265000000000000000e+03
4.437000000000000000e+03
4.552000000000000000e+03
4.666000000000000000e+03
4.649000000000000000e+03
4.573000000000000000e+03
4.641000000000000000e+03
4.554000000000000000e+03
4.487000000000000000e+03
4.328000000000000000e+03
4.340000000000000000e+03
4.089000000000000000e+03
3.865000000000000000e+03
3.688000000000000000e+03
3.426000000000000000e+03
3.350000000000000000e+03
3.173000000000000000e+03
3.043000000000000000e+03
3.056000000000000000e+03
2.995000000000000000e+03
3.017000000000000000e+03
3.065000000000000000e+03
2.958000000000000000e+03
2.943000000000000000e+03
2.971000000000000000e+03
2.919000000000000000e+03
2.922000000000000000e+03
2.887000000000000000e+03
2.968000000000000000e+03
2.850000000000000000e+03
2.857000000000000000e+03
2.855000000000000000e+03
2.934000000000000000e+03
2.819000000000000000e+03
2.839000000000000000e+03
2.812000000000000000e+03
2.916000000000000000e+03
2.888000000000000000e+03
2.894000000000000000e+03
2.865000000000000000e+03
2.704000000000000000e+03
2.729000000000000000e+03
2.735000000000000000e+03
2.689000000000000000e+03
2.628000000000000000e+03
2.603000000000000000e+03
2.501000000000000000e+03
2.496000000000000000e+03
2.520000000000000000e+03
2.371000000000000000e+03
2.315000000000000000e+03
2.208000000000000000e+03
2.082000000000000000e+03
2.032000000000000000e+03
1.961000000000000000e+03
1.937000000000000000e+03
1.855000000000000000e+03
1.682000000000000000e+03
1.622000000000000000e+03
1.685000000000000000e+03
1.595000000000000000e+03
1.445000000000000000e+03
1.448000000000000000e+03
1.443000000000000000e+03
1.424000000000000000e+03
1.365000000000000000e+03
1.353000000000000000e+03
1.367000000000000000e+03
1.376000000000000000e+03
1.336000000000000000e+03
1.321000000000000000e+03
1.373000000000000000e+03
1.290000000000000000e+03
1.213000000000000000e+03
1.315000000000000000e+03
1.243000000000000000e+03
1.239000000000000000e+03
1.198000000000000000e+03
1.109000000000000000e+03
1.018000000000000000e+03
1.019000000000000000e+03
1.004000000000000000e+03
1.015000000000000000e+03
9.620000000000000000e+02
8.730000000000000000e+02
9.410000000000000000e+02
9.550000000000000000e+02
1.023000000000000000e+03
1.052000000000000000e+03
1.111000000000000000e+03
1.153000000000000000e+03
1.264000000000000000e+03
1.287000000000000000e+03
1.183000000000000000e+03
1.296000000000000000e+03
1.232000000000000000e+03
1.171000000000000000e+03
1.075000000000000000e+03
1.074000000000000000e+03
1.119000000000000000e+03
1.193000000000000000e+03
1.281000000000000000e+03
1.614000000000000000e+03
1.483000000000000000e+03
1.505000000000000000e+03
1.574000000000000000e+03
1.547000000000000000e+03
1.426000000000000000e+03
1.570000000000000000e+03
1.194000000000000000e+03
8.280000000000000000e+02
7.000000000000000000e+02
6.930000000000000000e+02
1.056000000000000000e+03
3.450000000000000000e+03
