1.822700000000000000e+04
3.060000000000000000e+03
4.418000000000000000e+03
6.329000000000000000e+03
7.329000000000000000e+03
1.578000000000000000e+04
1.023500000000000000e+04
3.135000000000000000e+03
1.422300000000000000e+04
5.249000000000000000e+03
6.260000000000000000e+03
2.114300000000000000e+04
9.763000000000000000e+03
1.108200000000000000e+04
6.677000000000000000e+03
7.496000000000000000e+03
5.401000000000000000e+03
6.334000000000000000e+03
4.497000000000000000e+03
4.794000000000000000e+03
7.677000000000000000e+03
5.145000000000000000e+03
5.237000000000000000e+03
2.215000000000000000e+03
4.157000000000000000e+03
1.642000000000000000e+03
3.422000000000000000e+03
1.066000000000000000e+03
1.350000000000000000e+03
1.655000000000000000e+03
6.496000000000000000e+03
1.213000000000000000e+03
2.417000000000000000e+03
2.756000000000000000e+03
3.595000000000000000e+03
7.175000000000000000e+03
5.434000000000000000e+03
6.695000000000000000e+03
1.062300000000000000e+04
1.380000000000000000e+04
1.746900000000000000e+04
2.174300000000000000e+04
2.405100000000000000e+04
2.434700000000000000e+04
1.642700000000000000e+04
1.402500000000000000e+04
1.158300000000000000e+04
8.404000000000000000e+03
8.445000000000000000e+03
6.614000000000000000e+03
6.969000000000000000e+03
5.376000000000000000e+03
4.247000000000000000e+03
3.721000000000000000e+03
2.859000000000000000e+03
3.216000000000000000e+03
2.420000000000000000e+03
1.944000000000000000e+03
1.613000000000000000e+03
1.345000000000000000e+03
3.078000000000000000e+03
6.210000000000000000e+02
6.000000000000000000e+02
9.890000000000000000e+02
4.230000000000000000e+02
5.500000000000000000e+02
1.276000000000000000e+03
5.500000000000000000e+02
6.300000000000000000e+02
6.690000000000000000e+02
7.540000000000000000e+02
3.620000000000000000e+02
4.310000000000000000e+02
6.100000000000000000e+02
6.370000000000000000e+02
2.611000000000000000e+03
4.990000000000000000e+02
5.810000000000000000e+02
5.110000000000000000e+02
2.460000000000000000e+02
1.764000000000000000e+03
5.360000000000000000e+02
7.600000000000000000e+02
1.533000000000000000e+03
1.732000000000000000e+03
2.828000000000000000e+03
1.369300000000000000e+04
3.905000000000000000e+03
1.167000000000000000e+03
8.910000000000000000e+02
5.368000000000000000e+03
8.380000000000000000e+02
1.063000000000000000e+03
1.064000000000000000e+03
1.382000000000000000e+03
1.606000000000000000e+03
2.573000000000000000e+03
1.283000000000000000e+03
1.670000000000000000e+03
1.817000000000000000e+03
3.153000000000000000e+03
8.040000000000000000e+03
1.353600000000000000e+04
5.573000000000000000e+03
3.052000000000000000e+03
5.102000000000000000e+03
4.349000000000000000e+03
2.578000000000000000e+03
1.765000000000000000e+03
4.004000000000000000e+03
1.035600000000000000e+04
6.615000000000000000e+03
1.236300000000000000e+04
6.016200000000000000e+04
1.868200000000000000e+04
6.295000000000000000e+03
5.301000000000000000e+03
1.658000000000000000e+03
1.799000000000000000e+03
1.628000000000000000e+03
1.337100000000000000e+04
6.010000000000000000e+02
1.567000000000000000e+03
4.630000000000000000e+02
1.649000000000000000e+03
4.503000000000000000e+03
1.194900000000000000e+04
3.580000000000000000e+02
9.020000000000000000e+02
4.770000000000000000e+02
1.193000000000000000e+03
1.580000000000000000e+02
8.353000000000000000e+03
2.668000000000000000e+03
3.940000000000000000e+02
9.710000000000000000e+02
7.210000000000000000e+02
3.110000000000000000e+02
1.102000000000000000e+03
3.340000000000000000e+02
6.672000000000000000e+03
1.553000000000000000e+03
5.270000000000000000e+02
4.470000000000000000e+02
4.600000000000000000e+02
3.256000000000000000e+03
9.890000000000000000e+02
4.260000000000000000e+02
3.140000000000000000e+02
3.020000000000000000e+02
3.149000000000000000e+03
2.110000000000000000e+02
4.000000000000000000e+02
7.230000000000000000e+02
2.540000000000000000e+02
3.790000000000000000e+02
3.488000000000000000e+03
4.850000000000000000e+02
4.890000000000000000e+02
6.060000000000000000e+02
1.789000000000000000e+03
4.140000000000000000e+02
4.180000000000000000e+02
1.530000000000000000e+03
1.533000000000000000e+03
7.519000000000000000e+03
7.350000000000000000e+02
6.610000000000000000e+02
4.530000000000000000e+02
1.148000000000000000e+03
5.093000000000000000e+03
5.580000000000000000e+02
5.430000000000000000e+02
5.603000000000000000e+03
1.371000000000000000e+03
1.572000000000000000e+03
8.020000000000000000e+02
4.864000000000000000e+03
1.381000000000000000e+03
1.506000000000000000e+03
1.072400000000000000e+04
1.801000000000000000e+03
4.259000000000000000e+03
3.342000000000000000e+03
3.430000000000000000e+03
4.025000000000000000e+03
3.477000000000000000e+03
3.240000000000000000e+03
3.256000000000000000e+03
3.698000000000000000e+03
3.341000000000000000e+03
2.964000000000000000e+03
3.314000000000000000e+03
4.224000000000000000e+03
5.060000000000000000e+03
6.088000000000000000e+03
8.574000000000000000e+03
7.865000000000000000e+03
7.165000000000000000e+03
6.069000000000000000e+03
5.982000000000000000e+03
5.945000000000000000e+03
6.048000000000000000e+03
5.887000000000000000e+03
5.606000000000000000e+03
4.964000000000000000e+03
5.328000000000000000e+03
4.715000000000000000e+03
4.717000000000000000e+03
3.863000000000000000e+03
4.242000000000000000e+03
3.699000000000000000e+03
3.910000000000000000e+03
3.519000000000000000e+03
3.896000000000000000e+03
3.231000000000000000e+03
4.009000000000000000e+03
2.198000000000000000e+03
3.135000000000000000e+03
3.151000000000000000e+03
3.026000000000000000e+03
2.582000000000000000e+03
2.419000000000000000e+03
3.459000000000000000e+03
2.765000000000000000e+03
2.475000000000000000e+03
3.079000000000000000e+03
2.347000000000000000e+03
2.452000000000000000e+03
2.459000000000000000e+03
2.248000000000000000e+03
3.103000000000000000e+03
2.131000000000000000e+03
2.759000000000000000e+03
2.241000000000000000e+03
2.725000000000000000e+03
2.074000000000000000e+03
2.773000000000000000e+03
2.520000000000000000e+03
2.315000000000000000e+03
2.186000000000000000e+03
2.645000000000000000e+03
2.156000000000000000e+03
2.086000000000000000e+03
3.806000000000000000e+03
2.208000000000000000e+03
2.102000000000000000e+03
2.498000000000000000e+03
2.006000000000000000e+03
1.977000000000000000e+03
2.578000000000000000e+03
2.402000000000000000e+03
1.890000000000000000e+03
2.554000000000000000e+03
1.699000000000000000e+03
2.152000000000000000e+03
1.669000000000000000e+03
2.664000000000000000e+03
2.153000000000000000e+03
1.587000000000000000e+03
2.178000000000000000e+03
1.982000000000000000e+03
1.699000000000000000e+03
1.801000000000000000e+03
1.528000000000000000e+03
3.747000000000000000e+03
1.559000000000000000e+03
1.612000000000000000e+03
1.645000000000000000e+03
1.782000000000000000e+03
1.873000000000000000e+03
2.185000000000000000e+03
1.767000000000000000e+03
1.665000000000000000e+03
1.920000000000000000e+03
1.629000000000000000e+03
2.636000000000000000e+03
1.762000000000000000e+03
2.405000000000000000e+03
1.865000000000000000e+03
2.015000000000000000e+03
1.936000000000000000e+03
2.776000000000000000e+03
2.098000000000000000e+03
2.069000000000000000e+03
2.014000000000000000e+03
2.724000000000000000e+03
2.175000000000000000e+03
2.177000000000000000e+03
3.146000000000000000e+03
2.145000000000000000e+03
2.166000000000000000e+03
2.253000000000000000e+03
2.341000000000000000e+03
2.227000000000000000e+03
2.152000000000000000e+03
2.842000000000000000e+03
2.400000000000000000e+03
2.382000000000000000e+03
2.491000000000000000e+03
2.533000000000000000e+03
2.518000000000000000e+03
2.610000000000000000e+03
2.813000000000000000e+03
2.833000000000000000e+03
2.894000000000000000e+03
2.704000000000000000e+03
2.943000000000000000e+03
6.251000000000000000e+03
2.853000000000000000e+03
3.017000000000000000e+03
3.185000000000000000e+03
3.194000000000000000e+03
3.271000000000000000e+03
3.402000000000000000e+03
3.625000000000000000e+03
3.449000000000000000e+03
3.481000000000000000e+03
3.523000000000000000e+03
3.739000000000000000e+03
3.596000000000000000e+03
3.729000000000000000e+03
4.019000000000000000e+03
3.973000000000000000e+03
3.540000000000000000e+03
3.558000000000000000e+03
3.745000000000000000e+03
3.576000000000000000e+03
3.463000000000000000e+03
3.756000000000000000e+03
3.429000000000000000e+03
3.712000000000000000e+03
4.147000000000000000e+03
4.574000000000000000e+03
3.953000000000000000e+03
3.849000000000000000e+03
3.918000000000000000e+03
3.823000000000000000e+03
3.971000000000000000e+03
4.226000000000000000e+03
3.275000000000000000e+03
3.352000000000000000e+03
3.311000000000000000e+03
2.926000000000000000e+03
3.255000000000000000e+03
3.106000000000000000e+03
3.016000000000000000e+03
3.148000000000000000e+03
2.922000000000000000e+03
3.000000000000000000e+03
3.935000000000000000e+03
2.996000000000000000e+03
2.677000000000000000e+03
3.135000000000000000e+03
3.017000000000000000e+03
2.758000000000000000e+03
2.665000000000000000e+03
3.192000000000000000e+03
2.323000000000000000e+03
3.035000000000000000e+03
2.709000000000000000e+03
2.386000000000000000e+03
3.274000000000000000e+03
2.470000000000000000e+03
2.499000000000000000e+03
2.808000000000000000e+03
2.092000000000000000e+03
2.301000000000000000e+03
2.705000000000000000e+03
2.215000000000000000e+03
2.412000000000000000e+03
3.919000000000000000e+03
1.843000000000000000e+03
2.282000000000000000e+03
2.316000000000000000e+03
2.298000000000000000e+03
2.502000000000000000e+03
2.421000000000000000e+03
2.547000000000000000e+03
1.948000000000000000e+03
2.386000000000000000e+03
2.083000000000000000e+03
2.179000000000000000e+03
2.182000000000000000e+03
2.543000000000000000e+03
2.108000000000000000e+03
2.262000000000000000e+03
2.140000000000000000e+03
2.015000000000000000e+03
2.439000000000000000e+03
2.203000000000000000e+03
2.223000000000000000e+03
1.994000000000000000e+03
3.201000000000000000e+03
2.349000000000000000e+03
2.493000000000000000e+03
1.972000000000000000e+03
2.162000000000000000e+03
2.645000000000000000e+03
3.215000000000000000e+03
2.775000000000000000e+03
4.631000000000000000e+03
2.579000000000000000e+03
2.553000000000000000e+03
2.192000000000000000e+03
2.541000000000000000e+03
2.198000000000000000e+03
3.538000000000000000e+03
4.643400000000000000e+04
2.501000000000000000e+03
2.475000000000000000e+03
3.378000000000000000e+03
2.768000000000000000e+03
1.764000000000000000e+03
1.687000000000000000e+03
1.353000000000000000e+03
1.157000000000000000e+03
1.514000000000000000e+03
2.320000000000000000e+03
1.590000000000000000e+03
1.165000000000000000e+03
1.507000000000000000e+03
1.357000000000000000e+03
1.142000000000000000e+03
1.233000000000000000e+03
1.504000000000000000e+03
9.160000000000000000e+02
1.253000000000000000e+03
1.931000000000000000e+03
1.440000000000000000e+03
1.369000000000000000e+03
9.070000000000000000e+02
5.430000000000000000e+02
1.020000000000000000e+03
5.397000000000000000e+03
2.828800000000000000e+04
1.310000000000000000e+02
4.230000000000000000e+02
6.080000000000000000e+02
1.180000000000000000e+03
2.310000000000000000e+03
2.151000000000000000e+03
3.161000000000000000e+03
2.522000000000000000e+03
2.607000000000000000e+03
2.044000000000000000e+03
2.031000000000000000e+03
2.051000000000000000e+03
2.126000000000000000e+03
2.004000000000000000e+03
2.006000000000000000e+03
2.099000000000000000e+03
2.074000000000000000e+03
2.007000000000000000e+03
1.932000000000000000e+03
2.061000000000000000e+03
2.045000000000000000e+03
2.012000000000000000e+03
2.030000000000000000e+03
2.123000000000000000e+03
2.199000000000000000e+03
2.132000000000000000e+03
2.183000000000000000e+03
2.339000000000000000e+03
2.382000000000000000e+03
2.494000000000000000e+03
2.492000000000000000e+03
2.527000000000000000e+03
2.600000000000000000e+03
2.618000000000000000e+03
2.732000000000000000e+03
2.840000000000000000e+03
2.730000000000000000e+03
2.821000000000000000e+03
2.928000000000000000e+03
2.769000000000000000e+03
3.033000000000000000e+03
3.043000000000000000e+03
3.131000000000000000e+03
3.223000000000000000e+03
3.257000000000000000e+03
3.406000000000000000e+03
3.542000000000000000e+03
3.506000000000000000e+03
3.688000000000000000e+03
3.873000000000000000e+03
3.851000000000000000e+03
4.023000000000000000e+03
4.081000000000000000e+03
4.131000000000000000e+03
4.193000000000000000e+03
4.351000000000000000e+03
4.436000000000000000e+03
4.585000000000000000e+03
4.630000000000000000e+03
4.734000000000000000e+03
4.774000000000000000e+03
4.767000000000000000e+03
4.858000000000000000e+03
4.931000000000000000e+03
4.931000000000000000e+03
5.037000000000000000e+03
5.216000000000000000e+03
5.219000000000000000e+03
5.811000000000000000e+03
6.124000000000000000e+03
5.843000000000000000e+03
6.910000000000000000e+03
5.599000000000000000e+03
9.725000000000000000e+03
5.897000000000000000e+03
5.159500000000000000e+04
9.563000000000000000e+03
5.640000000000000000e+03
7.191000000000000000e+03
4.701000000000000000e+03
5.579000000000000000e+03
4.085000000000000000e+03
4.450000000000000000e+03
4.133000000000000000e+03
4.249000000000000000e+03
3.983000000000000000e+03
3.753000000000000000e+03
3.746000000000000000e+03
3.537000000000000000e+03
3.421000000000000000e+03
3.313000000000000000e+03
3.251000000000000000e+03
3.169000000000000000e+03
3.189000000000000000e+03
3.178000000000000000e+03
3.322000000000000000e+03
3.067000000000000000e+03
3.135000000000000000e+03
3.059000000000000000e+03
3.125000000000000000e+03
3.197000000000000000e+03
3.144000000000000000e+03
3.166000000000000000e+03
3.004000000000000000e+03
3.013000000000000000e+03
2.944000000000000000e+03
2.939000000000000000e+03
2.902000000000000000e+03
2.842000000000000000e+03
3.087000000000000000e+03
2.807000000000000000e+03
3.032000000000000000e+03
2.931000000000000000e+03
2.916000000000000000e+03
2.974000000000000000e+03
2.896000000000000000e+03
2.877000000000000000e+03
2.957000000000000000e+03
2.946000000000000000e+03
2.941000000000000000e+03
2.919000000000000000e+03
3.013000000000000000e+03
2.953000000000000000e+03
2.827000000000000000e+03
3.035000000000000000e+03
3.134000000000000000e+03
3.179000000000000000e+03
3.259000000000000000e+03
3.222000000000000000e+03
3.260000000000000000e+03
3.325000000000000000e+03
3.314000000000000000e+03
3.411000000000000000e+03
3.391000000000000000e+03
3.451000000000000000e+03
3.372000000000000000e+03
3.456000000000000000e+03
3.417000000000000000e+03
3.177000000000000000e+03
3.193000000000000000e+03
3.279000000000000000e+03
3.247000000000000000e+03
3.293000000000000000e+03
3.151000000000000000e+03
3.083000000000000000e+03
3.035000000000000000e+03
3.157000000000000000e+03
3.146000000000000000e+03
3.100000000000000000e+03
3.090000000000000000e+03
2.985000000000000000e+03
2.933000000000000000e+03
2.984000000000000000e+03
2.869000000000000000e+03
2.936000000000000000e+03
3.001000000000000000e+03
3.076000000000000000e+03
3.109000000000000000e+03
2.944000000000000000e+03
3.042000000000000000e+03
2.889000000000000000e+03
2.882000000000000000e+03
2.828000000000000000e+03
2.890000000000000000e+03
2.745000000000000000e+03
2.804000000000000000e+03
2.873000000000000000e+03
2.815000000000000000e+03
2.897000000000000000e+03
2.932000000000000000e+03
3.011000000000000000e+03
2.900000000000000000e+03
2.944000000000000000e+03
2.842000000000000000e+03
2.869000000000000000e+03
2.737000000000000000e+03
2.970000000000000000e+03
2.903000000000000000e+03
2.892000000000000000e+03
3.191000000000000000e+03
3.174000000000000000e+03
2.918000000000000000e+03
3.211000000000000000e+03
2.907000000000000000e+03
3.128000000000000000e+03
3.009000000000000000e+03
3.130000000000000000e+03
2.714000000000000000e+03
2.602000000000000000e+03
2.727000000000000000e+03
2.536000000000000000e+03
2.562000000000000000e+03
2.611000000000000000e+03
2.404000000000000000e+03
2.319000000000000000e+03
2.145000000000000000e+03
2.129000000000000000e+03
1.982000000000000000e+03
1.907000000000000000e+03
1.864000000000000000e+03
2.084000000000000000e+03
1.980000000000000000e+03
1.889000000000000000e+03
1.896000000000000000e+03
1.805000000000000000e+03
1.799000000000000000e+03
1.802000000000000000e+03
1.858000000000000000e+03
1.854000000000000000e+03
1.836000000000000000e+03
1.990000000000000000e+03
2.398000000000000000e+03
2.613000000000000000e+03
2.824000000000000000e+03
3.179000000000000000e+03
6.460000000000000000e+03
4.519000000000000000e+03
2.471000000000000000e+03
2.460000000000000000e+03
2.149000000000000000e+03
1.908000000000000000e+03
1.793000000000000000e+03
1.811000000000000000e+03
1.683000000000000000e+03
1.662000000000000000e+03
1.593000000000000000e+03
1.531000000000000000e+03
1.507000000000000000e+03
1.400000000000000000e+03
1.368000000000000000e+03
1.347000000000000000e+03
1.174000000000000000e+03
1.093000000000000000e+03
9.510000000000000000e+02
8.870000000000000000e+02
8.130000000000000000e+02
7.300000000000000000e+02
6.410000000000000000e+02
6.080000000000000000e+02
5.220000000000000000e+02
4.950000000000000000e+02
4.890000000000000000e+02
4.670000000000000000e+02
4.280000000000000000e+02
4.450000000000000000e+02
4.860000000000000000e+02
4.650000000000000000e+02
5.510000000000000000e+02
5.910000000000000000e+02
7.320000000000000000e+02
8.310000000000000000e+02
1.045000000000000000e+03
1.366000000000000000e+03
2.048000000000000000e+03
3.805000000000000000e+03
2.427500000000000000e+04
