1.835320000000000000e+05
8.000000000000000000e+01
1.150000000000000000e+02
2.300000000000000000e+02
3.100000000000000000e+01
6.550000000000000000e+02
1.311000000000000000e+03
3.500000000000000000e+01
1.164000000000000000e+03
5.540000000000000000e+02
2.038000000000000000e+03
4.554000000000000000e+03
2.800000000000000000e+03
1.327400000000000000e+04
7.492000000000000000e+03
1.193400000000000000e+04
6.700000000000000000e+03
2.189100000000000000e+04
1.201400000000000000e+04
8.131000000000000000e+03
9.365000000000000000e+03
1.964000000000000000e+04
9.254000000000000000e+03
2.389000000000000000e+03
1.043700000000000000e+04
2.917000000000000000e+03
2.664000000000000000e+03
1.006000000000000000e+03
1.387000000000000000e+03
1.629000000000000000e+03
4.136600000000000000e+04
8.930000000000000000e+02
5.036000000000000000e+03
9.020000000000000000e+02
3.303200000000000000e+04
1.404300000000000000e+04
6.911000000000000000e+03
2.300000000000000000e+01
2.350000000000000000e+02
1.360000000000000000e+02
5.150000000000000000e+02
8.000000000000000000e+00
7.820000000000000000e+02
5.660000000000000000e+02
1.300000000000000000e+01
2.700000000000000000e+01
2.000000000000000000e+01
0.000000000000000000e+00
1.460000000000000000e+02
1.900000000000000000e+01
1.603000000000000000e+03
1.920000000000000000e+02
5.900000000000000000e+01
5.000000000000000000e+00
2.600000000000000000e+01
3.590000000000000000e+02
1.350000000000000000e+02
2.300000000000000000e+01
3.500000000000000000e+01
0.000000000000000000e+00
2.200000000000000000e+02
0.000000000000000000e+00
1.500000000000000000e+01
3.400000000000000000e+01
0.000000000000000000e+00
9.000000000000000000e+00
4.230000000000000000e+02
1.500000000000000000e+01
3.200000000000000000e+01
2.800000000000000000e+01
1.680000000000000000e+02
8.600000000000000000e+01
5.200000000000000000e+01
4.900000000000000000e+01
8.200000000000000000e+01
1.441200000000000000e+04
1.620000000000000000e+02
1.230000000000000000e+02
0.000000000000000000e+00
5.650000000000000000e+02
1.992000000000000000e+03
2.590000000000000000e+02
2.640000000000000000e+02
1.373000000000000000e+03
5.650000000000000000e+02
1.143000000000000000e+03
2.680000000000000000e+03
1.901000000000000000e+03
8.900000000000000000e+02
6.230000000000000000e+02
3.799000000000000000e+03
4.358000000000000000e+03
1.919000000000000000e+03
2.948000000000000000e+03
1.661000000000000000e+03
1.214900000000000000e+04
8.090000000000000000e+03
4.270000000000000000e+02
3.646000000000000000e+03
1.011000000000000000e+03
1.149000000000000000e+03
4.140000000000000000e+03
6.150000000000000000e+02
5.315000000000000000e+03
1.514600000000000000e+04
1.633000000000000000e+03
6.791000000000000000e+03
7.830000000000000000e+02
6.256000000000000000e+03
2.659000000000000000e+03
6.219000000000000000e+03
8.359000000000000000e+03
2.061000000000000000e+03
2.871000000000000000e+03
2.019400000000000000e+04
6.947000000000000000e+03
1.726000000000000000e+03
2.210000000000000000e+02
1.450000000000000000e+02
6.600000000000000000e+01
5.188000000000000000e+04
1.200000000000000000e+01
8.330000000000000000e+02
1.700000000000000000e+02
1.600500000000000000e+04
1.044700000000000000e+04
8.488000000000000000e+03
2.100000000000000000e+01
3.230000000000000000e+02
9.600000000000000000e+01
6.990000000000000000e+02
5.000000000000000000e+00
8.720000000000000000e+02
6.940000000000000000e+02
2.000000000000000000e+00
6.500000000000000000e+01
1.900000000000000000e+01
0.000000000000000000e+00
1.940000000000000000e+02
3.000000000000000000e+00
1.500000000000000000e+03
2.110000000000000000e+02
6.400000000000000000e+01
1.000000000000000000e+00
5.000000000000000000e+00
3.410000000000000000e+02
1.170000000000000000e+02
2.100000000000000000e+01
6.000000000000000000e+00
0.000000000000000000e+00
1.690000000000000000e+02
0.000000000000000000e+00
9.000000000000000000e+00
5.500000000000000000e+01
0.000000000000000000e+00
2.900000000000000000e+01
5.710000000000000000e+02
3.400000000000000000e+01
3.900000000000000000e+01
6.300000000000000000e+01
2.500000000000000000e+02
2.500000000000000000e+01
5.300000000000000000e+01
1.310000000000000000e+02
1.720000000000000000e+02
2.979000000000000000e+03
1.150000000000000000e+02
1.100000000000000000e+02
5.200000000000000000e+01
1.640000000000000000e+02
9.290000000000000000e+02
1.440000000000000000e+02
2.730000000000000000e+02
1.322000000000000000e+03
1.038000000000000000e+03
2.676000000000000000e+03
3.193000000000000000e+03
2.043000000000000000e+03
1.254000000000000000e+03
1.084000000000000000e+03
1.822570000000000000e+05
1.700000000000000000e+01
2.729000000000000000e+03
2.066300000000000000e+04
9.494000000000000000e+03
7.882000000000000000e+03
6.417000000000000000e+03
1.101700000000000000e+04
1.609200000000000000e+04
1.114200000000000000e+04
8.454000000000000000e+03
1.191900000000000000e+04
2.563400000000000000e+04
2.002800000000000000e+04
1.546600000000000000e+04
1.361100000000000000e+04
9.115000000000000000e+03
8.089000000000000000e+03
7.353000000000000000e+03
9.404000000000000000e+03
1.074800000000000000e+04
1.122700000000000000e+04
9.382000000000000000e+03
7.160000000000000000e+03
7.792000000000000000e+03
9.430000000000000000e+03
7.357000000000000000e+03
8.472000000000000000e+03
1.086300000000000000e+04
9.132000000000000000e+03
7.844000000000000000e+03
7.179000000000000000e+03
8.498000000000000000e+03
7.712000000000000000e+03
7.683000000000000000e+03
5.724000000000000000e+03
6.639000000000000000e+03
7.460000000000000000e+03
5.581000000000000000e+03
4.238000000000000000e+03
3.429000000000000000e+03
3.102000000000000000e+03
2.599000000000000000e+03
3.879000000000000000e+03
2.527000000000000000e+03
2.380000000000000000e+03
2.666000000000000000e+03
1.379000000000000000e+03
1.283000000000000000e+03
1.433000000000000000e+03
1.297000000000000000e+03
2.042000000000000000e+03
1.487000000000000000e+03
2.066000000000000000e+03
2.070000000000000000e+03
2.696000000000000000e+03
3.244000000000000000e+03
3.781000000000000000e+03
4.106000000000000000e+03
3.834000000000000000e+03
3.949000000000000000e+03
4.103000000000000000e+03
3.553000000000000000e+03
3.481000000000000000e+03
4.354000000000000000e+03
3.243000000000000000e+03
2.998000000000000000e+03
3.294000000000000000e+03
3.220000000000000000e+03
2.825000000000000000e+03
3.271000000000000000e+03
3.064000000000000000e+03
2.591000000000000000e+03
3.863000000000000000e+03
3.084000000000000000e+03
3.209000000000000000e+03
3.088000000000000000e+03
2.894000000000000000e+03
2.818000000000000000e+03
2.445000000000000000e+03
2.342000000000000000e+03
1.851000000000000000e+03
1.604000000000000000e+03
1.259000000000000000e+03
1.251000000000000000e+03
1.446000000000000000e+03
8.310000000000000000e+02
6.990000000000000000e+02
6.730000000000000000e+02
6.300000000000000000e+02
6.210000000000000000e+02
6.430000000000000000e+02
4.320000000000000000e+02
5.210000000000000000e+02
4.720000000000000000e+02
3.860000000000000000e+02
5.100000000000000000e+02
4.160000000000000000e+02
5.380000000000000000e+02
3.450000000000000000e+02
4.200000000000000000e+02
2.870000000000000000e+02
7.710000000000000000e+02
3.250000000000000000e+02
4.200000000000000000e+02
3.990000000000000000e+02
4.530000000000000000e+02
4.080000000000000000e+02
3.360000000000000000e+02
5.360000000000000000e+02
3.350000000000000000e+02
3.310000000000000000e+02
2.950000000000000000e+02
3.800000000000000000e+02
3.150000000000000000e+02
3.200000000000000000e+02
4.090000000000000000e+02
2.900000000000000000e+02
3.350000000000000000e+02
2.650000000000000000e+02
2.770000000000000000e+02
2.430000000000000000e+02
2.550000000000000000e+02
2.730000000000000000e+02
2.110000000000000000e+02
2.050000000000000000e+02
1.800000000000000000e+02
1.970000000000000000e+02
7.790000000000000000e+02
1.560000000000000000e+02
1.890000000000000000e+02
2.020000000000000000e+02
1.870000000000000000e+02
2.030000000000000000e+02
2.400000000000000000e+02
1.790000000000000000e+02
2.130000000000000000e+02
2.100000000000000000e+02
2.200000000000000000e+02
2.090000000000000000e+02
2.030000000000000000e+02
1.980000000000000000e+02
2.990000000000000000e+02
1.720000000000000000e+02
2.040000000000000000e+02
2.040000000000000000e+02
2.730000000000000000e+02
2.260000000000000000e+02
2.110000000000000000e+02
2.440000000000000000e+02
2.470000000000000000e+02
2.560000000000000000e+02
2.500000000000000000e+02
3.310000000000000000e+02
2.370000000000000000e+02
2.980000000000000000e+02
2.630000000000000000e+02
2.360000000000000000e+02
2.530000000000000000e+02
3.970000000000000000e+02
2.780000000000000000e+02
3.500000000000000000e+02
3.680000000000000000e+02
3.350000000000000000e+02
4.000000000000000000e+02
3.850000000000000000e+02
3.360000000000000000e+02
3.620000000000000000e+02
3.290000000000000000e+02
2.160000000000000000e+02
4.380000000000000000e+02
1.930000000000000000e+02
1.940000000000000000e+02
2.810000000000000000e+02
3.510000000000000000e+02
3.720000000000000000e+02
2.860000000000000000e+02
2.020000000000000000e+02
9.100000000000000000e+01
8.800000000000000000e+01
9.200000000000000000e+01
6.700000000000000000e+01
1.730000000000000000e+02
4.600000000000000000e+01
5.300000000000000000e+01
5.500000000000000000e+01
3.700000000000000000e+01
6.400000000000000000e+01
4.400000000000000000e+01
2.800000000000000000e+01
3.100000000000000000e+01
1.040000000000000000e+02
1.600000000000000000e+01
1.600000000000000000e+01
1.900000000000000000e+01
1.200000000000000000e+01
2.600000000000000000e+01
7.000000000000000000e+00
2.000000000000000000e+01
7.000000000000000000e+00
3.800000000000000000e+01
1.100000000000000000e+01
1.400000000000000000e+01
5.000000000000000000e+00
4.400000000000000000e+01
1.400000000000000000e+01
9.000000000000000000e+00
2.500000000000000000e+01
1.100000000000000000e+01
5.400000000000000000e+01
2.100000000000000000e+01
2.400000000000000000e+01
1.200000000000000000e+01
7.600000000000000000e+01
1.100000000000000000e+01
2.100000000000000000e+01
2.200000000000000000e+01
1.100000000000000000e+01
8.000000000000000000e+00
4.700000000000000000e+01
1.400000000000000000e+01
2.900000000000000000e+01
1.400000000000000000e+01
1.900000000000000000e+01
1.500000000000000000e+01
1.800000000000000000e+01
2.000000000000000000e+01
3.700000000000000000e+01
3.000000000000000000e+01
1.000000000000000000e+01
5.000000000000000000e+01
1.900000000000000000e+01
4.100000000000000000e+01
2.700000000000000000e+01
3.900000000000000000e+01
5.000000000000000000e+01
3.100000000000000000e+01
4.200000000000000000e+01
4.000000000000000000e+01
5.900000000000000000e+01
6.800000000000000000e+01
5.700000000000000000e+01
4.900000000000000000e+01
6.900000000000000000e+01
7.400000000000000000e+01
7.000000000000000000e+01
6.300000000000000000e+01
1.050000000000000000e+02
9.300000000000000000e+01
7.700000000000000000e+01
1.090000000000000000e+02
1.910000000000000000e+02
1.530000000000000000e+02
2.130000000000000000e+02
3.400000000000000000e+01
2.112000000000000000e+03
8.754000000000000000e+03
3.120000000000000000e+03
2.679000000000000000e+03
2.420000000000000000e+03
2.663000000000000000e+03
3.425000000000000000e+03
4.172000000000000000e+03
4.568000000000000000e+03
5.316000000000000000e+03
5.607000000000000000e+03
4.959000000000000000e+03
4.486000000000000000e+03
3.995000000000000000e+03
3.096000000000000000e+03
2.665000000000000000e+03
2.472000000000000000e+03
2.351000000000000000e+03
2.438000000000000000e+03
2.355000000000000000e+03
2.725000000000000000e+03
3.030000000000000000e+03
3.051000000000000000e+03
2.810000000000000000e+03
2.778000000000000000e+03
2.767000000000000000e+03
2.332000000000000000e+03
2.320000000000000000e+03
2.227000000000000000e+03
2.286000000000000000e+03
2.306000000000000000e+03
2.394000000000000000e+03
2.396000000000000000e+03
2.589000000000000000e+03
2.739000000000000000e+03
3.070000000000000000e+03
3.331000000000000000e+03
3.230000000000000000e+03
3.145000000000000000e+03
3.340000000000000000e+03
3.610000000000000000e+03
3.733000000000000000e+03
3.748000000000000000e+03
3.766000000000000000e+03
3.573000000000000000e+03
3.287000000000000000e+03
3.294000000000000000e+03
3.126000000000000000e+03
3.036000000000000000e+03
2.779000000000000000e+03
2.588000000000000000e+03
2.379000000000000000e+03
2.422000000000000000e+03
2.607000000000000000e+03
2.632000000000000000e+03
2.555000000000000000e+03
2.385000000000000000e+03
2.266000000000000000e+03
2.363000000000000000e+03
2.455000000000000000e+03
2.245000000000000000e+03
2.014000000000000000e+03
1.903000000000000000e+03
2.093000000000000000e+03
2.178000000000000000e+03
2.055000000000000000e+03
1.962000000000000000e+03
2.004000000000000000e+03
2.161000000000000000e+03
2.228000000000000000e+03
2.379000000000000000e+03
2.295000000000000000e+03
2.382000000000000000e+03
2.379000000000000000e+03
2.389000000000000000e+03
2.365000000000000000e+03
2.291000000000000000e+03
2.374000000000000000e+03
2.328000000000000000e+03
2.345000000000000000e+03
2.368000000000000000e+03
2.349000000000000000e+03
2.359000000000000000e+03
2.444000000000000000e+03
2.485000000000000000e+03
2.413000000000000000e+03
2.466000000000000000e+03
2.372000000000000000e+03
2.537000000000000000e+03
2.652000000000000000e+03
2.751000000000000000e+03
2.862000000000000000e+03
2.976000000000000000e+03
2.900000000000000000e+03
2.939000000000000000e+03
2.868000000000000000e+03
2.787000000000000000e+03
2.702000000000000000e+03
2.855000000000000000e+03
2.994000000000000000e+03
3.038000000000000000e+03
3.161000000000000000e+03
3.234000000000000000e+03
3.254000000000000000e+03
3.244000000000000000e+03
3.335000000000000000e+03
3.331000000000000000e+03
3.175000000000000000e+03
3.211000000000000000e+03
3.113000000000000000e+03
3.326000000000000000e+03
3.556000000000000000e+03
3.848000000000000000e+03
3.695000000000000000e+03
3.690000000000000000e+03
3.621000000000000000e+03
3.591000000000000000e+03
3.637000000000000000e+03
3.752000000000000000e+03
3.921000000000000000e+03
3.975000000000000000e+03
4.163000000000000000e+03
4.009000000000000000e+03
4.158000000000000000e+03
4.076000000000000000e+03
4.335000000000000000e+03
4.503000000000000000e+03
4.786000000000000000e+03
4.889000000000000000e+03
5.057000000000000000e+03
5.105000000000000000e+03
5.317000000000000000e+03
5.498000000000000000e+03
5.640000000000000000e+03
5.489000000000000000e+03
5.449000000000000000e+03
5.131000000000000000e+03
5.214000000000000000e+03
5.091000000000000000e+03
4.917000000000000000e+03
4.951000000000000000e+03
4.680000000000000000e+03
4.321000000000000000e+03
3.845000000000000000e+03
3.711000000000000000e+03
3.675000000000000000e+03
3.958000000000000000e+03
3.752000000000000000e+03
3.796000000000000000e+03
3.804000000000000000e+03
3.696000000000000000e+03
3.646000000000000000e+03
3.598000000000000000e+03
3.670000000000000000e+03
3.605000000000000000e+03
3.454000000000000000e+03
3.622000000000000000e+03
3.525000000000000000e+03
3.742000000000000000e+03
4.055000000000000000e+03
3.626000000000000000e+03
3.968000000000000000e+03
4.666000000000000000e+03
4.492000000000000000e+03
4.620000000000000000e+03
4.796000000000000000e+03
4.994000000000000000e+03
4.782000000000000000e+03
4.934000000000000000e+03
5.721000000000000000e+03
6.013000000000000000e+03
6.539000000000000000e+03
6.085000000000000000e+03
5.819000000000000000e+03
5.451000000000000000e+03
5.650000000000000000e+03
5.446000000000000000e+03
5.255000000000000000e+03
5.042000000000000000e+03
4.930000000000000000e+03
4.017000000000000000e+03
3.721000000000000000e+03
4.010000000000000000e+03
3.555000000000000000e+03
3.530000000000000000e+03
3.415000000000000000e+03
2.148000000000000000e+03
1.793000000000000000e+03
1.633000000000000000e+03
1.497000000000000000e+03
1.317000000000000000e+03
1.252000000000000000e+03
1.156000000000000000e+03
1.142000000000000000e+03
1.101000000000000000e+03
1.102000000000000000e+03
1.215000000000000000e+03
1.344000000000000000e+03
1.481000000000000000e+03
1.376000000000000000e+03
1.364000000000000000e+03
1.425000000000000000e+03
1.486000000000000000e+03
1.298000000000000000e+03
1.047000000000000000e+03
9.640000000000000000e+02
9.670000000000000000e+02
1.031000000000000000e+03
1.089000000000000000e+03
1.018000000000000000e+03
9.980000000000000000e+02
1.002000000000000000e+03
9.910000000000000000e+02
9.500000000000000000e+02
9.560000000000000000e+02
9.210000000000000000e+02
8.800000000000000000e+02
8.820000000000000000e+02
9.540000000000000000e+02
1.125000000000000000e+03
1.133000000000000000e+03
1.194000000000000000e+03
1.110000000000000000e+03
1.011000000000000000e+03
7.650000000000000000e+02
6.820000000000000000e+02
5.950000000000000000e+02
6.560000000000000000e+02
6.610000000000000000e+02
6.880000000000000000e+02
7.060000000000000000e+02
7.470000000000000000e+02
7.210000000000000000e+02
5.780000000000000000e+02
4.880000000000000000e+02
3.640000000000000000e+02
3.520000000000000000e+02
3.140000000000000000e+02
3.160000000000000000e+02
2.820000000000000000e+02
3.120000000000000000e+02
3.790000000000000000e+02
3.970000000000000000e+02
4.910000000000000000e+02
5.140000000000000000e+02
5.550000000000000000e+02
5.600000000000000000e+02
5.580000000000000000e+02
5.680000000000000000e+02
6.300000000000000000e+02
7.490000000000000000e+02
1.008000000000000000e+03
1.511000000000000000e+03
1.301000000000000000e+03
1.299000000000000000e+03
1.479000000000000000e+03
3.115000000000000000e+03
