1.017050000000000000e+05
5.300000000000000000e+01
5.500000000000000000e+01
4.800000000000000000e+01
4.200000000000000000e+01
7.600000000000000000e+01
1.210000000000000000e+03
9.000000000000000000e+00
1.750000000000000000e+02
3.000000000000000000e+01
2.700000000000000000e+01
3.160000000000000000e+02
1.600000000000000000e+01
1.215000000000000000e+03
1.280000000000000000e+02
4.860000000000000000e+02
1.737000000000000000e+03
1.471000000000000000e+03
9.210000000000000000e+02
7.778000000000000000e+03
9.339000000000000000e+03
1.281400000000000000e+04
1.522700000000000000e+04
4.262000000000000000e+03
9.583000000000000000e+03
9.735000000000000000e+03
1.934100000000000000e+04
1.440000000000000000e+03
1.989000000000000000e+03
6.440000000000000000e+02
1.520100000000000000e+04
0.000000000000000000e+00
5.340000000000000000e+02
2.300000000000000000e+01
1.108000000000000000e+03
3.350000000000000000e+03
4.723000000000000000e+03
9.000000000000000000e+00
1.150000000000000000e+02
2.700000000000000000e+01
1.340000000000000000e+02
1.000000000000000000e+00
7.560000000000000000e+02
4.100000000000000000e+02
1.000000000000000000e+00
1.750000000000000000e+02
5.000000000000000000e+00
0.000000000000000000e+00
7.800000000000000000e+01
0.000000000000000000e+00
1.098000000000000000e+03
1.230000000000000000e+02
1.700000000000000000e+01
5.000000000000000000e+00
2.000000000000000000e+00
3.430000000000000000e+02
3.900000000000000000e+01
6.000000000000000000e+00
0.000000000000000000e+00
0.000000000000000000e+00
8.000000000000000000e+01
0.000000000000000000e+00
0.000000000000000000e+00
9.000000000000000000e+00
0.000000000000000000e+00
4.000000000000000000e+00
3.820000000000000000e+02
0.000000000000000000e+00
9.000000000000000000e+00
0.000000000000000000e+00
1.440000000000000000e+02
2.000000000000000000e+00
1.000000000000000000e+00
2.600000000000000000e+01
1.100000000000000000e+01
1.353000000000000000e+03
6.000000000000000000e+00
1.900000000000000000e+01
1.000000000000000000e+00
1.700000000000000000e+01
3.510000000000000000e+02
2.000000000000000000e+00
2.000000000000000000e+01
7.040000000000000000e+02
2.600000000000000000e+01
3.600000000000000000e+01
6.500000000000000000e+01
2.210000000000000000e+02
2.700000000000000000e+01
5.100000000000000000e+01
1.208000000000000000e+03
8.800000000000000000e+01
8.400000000000000000e+01
1.180000000000000000e+02
1.400000000000000000e+02
5.630000000000000000e+02
1.230000000000000000e+03
4.270000000000000000e+02
1.374000000000000000e+03
1.358000000000000000e+03
1.688000000000000000e+03
3.158000000000000000e+03
2.829000000000000000e+03
5.036000000000000000e+03
2.877000000000000000e+03
5.508000000000000000e+03
5.721000000000000000e+03
5.026000000000000000e+03
3.699000000000000000e+03
4.171000000000000000e+03
3.836000000000000000e+03
2.662000000000000000e+03
2.016000000000000000e+03
9.050000000000000000e+02
2.205000000000000000e+03
9.080000000000000000e+02
3.420000000000000000e+02
2.200000000000000000e+01
2.800000000000000000e+01
2.300000000000000000e+01
2.945000000000000000e+03
2.000000000000000000e+00
7.600000000000000000e+01
1.300000000000000000e+01
2.790000000000000000e+02
7.760000000000000000e+02
1.066000000000000000e+03
4.000000000000000000e+00
7.100000000000000000e+01
2.500000000000000000e+01
1.510000000000000000e+02
2.000000000000000000e+00
8.220000000000000000e+02
3.450000000000000000e+02
4.000000000000000000e+00
2.600000000000000000e+01
1.200000000000000000e+01
2.000000000000000000e+00
4.700000000000000000e+01
2.000000000000000000e+00
1.283000000000000000e+03
5.400000000000000000e+01
1.000000000000000000e+01
4.000000000000000000e+00
5.000000000000000000e+00
1.640000000000000000e+02
2.400000000000000000e+01
1.700000000000000000e+01
5.000000000000000000e+00
1.000000000000000000e+00
1.046000000000000000e+03
0.000000000000000000e+00
9.000000000000000000e+00
9.000000000000000000e+00
1.000000000000000000e+00
1.900000000000000000e+01
4.020000000000000000e+02
7.000000000000000000e+00
1.600000000000000000e+01
1.000000000000000000e+01
8.900000000000000000e+01
5.000000000000000000e+00
8.000000000000000000e+00
3.500000000000000000e+01
2.800000000000000000e+01
2.691000000000000000e+03
2.600000000000000000e+01
1.700000000000000000e+01
1.000000000000000000e+01
2.000000000000000000e+01
3.720000000000000000e+02
1.300000000000000000e+01
1.500000000000000000e+01
6.850000000000000000e+02
6.900000000000000000e+01
4.000000000000000000e+01
4.900000000000000000e+01
1.580000000000000000e+02
6.500000000000000000e+01
7.700000000000000000e+01
1.013760000000000000e+05
1.630000000000000000e+03
9.105000000000000000e+03
1.543000000000000000e+03
1.303000000000000000e+03
3.552000000000000000e+03
3.038000000000000000e+03
2.006000000000000000e+03
1.244000000000000000e+03
1.516000000000000000e+03
1.257000000000000000e+03
1.099000000000000000e+03
1.247000000000000000e+03
1.278000000000000000e+03
1.158000000000000000e+03
1.124000000000000000e+03
1.205000000000000000e+03
1.168000000000000000e+03
1.346000000000000000e+03
1.282000000000000000e+03
1.535000000000000000e+03
1.871000000000000000e+03
2.142000000000000000e+03
2.473000000000000000e+03
3.389000000000000000e+03
3.734000000000000000e+03
4.805000000000000000e+03
4.731000000000000000e+03
4.642000000000000000e+03
4.251000000000000000e+03
4.194000000000000000e+03
3.994000000000000000e+03
4.340000000000000000e+03
4.632000000000000000e+03
4.903000000000000000e+03
5.254000000000000000e+03
5.504000000000000000e+03
4.649000000000000000e+03
4.456000000000000000e+03
3.856000000000000000e+03
3.383000000000000000e+03
2.760000000000000000e+03
2.356000000000000000e+03
2.514000000000000000e+03
1.783000000000000000e+03
1.560000000000000000e+03
1.616000000000000000e+03
1.232000000000000000e+03
9.570000000000000000e+02
1.161000000000000000e+03
8.790000000000000000e+02
1.185000000000000000e+03
8.160000000000000000e+02
1.009000000000000000e+03
9.270000000000000000e+02
1.138000000000000000e+03
6.140000000000000000e+02
9.260000000000000000e+02
9.560000000000000000e+02
7.110000000000000000e+02
7.740000000000000000e+02
8.640000000000000000e+02
8.850000000000000000e+02
4.850000000000000000e+02
1.189000000000000000e+03
7.310000000000000000e+02
6.100000000000000000e+02
8.690000000000000000e+02
6.750000000000000000e+02
5.480000000000000000e+02
7.810000000000000000e+02
7.400000000000000000e+02
5.570000000000000000e+02
7.370000000000000000e+02
5.670000000000000000e+02
6.940000000000000000e+02
5.500000000000000000e+02
6.990000000000000000e+02
6.560000000000000000e+02
4.590000000000000000e+02
6.100000000000000000e+02
5.990000000000000000e+02
4.820000000000000000e+02
5.320000000000000000e+02
4.250000000000000000e+02
8.110000000000000000e+02
3.570000000000000000e+02
4.090000000000000000e+02
3.670000000000000000e+02
4.260000000000000000e+02
4.080000000000000000e+02
4.020000000000000000e+02
3.190000000000000000e+02
3.700000000000000000e+02
3.740000000000000000e+02
2.480000000000000000e+02
4.220000000000000000e+02
2.750000000000000000e+02
4.010000000000000000e+02
2.570000000000000000e+02
3.010000000000000000e+02
2.320000000000000000e+02
4.070000000000000000e+02
2.240000000000000000e+02
2.760000000000000000e+02
2.400000000000000000e+02
3.190000000000000000e+02
2.760000000000000000e+02
2.320000000000000000e+02
3.130000000000000000e+02
2.260000000000000000e+02
2.680000000000000000e+02
2.630000000000000000e+02
2.730000000000000000e+02
2.180000000000000000e+02
2.100000000000000000e+02
3.030000000000000000e+02
2.260000000000000000e+02
2.720000000000000000e+02
3.010000000000000000e+02
2.980000000000000000e+02
2.880000000000000000e+02
3.040000000000000000e+02
3.050000000000000000e+02
2.680000000000000000e+02
2.780000000000000000e+02
2.910000000000000000e+02
2.450000000000000000e+02
5.410000000000000000e+02
2.710000000000000000e+02
2.460000000000000000e+02
2.620000000000000000e+02
3.000000000000000000e+02
2.880000000000000000e+02
2.850000000000000000e+02
2.300000000000000000e+02
2.820000000000000000e+02
2.400000000000000000e+02
2.450000000000000000e+02
2.940000000000000000e+02
2.490000000000000000e+02
2.630000000000000000e+02
3.130000000000000000e+02
2.950000000000000000e+02
2.440000000000000000e+02
2.760000000000000000e+02
2.970000000000000000e+02
2.940000000000000000e+02
2.760000000000000000e+02
2.990000000000000000e+02
2.680000000000000000e+02
2.460000000000000000e+02
2.860000000000000000e+02
4.270000000000000000e+02
2.640000000000000000e+02
2.900000000000000000e+02
3.350000000000000000e+02
2.900000000000000000e+02
3.370000000000000000e+02
4.100000000000000000e+02
2.630000000000000000e+02
3.280000000000000000e+02
3.280000000000000000e+02
3.090000000000000000e+02
3.770000000000000000e+02
3.450000000000000000e+02
3.680000000000000000e+02
3.250000000000000000e+02
4.160000000000000000e+02
3.330000000000000000e+02
4.800000000000000000e+02
3.700000000000000000e+02
4.210000000000000000e+02
3.850000000000000000e+02
4.210000000000000000e+02
4.240000000000000000e+02
3.980000000000000000e+02
4.570000000000000000e+02
3.710000000000000000e+02
4.930000000000000000e+02
4.840000000000000000e+02
4.350000000000000000e+02
3.970000000000000000e+02
4.020000000000000000e+02
4.260000000000000000e+02
4.020000000000000000e+02
3.120000000000000000e+02
3.120000000000000000e+02
3.780000000000000000e+02
3.110000000000000000e+02
2.460000000000000000e+02
3.630000000000000000e+02
2.220000000000000000e+02
2.740000000000000000e+02
2.520000000000000000e+02
2.420000000000000000e+02
2.380000000000000000e+02
2.440000000000000000e+02
2.350000000000000000e+02
2.040000000000000000e+02
2.500000000000000000e+02
2.220000000000000000e+02
1.880000000000000000e+02
1.580000000000000000e+02
2.150000000000000000e+02
2.000000000000000000e+02
1.860000000000000000e+02
1.740000000000000000e+02
1.880000000000000000e+02
1.750000000000000000e+02
1.730000000000000000e+02
1.770000000000000000e+02
1.810000000000000000e+02
2.440000000000000000e+02
1.620000000000000000e+02
1.650000000000000000e+02
1.800000000000000000e+02
1.480000000000000000e+02
1.150000000000000000e+02
2.090000000000000000e+02
1.450000000000000000e+02
1.730000000000000000e+02
1.500000000000000000e+02
1.410000000000000000e+02
1.340000000000000000e+02
1.550000000000000000e+02
1.850000000000000000e+02
1.370000000000000000e+02
1.570000000000000000e+02
1.410000000000000000e+02
1.600000000000000000e+02
1.260000000000000000e+02
1.250000000000000000e+02
8.000000000000000000e+01
9.200000000000000000e+01
8.200000000000000000e+01
5.500000000000000000e+01
8.500000000000000000e+01
5.800000000000000000e+01
5.500000000000000000e+01
5.900000000000000000e+01
3.000000000000000000e+01
4.600000000000000000e+01
3.800000000000000000e+01
3.700000000000000000e+01
3.400000000000000000e+01
1.800000000000000000e+01
2.800000000000000000e+01
2.600000000000000000e+01
2.500000000000000000e+01
1.100000000000000000e+01
2.600000000000000000e+01
3.000000000000000000e+00
3.000000000000000000e+00
0.000000000000000000e+00
7.000000000000000000e+02
1.700000000000000000e+01
4.000000000000000000e+01
3.400000000000000000e+01
4.100000000000000000e+01
1.030000000000000000e+02
1.200000000000000000e+02
1.280000000000000000e+02
1.480000000000000000e+02
1.550000000000000000e+02
2.200000000000000000e+02
2.460000000000000000e+02
2.470000000000000000e+02
3.280000000000000000e+02
3.820000000000000000e+02
4.360000000000000000e+02
4.580000000000000000e+02
4.980000000000000000e+02
5.320000000000000000e+02
5.740000000000000000e+02
5.570000000000000000e+02
5.600000000000000000e+02
6.490000000000000000e+02
6.730000000000000000e+02
7.530000000000000000e+02
8.560000000000000000e+02
8.840000000000000000e+02
8.890000000000000000e+02
8.780000000000000000e+02
8.310000000000000000e+02
8.290000000000000000e+02
8.080000000000000000e+02
8.610000000000000000e+02
8.260000000000000000e+02
8.750000000000000000e+02
8.230000000000000000e+02
8.340000000000000000e+02
7.640000000000000000e+02
8.510000000000000000e+02
8.230000000000000000e+02
7.700000000000000000e+02
8.550000000000000000e+02
8.700000000000000000e+02
9.820000000000000000e+02
9.970000000000000000e+02
1.012000000000000000e+03
1.052000000000000000e+03
1.049000000000000000e+03
1.062000000000000000e+03
1.143000000000000000e+03
1.173000000000000000e+03
1.198000000000000000e+03
1.092000000000000000e+03
1.192000000000000000e+03
1.172000000000000000e+03
1.139000000000000000e+03
1.041000000000000000e+03
9.770000000000000000e+02
9.080000000000000000e+02
8.670000000000000000e+02
9.090000000000000000e+02
8.640000000000000000e+02
9.070000000000000000e+02
8.730000000000000000e+02
7.770000000000000000e+02
7.900000000000000000e+02
7.580000000000000000e+02
7.100000000000000000e+02
6.970000000000000000e+02
6.800000000000000000e+02
7.430000000000000000e+02
7.230000000000000000e+02
7.710000000000000000e+02
8.020000000000000000e+02
7.390000000000000000e+02
7.730000000000000000e+02
8.240000000000000000e+02
7.190000000000000000e+02
7.590000000000000000e+02
7.260000000000000000e+02
6.290000000000000000e+02
6.750000000000000000e+02
7.520000000000000000e+02
6.480000000000000000e+02
6.620000000000000000e+02
6.960000000000000000e+02
6.450000000000000000e+02
6.740000000000000000e+02
6.320000000000000000e+02
6.310000000000000000e+02
6.420000000000000000e+02
6.370000000000000000e+02
6.190000000000000000e+02
6.560000000000000000e+02
6.320000000000000000e+02
6.440000000000000000e+02
6.590000000000000000e+02
6.800000000000000000e+02
6.440000000000000000e+02
6.900000000000000000e+02
7.280000000000000000e+02
7.240000000000000000e+02
7.410000000000000000e+02
7.410000000000000000e+02
7.790000000000000000e+02
8.060000000000000000e+02
7.730000000000000000e+02
7.990000000000000000e+02
7.860000000000000000e+02
7.960000000000000000e+02
8.620000000000000000e+02
8.470000000000000000e+02
8.920000000000000000e+02
8.150000000000000000e+02
7.580000000000000000e+02
7.720000000000000000e+02
7.720000000000000000e+02
7.140000000000000000e+02
6.500000000000000000e+02
5.890000000000000000e+02
6.680000000000000000e+02
6.390000000000000000e+02
6.330000000000000000e+02
6.160000000000000000e+02
5.960000000000000000e+02
5.950000000000000000e+02
5.850000000000000000e+02
5.820000000000000000e+02
5.890000000000000000e+02
6.560000000000000000e+02
6.770000000000000000e+02
7.420000000000000000e+02
7.710000000000000000e+02
8.590000000000000000e+02
8.900000000000000000e+02
8.440000000000000000e+02
9.280000000000000000e+02
8.590000000000000000e+02
8.190000000000000000e+02
8.150000000000000000e+02
7.730000000000000000e+02
7.210000000000000000e+02
6.760000000000000000e+02
6.670000000000000000e+02
6.950000000000000000e+02
6.290000000000000000e+02
6.110000000000000000e+02
6.080000000000000000e+02
6.330000000000000000e+02
6.080000000000000000e+02
6.370000000000000000e+02
6.160000000000000000e+02
5.840000000000000000e+02
5.150000000000000000e+02
5.460000000000000000e+02
5.040000000000000000e+02
4.600000000000000000e+02
4.120000000000000000e+02
4.000000000000000000e+02
3.490000000000000000e+02
4.060000000000000000e+02
3.640000000000000000e+02
4.320000000000000000e+02
4.540000000000000000e+02
5.080000000000000000e+02
6.330000000000000000e+02
7.130000000000000000e+02
7.620000000000000000e+02
9.600000000000000000e+02
1.064000000000000000e+03
1.258000000000000000e+03
1.379000000000000000e+03
1.564000000000000000e+03
1.751000000000000000e+03
1.927000000000000000e+03
2.115000000000000000e+03
2.290000000000000000e+03
2.445000000000000000e+03
2.520000000000000000e+03
2.650000000000000000e+03
2.818000000000000000e+03
2.987000000000000000e+03
2.898000000000000000e+03
3.035000000000000000e+03
3.058000000000000000e+03
2.998000000000000000e+03
2.801000000000000000e+03
2.776000000000000000e+03
2.639000000000000000e+03
2.616000000000000000e+03
2.468000000000000000e+03
2.392000000000000000e+03
2.170000000000000000e+03
2.013000000000000000e+03
1.865000000000000000e+03
1.652000000000000000e+03
1.459000000000000000e+03
1.390000000000000000e+03
1.147000000000000000e+03
1.027000000000000000e+03
8.850000000000000000e+02
7.040000000000000000e+02
6.110000000000000000e+02
5.010000000000000000e+02
4.130000000000000000e+02
3.400000000000000000e+02
2.880000000000000000e+02
2.710000000000000000e+02
2.320000000000000000e+02
2.010000000000000000e+02
2.030000000000000000e+02
1.890000000000000000e+02
1.990000000000000000e+02
1.940000000000000000e+02
2.400000000000000000e+02
2.380000000000000000e+02
2.510000000000000000e+02
2.200000000000000000e+02
1.570000000000000000e+02
1.490000000000000000e+02
1.650000000000000000e+02
1.200000000000000000e+02
1.100000000000000000e+02
9.500000000000000000e+01
7.300000000000000000e+01
6.800000000000000000e+01
6.300000000000000000e+01
1.740000000000000000e+02
9.740000000000000000e+02
2.416000000000000000e+03
5.038000000000000000e+03
7.241000000000000000e+03
6.669000000000000000e+03
9.150000000000000000e+03
1.106400000000000000e+04
8.841000000000000000e+03
6.489000000000000000e+03
4.380000000000000000e+03
2.925000000000000000e+03
2.003000000000000000e+03
1.649000000000000000e+03
1.274000000000000000e+03
1.309000000000000000e+03
1.251000000000000000e+03
1.386000000000000000e+03
1.265000000000000000e+03
1.102000000000000000e+03
9.090000000000000000e+02
8.770000000000000000e+02
8.140000000000000000e+02
6.640000000000000000e+02
6.200000000000000000e+02
5.490000000000000000e+02
4.630000000000000000e+02
4.940000000000000000e+02
7.860000000000000000e+02
3.371600000000000000e+04
