1.049730000000000000e+05
1.000000000000000000e+00
2.000000000000000000e+00
3.000000000000000000e+00
0.000000000000000000e+00
3.000000000000000000e+00
1.400000000000000000e+01
0.000000000000000000e+00
1.000000000000000000e+00
0.000000000000000000e+00
0.000000000000000000e+00
2.000000000000000000e+00
0.000000000000000000e+00
9.000000000000000000e+00
0.000000000000000000e+00
1.300000000000000000e+01
1.000000000000000000e+00
0.000000000000000000e+00
0.000000000000000000e+00
0.000000000000000000e+00
1.930000000000000000e+02
0.000000000000000000e+00
0.000000000000000000e+00
0.000000000000000000e+00
2.100000000000000000e+01
0.000000000000000000e+00
0.000000000000000000e+00
0.000000000000000000e+00
0.000000000000000000e+00
0.000000000000000000e+00
9.230000000000000000e+02
0.000000000000000000e+00
0.000000000000000000e+00
0.000000000000000000e+00
0.000000000000000000e+00
3.000000000000000000e+00
2.800000000000000000e+01
0.000000000000000000e+00
0.000000000000000000e+00
0.000000000000000000e+00
0.000000000000000000e+00
0.000000000000000000e+00
2.400000000000000000e+01
0.000000000000000000e+00
0.000000000000000000e+00
8.000000000000000000e+00
0.000000000000000000e+00
0.000000000000000000e+00
0.000000000000000000e+00
0.000000000000000000e+00
3.330000000000000000e+02
0.000000000000000000e+00
0.000000000000000000e+00
0.000000000000000000e+00
0.000000000000000000e+00
1.000000000000000000e+00
0.000000000000000000e+00
0.000000000000000000e+00
0.000000000000000000e+00
0.000000000000000000e+00
2.690000000000000000e+02
0.000000000000000000e+00
0.000000000000000000e+00
0.000000000000000000e+00
0.000000000000000000e+00
0.000000000000000000e+00
2.500000000000000000e+01
0.000000000000000000e+00
0.000000000000000000e+00
0.000000000000000000e+00
3.000000000000000000e+00
1.000000000000000000e+00
0.000000000000000000e+00
2.000000000000000000e+00
1.000000000000000000e+00
1.003900000000000000e+04
0.000000000000000000e+00
0.000000000000000000e+00
1.000000000000000000e+00
7.000000000000000000e+00
7.500000000000000000e+01
0.000000000000000000e+00
0.000000000000000000e+00
3.850000000000000000e+02
4.000000000000000000e+00
5.000000000000000000e+00
2.000000000000000000e+01
4.200000000000000000e+02
1.000000000000000000e+00
0.000000000000000000e+00
1.524000000000000000e+03
0.000000000000000000e+00
0.000000000000000000e+00
7.000000000000000000e+02
1.000000000000000000e+00
8.780000000000000000e+02
9.468000000000000000e+03
4.700000000000000000e+01
8.285000000000000000e+03
2.800000000000000000e+01
1.260000000000000000e+02
6.623000000000000000e+03
2.000000000000000000e+00
2.977200000000000000e+04
2.920000000000000000e+02
4.170000000000000000e+02
7.080000000000000000e+02
4.000000000000000000e+00
1.470000000000000000e+02
7.427000000000000000e+03
1.947100000000000000e+04
3.360000000000000000e+02
0.000000000000000000e+00
1.470000000000000000e+02
1.128500000000000000e+04
2.177000000000000000e+03
0.000000000000000000e+00
0.000000000000000000e+00
0.000000000000000000e+00
0.000000000000000000e+00
1.130700000000000000e+04
0.000000000000000000e+00
0.000000000000000000e+00
0.000000000000000000e+00
3.000000000000000000e+00
2.480000000000000000e+02
5.482000000000000000e+03
0.000000000000000000e+00
4.420000000000000000e+02
0.000000000000000000e+00
5.200000000000000000e+01
0.000000000000000000e+00
2.996000000000000000e+03
6.700000000000000000e+01
0.000000000000000000e+00
4.400000000000000000e+01
0.000000000000000000e+00
0.000000000000000000e+00
0.000000000000000000e+00
0.000000000000000000e+00
7.220000000000000000e+02
1.000000000000000000e+00
0.000000000000000000e+00
1.000000000000000000e+00
1.000000000000000000e+00
3.200000000000000000e+01
0.000000000000000000e+00
0.000000000000000000e+00
0.000000000000000000e+00
0.000000000000000000e+00
4.700000000000000000e+01
0.000000000000000000e+00
0.000000000000000000e+00
0.000000000000000000e+00
0.000000000000000000e+00
1.000000000000000000e+00
1.500000000000000000e+01
0.000000000000000000e+00
3.000000000000000000e+00
0.000000000000000000e+00
6.000000000000000000e+00
0.000000000000000000e+00
0.000000000000000000e+00
5.000000000000000000e+00
9.000000000000000000e+00
6.120000000000000000e+02
5.000000000000000000e+00
4.000000000000000000e+00
2.000000000000000000e+00
8.000000000000000000e+00
3.900000000000000000e+01
1.300000000000000000e+01
9.000000000000000000e+00
3.900000000000000000e+01
3.400000000000000000e+01
2.200000000000000000e+01
8.000000000000000000e+00
3.100000000000000000e+01
7.000000000000000000e+00
4.000000000000000000e+00
1.048070000000000000e+05
4.080000000000000000e+02
1.045100000000000000e+04
1.210800000000000000e+04
9.322000000000000000e+03
9.194000000000000000e+03
8.275000000000000000e+03
3.113000000000000000e+03
1.782000000000000000e+03
1.518000000000000000e+03
1.183000000000000000e+03
1.133000000000000000e+03
1.442000000000000000e+03
1.394000000000000000e+03
1.453000000000000000e+03
1.399000000000000000e+03
1.206000000000000000e+03
1.108000000000000000e+03
1.211000000000000000e+03
1.167000000000000000e+03
1.073000000000000000e+03
1.026000000000000000e+03
9.750000000000000000e+02
1.010000000000000000e+03
8.860000000000000000e+02
8.950000000000000000e+02
8.100000000000000000e+02
8.220000000000000000e+02
9.400000000000000000e+02
8.360000000000000000e+02
8.320000000000000000e+02
9.020000000000000000e+02
7.260000000000000000e+02
8.140000000000000000e+02
8.640000000000000000e+02
8.940000000000000000e+02
1.207000000000000000e+03
5.340000000000000000e+02
1.114000000000000000e+03
7.320000000000000000e+02
1.223000000000000000e+03
7.390000000000000000e+02
1.010000000000000000e+03
8.470000000000000000e+02
5.370000000000000000e+02
4.940000000000000000e+02
5.470000000000000000e+02
4.770000000000000000e+02
4.510000000000000000e+02
5.320000000000000000e+02
4.920000000000000000e+02
7.520000000000000000e+02
4.760000000000000000e+02
5.540000000000000000e+02
4.760000000000000000e+02
6.040000000000000000e+02
4.000000000000000000e+02
4.540000000000000000e+02
4.550000000000000000e+02
2.540000000000000000e+02
4.840000000000000000e+02
2.550000000000000000e+02
6.020000000000000000e+02
1.200000000000000000e+01
8.340000000000000000e+02
2.220000000000000000e+02
4.000000000000000000e+02
3.240000000000000000e+02
4.060000000000000000e+02
2.210000000000000000e+02
5.710000000000000000e+02
2.980000000000000000e+02
3.260000000000000000e+02
3.820000000000000000e+02
5.740000000000000000e+02
2.140000000000000000e+02
4.110000000000000000e+02
3.600000000000000000e+02
5.870000000000000000e+02
1.070000000000000000e+02
5.360000000000000000e+02
1.960000000000000000e+02
3.510000000000000000e+02
3.690000000000000000e+02
0.000000000000000000e+00
1.374000000000000000e+03
1.000000000000000000e+00
5.700000000000000000e+01
6.220000000000000000e+02
2.810000000000000000e+02
3.690000000000000000e+02
2.940000000000000000e+02
1.020000000000000000e+02
1.570000000000000000e+02
6.300000000000000000e+02
4.000000000000000000e+00
2.760000000000000000e+02
3.710000000000000000e+02
3.050000000000000000e+02
2.030000000000000000e+02
2.330000000000000000e+02
3.000000000000000000e+00
6.500000000000000000e+02
2.000000000000000000e+00
2.160000000000000000e+02
1.540000000000000000e+02
3.040000000000000000e+02
1.430000000000000000e+02
1.720000000000000000e+02
2.980000000000000000e+02
0.000000000000000000e+00
1.420000000000000000e+02
3.760000000000000000e+02
1.800000000000000000e+02
4.000000000000000000e+00
5.800000000000000000e+01
2.640000000000000000e+02
1.770000000000000000e+02
9.400000000000000000e+01
2.110000000000000000e+02
1.290000000000000000e+02
1.900000000000000000e+02
1.880000000000000000e+02
4.000000000000000000e+00
0.000000000000000000e+00
1.000000000000000000e+00
1.000000000000000000e+00
1.630000000000000000e+02
1.505000000000000000e+03
1.000000000000000000e+00
0.000000000000000000e+00
0.000000000000000000e+00
4.000000000000000000e+00
3.700000000000000000e+01
2.180000000000000000e+02
6.100000000000000000e+01
1.790000000000000000e+02
2.100000000000000000e+02
2.000000000000000000e+00
9.200000000000000000e+01
1.100000000000000000e+02
1.000000000000000000e+00
3.180000000000000000e+02
7.500000000000000000e+01
1.000000000000000000e+00
0.000000000000000000e+00
2.430000000000000000e+02
1.000000000000000000e+00
1.110000000000000000e+02
2.230000000000000000e+02
2.110000000000000000e+02
6.000000000000000000e+00
0.000000000000000000e+00
6.250000000000000000e+02
0.000000000000000000e+00
1.000000000000000000e+00
1.040000000000000000e+02
1.950000000000000000e+02
6.000000000000000000e+00
4.840000000000000000e+02
0.000000000000000000e+00
1.100000000000000000e+01
2.690000000000000000e+02
0.000000000000000000e+00
8.600000000000000000e+01
9.700000000000000000e+01
0.000000000000000000e+00
0.000000000000000000e+00
0.000000000000000000e+00
0.000000000000000000e+00
1.402000000000000000e+03
0.000000000000000000e+00
0.000000000000000000e+00
0.000000000000000000e+00
1.000000000000000000e+00
1.420000000000000000e+02
0.000000000000000000e+00
6.700000000000000000e+01
0.000000000000000000e+00
2.550000000000000000e+02
1.500000000000000000e+01
0.000000000000000000e+00
5.710000000000000000e+02
0.000000000000000000e+00
2.000000000000000000e+00
2.590000000000000000e+02
0.000000000000000000e+00
9.800000000000000000e+01
0.000000000000000000e+00
0.000000000000000000e+00
0.000000000000000000e+00
9.960000000000000000e+02
0.000000000000000000e+00
0.000000000000000000e+00
0.000000000000000000e+00
3.000000000000000000e+00
1.780000000000000000e+02
0.000000000000000000e+00
3.050000000000000000e+02
0.000000000000000000e+00
9.200000000000000000e+01
1.000000000000000000e+00
0.000000000000000000e+00
0.000000000000000000e+00
3.390000000000000000e+02
0.000000000000000000e+00
0.000000000000000000e+00
3.000000000000000000e+00
0.000000000000000000e+00
4.500000000000000000e+01
1.000000000000000000e+00
0.000000000000000000e+00
0.000000000000000000e+00
5.850000000000000000e+02
0.000000000000000000e+00
0.000000000000000000e+00
5.900000000000000000e+01
0.000000000000000000e+00
0.000000000000000000e+00
1.040000000000000000e+02
0.000000000000000000e+00
1.000000000000000000e+00
0.000000000000000000e+00
3.170000000000000000e+02
0.000000000000000000e+00
0.000000000000000000e+00
0.000000000000000000e+00
3.180000000000000000e+02
0.000000000000000000e+00
0.000000000000000000e+00
3.100000000000000000e+01
0.000000000000000000e+00
1.210000000000000000e+02
0.000000000000000000e+00
5.100000000000000000e+01
2.000000000000000000e+00
0.000000000000000000e+00
0.000000000000000000e+00
0.000000000000000000e+00
0.000000000000000000e+00
0.000000000000000000e+00
1.000000000000000000e+00
0.000000000000000000e+00
0.000000000000000000e+00
0.000000000000000000e+00
0.000000000000000000e+00
0.000000000000000000e+00
0.000000000000000000e+00
0.000000000000000000e+00
0.000000000000000000e+00
0.000000000000000000e+00
0.000000000000000000e+00
0.000000000000000000e+00
0.000000000000000000e+00
0.000000000000000000e+00
6.363000000000000000e+03
6.839000000000000000e+03
1.786000000000000000e+03
2.743000000000000000e+03
1.745000000000000000e+03
2.096000000000000000e+03
1.618000000000000000e+03
1.277000000000000000e+03
1.287000000000000000e+03
1.244000000000000000e+03
1.199000000000000000e+03
1.067000000000000000e+03
1.090000000000000000e+03
1.022000000000000000e+03
9.790000000000000000e+02
1.046000000000000000e+03
1.239000000000000000e+03
9.930000000000000000e+02
8.790000000000000000e+02
8.380000000000000000e+02
7.730000000000000000e+02
7.880000000000000000e+02
8.230000000000000000e+02
8.270000000000000000e+02
8.130000000000000000e+02
9.380000000000000000e+02
9.400000000000000000e+02
9.290000000000000000e+02
9.170000000000000000e+02
8.800000000000000000e+02
9.990000000000000000e+02
9.410000000000000000e+02
9.300000000000000000e+02
8.540000000000000000e+02
9.800000000000000000e+02
9.070000000000000000e+02
9.580000000000000000e+02
8.820000000000000000e+02
7.820000000000000000e+02
8.150000000000000000e+02
7.180000000000000000e+02
6.830000000000000000e+02
6.610000000000000000e+02
6.560000000000000000e+02
6.990000000000000000e+02
6.310000000000000000e+02
6.630000000000000000e+02
5.860000000000000000e+02
6.000000000000000000e+02
5.250000000000000000e+02
4.750000000000000000e+02
5.210000000000000000e+02
4.960000000000000000e+02
7.000000000000000000e+02
7.230000000000000000e+02
7.020000000000000000e+02
7.370000000000000000e+02
7.270000000000000000e+02
6.960000000000000000e+02
7.070000000000000000e+02
6.420000000000000000e+02
6.020000000000000000e+02
5.780000000000000000e+02
5.110000000000000000e+02
5.230000000000000000e+02
5.420000000000000000e+02
4.750000000000000000e+02
4.880000000000000000e+02
4.610000000000000000e+02
4.340000000000000000e+02
4.150000000000000000e+02
4.410000000000000000e+02
3.520000000000000000e+02
3.680000000000000000e+02
2.820000000000000000e+02
3.570000000000000000e+02
3.520000000000000000e+02
3.300000000000000000e+02
3.090000000000000000e+02
3.230000000000000000e+02
2.950000000000000000e+02
3.130000000000000000e+02
3.720000000000000000e+02
3.230000000000000000e+02
2.980000000000000000e+02
2.810000000000000000e+02
2.650000000000000000e+02
2.740000000000000000e+02
2.700000000000000000e+02
2.610000000000000000e+02
2.420000000000000000e+02
2.630000000000000000e+02
2.390000000000000000e+02
2.960000000000000000e+02
2.460000000000000000e+02
2.790000000000000000e+02
2.530000000000000000e+02
2.370000000000000000e+02
2.390000000000000000e+02
2.200000000000000000e+02
2.140000000000000000e+02
2.450000000000000000e+02
2.250000000000000000e+02
2.180000000000000000e+02
2.300000000000000000e+02
2.410000000000000000e+02
2.620000000000000000e+02
2.450000000000000000e+02
2.610000000000000000e+02
2.550000000000000000e+02
2.570000000000000000e+02
2.070000000000000000e+02
2.440000000000000000e+02
2.120000000000000000e+02
2.460000000000000000e+02
2.160000000000000000e+02
2.120000000000000000e+02
2.080000000000000000e+02
2.350000000000000000e+02
2.570000000000000000e+02
2.220000000000000000e+02
2.190000000000000000e+02
2.130000000000000000e+02
2.210000000000000000e+02
2.100000000000000000e+02
2.600000000000000000e+02
2.430000000000000000e+02
2.260000000000000000e+02
2.560000000000000000e+02
2.430000000000000000e+02
2.390000000000000000e+02
2.610000000000000000e+02
2.650000000000000000e+02
2.490000000000000000e+02
2.310000000000000000e+02
2.240000000000000000e+02
2.460000000000000000e+02
2.240000000000000000e+02
2.390000000000000000e+02
2.140000000000000000e+02
2.120000000000000000e+02
1.810000000000000000e+02
1.800000000000000000e+02
1.950000000000000000e+02
2.070000000000000000e+02
1.680000000000000000e+02
1.900000000000000000e+02
1.630000000000000000e+02
2.110000000000000000e+02
1.900000000000000000e+02
1.670000000000000000e+02
1.840000000000000000e+02
1.710000000000000000e+02
1.700000000000000000e+02
1.580000000000000000e+02
1.590000000000000000e+02
1.790000000000000000e+02
1.840000000000000000e+02
1.740000000000000000e+02
1.770000000000000000e+02
1.960000000000000000e+02
1.960000000000000000e+02
1.870000000000000000e+02
2.050000000000000000e+02
2.330000000000000000e+02
3.220000000000000000e+02
3.560000000000000000e+02
3.640000000000000000e+02
4.060000000000000000e+02
4.880000000000000000e+02
5.180000000000000000e+02
5.780000000000000000e+02
5.270000000000000000e+02
5.630000000000000000e+02
4.850000000000000000e+02
4.460000000000000000e+02
4.270000000000000000e+02
4.820000000000000000e+02
4.520000000000000000e+02
5.110000000000000000e+02
4.400000000000000000e+02
4.510000000000000000e+02
5.030000000000000000e+02
4.480000000000000000e+02
4.270000000000000000e+02
4.280000000000000000e+02
4.690000000000000000e+02
4.410000000000000000e+02
4.200000000000000000e+02
4.820000000000000000e+02
5.790000000000000000e+02
5.620000000000000000e+02
5.920000000000000000e+02
5.040000000000000000e+02
5.380000000000000000e+02
5.120000000000000000e+02
4.780000000000000000e+02
5.320000000000000000e+02
4.830000000000000000e+02
4.990000000000000000e+02
5.520000000000000000e+02
5.430000000000000000e+02
5.210000000000000000e+02
5.690000000000000000e+02
5.360000000000000000e+02
5.050000000000000000e+02
5.690000000000000000e+02
6.170000000000000000e+02
6.130000000000000000e+02
6.270000000000000000e+02
6.520000000000000000e+02
7.110000000000000000e+02
7.670000000000000000e+02
8.040000000000000000e+02
8.010000000000000000e+02
7.880000000000000000e+02
8.050000000000000000e+02
8.150000000000000000e+02
8.470000000000000000e+02
8.960000000000000000e+02
9.050000000000000000e+02
9.080000000000000000e+02
1.012000000000000000e+03
9.390000000000000000e+02
9.650000000000000000e+02
8.500000000000000000e+02
8.270000000000000000e+02
8.350000000000000000e+02
7.590000000000000000e+02
7.440000000000000000e+02
8.370000000000000000e+02
8.050000000000000000e+02
7.700000000000000000e+02
6.990000000000000000e+02
7.610000000000000000e+02
8.000000000000000000e+02
7.210000000000000000e+02
6.690000000000000000e+02
6.770000000000000000e+02
7.220000000000000000e+02
7.410000000000000000e+02
7.380000000000000000e+02
7.960000000000000000e+02
8.310000000000000000e+02
9.170000000000000000e+02
9.860000000000000000e+02
1.024000000000000000e+03
1.149000000000000000e+03
1.391000000000000000e+03
1.394000000000000000e+03
1.498000000000000000e+03
1.534000000000000000e+03
1.722000000000000000e+03
2.268000000000000000e+03
2.941000000000000000e+03
4.566000000000000000e+03
7.919600000000000000e+04
