5.830000000000000000e+02
0.000000000000000000e+00
0.000000000000000000e+00
0.000000000000000000e+00
0.000000000000000000e+00
0.000000000000000000e+00
3.600000000000000000e+01
0.000000000000000000e+00
2.000000000000000000e+00
0.000000000000000000e+00
0.000000000000000000e+00
1.200000000000000000e+01
0.000000000000000000e+00
5.400000000000000000e+01
3.000000000000000000e+00
2.000000000000000000e+00
2.900000000000000000e+01
8.000000000000000000e+00
1.100000000000000000e+01
6.100000000000000000e+01
1.420000000000000000e+02
5.900000000000000000e+01
5.100000000000000000e+01
6.400000000000000000e+01
8.700000000000000000e+01
1.030000000000000000e+02
2.390000000000000000e+02
3.100000000000000000e+01
1.060000000000000000e+02
1.610000000000000000e+02
6.300000000000000000e+02
9.100000000000000000e+01
3.300000000000000000e+02
3.460000000000000000e+02
3.740000000000000000e+02
7.180000000000000000e+02
2.440000000000000000e+02
3.790000000000000000e+02
6.880000000000000000e+02
2.298000000000000000e+03
2.567000000000000000e+03
1.471000000000000000e+03
1.360000000000000000e+03
1.559000000000000000e+03
8.190000000000000000e+02
8.910000000000000000e+02
9.760000000000000000e+02
3.540000000000000000e+02
1.403000000000000000e+03
3.790000000000000000e+02
8.950000000000000000e+02
1.060000000000000000e+03
7.140000000000000000e+02
2.420000000000000000e+02
4.090000000000000000e+02
1.056000000000000000e+03
9.010000000000000000e+02
3.720000000000000000e+02
1.630000000000000000e+02
3.000000000000000000e+01
1.433000000000000000e+03
3.000000000000000000e+00
1.250000000000000000e+02
4.140000000000000000e+02
0.000000000000000000e+00
2.770000000000000000e+02
1.677000000000000000e+03
8.000000000000000000e+01
2.110000000000000000e+02
4.700000000000000000e+01
8.690000000000000000e+02
2.400000000000000000e+01
7.000000000000000000e+00
2.950000000000000000e+02
1.710000000000000000e+02
8.820000000000000000e+02
1.200000000000000000e+01
2.000000000000000000e+00
4.000000000000000000e+00
1.320000000000000000e+02
1.066000000000000000e+03
0.000000000000000000e+00
0.000000000000000000e+00
1.248000000000000000e+03
9.000000000000000000e+01
8.800000000000000000e+01
0.000000000000000000e+00
4.140000000000000000e+02
3.400000000000000000e+01
0.000000000000000000e+00
8.450000000000000000e+02
0.000000000000000000e+00
1.090000000000000000e+02
1.900000000000000000e+02
0.000000000000000000e+00
7.410000000000000000e+02
9.420000000000000000e+02
6.800000000000000000e+01
9.090000000000000000e+02
1.525000000000000000e+03
5.226000000000000000e+03
6.426000000000000000e+03
1.895000000000000000e+03
2.684000000000000000e+03
1.416000000000000000e+03
2.290000000000000000e+03
2.707000000000000000e+03
3.721000000000000000e+03
2.738000000000000000e+03
7.272000000000000000e+03
7.959000000000000000e+03
5.489000000000000000e+03
3.751000000000000000e+03
8.270000000000000000e+02
7.750000000000000000e+02
4.530000000000000000e+02
2.480000000000000000e+02
9.000000000000000000e+00
6.000000000000000000e+00
8.000000000000000000e+00
1.118000000000000000e+03
0.000000000000000000e+00
6.000000000000000000e+00
0.000000000000000000e+00
3.900000000000000000e+01
1.410000000000000000e+02
3.460000000000000000e+02
0.000000000000000000e+00
2.000000000000000000e+00
0.000000000000000000e+00
1.000000000000000000e+00
0.000000000000000000e+00
2.500000000000000000e+01
5.000000000000000000e+00
0.000000000000000000e+00
0.000000000000000000e+00
0.000000000000000000e+00
0.000000000000000000e+00
0.000000000000000000e+00
0.000000000000000000e+00
6.300000000000000000e+01
0.000000000000000000e+00
0.000000000000000000e+00
0.000000000000000000e+00
0.000000000000000000e+00
0.000000000000000000e+00
0.000000000000000000e+00
0.000000000000000000e+00
0.000000000000000000e+00
0.000000000000000000e+00
0.000000000000000000e+00
0.000000000000000000e+00
0.000000000000000000e+00
0.000000000000000000e+00
0.000000000000000000e+00
0.000000000000000000e+00
6.000000000000000000e+00
0.000000000000000000e+00
0.000000000000000000e+00
0.000000000000000000e+00
0.000000000000000000e+00
0.000000000000000000e+00
0.000000000000000000e+00
0.000000000000000000e+00
0.000000000000000000e+00
1.370000000000000000e+02
0.000000000000000000e+00
0.000000000000000000e+00
0.000000000000000000e+00
0.000000000000000000e+00
0.000000000000000000e+00
0.000000000000000000e+00
0.000000000000000000e+00
1.800000000000000000e+01
0.000000000000000000e+00
0.000000000000000000e+00
0.000000000000000000e+00
0.000000000000000000e+00
0.000000000000000000e+00
0.000000000000000000e+00
5.790000000000000000e+02
0.000000000000000000e+00
1.150000000000000000e+02
1.570000000000000000e+02
1.280000000000000000e+02
1.220000000000000000e+02
2.550000000000000000e+02
1.730000000000000000e+02
1.760000000000000000e+02
1.940000000000000000e+02
1.850000000000000000e+02
1.500000000000000000e+02
1.570000000000000000e+02
1.520000000000000000e+02
1.770000000000000000e+02
1.590000000000000000e+02
1.750000000000000000e+02
1.470000000000000000e+02
1.760000000000000000e+02
1.800000000000000000e+02
1.520000000000000000e+02
1.370000000000000000e+02
1.690000000000000000e+02
1.830000000000000000e+02
1.890000000000000000e+02
1.760000000000000000e+02
1.880000000000000000e+02
1.980000000000000000e+02
2.180000000000000000e+02
2.030000000000000000e+02
2.180000000000000000e+02
2.410000000000000000e+02
2.210000000000000000e+02
2.010000000000000000e+02
2.380000000000000000e+02
2.260000000000000000e+02
3.180000000000000000e+02
2.180000000000000000e+02
2.940000000000000000e+02
2.870000000000000000e+02
2.830000000000000000e+02
3.210000000000000000e+02
3.020000000000000000e+02
3.740000000000000000e+02
4.560000000000000000e+02
6.870000000000000000e+02
5.650000000000000000e+02
6.460000000000000000e+02
7.860000000000000000e+02
7.200000000000000000e+02
5.320000000000000000e+02
7.840000000000000000e+02
4.470000000000000000e+02
5.100000000000000000e+02
6.510000000000000000e+02
6.070000000000000000e+02
5.750000000000000000e+02
9.160000000000000000e+02
6.320000000000000000e+02
6.840000000000000000e+02
6.020000000000000000e+02
7.160000000000000000e+02
7.440000000000000000e+02
9.390000000000000000e+02
1.324000000000000000e+03
1.185000000000000000e+03
1.042000000000000000e+03
1.363000000000000000e+03
1.054000000000000000e+03
9.960000000000000000e+02
1.094000000000000000e+03
9.990000000000000000e+02
9.550000000000000000e+02
1.306000000000000000e+03
1.175000000000000000e+03
9.520000000000000000e+02
1.000000000000000000e+03
1.307000000000000000e+03
1.349000000000000000e+03
1.241000000000000000e+03
1.549000000000000000e+03
1.916000000000000000e+03
1.938000000000000000e+03
2.110000000000000000e+03
2.240000000000000000e+03
2.359000000000000000e+03
2.171000000000000000e+03
2.269000000000000000e+03
1.896000000000000000e+03
1.647000000000000000e+03
1.518000000000000000e+03
1.180000000000000000e+03
8.690000000000000000e+02
9.050000000000000000e+02
8.570000000000000000e+02
5.860000000000000000e+02
9.370000000000000000e+02
5.120000000000000000e+02
6.000000000000000000e+02
4.790000000000000000e+02
3.800000000000000000e+02
2.830000000000000000e+02
9.040000000000000000e+02
2.780000000000000000e+02
3.200000000000000000e+02
3.510000000000000000e+02
5.110000000000000000e+02
3.570000000000000000e+02
3.410000000000000000e+02
6.410000000000000000e+02
2.070000000000000000e+02
2.790000000000000000e+02
3.110000000000000000e+02
3.910000000000000000e+02
2.030000000000000000e+02
2.160000000000000000e+02
3.960000000000000000e+02
1.900000000000000000e+02
3.860000000000000000e+02
2.610000000000000000e+02
2.390000000000000000e+02
2.300000000000000000e+02
1.950000000000000000e+02
1.420000000000000000e+02
1.630000000000000000e+02
1.000000000000000000e+02
6.400000000000000000e+01
2.110000000000000000e+02
1.537000000000000000e+03
6.300000000000000000e+01
8.400000000000000000e+01
1.250000000000000000e+02
1.560000000000000000e+02
1.550000000000000000e+02
2.380000000000000000e+02
2.180000000000000000e+02
2.100000000000000000e+02
2.390000000000000000e+02
1.250000000000000000e+02
3.690000000000000000e+02
1.730000000000000000e+02
1.060000000000000000e+02
4.460000000000000000e+02
1.990000000000000000e+02
1.070000000000000000e+02
1.270000000000000000e+02
3.610000000000000000e+02
1.240000000000000000e+02
1.480000000000000000e+02
2.690000000000000000e+02
1.690000000000000000e+02
1.470000000000000000e+02
1.030000000000000000e+02
5.100000000000000000e+02
9.600000000000000000e+01
1.550000000000000000e+02
1.690000000000000000e+02
2.540000000000000000e+02
1.110000000000000000e+02
5.030000000000000000e+02
1.010000000000000000e+02
1.870000000000000000e+02
2.650000000000000000e+02
1.170000000000000000e+02
1.510000000000000000e+02
1.880000000000000000e+02
1.700000000000000000e+02
1.420000000000000000e+02
1.110000000000000000e+02
1.070000000000000000e+02
8.120000000000000000e+02
1.230000000000000000e+02
1.190000000000000000e+02
1.670000000000000000e+02
2.110000000000000000e+02
1.770000000000000000e+02
1.280000000000000000e+02
1.910000000000000000e+02
1.220000000000000000e+02
2.840000000000000000e+02
1.970000000000000000e+02
1.340000000000000000e+02
4.470000000000000000e+02
1.490000000000000000e+02
1.600000000000000000e+02
2.280000000000000000e+02
1.580000000000000000e+02
1.660000000000000000e+02
2.010000000000000000e+02
1.290000000000000000e+02
1.330000000000000000e+02
4.310000000000000000e+02
9.400000000000000000e+01
1.370000000000000000e+02
1.250000000000000000e+02
1.570000000000000000e+02
1.840000000000000000e+02
1.370000000000000000e+02
2.190000000000000000e+02
9.700000000000000000e+01
1.340000000000000000e+02
1.170000000000000000e+02
9.900000000000000000e+01
9.100000000000000000e+01
2.450000000000000000e+02
9.400000000000000000e+01
8.700000000000000000e+01
8.700000000000000000e+01
7.000000000000000000e+01
9.800000000000000000e+01
8.900000000000000000e+01
8.800000000000000000e+01
5.800000000000000000e+01
2.150000000000000000e+02
7.700000000000000000e+01
7.500000000000000000e+01
6.300000000000000000e+01
5.700000000000000000e+01
2.800000000000000000e+01
1.680000000000000000e+02
3.900000000000000000e+01
5.700000000000000000e+01
3.900000000000000000e+01
1.270000000000000000e+02
3.600000000000000000e+01
3.900000000000000000e+01
3.900000000000000000e+01
8.000000000000000000e+01
4.800000000000000000e+01
2.400000000000000000e+01
7.200000000000000000e+01
4.200000000000000000e+01
5.300000000000000000e+01
5.100000000000000000e+01
5.000000000000000000e+01
6.400000000000000000e+01
3.100000000000000000e+01
3.200000000000000000e+01
4.300000000000000000e+01
3.600000000000000000e+01
3.400000000000000000e+01
2.500000000000000000e+01
3.900000000000000000e+01
3.500000000000000000e+01
3.100000000000000000e+01
2.500000000000000000e+01
2.600000000000000000e+01
2.000000000000000000e+01
2.700000000000000000e+01
3.600000000000000000e+01
1.400000000000000000e+01
9.000000000000000000e+00
1.200000000000000000e+01
0.000000000000000000e+00
0.000000000000000000e+00
1.836000000000000000e+03
1.900000000000000000e+01
6.600000000000000000e+01
1.270000000000000000e+02
2.120000000000000000e+02
3.870000000000000000e+02
5.590000000000000000e+02
7.710000000000000000e+02
8.280000000000000000e+02
9.330000000000000000e+02
9.470000000000000000e+02
9.410000000000000000e+02
9.100000000000000000e+02
9.310000000000000000e+02
8.740000000000000000e+02
8.690000000000000000e+02
8.290000000000000000e+02
8.690000000000000000e+02
8.310000000000000000e+02
7.360000000000000000e+02
6.600000000000000000e+02
6.210000000000000000e+02
5.760000000000000000e+02
5.910000000000000000e+02
6.110000000000000000e+02
5.440000000000000000e+02
4.750000000000000000e+02
4.940000000000000000e+02
4.680000000000000000e+02
4.760000000000000000e+02
4.280000000000000000e+02
4.510000000000000000e+02
4.160000000000000000e+02
4.170000000000000000e+02
4.380000000000000000e+02
4.430000000000000000e+02
3.800000000000000000e+02
4.000000000000000000e+02
4.100000000000000000e+02
3.790000000000000000e+02
4.190000000000000000e+02
4.160000000000000000e+02
4.130000000000000000e+02
4.190000000000000000e+02
3.470000000000000000e+02
3.850000000000000000e+02
3.400000000000000000e+02
3.340000000000000000e+02
3.380000000000000000e+02
2.870000000000000000e+02
3.280000000000000000e+02
3.190000000000000000e+02
2.880000000000000000e+02
2.840000000000000000e+02
2.910000000000000000e+02
2.550000000000000000e+02
2.520000000000000000e+02
2.520000000000000000e+02
2.710000000000000000e+02
2.980000000000000000e+02
2.410000000000000000e+02
2.590000000000000000e+02
2.460000000000000000e+02
2.760000000000000000e+02
2.800000000000000000e+02
2.610000000000000000e+02
2.660000000000000000e+02
2.520000000000000000e+02
2.500000000000000000e+02
2.530000000000000000e+02
3.140000000000000000e+02
2.780000000000000000e+02
2.850000000000000000e+02
2.670000000000000000e+02
2.850000000000000000e+02
2.700000000000000000e+02
3.050000000000000000e+02
2.910000000000000000e+02
2.810000000000000000e+02
2.920000000000000000e+02
3.310000000000000000e+02
2.790000000000000000e+02
3.020000000000000000e+02
2.980000000000000000e+02
3.030000000000000000e+02
3.140000000000000000e+02
3.340000000000000000e+02
2.850000000000000000e+02
3.300000000000000000e+02
3.310000000000000000e+02
2.970000000000000000e+02
3.350000000000000000e+02
3.090000000000000000e+02
3.180000000000000000e+02
2.920000000000000000e+02
2.730000000000000000e+02
2.970000000000000000e+02
2.970000000000000000e+02
2.820000000000000000e+02
3.270000000000000000e+02
3.000000000000000000e+02
3.190000000000000000e+02
2.730000000000000000e+02
2.810000000000000000e+02
3.320000000000000000e+02
3.500000000000000000e+02
3.130000000000000000e+02
3.080000000000000000e+02
3.290000000000000000e+02
3.420000000000000000e+02
3.290000000000000000e+02
3.100000000000000000e+02
3.330000000000000000e+02
3.410000000000000000e+02
3.560000000000000000e+02
3.630000000000000000e+02
3.070000000000000000e+02
3.530000000000000000e+02
3.480000000000000000e+02
3.710000000000000000e+02
3.260000000000000000e+02
3.310000000000000000e+02
3.250000000000000000e+02
3.510000000000000000e+02
3.150000000000000000e+02
3.100000000000000000e+02
2.780000000000000000e+02
3.390000000000000000e+02
2.900000000000000000e+02
2.890000000000000000e+02
3.120000000000000000e+02
2.780000000000000000e+02
2.780000000000000000e+02
3.330000000000000000e+02
3.330000000000000000e+02
3.280000000000000000e+02
3.540000000000000000e+02
3.760000000000000000e+02
4.010000000000000000e+02
4.380000000000000000e+02
4.780000000000000000e+02
5.090000000000000000e+02
5.580000000000000000e+02
6.070000000000000000e+02
6.110000000000000000e+02
6.380000000000000000e+02
7.570000000000000000e+02
7.850000000000000000e+02
8.850000000000000000e+02
9.760000000000000000e+02
1.024000000000000000e+03
1.056000000000000000e+03
1.088000000000000000e+03
9.900000000000000000e+02
1.005000000000000000e+03
1.022000000000000000e+03
9.900000000000000000e+02
9.380000000000000000e+02
9.020000000000000000e+02
8.520000000000000000e+02
7.490000000000000000e+02
7.700000000000000000e+02
7.080000000000000000e+02
6.730000000000000000e+02
6.100000000000000000e+02
5.350000000000000000e+02
5.480000000000000000e+02
4.600000000000000000e+02
4.140000000000000000e+02
4.200000000000000000e+02
3.610000000000000000e+02
2.840000000000000000e+02
2.390000000000000000e+02
2.160000000000000000e+02
1.680000000000000000e+02
1.460000000000000000e+02
1.650000000000000000e+02
1.510000000000000000e+02
1.350000000000000000e+02
1.160000000000000000e+02
1.300000000000000000e+02
1.250000000000000000e+02
1.060000000000000000e+02
1.170000000000000000e+02
1.360000000000000000e+02
1.160000000000000000e+02
1.110000000000000000e+02
9.900000000000000000e+01
8.600000000000000000e+01
1.120000000000000000e+02
1.250000000000000000e+02
1.010000000000000000e+02
1.300000000000000000e+02
1.140000000000000000e+02
1.400000000000000000e+02
1.230000000000000000e+02
1.400000000000000000e+02
1.170000000000000000e+02
1.470000000000000000e+02
1.430000000000000000e+02
1.760000000000000000e+02
1.600000000000000000e+02
1.470000000000000000e+02
1.830000000000000000e+02
1.630000000000000000e+02
1.710000000000000000e+02
2.070000000000000000e+02
2.010000000000000000e+02
1.990000000000000000e+02
2.160000000000000000e+02
2.350000000000000000e+02
2.410000000000000000e+02
2.850000000000000000e+02
2.880000000000000000e+02
2.910000000000000000e+02
3.840000000000000000e+02
5.950000000000000000e+02
6.980000000000000000e+02
8.970000000000000000e+02
8.920000000000000000e+02
9.060000000000000000e+02
1.026000000000000000e+03
1.155000000000000000e+03
1.235000000000000000e+03
1.199000000000000000e+03
1.313000000000000000e+03
1.244000000000000000e+03
8.020000000000000000e+02
5.600000000000000000e+02
3.470000000000000000e+02
2.320000000000000000e+02
1.710000000000000000e+02
1.470000000000000000e+02
1.170000000000000000e+02
1.040000000000000000e+02
8.000000000000000000e+01
8.900000000000000000e+01
6.000000000000000000e+01
5.500000000000000000e+01
5.500000000000000000e+01
2.700000000000000000e+01
4.200000000000000000e+01
1.900000000000000000e+01
3.000000000000000000e+01
2.900000000000000000e+01
1.900000000000000000e+01
9.000000000000000000e+00
1.500000000000000000e+01
1.400000000000000000e+01
4.000000000000000000e+00
4.000000000000000000e+00
4.000000000000000000e+00
8.000000000000000000e+00
5.000000000000000000e+00
3.000000000000000000e+00
2.000000000000000000e+00
5.000000000000000000e+00
