4.419000000000000000e+03
0.000000000000000000e+00
0.000000000000000000e+00
0.000000000000000000e+00
0.000000000000000000e+00
0.000000000000000000e+00
1.200000000000000000e+01
0.000000000000000000e+00
1.000000000000000000e+00
0.000000000000000000e+00
0.000000000000000000e+00
5.000000000000000000e+00
0.000000000000000000e+00
3.000000000000000000e+00
0.000000000000000000e+00
0.000000000000000000e+00
0.000000000000000000e+00
0.000000000000000000e+00
0.000000000000000000e+00
0.000000000000000000e+00
2.070000000000000000e+02
0.000000000000000000e+00
0.000000000000000000e+00
0.000000000000000000e+00
2.200000000000000000e+01
4.000000000000000000e+00
0.000000000000000000e+00
0.000000000000000000e+00
0.000000000000000000e+00
0.000000000000000000e+00
5.126000000000000000e+03
0.000000000000000000e+00
0.000000000000000000e+00
0.000000000000000000e+00
0.000000000000000000e+00
8.400000000000000000e+01
7.120000000000000000e+02
0.000000000000000000e+00
7.500000000000000000e+01
1.700000000000000000e+01
2.810000000000000000e+02
0.000000000000000000e+00
6.030000000000000000e+02
1.008000000000000000e+03
0.000000000000000000e+00
2.900000000000000000e+02
1.830000000000000000e+02
0.000000000000000000e+00
7.600000000000000000e+02
0.000000000000000000e+00
6.890000000000000000e+02
4.200000000000000000e+02
1.520000000000000000e+02
0.000000000000000000e+00
4.000000000000000000e+00
2.640000000000000000e+02
8.800000000000000000e+01
1.300000000000000000e+01
0.000000000000000000e+00
0.000000000000000000e+00
1.110000000000000000e+02
0.000000000000000000e+00
0.000000000000000000e+00
1.300000000000000000e+01
0.000000000000000000e+00
0.000000000000000000e+00
1.060000000000000000e+02
0.000000000000000000e+00
2.000000000000000000e+00
0.000000000000000000e+00
3.700000000000000000e+01
0.000000000000000000e+00
0.000000000000000000e+00
9.000000000000000000e+00
3.000000000000000000e+00
1.118000000000000000e+03
0.000000000000000000e+00
0.000000000000000000e+00
0.000000000000000000e+00
4.000000000000000000e+00
1.300000000000000000e+01
0.000000000000000000e+00
0.000000000000000000e+00
7.000000000000000000e+01
0.000000000000000000e+00
0.000000000000000000e+00
0.000000000000000000e+00
1.000000000000000000e+01
0.000000000000000000e+00
0.000000000000000000e+00
1.200000000000000000e+01
0.000000000000000000e+00
0.000000000000000000e+00
3.000000000000000000e+00
0.000000000000000000e+00
2.000000000000000000e+00
9.800000000000000000e+01
0.000000000000000000e+00
8.000000000000000000e+00
0.000000000000000000e+00
0.000000000000000000e+00
2.200000000000000000e+01
0.000000000000000000e+00
1.930000000000000000e+02
5.500000000000000000e+01
2.590000000000000000e+02
1.149000000000000000e+03
3.422000000000000000e+03
2.607000000000000000e+03
2.555000000000000000e+03
3.919000000000000000e+03
2.649000000000000000e+03
4.763000000000000000e+03
6.978000000000000000e+03
8.730000000000000000e+03
5.629000000000000000e+03
8.891000000000000000e+03
6.686000000000000000e+03
4.531000000000000000e+03
4.941000000000000000e+03
4.337000000000000000e+03
1.228000000000000000e+03
1.790000000000000000e+03
9.260000000000000000e+02
1.065000000000000000e+03
1.392000000000000000e+03
4.220000000000000000e+02
2.960000000000000000e+02
2.230000000000000000e+02
1.090000000000000000e+02
1.810000000000000000e+02
5.500000000000000000e+01
1.690000000000000000e+02
1.590000000000000000e+02
2.600000000000000000e+01
4.600000000000000000e+01
8.200000000000000000e+01
0.000000000000000000e+00
5.200000000000000000e+01
2.600000000000000000e+01
1.160000000000000000e+02
8.800000000000000000e+01
3.500000000000000000e+01
2.800000000000000000e+01
4.000000000000000000e+01
2.000000000000000000e+01
3.700000000000000000e+01
1.600000000000000000e+01
1.000000000000000000e+01
0.000000000000000000e+00
1.500000000000000000e+01
0.000000000000000000e+00
4.000000000000000000e+00
6.000000000000000000e+00
0.000000000000000000e+00
6.000000000000000000e+00
9.000000000000000000e+00
0.000000000000000000e+00
1.000000000000000000e+00
0.000000000000000000e+00
1.000000000000000000e+00
0.000000000000000000e+00
0.000000000000000000e+00
0.000000000000000000e+00
0.000000000000000000e+00
2.420000000000000000e+02
0.000000000000000000e+00
0.000000000000000000e+00
0.000000000000000000e+00
0.000000000000000000e+00
4.000000000000000000e+00
0.000000000000000000e+00
0.000000000000000000e+00
2.000000000000000000e+00
0.000000000000000000e+00
0.000000000000000000e+00
0.000000000000000000e+00
0.000000000000000000e+00
0.000000000000000000e+00
0.000000000000000000e+00
4.418000000000000000e+03
0.000000000000000000e+00
3.170000000000000000e+02
4.610000000000000000e+02
1.300000000000000000e+01
3.900000000000000000e+01
3.710000000000000000e+02
1.860000000000000000e+02
1.330000000000000000e+02
3.550000000000000000e+02
3.100000000000000000e+01
2.470000000000000000e+02
1.500000000000000000e+02
1.990000000000000000e+02
9.200000000000000000e+01
2.660000000000000000e+02
2.430000000000000000e+02
4.470000000000000000e+02
3.540000000000000000e+02
6.640000000000000000e+02
8.860000000000000000e+02
8.390000000000000000e+02
1.058000000000000000e+03
1.080000000000000000e+03
1.076000000000000000e+03
8.970000000000000000e+02
1.254000000000000000e+03
1.735000000000000000e+03
1.775000000000000000e+03
7.210000000000000000e+02
8.690000000000000000e+02
7.010000000000000000e+02
7.620000000000000000e+02
7.170000000000000000e+02
9.040000000000000000e+02
5.040000000000000000e+02
9.420000000000000000e+02
4.360000000000000000e+02
1.232000000000000000e+03
6.810000000000000000e+02
9.470000000000000000e+02
1.105000000000000000e+03
6.330000000000000000e+02
1.258000000000000000e+03
8.750000000000000000e+02
8.520000000000000000e+02
1.136000000000000000e+03
9.970000000000000000e+02
1.269000000000000000e+03
8.850000000000000000e+02
9.890000000000000000e+02
1.132000000000000000e+03
5.890000000000000000e+02
1.121000000000000000e+03
8.380000000000000000e+02
1.039000000000000000e+03
7.180000000000000000e+02
1.131000000000000000e+03
8.600000000000000000e+02
8.760000000000000000e+02
7.170000000000000000e+02
9.860000000000000000e+02
9.510000000000000000e+02
8.440000000000000000e+02
1.099000000000000000e+03
9.310000000000000000e+02
7.300000000000000000e+02
1.291000000000000000e+03
1.162000000000000000e+03
8.490000000000000000e+02
1.240000000000000000e+03
1.150000000000000000e+03
7.090000000000000000e+02
1.328000000000000000e+03
1.093000000000000000e+03
1.011000000000000000e+03
9.020000000000000000e+02
7.420000000000000000e+02
8.360000000000000000e+02
6.860000000000000000e+02
7.310000000000000000e+02
9.350000000000000000e+02
6.100000000000000000e+02
7.580000000000000000e+02
6.010000000000000000e+02
8.830000000000000000e+02
5.310000000000000000e+02
7.550000000000000000e+02
7.360000000000000000e+02
9.170000000000000000e+02
8.120000000000000000e+02
6.040000000000000000e+02
6.400000000000000000e+02
5.980000000000000000e+02
6.750000000000000000e+02
5.870000000000000000e+02
6.890000000000000000e+02
4.880000000000000000e+02
5.350000000000000000e+02
5.360000000000000000e+02
5.070000000000000000e+02
5.320000000000000000e+02
4.500000000000000000e+02
5.000000000000000000e+02
4.250000000000000000e+02
4.220000000000000000e+02
4.570000000000000000e+02
4.180000000000000000e+02
4.120000000000000000e+02
3.110000000000000000e+02
3.720000000000000000e+02
3.510000000000000000e+02
3.300000000000000000e+02
3.610000000000000000e+02
3.560000000000000000e+02
2.870000000000000000e+02
3.510000000000000000e+02
2.860000000000000000e+02
2.980000000000000000e+02
3.100000000000000000e+02
3.040000000000000000e+02
2.550000000000000000e+02
2.660000000000000000e+02
2.410000000000000000e+02
2.820000000000000000e+02
2.230000000000000000e+02
2.540000000000000000e+02
2.470000000000000000e+02
2.810000000000000000e+02
2.530000000000000000e+02
2.780000000000000000e+02
2.810000000000000000e+02
3.020000000000000000e+02
2.570000000000000000e+02
3.140000000000000000e+02
2.300000000000000000e+02
3.100000000000000000e+02
2.360000000000000000e+02
3.190000000000000000e+02
2.400000000000000000e+02
2.440000000000000000e+02
3.060000000000000000e+02
2.340000000000000000e+02
3.010000000000000000e+02
1.780000000000000000e+02
2.320000000000000000e+02
2.220000000000000000e+02
1.820000000000000000e+02
2.300000000000000000e+02
2.000000000000000000e+02
1.680000000000000000e+02
1.380000000000000000e+02
2.260000000000000000e+02
1.300000000000000000e+02
1.870000000000000000e+02
1.430000000000000000e+02
1.300000000000000000e+02
1.170000000000000000e+02
1.210000000000000000e+02
9.400000000000000000e+01
8.800000000000000000e+01
1.070000000000000000e+02
9.000000000000000000e+01
8.000000000000000000e+01
7.900000000000000000e+01
7.300000000000000000e+01
5.400000000000000000e+01
7.000000000000000000e+01
6.600000000000000000e+01
5.100000000000000000e+01
7.700000000000000000e+01
3.100000000000000000e+01
3.300000000000000000e+01
5.100000000000000000e+01
3.400000000000000000e+01
1.500000000000000000e+01
2.900000000000000000e+01
2.600000000000000000e+01
1.200000000000000000e+01
1.300000000000000000e+01
1.600000000000000000e+01
1.900000000000000000e+01
1.300000000000000000e+01
9.000000000000000000e+00
1.400000000000000000e+01
6.000000000000000000e+00
8.000000000000000000e+00
7.000000000000000000e+00
9.000000000000000000e+00
5.000000000000000000e+00
1.000000000000000000e+01
3.000000000000000000e+00
1.000000000000000000e+00
3.000000000000000000e+00
3.000000000000000000e+00
4.000000000000000000e+00
1.000000000000000000e+00
3.000000000000000000e+00
2.000000000000000000e+00
1.000000000000000000e+00
1.000000000000000000e+00
0.000000000000000000e+00
1.000000000000000000e+00
1.000000000000000000e+00
1.000000000000000000e+00
3.000000000000000000e+00
0.000000000000000000e+00
0.000000000000000000e+00
1.000000000000000000e+00
0.000000000000000000e+00
0.000000000000000000e+00
1.000000000000000000e+00
0.000000000000000000e+00
0.000000000000000000e+00
0.000000000000000000e+00
0.000000000000000000e+00
0.000000000000000000e+00
0.000000000000000000e+00
1.000000000000000000e+00
0.000000000000000000e+00
0.000000000000000000e+00
0.000000000000000000e+00
0.000000000000000000e+00
0.000000000000000000e+00
0.000000000000000000e+00
0.000000000000000000e+00
0.000000000000000000e+00
1.000000000000000000e+00
0.000000000000000000e+00
0.000000000000000000e+00
1.000000000000000000e+00
0.000000000000000000e+00
0.000000000000000000e+00
1.000000000000000000e+00
0.000000000000000000e+00
0.000000000000000000e+00
0.000000000000000000e+00
0.000000000000000000e+00
0.000000000000000000e+00
0.000000000000000000e+00
0.000000000000000000e+00
0.000000000000000000e+00
0.000000000000000000e+00
0.000000000000000000e+00
0.000000000000000000e+00
0.000000000000000000e+00
0.000000000000000000e+00
0.000000000000000000e+00
0.000000000000000000e+00
0.000000000000000000e+00
0.000000000000000000e+00
0.000000000000000000e+00
0.000000000000000000e+00
0.000000000000000000e+00
0.000000000000000000e+00
0.000000000000000000e+00
0.000000000000000000e+00
0.000000000000000000e+00
0.000000000000000000e+00
0.000000000000000000e+00
0.000000000000000000e+00
0.000000000000000000e+00
0.000000000000000000e+00
0.000000000000000000e+00
0.000000000000000000e+00
0.000000000000000000e+00
1.000000000000000000e+00
1.000000000000000000e+00
0.000000000000000000e+00
1.000000000000000000e+00
1.400000000000000000e+01
4.900000000000000000e+01
2.490000000000000000e+02
1.824000000000000000e+03
2.510000000000000000e+03
2.112000000000000000e+03
1.473000000000000000e+03
1.307000000000000000e+03
1.252000000000000000e+03
1.159000000000000000e+03
7.970000000000000000e+02
6.060000000000000000e+02
4.710000000000000000e+02
4.130000000000000000e+02
4.620000000000000000e+02
4.270000000000000000e+02
3.710000000000000000e+02
4.030000000000000000e+02
3.830000000000000000e+02
4.080000000000000000e+02
4.230000000000000000e+02
3.840000000000000000e+02
4.400000000000000000e+02
3.820000000000000000e+02
4.390000000000000000e+02
4.550000000000000000e+02
4.910000000000000000e+02
4.470000000000000000e+02
4.710000000000000000e+02
4.380000000000000000e+02
4.460000000000000000e+02
4.650000000000000000e+02
4.040000000000000000e+02
3.840000000000000000e+02
3.610000000000000000e+02
3.000000000000000000e+02
2.810000000000000000e+02
2.660000000000000000e+02
2.620000000000000000e+02
2.340000000000000000e+02
2.400000000000000000e+02
2.700000000000000000e+02
2.800000000000000000e+02
2.830000000000000000e+02
2.900000000000000000e+02
3.020000000000000000e+02
3.210000000000000000e+02
2.960000000000000000e+02
2.560000000000000000e+02
2.970000000000000000e+02
2.890000000000000000e+02
2.730000000000000000e+02
2.550000000000000000e+02
2.930000000000000000e+02
2.420000000000000000e+02
2.790000000000000000e+02
2.970000000000000000e+02
2.820000000000000000e+02
2.660000000000000000e+02
2.870000000000000000e+02
2.980000000000000000e+02
2.510000000000000000e+02
2.630000000000000000e+02
2.360000000000000000e+02
2.460000000000000000e+02
2.680000000000000000e+02
2.070000000000000000e+02
2.500000000000000000e+02
2.090000000000000000e+02
2.080000000000000000e+02
2.360000000000000000e+02
1.930000000000000000e+02
1.950000000000000000e+02
1.980000000000000000e+02
2.240000000000000000e+02
1.840000000000000000e+02
1.960000000000000000e+02
2.320000000000000000e+02
2.120000000000000000e+02
2.100000000000000000e+02
1.970000000000000000e+02
1.920000000000000000e+02
2.050000000000000000e+02
1.740000000000000000e+02
1.920000000000000000e+02
1.760000000000000000e+02
1.890000000000000000e+02
1.800000000000000000e+02
1.830000000000000000e+02
1.850000000000000000e+02
1.560000000000000000e+02
1.450000000000000000e+02
1.400000000000000000e+02
1.320000000000000000e+02
1.160000000000000000e+02
1.150000000000000000e+02
1.050000000000000000e+02
1.400000000000000000e+02
1.180000000000000000e+02
1.370000000000000000e+02
9.200000000000000000e+01
1.110000000000000000e+02
1.220000000000000000e+02
1.370000000000000000e+02
1.050000000000000000e+02
1.320000000000000000e+02
1.060000000000000000e+02
1.180000000000000000e+02
1.250000000000000000e+02
1.230000000000000000e+02
1.150000000000000000e+02
1.260000000000000000e+02
1.180000000000000000e+02
1.000000000000000000e+02
1.190000000000000000e+02
1.070000000000000000e+02
1.030000000000000000e+02
1.340000000000000000e+02
1.030000000000000000e+02
1.040000000000000000e+02
1.500000000000000000e+02
1.190000000000000000e+02
1.170000000000000000e+02
1.100000000000000000e+02
1.270000000000000000e+02
1.230000000000000000e+02
1.280000000000000000e+02
1.470000000000000000e+02
1.400000000000000000e+02
1.230000000000000000e+02
1.320000000000000000e+02
1.460000000000000000e+02
1.430000000000000000e+02
1.200000000000000000e+02
1.440000000000000000e+02
1.410000000000000000e+02
1.310000000000000000e+02
1.300000000000000000e+02
1.340000000000000000e+02
1.200000000000000000e+02
1.850000000000000000e+02
1.730000000000000000e+02
1.930000000000000000e+02
2.070000000000000000e+02
1.800000000000000000e+02
1.680000000000000000e+02
1.930000000000000000e+02
1.880000000000000000e+02
2.070000000000000000e+02
1.940000000000000000e+02
1.850000000000000000e+02
2.100000000000000000e+02
2.140000000000000000e+02
2.010000000000000000e+02
1.710000000000000000e+02
2.290000000000000000e+02
2.380000000000000000e+02
2.530000000000000000e+02
2.880000000000000000e+02
3.010000000000000000e+02
3.100000000000000000e+02
3.300000000000000000e+02
3.130000000000000000e+02
2.770000000000000000e+02
2.900000000000000000e+02
2.610000000000000000e+02
2.670000000000000000e+02
3.050000000000000000e+02
3.260000000000000000e+02
3.450000000000000000e+02
3.500000000000000000e+02
3.900000000000000000e+02
3.310000000000000000e+02
3.130000000000000000e+02
3.320000000000000000e+02
3.160000000000000000e+02
3.900000000000000000e+02
4.020000000000000000e+02
3.540000000000000000e+02
3.970000000000000000e+02
4.690000000000000000e+02
4.670000000000000000e+02
5.050000000000000000e+02
5.960000000000000000e+02
5.620000000000000000e+02
5.330000000000000000e+02
5.270000000000000000e+02
4.260000000000000000e+02
4.660000000000000000e+02
4.350000000000000000e+02
4.590000000000000000e+02
5.240000000000000000e+02
5.850000000000000000e+02
6.810000000000000000e+02
7.170000000000000000e+02
7.250000000000000000e+02
7.780000000000000000e+02
7.950000000000000000e+02
8.160000000000000000e+02
9.570000000000000000e+02
1.192000000000000000e+03
1.352000000000000000e+03
1.376000000000000000e+03
1.477000000000000000e+03
1.753000000000000000e+03
1.772000000000000000e+03
1.804000000000000000e+03
1.899000000000000000e+03
2.236000000000000000e+03
2.598000000000000000e+03
2.588000000000000000e+03
2.628000000000000000e+03
2.657000000000000000e+03
2.875000000000000000e+03
2.043000000000000000e+03
1.050000000000000000e+03
3.850000000000000000e+02
1.580000000000000000e+02
1.280000000000000000e+02
1.130000000000000000e+02
1.030000000000000000e+02
8.000000000000000000e+01
9.100000000000000000e+01
4.900000000000000000e+01
5.300000000000000000e+01
5.100000000000000000e+01
4.400000000000000000e+01
3.800000000000000000e+01
3.100000000000000000e+01
2.500000000000000000e+01
1.800000000000000000e+01
2.100000000000000000e+01
2.100000000000000000e+01
1.300000000000000000e+01
9.000000000000000000e+00
1.600000000000000000e+01
9.000000000000000000e+00
4.000000000000000000e+00
1.200000000000000000e+01
8.000000000000000000e+00
9.000000000000000000e+00
3.300000000000000000e+01
