7.371300000000000000e+04
3.080000000000000000e+02
4.610000000000000000e+02
7.750000000000000000e+02
5.050000000000000000e+02
2.570000000000000000e+03
2.507000000000000000e+03
6.280000000000000000e+02
5.263000000000000000e+03
2.173000000000000000e+03
3.155000000000000000e+03
9.548000000000000000e+03
4.370000000000000000e+03
1.310000000000000000e+04
8.830000000000000000e+03
2.817000000000000000e+03
3.011000000000000000e+03
5.410000000000000000e+02
5.320000000000000000e+02
2.105000000000000000e+03
2.572000000000000000e+03
1.687000000000000000e+03
4.220000000000000000e+02
3.220000000000000000e+02
1.790000000000000000e+03
1.432000000000000000e+03
1.230000000000000000e+02
0.000000000000000000e+00
0.000000000000000000e+00
0.000000000000000000e+00
6.630000000000000000e+03
0.000000000000000000e+00
1.000000000000000000e+01
0.000000000000000000e+00
2.720000000000000000e+02
4.991000000000000000e+03
2.949000000000000000e+03
0.000000000000000000e+00
2.400000000000000000e+01
8.000000000000000000e+00
2.900000000000000000e+01
0.000000000000000000e+00
3.220000000000000000e+02
1.980000000000000000e+02
0.000000000000000000e+00
9.000000000000000000e+00
1.000000000000000000e+00
0.000000000000000000e+00
6.000000000000000000e+00
1.000000000000000000e+00
1.057000000000000000e+03
1.540000000000000000e+02
3.000000000000000000e+00
0.000000000000000000e+00
1.000000000000000000e+00
2.160000000000000000e+02
9.300000000000000000e+01
1.000000000000000000e+00
0.000000000000000000e+00
1.000000000000000000e+00
5.700000000000000000e+01
0.000000000000000000e+00
0.000000000000000000e+00
2.000000000000000000e+00
0.000000000000000000e+00
0.000000000000000000e+00
3.200000000000000000e+02
0.000000000000000000e+00
0.000000000000000000e+00
0.000000000000000000e+00
8.700000000000000000e+01
0.000000000000000000e+00
0.000000000000000000e+00
6.000000000000000000e+00
2.000000000000000000e+00
4.243000000000000000e+03
0.000000000000000000e+00
0.000000000000000000e+00
0.000000000000000000e+00
3.500000000000000000e+01
5.440000000000000000e+02
0.000000000000000000e+00
0.000000000000000000e+00
1.971000000000000000e+03
0.000000000000000000e+00
3.400000000000000000e+01
0.000000000000000000e+00
3.320000000000000000e+02
0.000000000000000000e+00
0.000000000000000000e+00
6.310000000000000000e+02
0.000000000000000000e+00
5.000000000000000000e+00
1.230000000000000000e+02
0.000000000000000000e+00
4.870000000000000000e+02
2.756000000000000000e+03
0.000000000000000000e+00
9.100000000000000000e+02
6.000000000000000000e+01
1.100000000000000000e+01
1.452000000000000000e+03
1.450000000000000000e+02
3.372000000000000000e+03
2.148000000000000000e+03
6.260000000000000000e+02
6.290000000000000000e+02
1.580000000000000000e+02
1.970000000000000000e+02
2.111000000000000000e+04
1.721000000000000000e+03
5.510000000000000000e+02
7.000000000000000000e+01
1.300000000000000000e+02
1.356000000000000000e+03
1.201000000000000000e+03
1.520000000000000000e+02
1.800000000000000000e+01
1.000000000000000000e+01
1.000000000000000000e+01
2.731000000000000000e+03
0.000000000000000000e+00
4.000000000000000000e+00
4.000000000000000000e+00
1.400000000000000000e+01
7.640000000000000000e+02
1.157000000000000000e+03
0.000000000000000000e+00
3.000000000000000000e+00
0.000000000000000000e+00
5.000000000000000000e+00
0.000000000000000000e+00
2.190000000000000000e+02
1.120000000000000000e+02
0.000000000000000000e+00
1.000000000000000000e+00
0.000000000000000000e+00
0.000000000000000000e+00
1.000000000000000000e+00
0.000000000000000000e+00
4.160000000000000000e+02
1.100000000000000000e+01
0.000000000000000000e+00
0.000000000000000000e+00
0.000000000000000000e+00
3.300000000000000000e+01
0.000000000000000000e+00
0.000000000000000000e+00
0.000000000000000000e+00
0.000000000000000000e+00
2.300000000000000000e+01
0.000000000000000000e+00
0.000000000000000000e+00
0.000000000000000000e+00
0.000000000000000000e+00
0.000000000000000000e+00
1.820000000000000000e+02
0.000000000000000000e+00
0.000000000000000000e+00
0.000000000000000000e+00
5.800000000000000000e+01
0.000000000000000000e+00
0.000000000000000000e+00
1.600000000000000000e+01
1.500000000000000000e+01
1.725000000000000000e+03
3.000000000000000000e+00
1.000000000000000000e+00
0.000000000000000000e+00
2.200000000000000000e+01
4.780000000000000000e+02
6.000000000000000000e+00
7.000000000000000000e+00
8.320000000000000000e+02
6.900000000000000000e+01
8.400000000000000000e+01
4.700000000000000000e+01
3.760000000000000000e+02
1.280000000000000000e+02
1.450000000000000000e+02
7.222000000000000000e+04
3.600000000000000000e+01
1.689000000000000000e+03
4.791000000000000000e+03
2.554000000000000000e+03
2.988000000000000000e+03
2.959000000000000000e+03
3.330000000000000000e+03
4.599000000000000000e+03
4.063000000000000000e+03
6.128000000000000000e+03
1.385300000000000000e+04
8.744000000000000000e+03
2.831000000000000000e+03
2.592000000000000000e+03
2.028000000000000000e+03
1.807000000000000000e+03
1.650000000000000000e+03
1.697000000000000000e+03
1.435000000000000000e+03
1.676000000000000000e+03
1.524000000000000000e+03
1.543000000000000000e+03
1.955000000000000000e+03
2.508000000000000000e+03
1.300000000000000000e+03
1.557000000000000000e+03
1.238000000000000000e+03
1.380000000000000000e+03
1.297000000000000000e+03
1.435000000000000000e+03
1.325000000000000000e+03
1.189000000000000000e+03
1.269000000000000000e+03
1.159000000000000000e+03
1.068000000000000000e+03
1.624000000000000000e+03
8.840000000000000000e+02
1.283000000000000000e+03
1.276000000000000000e+03
9.830000000000000000e+02
1.005000000000000000e+03
9.740000000000000000e+02
1.084000000000000000e+03
1.125000000000000000e+03
1.129000000000000000e+03
1.133000000000000000e+03
1.112000000000000000e+03
1.167000000000000000e+03
1.177000000000000000e+03
1.182000000000000000e+03
1.081000000000000000e+03
1.277000000000000000e+03
1.430000000000000000e+03
1.363000000000000000e+03
1.018000000000000000e+03
1.079000000000000000e+03
9.740000000000000000e+02
8.820000000000000000e+02
7.300000000000000000e+02
8.040000000000000000e+02
8.590000000000000000e+02
7.540000000000000000e+02
5.620000000000000000e+02
9.420000000000000000e+02
7.510000000000000000e+02
6.880000000000000000e+02
7.840000000000000000e+02
8.950000000000000000e+02
6.970000000000000000e+02
9.390000000000000000e+02
6.710000000000000000e+02
7.530000000000000000e+02
7.160000000000000000e+02
6.430000000000000000e+02
6.880000000000000000e+02
7.340000000000000000e+02
7.000000000000000000e+02
7.550000000000000000e+02
5.110000000000000000e+02
6.350000000000000000e+02
6.120000000000000000e+02
6.280000000000000000e+02
6.620000000000000000e+02
5.350000000000000000e+02
7.180000000000000000e+02
4.480000000000000000e+02
3.840000000000000000e+02
4.330000000000000000e+02
4.680000000000000000e+02
4.920000000000000000e+02
4.400000000000000000e+02
3.380000000000000000e+02
3.460000000000000000e+02
2.500000000000000000e+02
1.720000000000000000e+02
2.250000000000000000e+02
1.300000000000000000e+02
1.480000000000000000e+02
7.400000000000000000e+01
8.000000000000000000e+01
6.000000000000000000e+01
1.660000000000000000e+02
5.400000000000000000e+01
6.800000000000000000e+01
4.600000000000000000e+01
9.200000000000000000e+01
5.300000000000000000e+01
4.100000000000000000e+01
1.050000000000000000e+02
3.500000000000000000e+01
4.500000000000000000e+01
4.800000000000000000e+01
5.300000000000000000e+01
3.500000000000000000e+01
3.100000000000000000e+01
7.600000000000000000e+01
3.000000000000000000e+01
5.900000000000000000e+01
4.300000000000000000e+01
5.500000000000000000e+01
3.400000000000000000e+01
1.900000000000000000e+01
4.400000000000000000e+01
2.500000000000000000e+01
2.100000000000000000e+01
3.100000000000000000e+01
3.500000000000000000e+01
1.870000000000000000e+02
1.700000000000000000e+01
3.100000000000000000e+01
3.300000000000000000e+01
2.500000000000000000e+01
2.500000000000000000e+01
3.200000000000000000e+01
4.700000000000000000e+01
3.300000000000000000e+01
3.500000000000000000e+01
4.000000000000000000e+01
6.100000000000000000e+01
2.900000000000000000e+01
2.800000000000000000e+01
8.300000000000000000e+01
3.500000000000000000e+01
3.300000000000000000e+01
2.400000000000000000e+01
4.400000000000000000e+01
3.000000000000000000e+01
3.000000000000000000e+01
2.900000000000000000e+01
2.600000000000000000e+01
3.500000000000000000e+01
3.200000000000000000e+01
6.700000000000000000e+01
1.800000000000000000e+01
2.600000000000000000e+01
3.000000000000000000e+01
2.600000000000000000e+01
2.400000000000000000e+01
6.800000000000000000e+01
1.900000000000000000e+01
3.100000000000000000e+01
3.100000000000000000e+01
2.800000000000000000e+01
3.700000000000000000e+01
3.000000000000000000e+01
3.000000000000000000e+01
8.000000000000000000e+00
2.000000000000000000e+01
1.700000000000000000e+01
7.500000000000000000e+01
1.500000000000000000e+01
1.500000000000000000e+01
2.300000000000000000e+01
3.600000000000000000e+01
2.200000000000000000e+01
4.000000000000000000e+00
3.000000000000000000e+01
1.300000000000000000e+01
1.900000000000000000e+01
1.100000000000000000e+01
9.000000000000000000e+00
4.100000000000000000e+01
7.000000000000000000e+00
1.800000000000000000e+01
3.900000000000000000e+01
1.100000000000000000e+01
1.800000000000000000e+01
1.200000000000000000e+01
1.200000000000000000e+01
8.000000000000000000e+00
4.600000000000000000e+01
9.000000000000000000e+00
1.000000000000000000e+01
6.000000000000000000e+00
6.000000000000000000e+00
1.000000000000000000e+01
8.000000000000000000e+00
1.500000000000000000e+01
1.000000000000000000e+01
1.700000000000000000e+01
1.000000000000000000e+01
6.000000000000000000e+00
6.000000000000000000e+00
2.600000000000000000e+01
4.000000000000000000e+00
5.000000000000000000e+00
6.000000000000000000e+00
5.000000000000000000e+00
1.600000000000000000e+01
2.000000000000000000e+00
7.000000000000000000e+00
3.000000000000000000e+00
3.200000000000000000e+01
4.000000000000000000e+00
6.000000000000000000e+00
9.000000000000000000e+00
4.000000000000000000e+00
3.000000000000000000e+00
1.500000000000000000e+01
5.000000000000000000e+00
4.000000000000000000e+00
7.000000000000000000e+00
1.000000000000000000e+01
7.000000000000000000e+00
4.000000000000000000e+00
1.000000000000000000e+00
7.000000000000000000e+00
4.000000000000000000e+00
6.000000000000000000e+00
1.000000000000000000e+01
9.000000000000000000e+00
9.000000000000000000e+00
0.000000000000000000e+00
8.000000000000000000e+00
5.000000000000000000e+00
2.000000000000000000e+00
4.000000000000000000e+00
2.000000000000000000e+00
3.000000000000000000e+00
6.000000000000000000e+00
3.000000000000000000e+00
7.000000000000000000e+00
6.000000000000000000e+00
0.000000000000000000e+00
2.000000000000000000e+00
2.000000000000000000e+00
5.000000000000000000e+00
2.000000000000000000e+00
1.000000000000000000e+00
2.000000000000000000e+00
0.000000000000000000e+00
4.000000000000000000e+00
0.000000000000000000e+00
0.000000000000000000e+00
3.180000000000000000e+02
3.400000000000000000e+01
4.100000000000000000e+01
5.700000000000000000e+01
8.400000000000000000e+01
1.120000000000000000e+02
1.350000000000000000e+02
1.690000000000000000e+02
1.710000000000000000e+02
2.120000000000000000e+02
2.590000000000000000e+02
2.370000000000000000e+02
3.060000000000000000e+02
3.260000000000000000e+02
3.180000000000000000e+02
3.520000000000000000e+02
3.600000000000000000e+02
3.170000000000000000e+02
2.810000000000000000e+02
2.960000000000000000e+02
2.990000000000000000e+02
2.930000000000000000e+02
2.830000000000000000e+02
2.790000000000000000e+02
2.790000000000000000e+02
2.840000000000000000e+02
3.060000000000000000e+02
2.930000000000000000e+02
2.820000000000000000e+02
2.840000000000000000e+02
3.210000000000000000e+02
2.910000000000000000e+02
3.380000000000000000e+02
3.950000000000000000e+02
4.210000000000000000e+02
4.770000000000000000e+02
4.520000000000000000e+02
5.280000000000000000e+02
5.470000000000000000e+02
6.200000000000000000e+02
6.800000000000000000e+02
6.300000000000000000e+02
6.210000000000000000e+02
6.740000000000000000e+02
6.720000000000000000e+02
7.240000000000000000e+02
7.400000000000000000e+02
6.860000000000000000e+02
7.480000000000000000e+02
7.250000000000000000e+02
7.480000000000000000e+02
7.490000000000000000e+02
7.620000000000000000e+02
7.610000000000000000e+02
6.970000000000000000e+02
6.540000000000000000e+02
6.680000000000000000e+02
6.230000000000000000e+02
6.770000000000000000e+02
6.720000000000000000e+02
6.470000000000000000e+02
6.570000000000000000e+02
7.170000000000000000e+02
6.100000000000000000e+02
6.200000000000000000e+02
6.190000000000000000e+02
6.330000000000000000e+02
6.370000000000000000e+02
6.800000000000000000e+02
6.290000000000000000e+02
7.490000000000000000e+02
7.860000000000000000e+02
7.380000000000000000e+02
8.030000000000000000e+02
7.800000000000000000e+02
8.060000000000000000e+02
8.270000000000000000e+02
8.350000000000000000e+02
8.900000000000000000e+02
8.920000000000000000e+02
8.770000000000000000e+02
9.000000000000000000e+02
1.002000000000000000e+03
1.031000000000000000e+03
1.113000000000000000e+03
1.126000000000000000e+03
1.232000000000000000e+03
1.162000000000000000e+03
1.266000000000000000e+03
1.123000000000000000e+03
1.284000000000000000e+03
1.297000000000000000e+03
1.208000000000000000e+03
1.240000000000000000e+03
1.157000000000000000e+03
1.218000000000000000e+03
1.232000000000000000e+03
1.121000000000000000e+03
1.082000000000000000e+03
1.125000000000000000e+03
1.057000000000000000e+03
1.084000000000000000e+03
1.092000000000000000e+03
1.139000000000000000e+03
9.990000000000000000e+02
1.045000000000000000e+03
1.092000000000000000e+03
1.024000000000000000e+03
1.026000000000000000e+03
1.107000000000000000e+03
1.108000000000000000e+03
1.263000000000000000e+03
1.228000000000000000e+03
1.267000000000000000e+03
1.231000000000000000e+03
1.315000000000000000e+03
1.184000000000000000e+03
1.243000000000000000e+03
1.140000000000000000e+03
1.249000000000000000e+03
1.309000000000000000e+03
1.334000000000000000e+03
1.098000000000000000e+03
1.142000000000000000e+03
1.091000000000000000e+03
1.146000000000000000e+03
1.137000000000000000e+03
1.004000000000000000e+03
1.014000000000000000e+03
9.280000000000000000e+02
9.100000000000000000e+02
8.930000000000000000e+02
8.720000000000000000e+02
9.540000000000000000e+02
9.320000000000000000e+02
9.230000000000000000e+02
9.530000000000000000e+02
1.061000000000000000e+03
9.690000000000000000e+02
9.150000000000000000e+02
1.001000000000000000e+03
9.730000000000000000e+02
8.920000000000000000e+02
8.990000000000000000e+02
8.360000000000000000e+02
9.060000000000000000e+02
8.360000000000000000e+02
8.340000000000000000e+02
8.890000000000000000e+02
9.180000000000000000e+02
7.840000000000000000e+02
8.150000000000000000e+02
9.170000000000000000e+02
8.880000000000000000e+02
8.640000000000000000e+02
8.680000000000000000e+02
7.520000000000000000e+02
9.890000000000000000e+02
1.379000000000000000e+03
1.681000000000000000e+03
1.765000000000000000e+03
3.079000000000000000e+03
1.788000000000000000e+03
1.970000000000000000e+03
1.706000000000000000e+03
1.486000000000000000e+03
1.370000000000000000e+03
1.503000000000000000e+03
1.513000000000000000e+03
1.274000000000000000e+03
1.422000000000000000e+03
1.325000000000000000e+03
1.489000000000000000e+03
1.466000000000000000e+03
1.407000000000000000e+03
1.518000000000000000e+03
1.243000000000000000e+03
1.333000000000000000e+03
1.553000000000000000e+03
1.290000000000000000e+03
1.498000000000000000e+03
1.440000000000000000e+03
1.357000000000000000e+03
1.301000000000000000e+03
1.597000000000000000e+03
1.451000000000000000e+03
1.689000000000000000e+03
1.265000000000000000e+03
1.941000000000000000e+03
1.446000000000000000e+03
1.834000000000000000e+03
1.749000000000000000e+03
1.985000000000000000e+03
2.450000000000000000e+03
2.178000000000000000e+03
2.159000000000000000e+03
1.917000000000000000e+03
2.392000000000000000e+03
1.544000000000000000e+03
1.996000000000000000e+03
1.335000000000000000e+03
1.323000000000000000e+03
1.292000000000000000e+03
1.092000000000000000e+03
9.800000000000000000e+02
9.110000000000000000e+02
9.360000000000000000e+02
8.650000000000000000e+02
8.220000000000000000e+02
7.670000000000000000e+02
7.270000000000000000e+02
5.970000000000000000e+02
5.260000000000000000e+02
5.880000000000000000e+02
5.500000000000000000e+02
4.910000000000000000e+02
4.480000000000000000e+02
4.420000000000000000e+02
4.340000000000000000e+02
4.480000000000000000e+02
4.470000000000000000e+02
4.810000000000000000e+02
5.040000000000000000e+02
5.200000000000000000e+02
4.550000000000000000e+02
4.400000000000000000e+02
4.020000000000000000e+02
4.010000000000000000e+02
4.130000000000000000e+02
3.680000000000000000e+02
3.580000000000000000e+02
3.330000000000000000e+02
3.020000000000000000e+02
3.180000000000000000e+02
3.090000000000000000e+02
3.240000000000000000e+02
3.050000000000000000e+02
3.230000000000000000e+02
3.220000000000000000e+02
2.610000000000000000e+02
2.630000000000000000e+02
2.590000000000000000e+02
2.700000000000000000e+02
2.890000000000000000e+02
2.750000000000000000e+02
2.550000000000000000e+02
2.120000000000000000e+02
2.040000000000000000e+02
2.040000000000000000e+02
2.350000000000000000e+02
2.360000000000000000e+02
2.180000000000000000e+02
2.660000000000000000e+02
2.650000000000000000e+02
3.300000000000000000e+02
3.960000000000000000e+02
5.740000000000000000e+02
