8.679000000000000000e+03
6.640000000000000000e+02
1.835000000000000000e+03
3.851000000000000000e+03
7.070000000000000000e+02
8.086000000000000000e+03
4.839000000000000000e+03
6.930000000000000000e+02
5.439000000000000000e+03
2.862000000000000000e+03
3.526000000000000000e+03
6.196000000000000000e+03
3.719000000000000000e+03
8.080000000000000000e+03
5.953000000000000000e+03
1.031400000000000000e+04
1.537000000000000000e+04
1.830100000000000000e+04
2.355100000000000000e+04
2.650800000000000000e+04
2.582200000000000000e+04
2.627000000000000000e+04
2.695700000000000000e+04
2.461300000000000000e+04
2.082400000000000000e+04
1.335100000000000000e+04
1.841100000000000000e+04
1.228900000000000000e+04
1.640600000000000000e+04
1.503200000000000000e+04
2.157900000000000000e+04
1.265600000000000000e+04
1.430500000000000000e+04
9.613000000000000000e+03
7.041000000000000000e+03
1.017500000000000000e+04
3.014000000000000000e+03
1.414000000000000000e+03
2.655000000000000000e+03
1.220000000000000000e+03
1.302000000000000000e+03
2.960000000000000000e+02
1.106000000000000000e+03
1.501000000000000000e+03
1.260000000000000000e+02
4.210000000000000000e+02
2.910000000000000000e+02
3.700000000000000000e+01
6.560000000000000000e+02
4.800000000000000000e+01
1.005000000000000000e+03
5.660000000000000000e+02
2.620000000000000000e+02
5.200000000000000000e+01
1.190000000000000000e+02
4.870000000000000000e+02
3.490000000000000000e+02
1.570000000000000000e+02
5.900000000000000000e+01
1.700000000000000000e+01
4.670000000000000000e+02
5.000000000000000000e+00
5.600000000000000000e+01
2.200000000000000000e+02
0.000000000000000000e+00
1.020000000000000000e+02
8.250000000000000000e+02
7.400000000000000000e+01
1.480000000000000000e+02
1.810000000000000000e+02
3.550000000000000000e+02
4.300000000000000000e+01
7.000000000000000000e+01
3.120000000000000000e+02
3.760000000000000000e+02
1.392000000000000000e+03
1.200000000000000000e+02
8.400000000000000000e+01
3.500000000000000000e+01
3.290000000000000000e+02
1.199000000000000000e+03
4.800000000000000000e+01
9.900000000000000000e+01
7.330000000000000000e+02
3.010000000000000000e+02
2.920000000000000000e+02
5.800000000000000000e+01
8.290000000000000000e+02
1.060000000000000000e+02
1.110000000000000000e+02
1.334000000000000000e+03
1.650000000000000000e+02
3.410000000000000000e+02
5.450000000000000000e+02
1.490000000000000000e+02
1.942000000000000000e+03
1.443000000000000000e+03
4.260000000000000000e+02
2.052000000000000000e+03
1.710000000000000000e+03
3.174000000000000000e+03
7.699000000000000000e+03
7.332000000000000000e+03
1.532600000000000000e+04
1.498100000000000000e+04
1.619700000000000000e+04
1.282400000000000000e+04
1.599700000000000000e+04
1.281800000000000000e+04
2.364700000000000000e+04
1.960000000000000000e+04
1.942900000000000000e+04
1.161600000000000000e+04
7.204000000000000000e+03
8.186000000000000000e+03
1.345100000000000000e+04
8.878000000000000000e+03
9.300000000000000000e+01
2.840000000000000000e+02
3.600000000000000000e+01
2.575700000000000000e+04
0.000000000000000000e+00
5.137000000000000000e+03
4.300000000000000000e+01
8.719000000000000000e+03
2.515300000000000000e+04
1.749600000000000000e+04
7.000000000000000000e+00
5.060000000000000000e+03
6.220000000000000000e+02
1.012000000000000000e+04
2.000000000000000000e+00
1.152300000000000000e+04
1.395200000000000000e+04
0.000000000000000000e+00
7.270000000000000000e+02
3.000000000000000000e+00
0.000000000000000000e+00
5.039000000000000000e+03
0.000000000000000000e+00
5.949000000000000000e+03
1.602200000000000000e+04
2.170000000000000000e+02
2.000000000000000000e+00
3.000000000000000000e+00
1.620500000000000000e+04
2.441000000000000000e+03
1.800000000000000000e+01
0.000000000000000000e+00
0.000000000000000000e+00
1.176100000000000000e+04
0.000000000000000000e+00
0.000000000000000000e+00
4.360000000000000000e+02
0.000000000000000000e+00
1.250000000000000000e+02
9.786000000000000000e+03
0.000000000000000000e+00
1.019000000000000000e+03
9.000000000000000000e+00
5.004000000000000000e+03
0.000000000000000000e+00
0.000000000000000000e+00
6.255000000000000000e+03
1.790000000000000000e+03
4.366000000000000000e+03
8.000000000000000000e+00
0.000000000000000000e+00
0.000000000000000000e+00
2.989000000000000000e+03
7.115000000000000000e+03
1.000000000000000000e+00
0.000000000000000000e+00
3.526000000000000000e+03
2.530000000000000000e+02
9.710000000000000000e+02
2.000000000000000000e+01
5.985000000000000000e+03
2.740000000000000000e+02
1.640000000000000000e+02
2.551000000000000000e+03
6.500000000000000000e+01
1.774000000000000000e+03
3.253000000000000000e+03
1.870000000000000000e+03
3.629000000000000000e+03
3.833000000000000000e+03
6.853000000000000000e+03
1.593200000000000000e+04
2.209600000000000000e+04
2.293600000000000000e+04
9.847000000000000000e+03
1.270200000000000000e+04
1.416500000000000000e+04
1.533800000000000000e+04
1.446700000000000000e+04
1.117100000000000000e+04
1.015100000000000000e+04
9.235000000000000000e+03
8.502000000000000000e+03
8.153000000000000000e+03
7.820000000000000000e+03
7.899000000000000000e+03
8.666000000000000000e+03
8.719000000000000000e+03
7.468000000000000000e+03
8.797000000000000000e+03
7.009000000000000000e+03
7.583000000000000000e+03
6.487000000000000000e+03
7.231000000000000000e+03
6.599000000000000000e+03
6.724000000000000000e+03
6.510000000000000000e+03
6.511000000000000000e+03
6.049000000000000000e+03
7.185000000000000000e+03
4.373000000000000000e+03
6.022000000000000000e+03
5.827000000000000000e+03
6.192000000000000000e+03
5.569000000000000000e+03
5.204000000000000000e+03
6.190000000000000000e+03
5.561000000000000000e+03
5.384000000000000000e+03
6.062000000000000000e+03
5.056000000000000000e+03
5.366000000000000000e+03
6.039000000000000000e+03
4.962000000000000000e+03
6.439000000000000000e+03
4.288000000000000000e+03
5.601000000000000000e+03
4.491000000000000000e+03
5.788000000000000000e+03
4.025000000000000000e+03
5.390000000000000000e+03
5.235000000000000000e+03
4.932000000000000000e+03
4.397000000000000000e+03
5.482000000000000000e+03
4.485000000000000000e+03
3.563000000000000000e+03
6.960000000000000000e+03
4.081000000000000000e+03
4.268000000000000000e+03
6.205000000000000000e+03
4.750000000000000000e+03
4.439000000000000000e+03
5.990000000000000000e+03
7.338000000000000000e+03
5.067000000000000000e+03
5.957000000000000000e+03
4.938000000000000000e+03
6.008000000000000000e+03
4.699000000000000000e+03
5.752000000000000000e+03
6.010000000000000000e+03
4.952000000000000000e+03
6.640000000000000000e+03
6.676000000000000000e+03
5.681000000000000000e+03
5.702000000000000000e+03
5.274000000000000000e+03
9.856000000000000000e+03
5.542000000000000000e+03
5.922000000000000000e+03
6.298000000000000000e+03
6.924000000000000000e+03
7.426000000000000000e+03
7.586000000000000000e+03
6.731000000000000000e+03
6.825000000000000000e+03
7.412000000000000000e+03
6.789000000000000000e+03
7.393000000000000000e+03
6.826000000000000000e+03
7.730000000000000000e+03
7.261000000000000000e+03
7.175000000000000000e+03
6.767000000000000000e+03
7.646000000000000000e+03
6.567000000000000000e+03
6.514000000000000000e+03
6.533000000000000000e+03
7.234000000000000000e+03
6.563000000000000000e+03
6.134000000000000000e+03
6.881000000000000000e+03
5.502000000000000000e+03
5.912000000000000000e+03
5.624000000000000000e+03
6.008000000000000000e+03
5.174000000000000000e+03
5.128000000000000000e+03
6.055000000000000000e+03
4.898000000000000000e+03
5.448000000000000000e+03
4.771000000000000000e+03
4.720000000000000000e+03
4.537000000000000000e+03
4.436000000000000000e+03
4.204000000000000000e+03
3.994000000000000000e+03
3.956000000000000000e+03
3.447000000000000000e+03
3.731000000000000000e+03
7.279000000000000000e+03
3.164000000000000000e+03
3.172000000000000000e+03
3.188000000000000000e+03
3.047000000000000000e+03
3.100000000000000000e+03
3.066000000000000000e+03
2.892000000000000000e+03
2.790000000000000000e+03
2.623000000000000000e+03
2.480000000000000000e+03
3.056000000000000000e+03
2.206000000000000000e+03
2.041000000000000000e+03
3.041000000000000000e+03
1.971000000000000000e+03
1.772000000000000000e+03
1.643000000000000000e+03
1.892000000000000000e+03
1.537000000000000000e+03
1.671000000000000000e+03
1.577000000000000000e+03
1.313000000000000000e+03
1.276000000000000000e+03
1.133000000000000000e+03
1.756000000000000000e+03
9.980000000000000000e+02
1.042000000000000000e+03
1.067000000000000000e+03
9.690000000000000000e+02
8.600000000000000000e+02
1.518000000000000000e+03
7.060000000000000000e+02
7.510000000000000000e+02
7.610000000000000000e+02
5.290000000000000000e+02
5.920000000000000000e+02
6.540000000000000000e+02
4.820000000000000000e+02
4.450000000000000000e+02
4.030000000000000000e+02
3.370000000000000000e+02
8.410000000000000000e+02
3.190000000000000000e+02
2.630000000000000000e+02
2.890000000000000000e+02
3.520000000000000000e+02
2.940000000000000000e+02
2.150000000000000000e+02
2.630000000000000000e+02
1.530000000000000000e+02
3.660000000000000000e+02
2.270000000000000000e+02
1.530000000000000000e+02
5.720000000000000000e+02
1.240000000000000000e+02
1.470000000000000000e+02
1.990000000000000000e+02
9.600000000000000000e+01
1.340000000000000000e+02
1.090000000000000000e+02
1.020000000000000000e+02
5.900000000000000000e+01
3.140000000000000000e+02
5.100000000000000000e+01
6.500000000000000000e+01
4.800000000000000000e+01
8.900000000000000000e+01
7.400000000000000000e+01
4.700000000000000000e+01
1.180000000000000000e+02
2.200000000000000000e+01
1.030000000000000000e+02
5.900000000000000000e+01
3.000000000000000000e+01
3.600000000000000000e+01
1.100000000000000000e+02
2.200000000000000000e+01
3.500000000000000000e+01
5.700000000000000000e+01
2.200000000000000000e+01
4.500000000000000000e+01
1.600000000000000000e+01
1.600000000000000000e+01
9.000000000000000000e+00
1.910000000000000000e+02
1.900000000000000000e+01
1.500000000000000000e+01
3.600000000000000000e+01
1.400000000000000000e+01
9.000000000000000000e+00
8.400000000000000000e+01
9.000000000000000000e+00
2.300000000000000000e+01
8.000000000000000000e+00
2.700000000000000000e+01
5.000000000000000000e+00
2.600000000000000000e+01
9.000000000000000000e+00
3.000000000000000000e+01
4.000000000000000000e+00
7.000000000000000000e+00
2.000000000000000000e+01
7.000000000000000000e+00
9.000000000000000000e+00
3.000000000000000000e+00
1.400000000000000000e+01
9.000000000000000000e+00
0.000000000000000000e+00
1.800000000000000000e+01
5.000000000000000000e+00
7.000000000000000000e+00
0.000000000000000000e+00
7.000000000000000000e+00
1.000000000000000000e+00
6.000000000000000000e+00
1.000000000000000000e+00
5.000000000000000000e+00
7.000000000000000000e+00
2.000000000000000000e+00
0.000000000000000000e+00
4.000000000000000000e+00
1.000000000000000000e+00
0.000000000000000000e+00
1.000000000000000000e+00
0.000000000000000000e+00
0.000000000000000000e+00
3.220000000000000000e+02
2.000000000000000000e+00
5.000000000000000000e+00
4.000000000000000000e+01
7.200000000000000000e+01
1.540000000000000000e+02
3.560000000000000000e+02
6.210000000000000000e+02
9.230000000000000000e+02
1.255000000000000000e+03
1.851000000000000000e+03
2.563000000000000000e+03
2.513000000000000000e+03
2.588000000000000000e+03
2.435000000000000000e+03
2.814000000000000000e+03
3.355000000000000000e+03
3.207000000000000000e+03
3.397000000000000000e+03
3.782000000000000000e+03
3.605000000000000000e+03
3.363000000000000000e+03
3.213000000000000000e+03
3.235000000000000000e+03
3.309000000000000000e+03
3.174000000000000000e+03
3.261000000000000000e+03
3.173000000000000000e+03
3.009000000000000000e+03
2.830000000000000000e+03
2.874000000000000000e+03
3.293000000000000000e+03
2.779000000000000000e+03
2.705000000000000000e+03
2.544000000000000000e+03
2.598000000000000000e+03
2.553000000000000000e+03
2.769000000000000000e+03
2.520000000000000000e+03
2.500000000000000000e+03
2.474000000000000000e+03
2.351000000000000000e+03
2.304000000000000000e+03
2.161000000000000000e+03
2.204000000000000000e+03
2.244000000000000000e+03
2.259000000000000000e+03
2.228000000000000000e+03
2.184000000000000000e+03
2.160000000000000000e+03
2.155000000000000000e+03
2.185000000000000000e+03
2.103000000000000000e+03
2.205000000000000000e+03
2.152000000000000000e+03
2.228000000000000000e+03
2.293000000000000000e+03
2.302000000000000000e+03
2.362000000000000000e+03
2.439000000000000000e+03
2.560000000000000000e+03
2.617000000000000000e+03
2.615000000000000000e+03
2.731000000000000000e+03
2.653000000000000000e+03
2.575000000000000000e+03
2.526000000000000000e+03
2.399000000000000000e+03
2.441000000000000000e+03
2.339000000000000000e+03
2.377000000000000000e+03
2.378000000000000000e+03
2.534000000000000000e+03
2.418000000000000000e+03
2.348000000000000000e+03
2.455000000000000000e+03
2.486000000000000000e+03
2.561000000000000000e+03
2.505000000000000000e+03
2.453000000000000000e+03
2.637000000000000000e+03
2.632000000000000000e+03
2.739000000000000000e+03
2.746000000000000000e+03
2.785000000000000000e+03
2.764000000000000000e+03
2.806000000000000000e+03
2.859000000000000000e+03
2.846000000000000000e+03
2.902000000000000000e+03
2.768000000000000000e+03
2.760000000000000000e+03
2.757000000000000000e+03
2.863000000000000000e+03
2.708000000000000000e+03
2.748000000000000000e+03
2.717000000000000000e+03
2.729000000000000000e+03
2.722000000000000000e+03
2.760000000000000000e+03
2.690000000000000000e+03
2.553000000000000000e+03
2.676000000000000000e+03
2.635000000000000000e+03
2.586000000000000000e+03
2.617000000000000000e+03
2.516000000000000000e+03
2.553000000000000000e+03
2.556000000000000000e+03
2.450000000000000000e+03
2.327000000000000000e+03
2.375000000000000000e+03
2.460000000000000000e+03
2.341000000000000000e+03
2.320000000000000000e+03
2.349000000000000000e+03
2.379000000000000000e+03
2.406000000000000000e+03
2.402000000000000000e+03
2.532000000000000000e+03
2.452000000000000000e+03
2.530000000000000000e+03
2.527000000000000000e+03
2.429000000000000000e+03
2.580000000000000000e+03
2.463000000000000000e+03
2.516000000000000000e+03
2.559000000000000000e+03
2.531000000000000000e+03
2.516000000000000000e+03
2.522000000000000000e+03
2.563000000000000000e+03
2.438000000000000000e+03
2.532000000000000000e+03
2.482000000000000000e+03
2.608000000000000000e+03
2.597000000000000000e+03
2.520000000000000000e+03
2.628000000000000000e+03
2.750000000000000000e+03
2.762000000000000000e+03
2.937000000000000000e+03
2.971000000000000000e+03
2.919000000000000000e+03
3.002000000000000000e+03
3.101000000000000000e+03
3.001000000000000000e+03
3.108000000000000000e+03
3.043000000000000000e+03
3.139000000000000000e+03
3.231000000000000000e+03
3.202000000000000000e+03
3.319000000000000000e+03
3.434000000000000000e+03
3.448000000000000000e+03
3.531000000000000000e+03
3.586000000000000000e+03
3.694000000000000000e+03
3.787000000000000000e+03
3.801000000000000000e+03
3.859000000000000000e+03
4.045000000000000000e+03
4.195000000000000000e+03
4.342000000000000000e+03
4.441000000000000000e+03
4.504000000000000000e+03
4.799000000000000000e+03
4.956000000000000000e+03
5.267000000000000000e+03
5.393000000000000000e+03
5.571000000000000000e+03
5.754000000000000000e+03
6.052000000000000000e+03
6.414000000000000000e+03
6.604000000000000000e+03
6.890000000000000000e+03
7.473000000000000000e+03
7.548000000000000000e+03
7.895000000000000000e+03
8.325000000000000000e+03
8.511000000000000000e+03
8.306000000000000000e+03
8.663000000000000000e+03
8.787000000000000000e+03
8.827000000000000000e+03
8.756000000000000000e+03
8.953000000000000000e+03
8.872000000000000000e+03
8.681000000000000000e+03
8.470000000000000000e+03
8.211000000000000000e+03
7.758000000000000000e+03
7.868000000000000000e+03
7.549000000000000000e+03
7.686000000000000000e+03
7.522000000000000000e+03
7.219000000000000000e+03
7.398000000000000000e+03
7.590000000000000000e+03
7.661000000000000000e+03
7.076000000000000000e+03
6.764000000000000000e+03
6.412000000000000000e+03
5.954000000000000000e+03
5.567000000000000000e+03
5.662000000000000000e+03
5.599000000000000000e+03
5.342000000000000000e+03
5.358000000000000000e+03
5.362000000000000000e+03
5.413000000000000000e+03
5.454000000000000000e+03
5.403000000000000000e+03
5.128000000000000000e+03
5.215000000000000000e+03
5.117000000000000000e+03
5.209000000000000000e+03
5.147000000000000000e+03
5.090000000000000000e+03
4.854000000000000000e+03
5.069000000000000000e+03
4.996000000000000000e+03
5.077000000000000000e+03
5.197000000000000000e+03
4.921000000000000000e+03
4.842000000000000000e+03
4.671000000000000000e+03
4.589000000000000000e+03
4.571000000000000000e+03
4.585000000000000000e+03
4.559000000000000000e+03
4.432000000000000000e+03
4.285000000000000000e+03
4.156000000000000000e+03
4.000000000000000000e+03
3.979000000000000000e+03
3.682000000000000000e+03
3.619000000000000000e+03
3.517000000000000000e+03
3.512000000000000000e+03
3.421000000000000000e+03
3.298000000000000000e+03
3.116000000000000000e+03
2.983000000000000000e+03
3.008000000000000000e+03
2.859000000000000000e+03
2.799000000000000000e+03
2.607000000000000000e+03
2.386000000000000000e+03
2.236000000000000000e+03
1.924000000000000000e+03
1.666000000000000000e+03
1.379000000000000000e+03
1.104000000000000000e+03
8.160000000000000000e+02
7.000000000000000000e+02
1.364000000000000000e+03
