1.550000000000000000e+03
1.400000000000000000e+01
1.600000000000000000e+01
7.800000000000000000e+01
7.000000000000000000e+00
1.760000000000000000e+02
1.206700000000000000e+04
2.200000000000000000e+01
5.890000000000000000e+02
4.300000000000000000e+01
4.900000000000000000e+01
2.177700000000000000e+04
8.000000000000000000e+01
1.251550000000000000e+05
1.662000000000000000e+03
1.121000000000000000e+03
2.352100000000000000e+04
1.139000000000000000e+03
8.160000000000000000e+02
4.452500000000000000e+04
3.798000000000000000e+03
1.733400000000000000e+04
4.247000000000000000e+03
1.246000000000000000e+03
1.824000000000000000e+03
2.315000000000000000e+03
1.117000000000000000e+03
1.060000000000000000e+02
1.370000000000000000e+02
1.410000000000000000e+02
1.818000000000000000e+03
8.100000000000000000e+01
2.230000000000000000e+02
2.040000000000000000e+02
5.940000000000000000e+02
2.185000000000000000e+03
5.700000000000000000e+02
3.470000000000000000e+02
6.510000000000000000e+02
3.790000000000000000e+02
8.280000000000000000e+02
2.430000000000000000e+02
8.290000000000000000e+02
2.145000000000000000e+03
3.430000000000000000e+02
4.430000000000000000e+02
4.720000000000000000e+02
2.530000000000000000e+02
7.900000000000000000e+02
3.050000000000000000e+02
9.130000000000000000e+02
8.140000000000000000e+02
3.480000000000000000e+02
2.500000000000000000e+02
2.670000000000000000e+02
6.560000000000000000e+02
4.200000000000000000e+02
2.040000000000000000e+02
3.620000000000000000e+02
4.400000000000000000e+01
5.530000000000000000e+02
2.100000000000000000e+01
3.560000000000000000e+02
2.050000000000000000e+02
8.000000000000000000e+00
1.670000000000000000e+02
7.080000000000000000e+02
3.030000000000000000e+02
1.590000000000000000e+02
4.780000000000000000e+02
4.540000000000000000e+02
2.530000000000000000e+02
1.170000000000000000e+02
3.140000000000000000e+02
6.290000000000000000e+02
8.070000000000000000e+02
3.380000000000000000e+02
7.800000000000000000e+01
2.600000000000000000e+01
3.490000000000000000e+02
1.558000000000000000e+03
5.400000000000000000e+01
6.100000000000000000e+01
7.620000000000000000e+02
6.810000000000000000e+02
7.770000000000000000e+02
3.700000000000000000e+02
1.766000000000000000e+03
6.050000000000000000e+02
6.310000000000000000e+02
4.619000000000000000e+03
1.176000000000000000e+03
1.767000000000000000e+03
2.559000000000000000e+03
5.074000000000000000e+03
6.839000000000000000e+03
7.829000000000000000e+03
3.071000000000000000e+03
9.335000000000000000e+03
6.299000000000000000e+03
8.568000000000000000e+03
1.856600000000000000e+04
2.338000000000000000e+04
3.088000000000000000e+04
2.646300000000000000e+04
6.864600000000000000e+04
3.334700000000000000e+04
2.400400000000000000e+04
1.948000000000000000e+04
1.625100000000000000e+04
1.044700000000000000e+04
1.864000000000000000e+04
9.408000000000000000e+03
9.993000000000000000e+03
3.533000000000000000e+03
2.913000000000000000e+03
2.090000000000000000e+03
1.190000000000000000e+02
1.390000000000000000e+02
7.000000000000000000e+01
4.300000000000000000e+03
4.000000000000000000e+00
1.290000000000000000e+02
2.200000000000000000e+01
2.780000000000000000e+02
8.290000000000000000e+02
1.112000000000000000e+03
2.500000000000000000e+01
4.300000000000000000e+01
1.100000000000000000e+01
1.040000000000000000e+02
3.000000000000000000e+00
5.890000000000000000e+02
2.640000000000000000e+02
2.000000000000000000e+00
1.600000000000000000e+01
5.000000000000000000e+00
1.000000000000000000e+00
2.000000000000000000e+01
1.000000000000000000e+00
4.205000000000000000e+03
2.600000000000000000e+01
8.000000000000000000e+00
0.000000000000000000e+00
1.000000000000000000e+00
8.200000000000000000e+01
1.700000000000000000e+01
5.000000000000000000e+00
1.000000000000000000e+00
2.000000000000000000e+00
9.200000000000000000e+01
5.000000000000000000e+00
3.000000000000000000e+00
8.000000000000000000e+00
3.000000000000000000e+00
6.000000000000000000e+00
2.780000000000000000e+02
4.000000000000000000e+00
1.100000000000000000e+01
1.300000000000000000e+01
6.200000000000000000e+01
3.000000000000000000e+00
4.000000000000000000e+00
2.000000000000000000e+01
1.400000000000000000e+01
3.369000000000000000e+03
7.000000000000000000e+00
4.000000000000000000e+00
1.000000000000000000e+00
1.500000000000000000e+01
2.310000000000000000e+02
5.000000000000000000e+00
2.100000000000000000e+01
7.670000000000000000e+02
3.500000000000000000e+01
5.200000000000000000e+01
1.400000000000000000e+01
2.500000000000000000e+02
3.200000000000000000e+01
2.000000000000000000e+01
7.330000000000000000e+02
1.890000000000000000e+02
7.590000000000000000e+02
4.111000000000000000e+03
2.358000000000000000e+03
6.604000000000000000e+03
3.386000000000000000e+03
5.011000000000000000e+03
8.464000000000000000e+03
8.213000000000000000e+03
9.568000000000000000e+03
1.814500000000000000e+04
2.692000000000000000e+04
2.964900000000000000e+04
3.146500000000000000e+04
2.835500000000000000e+04
2.505700000000000000e+04
2.123700000000000000e+04
1.739100000000000000e+04
1.382500000000000000e+04
1.009200000000000000e+04
7.814000000000000000e+03
6.051000000000000000e+03
5.438000000000000000e+03
4.427000000000000000e+03
3.834000000000000000e+03
3.484000000000000000e+03
3.181000000000000000e+03
2.989000000000000000e+03
2.808000000000000000e+03
2.793000000000000000e+03
2.709000000000000000e+03
3.184000000000000000e+03
3.212000000000000000e+03
3.484000000000000000e+03
3.876000000000000000e+03
3.675000000000000000e+03
3.039000000000000000e+03
3.647000000000000000e+03
3.593000000000000000e+03
3.507000000000000000e+03
3.582000000000000000e+03
3.500000000000000000e+03
3.743000000000000000e+03
3.900000000000000000e+03
4.049000000000000000e+03
3.957000000000000000e+03
4.137000000000000000e+03
3.615000000000000000e+03
4.095000000000000000e+03
4.214000000000000000e+03
3.640000000000000000e+03
3.475000000000000000e+03
3.601000000000000000e+03
3.318000000000000000e+03
3.302000000000000000e+03
3.108000000000000000e+03
3.088000000000000000e+03
2.999000000000000000e+03
2.992000000000000000e+03
2.837000000000000000e+03
2.848000000000000000e+03
2.574000000000000000e+03
2.454000000000000000e+03
2.568000000000000000e+03
2.564000000000000000e+03
2.235000000000000000e+03
2.219000000000000000e+03
2.242000000000000000e+03
1.993000000000000000e+03
2.214000000000000000e+03
2.083000000000000000e+03
2.017000000000000000e+03
2.005000000000000000e+03
1.873000000000000000e+03
2.015000000000000000e+03
1.786000000000000000e+03
1.969000000000000000e+03
1.979000000000000000e+03
1.607000000000000000e+03
1.705000000000000000e+03
1.987000000000000000e+03
1.961000000000000000e+03
1.842000000000000000e+03
1.557000000000000000e+03
2.414000000000000000e+03
1.565000000000000000e+03
2.015000000000000000e+03
1.930000000000000000e+03
2.036000000000000000e+03
1.923000000000000000e+03
1.895000000000000000e+03
1.706000000000000000e+03
2.026000000000000000e+03
1.904000000000000000e+03
1.701000000000000000e+03
2.200000000000000000e+03
1.643000000000000000e+03
2.351000000000000000e+03
1.545000000000000000e+03
2.129000000000000000e+03
1.837000000000000000e+03
1.886000000000000000e+03
1.807000000000000000e+03
1.963000000000000000e+03
1.348000000000000000e+03
2.212000000000000000e+03
1.823000000000000000e+03
1.472000000000000000e+03
1.916000000000000000e+03
1.269000000000000000e+03
1.906000000000000000e+03
1.287000000000000000e+03
1.763000000000000000e+03
1.852000000000000000e+03
1.279000000000000000e+03
1.555000000000000000e+03
1.579000000000000000e+03
1.879000000000000000e+03
1.232000000000000000e+03
2.008000000000000000e+03
1.537000000000000000e+03
1.383000000000000000e+03
2.074000000000000000e+03
1.729000000000000000e+03
1.332000000000000000e+03
1.118000000000000000e+03
2.146000000000000000e+03
2.486000000000000000e+03
1.178000000000000000e+03
1.498000000000000000e+03
1.719000000000000000e+03
2.006000000000000000e+03
2.735000000000000000e+03
1.843000000000000000e+03
1.876000000000000000e+03
1.762000000000000000e+03
2.155000000000000000e+03
3.139000000000000000e+03
2.021000000000000000e+03
2.239000000000000000e+03
2.210000000000000000e+03
2.589000000000000000e+03
2.413000000000000000e+03
2.960000000000000000e+03
2.167000000000000000e+03
2.399000000000000000e+03
2.209000000000000000e+03
2.380000000000000000e+03
2.329000000000000000e+03
2.099000000000000000e+03
2.419000000000000000e+03
1.912000000000000000e+03
2.277000000000000000e+03
1.799000000000000000e+03
2.045000000000000000e+03
1.905000000000000000e+03
1.784000000000000000e+03
2.132000000000000000e+03
2.211000000000000000e+03
2.281000000000000000e+03
3.084000000000000000e+03
3.013000000000000000e+03
2.707000000000000000e+03
3.347000000000000000e+03
3.099000000000000000e+03
3.364000000000000000e+03
3.788000000000000000e+03
3.955000000000000000e+03
3.013000000000000000e+03
4.078000000000000000e+03
2.472000000000000000e+03
3.510000000000000000e+03
4.433000000000000000e+03
4.772000000000000000e+03
2.667000000000000000e+03
2.607000000000000000e+03
2.410000000000000000e+03
1.751000000000000000e+03
2.190000000000000000e+03
9.830000000000000000e+02
8.450000000000000000e+02
8.630000000000000000e+02
7.580000000000000000e+02
9.000000000000000000e+02
5.340000000000000000e+02
5.200000000000000000e+02
4.040000000000000000e+02
4.420000000000000000e+02
2.740000000000000000e+02
3.330000000000000000e+02
3.880000000000000000e+02
1.490000000000000000e+02
2.690000000000000000e+02
3.190000000000000000e+02
2.500000000000000000e+02
2.300000000000000000e+02
2.360000000000000000e+02
2.160000000000000000e+02
1.540000000000000000e+02
2.260000000000000000e+02
2.030000000000000000e+02
1.390000000000000000e+02
1.550000000000000000e+02
2.310000000000000000e+02
1.170000000000000000e+02
1.330000000000000000e+02
1.030000000000000000e+02
1.110000000000000000e+02
1.370000000000000000e+02
1.000000000000000000e+02
8.900000000000000000e+01
6.800000000000000000e+01
1.550000000000000000e+02
9.200000000000000000e+01
8.200000000000000000e+01
1.090000000000000000e+02
8.000000000000000000e+01
5.600000000000000000e+01
8.600000000000000000e+01
5.200000000000000000e+01
8.200000000000000000e+01
6.000000000000000000e+01
4.300000000000000000e+01
5.800000000000000000e+01
6.600000000000000000e+01
4.000000000000000000e+01
5.000000000000000000e+01
4.100000000000000000e+01
3.100000000000000000e+01
5.600000000000000000e+01
4.200000000000000000e+01
5.300000000000000000e+01
5.700000000000000000e+01
5.500000000000000000e+01
5.600000000000000000e+01
3.900000000000000000e+01
4.100000000000000000e+01
3.300000000000000000e+01
3.600000000000000000e+01
4.100000000000000000e+01
3.100000000000000000e+01
4.000000000000000000e+01
3.000000000000000000e+01
3.100000000000000000e+01
2.900000000000000000e+01
2.200000000000000000e+01
4.000000000000000000e+01
4.600000000000000000e+01
3.900000000000000000e+01
1.400000000000000000e+01
1.900000000000000000e+01
1.200000000000000000e+01
1.700000000000000000e+01
6.000000000000000000e+00
9.150000000000000000e+02
1.000000000000000000e+00
6.000000000000000000e+00
1.900000000000000000e+01
1.000000000000000000e+01
2.500000000000000000e+01
3.500000000000000000e+01
2.400000000000000000e+01
5.800000000000000000e+01
5.800000000000000000e+01
8.300000000000000000e+01
1.240000000000000000e+02
1.420000000000000000e+02
1.750000000000000000e+02
2.070000000000000000e+02
2.480000000000000000e+02
3.000000000000000000e+02
3.830000000000000000e+02
4.880000000000000000e+02
5.410000000000000000e+02
8.290000000000000000e+02
9.310000000000000000e+02
1.053000000000000000e+03
1.146000000000000000e+03
1.624000000000000000e+03
2.068000000000000000e+03
1.976000000000000000e+03
1.692000000000000000e+03
1.709000000000000000e+03
1.792000000000000000e+03
1.787000000000000000e+03
1.767000000000000000e+03
1.863000000000000000e+03
1.830000000000000000e+03
1.674000000000000000e+03
1.746000000000000000e+03
1.781000000000000000e+03
1.768000000000000000e+03
1.676000000000000000e+03
1.531000000000000000e+03
1.556000000000000000e+03
1.502000000000000000e+03
1.547000000000000000e+03
1.523000000000000000e+03
1.612000000000000000e+03
1.463000000000000000e+03
1.514000000000000000e+03
1.384000000000000000e+03
1.456000000000000000e+03
1.466000000000000000e+03
1.600000000000000000e+03
1.675000000000000000e+03
1.713000000000000000e+03
1.946000000000000000e+03
1.913000000000000000e+03
2.007000000000000000e+03
2.119000000000000000e+03
2.153000000000000000e+03
2.140000000000000000e+03
2.096000000000000000e+03
2.030000000000000000e+03
1.956000000000000000e+03
1.845000000000000000e+03
1.729000000000000000e+03
1.664000000000000000e+03
1.648000000000000000e+03
1.542000000000000000e+03
1.464000000000000000e+03
1.389000000000000000e+03
1.309000000000000000e+03
1.230000000000000000e+03
1.150000000000000000e+03
1.144000000000000000e+03
1.128000000000000000e+03
1.081000000000000000e+03
1.100000000000000000e+03
1.049000000000000000e+03
1.052000000000000000e+03
1.061000000000000000e+03
1.069000000000000000e+03
1.076000000000000000e+03
1.101000000000000000e+03
1.018000000000000000e+03
1.105000000000000000e+03
1.079000000000000000e+03
1.122000000000000000e+03
1.133000000000000000e+03
1.169000000000000000e+03
1.224000000000000000e+03
1.171000000000000000e+03
1.254000000000000000e+03
1.231000000000000000e+03
1.177000000000000000e+03
1.266000000000000000e+03
1.308000000000000000e+03
1.331000000000000000e+03
1.368000000000000000e+03
1.357000000000000000e+03
1.354000000000000000e+03
1.471000000000000000e+03
1.541000000000000000e+03
1.601000000000000000e+03
1.606000000000000000e+03
1.588000000000000000e+03
1.772000000000000000e+03
1.818000000000000000e+03
2.006000000000000000e+03
1.977000000000000000e+03
2.108000000000000000e+03
2.163000000000000000e+03
2.241000000000000000e+03
2.386000000000000000e+03
2.468000000000000000e+03
2.518000000000000000e+03
2.610000000000000000e+03
2.797000000000000000e+03
2.953000000000000000e+03
3.022000000000000000e+03
3.079000000000000000e+03
3.289000000000000000e+03
3.456000000000000000e+03
3.326000000000000000e+03
3.499000000000000000e+03
3.592000000000000000e+03
3.696000000000000000e+03
3.858000000000000000e+03
3.977000000000000000e+03
4.047000000000000000e+03
4.176000000000000000e+03
4.309000000000000000e+03
4.433000000000000000e+03
4.615000000000000000e+03
4.829000000000000000e+03
4.795000000000000000e+03
5.059000000000000000e+03
5.020000000000000000e+03
5.350000000000000000e+03
5.546000000000000000e+03
5.804000000000000000e+03
6.014000000000000000e+03
6.079000000000000000e+03
6.148000000000000000e+03
6.450000000000000000e+03
6.465000000000000000e+03
6.731000000000000000e+03
6.834000000000000000e+03
6.938000000000000000e+03
7.194000000000000000e+03
7.105000000000000000e+03
7.251000000000000000e+03
7.220000000000000000e+03
7.454000000000000000e+03
7.422000000000000000e+03
7.740000000000000000e+03
7.503000000000000000e+03
7.586000000000000000e+03
7.417000000000000000e+03
7.360000000000000000e+03
7.351000000000000000e+03
7.015000000000000000e+03
6.872000000000000000e+03
6.562000000000000000e+03
6.451000000000000000e+03
6.173000000000000000e+03
6.238000000000000000e+03
5.990000000000000000e+03
5.866000000000000000e+03
5.842000000000000000e+03
5.737000000000000000e+03
5.723000000000000000e+03
5.449000000000000000e+03
5.452000000000000000e+03
5.211000000000000000e+03
5.266000000000000000e+03
4.943000000000000000e+03
4.755000000000000000e+03
4.514000000000000000e+03
4.292000000000000000e+03
4.181000000000000000e+03
4.046000000000000000e+03
3.756000000000000000e+03
3.500000000000000000e+03
3.247000000000000000e+03
3.089000000000000000e+03
3.014000000000000000e+03
2.762000000000000000e+03
2.495000000000000000e+03
2.365000000000000000e+03
2.281000000000000000e+03
2.076000000000000000e+03
2.077000000000000000e+03
1.948000000000000000e+03
1.769000000000000000e+03
1.675000000000000000e+03
1.705000000000000000e+03
1.615000000000000000e+03
1.512000000000000000e+03
1.524000000000000000e+03
1.462000000000000000e+03
1.376000000000000000e+03
1.311000000000000000e+03
1.381000000000000000e+03
1.277000000000000000e+03
1.327000000000000000e+03
1.361000000000000000e+03
1.504000000000000000e+03
1.673000000000000000e+03
2.466000000000000000e+03
2.608000000000000000e+03
2.705000000000000000e+03
3.166000000000000000e+03
3.713000000000000000e+03
3.762000000000000000e+03
3.991000000000000000e+03
3.931000000000000000e+03
3.776000000000000000e+03
3.872000000000000000e+03
3.888000000000000000e+03
4.264000000000000000e+03
4.667000000000000000e+03
4.686000000000000000e+03
5.502000000000000000e+03
6.396000000000000000e+03
6.335000000000000000e+03
5.393000000000000000e+03
5.205000000000000000e+03
5.265000000000000000e+03
4.826000000000000000e+03
4.169000000000000000e+03
3.659000000000000000e+03
3.097000000000000000e+03
2.605000000000000000e+03
2.280000000000000000e+03
1.886000000000000000e+03
1.510000000000000000e+03
1.369000000000000000e+03
1.138000000000000000e+03
1.093000000000000000e+03
1.056000000000000000e+03
1.031000000000000000e+03
8.690000000000000000e+02
7.880000000000000000e+02
7.090000000000000000e+02
6.160000000000000000e+02
5.650000000000000000e+02
5.470000000000000000e+02
5.260000000000000000e+02
5.320000000000000000e+02
5.390000000000000000e+02
5.450000000000000000e+02
5.360000000000000000e+02
5.120000000000000000e+02
5.220000000000000000e+02
5.190000000000000000e+02
5.370000000000000000e+02
6.710000000000000000e+02
3.995000000000000000e+03
