9.289000000000000000e+03
5.600000000000000000e+01
1.680000000000000000e+02
4.250000000000000000e+02
2.640000000000000000e+02
8.130000000000000000e+02
1.699000000000000000e+03
4.010000000000000000e+02
1.873000000000000000e+03
1.040000000000000000e+03
1.755000000000000000e+03
2.389000000000000000e+03
1.853000000000000000e+03
7.197000000000000000e+03
3.401000000000000000e+03
6.123000000000000000e+03
6.295000000000000000e+03
6.298000000000000000e+03
6.209000000000000000e+03
1.255100000000000000e+04
1.036300000000000000e+04
1.193700000000000000e+04
1.095600000000000000e+04
1.111400000000000000e+04
1.405600000000000000e+04
1.592800000000000000e+04
2.135400000000000000e+04
2.832700000000000000e+04
4.050800000000000000e+04
3.976100000000000000e+04
3.934500000000000000e+04
1.951800000000000000e+04
1.511900000000000000e+04
1.492000000000000000e+04
1.266000000000000000e+04
1.646500000000000000e+04
9.699000000000000000e+03
8.315000000000000000e+03
4.352000000000000000e+03
1.609000000000000000e+03
9.760000000000000000e+02
4.840000000000000000e+02
5.800000000000000000e+02
4.460000000000000000e+02
2.900000000000000000e+02
6.460000000000000000e+02
1.570000000000000000e+02
1.560000000000000000e+02
2.100000000000000000e+02
1.200000000000000000e+02
5.140000000000000000e+02
1.510000000000000000e+02
5.000000000000000000e+01
1.920000000000000000e+02
1.300000000000000000e+02
1.350000000000000000e+02
9.000000000000000000e+01
6.300000000000000000e+01
5.900000000000000000e+01
5.000000000000000000e+00
9.550000000000000000e+02
2.000000000000000000e+00
4.100000000000000000e+01
8.400000000000000000e+01
8.000000000000000000e+01
9.500000000000000000e+01
1.310000000000000000e+02
4.900000000000000000e+01
1.590000000000000000e+02
1.040000000000000000e+02
1.980000000000000000e+02
1.020000000000000000e+02
1.400000000000000000e+02
1.270000000000000000e+02
9.000000000000000000e+01
1.270000000000000000e+03
1.090000000000000000e+02
1.250000000000000000e+02
2.030000000000000000e+02
1.050000000000000000e+02
3.570000000000000000e+02
1.750000000000000000e+02
1.020000000000000000e+02
3.700000000000000000e+02
2.060000000000000000e+02
1.960000000000000000e+02
1.800000000000000000e+02
1.740000000000000000e+02
1.440000000000000000e+02
4.900000000000000000e+01
1.581000000000000000e+03
6.700000000000000000e+01
1.880000000000000000e+02
2.780000000000000000e+02
3.610000000000000000e+02
4.640000000000000000e+02
8.740000000000000000e+02
3.920000000000000000e+02
9.810000000000000000e+02
8.560000000000000000e+02
1.309000000000000000e+03
1.538000000000000000e+03
1.913000000000000000e+03
3.935000000000000000e+03
5.357000000000000000e+03
1.553800000000000000e+04
2.511200000000000000e+04
3.655500000000000000e+04
1.975200000000000000e+04
2.395500000000000000e+04
2.148900000000000000e+04
1.321800000000000000e+04
7.136000000000000000e+03
5.701000000000000000e+03
7.453000000000000000e+03
4.137000000000000000e+03
2.509000000000000000e+03
9.060000000000000000e+02
5.960000000000000000e+02
1.870000000000000000e+02
1.108300000000000000e+04
7.300000000000000000e+01
2.730000000000000000e+02
3.430000000000000000e+02
7.070000000000000000e+02
1.064000000000000000e+03
3.696000000000000000e+03
1.410000000000000000e+02
7.390000000000000000e+02
1.820000000000000000e+02
6.090000000000000000e+02
9.600000000000000000e+01
4.400000000000000000e+02
1.720000000000000000e+02
3.700000000000000000e+01
7.990000000000000000e+02
3.400000000000000000e+01
9.100000000000000000e+01
1.100000000000000000e+02
3.600000000000000000e+01
1.047000000000000000e+03
8.100000000000000000e+01
2.000000000000000000e+01
1.100000000000000000e+02
6.000000000000000000e+01
7.600000000000000000e+01
4.700000000000000000e+01
1.800000000000000000e+01
1.000000000000000000e+01
9.000000000000000000e+00
1.150000000000000000e+03
7.000000000000000000e+00
7.000000000000000000e+00
4.000000000000000000e+01
5.600000000000000000e+01
4.800000000000000000e+01
1.960000000000000000e+02
2.900000000000000000e+01
1.230000000000000000e+02
4.200000000000000000e+01
2.170000000000000000e+02
4.400000000000000000e+01
1.060000000000000000e+02
9.800000000000000000e+01
4.500000000000000000e+01
1.788000000000000000e+03
3.200000000000000000e+01
7.900000000000000000e+01
1.130000000000000000e+02
7.900000000000000000e+01
4.850000000000000000e+02
1.200000000000000000e+02
6.400000000000000000e+01
4.290000000000000000e+02
1.580000000000000000e+02
1.820000000000000000e+02
1.640000000000000000e+02
3.090000000000000000e+02
1.790000000000000000e+02
8.900000000000000000e+01
7.181000000000000000e+03
8.030000000000000000e+02
9.770000000000000000e+02
3.367000000000000000e+03
2.951000000000000000e+03
2.733000000000000000e+03
3.540000000000000000e+03
4.471000000000000000e+03
4.146000000000000000e+03
7.083000000000000000e+03
5.550000000000000000e+03
4.335000000000000000e+03
4.248000000000000000e+03
4.331000000000000000e+03
3.968000000000000000e+03
3.921000000000000000e+03
3.914000000000000000e+03
3.622000000000000000e+03
4.060000000000000000e+03
3.834000000000000000e+03
4.004000000000000000e+03
4.119000000000000000e+03
3.989000000000000000e+03
4.598000000000000000e+03
4.466000000000000000e+03
4.747000000000000000e+03
5.531000000000000000e+03
5.389000000000000000e+03
5.694000000000000000e+03
4.741000000000000000e+03
5.643000000000000000e+03
5.643000000000000000e+03
7.547000000000000000e+03
1.422500000000000000e+04
1.204500000000000000e+04
8.143000000000000000e+03
7.250000000000000000e+03
4.795000000000000000e+03
5.860000000000000000e+03
5.049000000000000000e+03
4.556000000000000000e+03
4.173000000000000000e+03
3.604000000000000000e+03
4.225000000000000000e+03
3.384000000000000000e+03
3.278000000000000000e+03
3.532000000000000000e+03
2.986000000000000000e+03
3.208000000000000000e+03
2.962000000000000000e+03
2.895000000000000000e+03
3.125000000000000000e+03
2.675000000000000000e+03
2.945000000000000000e+03
2.910000000000000000e+03
2.987000000000000000e+03
2.554000000000000000e+03
2.870000000000000000e+03
3.150000000000000000e+03
3.326000000000000000e+03
2.640000000000000000e+03
2.622000000000000000e+03
2.543000000000000000e+03
2.307000000000000000e+03
2.677000000000000000e+03
2.337000000000000000e+03
2.476000000000000000e+03
2.607000000000000000e+03
2.825000000000000000e+03
2.139000000000000000e+03
2.190000000000000000e+03
2.262000000000000000e+03
2.046000000000000000e+03
2.002000000000000000e+03
1.693000000000000000e+03
1.722000000000000000e+03
1.740000000000000000e+03
1.854000000000000000e+03
1.806000000000000000e+03
1.553000000000000000e+03
1.581000000000000000e+03
1.576000000000000000e+03
1.455000000000000000e+03
1.377000000000000000e+03
1.374000000000000000e+03
1.809000000000000000e+03
1.281000000000000000e+03
1.236000000000000000e+03
1.327000000000000000e+03
1.389000000000000000e+03
1.392000000000000000e+03
1.428000000000000000e+03
1.380000000000000000e+03
1.444000000000000000e+03
1.531000000000000000e+03
1.389000000000000000e+03
1.652000000000000000e+03
1.476000000000000000e+03
1.751000000000000000e+03
1.664000000000000000e+03
1.783000000000000000e+03
1.788000000000000000e+03
1.970000000000000000e+03
2.021000000000000000e+03
2.087000000000000000e+03
2.236000000000000000e+03
2.269000000000000000e+03
2.447000000000000000e+03
2.362000000000000000e+03
2.479000000000000000e+03
2.723000000000000000e+03
2.745000000000000000e+03
2.891000000000000000e+03
3.099000000000000000e+03
3.240000000000000000e+03
3.230000000000000000e+03
3.390000000000000000e+03
3.594000000000000000e+03
3.881000000000000000e+03
3.952000000000000000e+03
4.148000000000000000e+03
4.188000000000000000e+03
4.441000000000000000e+03
4.578000000000000000e+03
4.591000000000000000e+03
4.387000000000000000e+03
4.441000000000000000e+03
5.285000000000000000e+03
5.863000000000000000e+03
4.714000000000000000e+03
4.757000000000000000e+03
5.200000000000000000e+03
5.174000000000000000e+03
5.441000000000000000e+03
5.323000000000000000e+03
5.415000000000000000e+03
5.349000000000000000e+03
5.278000000000000000e+03
5.379000000000000000e+03
5.373000000000000000e+03
5.119000000000000000e+03
5.560000000000000000e+03
4.649000000000000000e+03
5.361000000000000000e+03
4.901000000000000000e+03
5.190000000000000000e+03
4.668000000000000000e+03
4.470000000000000000e+03
4.796000000000000000e+03
4.560000000000000000e+03
4.199000000000000000e+03
4.194000000000000000e+03
3.953000000000000000e+03
4.162000000000000000e+03
3.798000000000000000e+03
3.863000000000000000e+03
3.687000000000000000e+03
3.234000000000000000e+03
3.676000000000000000e+03
3.416000000000000000e+03
3.384000000000000000e+03
3.208000000000000000e+03
3.036000000000000000e+03
2.919000000000000000e+03
2.932000000000000000e+03
2.599000000000000000e+03
2.457000000000000000e+03
2.159000000000000000e+03
2.125000000000000000e+03
2.117000000000000000e+03
1.704000000000000000e+03
1.880000000000000000e+03
1.687000000000000000e+03
1.755000000000000000e+03
1.675000000000000000e+03
1.476000000000000000e+03
1.307000000000000000e+03
1.511000000000000000e+03
1.269000000000000000e+03
1.337000000000000000e+03
1.219000000000000000e+03
1.198000000000000000e+03
1.097000000000000000e+03
1.145000000000000000e+03
9.760000000000000000e+02
1.065000000000000000e+03
8.470000000000000000e+02
8.830000000000000000e+02
1.002000000000000000e+03
8.090000000000000000e+02
8.260000000000000000e+02
9.560000000000000000e+02
6.420000000000000000e+02
7.690000000000000000e+02
7.020000000000000000e+02
6.680000000000000000e+02
6.870000000000000000e+02
5.790000000000000000e+02
6.430000000000000000e+02
5.630000000000000000e+02
6.120000000000000000e+02
5.620000000000000000e+02
5.580000000000000000e+02
6.300000000000000000e+02
4.270000000000000000e+02
5.380000000000000000e+02
5.160000000000000000e+02
4.210000000000000000e+02
4.720000000000000000e+02
5.040000000000000000e+02
4.510000000000000000e+02
4.070000000000000000e+02
3.620000000000000000e+02
4.310000000000000000e+02
3.900000000000000000e+02
3.790000000000000000e+02
3.360000000000000000e+02
3.330000000000000000e+02
2.570000000000000000e+02
4.520000000000000000e+02
2.880000000000000000e+02
3.350000000000000000e+02
3.220000000000000000e+02
2.910000000000000000e+02
2.900000000000000000e+02
2.890000000000000000e+02
3.050000000000000000e+02
2.790000000000000000e+02
2.630000000000000000e+02
2.520000000000000000e+02
3.230000000000000000e+02
2.680000000000000000e+02
2.230000000000000000e+02
2.950000000000000000e+02
2.230000000000000000e+02
2.700000000000000000e+02
2.100000000000000000e+02
2.380000000000000000e+02
2.260000000000000000e+02
2.170000000000000000e+02
2.380000000000000000e+02
2.110000000000000000e+02
2.260000000000000000e+02
2.050000000000000000e+02
2.100000000000000000e+02
2.170000000000000000e+02
1.830000000000000000e+02
2.180000000000000000e+02
2.460000000000000000e+02
2.110000000000000000e+02
2.600000000000000000e+02
2.560000000000000000e+02
6.900000000000000000e+01
3.000000000000000000e+00
0.000000000000000000e+00
1.610000000000000000e+03
0.000000000000000000e+00
0.000000000000000000e+00
0.000000000000000000e+00
0.000000000000000000e+00
3.000000000000000000e+00
4.000000000000000000e+00
9.000000000000000000e+00
4.200000000000000000e+01
1.770000000000000000e+02
7.790000000000000000e+02
9.500000000000000000e+02
1.051000000000000000e+03
1.251000000000000000e+03
1.224000000000000000e+03
1.284000000000000000e+03
1.228000000000000000e+03
1.157000000000000000e+03
1.137000000000000000e+03
1.072000000000000000e+03
1.004000000000000000e+03
1.021000000000000000e+03
9.720000000000000000e+02
9.150000000000000000e+02
9.310000000000000000e+02
9.560000000000000000e+02
9.400000000000000000e+02
9.120000000000000000e+02
9.990000000000000000e+02
9.110000000000000000e+02
1.006000000000000000e+03
9.450000000000000000e+02
1.000000000000000000e+03
9.520000000000000000e+02
9.320000000000000000e+02
9.840000000000000000e+02
9.740000000000000000e+02
9.900000000000000000e+02
1.030000000000000000e+03
1.095000000000000000e+03
1.136000000000000000e+03
1.158000000000000000e+03
1.201000000000000000e+03
1.241000000000000000e+03
1.352000000000000000e+03
1.212000000000000000e+03
1.269000000000000000e+03
1.338000000000000000e+03
1.322000000000000000e+03
1.331000000000000000e+03
1.373000000000000000e+03
1.372000000000000000e+03
1.420000000000000000e+03
1.435000000000000000e+03
1.454000000000000000e+03
1.540000000000000000e+03
1.596000000000000000e+03
1.591000000000000000e+03
1.643000000000000000e+03
1.587000000000000000e+03
1.674000000000000000e+03
1.714000000000000000e+03
1.895000000000000000e+03
2.025000000000000000e+03
2.134000000000000000e+03
2.394000000000000000e+03
2.477000000000000000e+03
2.635000000000000000e+03
2.560000000000000000e+03
2.676000000000000000e+03
2.699000000000000000e+03
2.408000000000000000e+03
2.262000000000000000e+03
2.328000000000000000e+03
2.318000000000000000e+03
2.009000000000000000e+03
2.121000000000000000e+03
2.089000000000000000e+03
1.968000000000000000e+03
2.001000000000000000e+03
1.982000000000000000e+03
1.884000000000000000e+03
1.911000000000000000e+03
1.965000000000000000e+03
1.931000000000000000e+03
2.047000000000000000e+03
2.081000000000000000e+03
1.997000000000000000e+03
2.103000000000000000e+03
2.194000000000000000e+03
2.208000000000000000e+03
2.289000000000000000e+03
2.214000000000000000e+03
2.222000000000000000e+03
2.347000000000000000e+03
2.288000000000000000e+03
2.379000000000000000e+03
2.332000000000000000e+03
2.465000000000000000e+03
2.467000000000000000e+03
2.541000000000000000e+03
2.507000000000000000e+03
2.617000000000000000e+03
2.660000000000000000e+03
2.655000000000000000e+03
2.754000000000000000e+03
2.880000000000000000e+03
2.829000000000000000e+03
2.962000000000000000e+03
2.906000000000000000e+03
3.074000000000000000e+03
3.105000000000000000e+03
3.114000000000000000e+03
3.208000000000000000e+03
3.271000000000000000e+03
3.401000000000000000e+03
3.505000000000000000e+03
3.470000000000000000e+03
3.546000000000000000e+03
3.709000000000000000e+03
3.756000000000000000e+03
3.882000000000000000e+03
3.971000000000000000e+03
4.160000000000000000e+03
4.284000000000000000e+03
4.371000000000000000e+03
4.353000000000000000e+03
4.542000000000000000e+03
4.774000000000000000e+03
4.797000000000000000e+03
5.133000000000000000e+03
5.038000000000000000e+03
5.237000000000000000e+03
5.338000000000000000e+03
5.557000000000000000e+03
5.582000000000000000e+03
5.600000000000000000e+03
5.747000000000000000e+03
5.730000000000000000e+03
5.776000000000000000e+03
5.902000000000000000e+03
5.921000000000000000e+03
5.880000000000000000e+03
6.011000000000000000e+03
6.088000000000000000e+03
5.912000000000000000e+03
6.056000000000000000e+03
5.902000000000000000e+03
5.819000000000000000e+03
5.724000000000000000e+03
5.545000000000000000e+03
5.549000000000000000e+03
5.505000000000000000e+03
5.180000000000000000e+03
5.136000000000000000e+03
4.895000000000000000e+03
4.900000000000000000e+03
4.569000000000000000e+03
4.526000000000000000e+03
4.489000000000000000e+03
4.236000000000000000e+03
4.075000000000000000e+03
4.000000000000000000e+03
3.766000000000000000e+03
3.609000000000000000e+03
3.493000000000000000e+03
3.643000000000000000e+03
3.406000000000000000e+03
3.215000000000000000e+03
3.247000000000000000e+03
3.156000000000000000e+03
3.037000000000000000e+03
2.988000000000000000e+03
2.996000000000000000e+03
2.982000000000000000e+03
2.918000000000000000e+03
2.845000000000000000e+03
2.714000000000000000e+03
2.710000000000000000e+03
2.749000000000000000e+03
2.755000000000000000e+03
2.522000000000000000e+03
2.607000000000000000e+03
2.532000000000000000e+03
2.581000000000000000e+03
2.500000000000000000e+03
2.541000000000000000e+03
2.600000000000000000e+03
2.548000000000000000e+03
2.615000000000000000e+03
2.691000000000000000e+03
2.578000000000000000e+03
2.554000000000000000e+03
2.635000000000000000e+03
2.611000000000000000e+03
2.599000000000000000e+03
2.587000000000000000e+03
2.500000000000000000e+03
2.638000000000000000e+03
2.661000000000000000e+03
3.220000000000000000e+03
3.524000000000000000e+03
3.278000000000000000e+03
3.266000000000000000e+03
4.123000000000000000e+03
3.515000000000000000e+03
3.422000000000000000e+03
3.050000000000000000e+03
2.981000000000000000e+03
2.967000000000000000e+03
2.952000000000000000e+03
2.874000000000000000e+03
2.752000000000000000e+03
2.735000000000000000e+03
2.779000000000000000e+03
2.728000000000000000e+03
2.733000000000000000e+03
2.834000000000000000e+03
2.768000000000000000e+03
2.872000000000000000e+03
2.989000000000000000e+03
3.172000000000000000e+03
3.277000000000000000e+03
3.326000000000000000e+03
3.751000000000000000e+03
3.979000000000000000e+03
3.317000000000000000e+03
3.124000000000000000e+03
3.289000000000000000e+03
2.736000000000000000e+03
2.718000000000000000e+03
2.449000000000000000e+03
1.875000000000000000e+03
1.681000000000000000e+03
1.532000000000000000e+03
1.144000000000000000e+03
1.134000000000000000e+03
9.800000000000000000e+02
9.380000000000000000e+02
9.540000000000000000e+02
9.410000000000000000e+02
8.990000000000000000e+02
8.130000000000000000e+02
7.190000000000000000e+02
6.840000000000000000e+02
6.320000000000000000e+02
6.160000000000000000e+02
5.390000000000000000e+02
5.400000000000000000e+02
4.900000000000000000e+02
5.880000000000000000e+02
5.740000000000000000e+02
6.370000000000000000e+02
1.089000000000000000e+03
1.886000000000000000e+03
3.324000000000000000e+03
4.699000000000000000e+03
