1.047300000000000000e+04
3.590000000000000000e+02
3.110000000000000000e+02
7.020000000000000000e+02
1.230000000000000000e+02
1.091000000000000000e+03
4.253000000000000000e+03
4.000000000000000000e+01
1.142000000000000000e+03
1.680000000000000000e+02
8.600000000000000000e+01
2.021000000000000000e+03
6.900000000000000000e+01
2.660000000000000000e+03
7.610000000000000000e+02
4.500000000000000000e+02
1.237000000000000000e+03
2.750000000000000000e+02
4.800000000000000000e+02
1.353000000000000000e+03
3.025000000000000000e+03
6.337000000000000000e+03
8.187000000000000000e+03
6.297000000000000000e+03
1.032700000000000000e+04
3.148000000000000000e+03
1.259000000000000000e+04
3.310000000000000000e+02
4.400000000000000000e+02
3.470000000000000000e+02
2.499900000000000000e+04
1.120000000000000000e+02
1.518000000000000000e+03
3.060000000000000000e+02
3.031000000000000000e+03
1.351800000000000000e+04
2.582000000000000000e+03
5.210000000000000000e+02
6.010000000000000000e+02
5.890000000000000000e+02
1.340000000000000000e+03
4.390000000000000000e+02
3.431000000000000000e+03
6.146000000000000000e+03
6.870000000000000000e+02
7.440000000000000000e+02
8.940000000000000000e+02
3.570000000000000000e+02
7.100000000000000000e+02
1.600000000000000000e+02
5.633000000000000000e+03
5.460000000000000000e+02
1.630000000000000000e+02
6.700000000000000000e+01
9.500000000000000000e+01
7.040000000000000000e+02
1.680000000000000000e+02
7.900000000000000000e+01
3.500000000000000000e+01
1.000000000000000000e+00
6.860000000000000000e+02
2.000000000000000000e+00
4.500000000000000000e+01
9.600000000000000000e+01
0.000000000000000000e+00
9.100000000000000000e+01
2.190000000000000000e+03
5.200000000000000000e+01
1.160000000000000000e+02
7.200000000000000000e+01
1.121000000000000000e+03
2.700000000000000000e+01
2.600000000000000000e+01
2.860000000000000000e+02
2.760000000000000000e+02
1.152600000000000000e+04
7.500000000000000000e+01
1.500000000000000000e+01
7.000000000000000000e+00
2.970000000000000000e+02
7.566000000000000000e+03
6.700000000000000000e+01
5.100000000000000000e+01
3.284000000000000000e+04
4.690000000000000000e+02
3.670000000000000000e+02
9.600000000000000000e+01
3.347000000000000000e+03
2.930000000000000000e+02
2.570000000000000000e+02
1.582700000000000000e+04
7.140000000000000000e+02
8.560000000000000000e+02
1.956000000000000000e+03
1.902000000000000000e+03
8.718000000000000000e+03
2.782200000000000000e+04
3.850000000000000000e+03
1.284900000000000000e+04
5.293000000000000000e+03
6.598000000000000000e+03
1.905300000000000000e+04
9.436000000000000000e+03
3.535400000000000000e+04
2.114000000000000000e+04
4.134700000000000000e+04
3.457100000000000000e+04
3.444800000000000000e+04
1.516700000000000000e+04
2.288500000000000000e+04
1.555000000000000000e+04
1.491500000000000000e+04
6.564000000000000000e+03
4.948000000000000000e+03
8.576000000000000000e+03
8.853000000000000000e+03
5.312000000000000000e+03
1.580000000000000000e+02
4.810000000000000000e+02
2.600000000000000000e+02
1.824300000000000000e+04
2.000000000000000000e+00
9.430000000000000000e+02
1.000000000000000000e+02
7.874000000000000000e+03
1.576000000000000000e+04
6.809000000000000000e+03
1.000000000000000000e+02
3.505000000000000000e+03
8.110000000000000000e+02
9.702000000000000000e+03
9.000000000000000000e+00
5.953000000000000000e+03
7.572000000000000000e+03
6.100000000000000000e+01
6.780000000000000000e+02
2.490000000000000000e+02
1.000000000000000000e+00
1.377000000000000000e+03
4.000000000000000000e+01
5.093000000000000000e+03
2.869000000000000000e+03
3.850000000000000000e+02
3.100000000000000000e+01
1.140000000000000000e+02
2.975000000000000000e+03
7.290000000000000000e+02
1.650000000000000000e+02
3.100000000000000000e+01
2.000000000000000000e+00
1.494000000000000000e+03
2.000000000000000000e+00
7.700000000000000000e+01
3.570000000000000000e+02
1.000000000000000000e+00
2.420000000000000000e+02
4.094000000000000000e+03
1.020000000000000000e+02
3.410000000000000000e+02
2.110000000000000000e+02
1.809000000000000000e+03
5.800000000000000000e+01
6.600000000000000000e+01
5.630000000000000000e+02
5.180000000000000000e+02
5.073000000000000000e+03
1.390000000000000000e+02
8.300000000000000000e+01
5.200000000000000000e+01
4.800000000000000000e+02
4.205000000000000000e+03
1.410000000000000000e+02
1.960000000000000000e+02
5.145000000000000000e+03
4.020000000000000000e+02
6.190000000000000000e+02
4.630000000000000000e+02
3.033000000000000000e+03
4.590000000000000000e+02
3.710000000000000000e+02
6.217000000000000000e+03
3.200000000000000000e+01
1.732000000000000000e+03
6.406000000000000000e+03
6.310000000000000000e+03
3.065000000000000000e+03
7.428000000000000000e+03
1.379500000000000000e+04
9.979000000000000000e+03
7.292000000000000000e+03
6.499000000000000000e+03
1.255600000000000000e+04
7.644000000000000000e+03
1.401100000000000000e+04
6.763000000000000000e+03
9.622000000000000000e+03
1.110100000000000000e+04
9.860000000000000000e+03
9.433000000000000000e+03
9.317000000000000000e+03
9.674000000000000000e+03
9.357000000000000000e+03
1.221100000000000000e+04
1.301200000000000000e+04
1.089000000000000000e+04
8.833000000000000000e+03
9.454000000000000000e+03
9.474000000000000000e+03
1.088400000000000000e+04
7.149000000000000000e+03
7.201000000000000000e+03
5.983000000000000000e+03
5.933000000000000000e+03
5.885000000000000000e+03
6.198000000000000000e+03
5.596000000000000000e+03
6.367000000000000000e+03
3.213000000000000000e+03
5.258000000000000000e+03
5.411000000000000000e+03
4.146000000000000000e+03
4.848000000000000000e+03
3.605000000000000000e+03
5.592000000000000000e+03
5.560000000000000000e+03
3.628000000000000000e+03
7.073000000000000000e+03
3.437000000000000000e+03
3.737000000000000000e+03
5.947000000000000000e+03
3.257000000000000000e+03
6.313000000000000000e+03
3.187000000000000000e+03
4.157000000000000000e+03
3.737000000000000000e+03
4.387000000000000000e+03
3.059000000000000000e+03
4.389000000000000000e+03
3.826000000000000000e+03
3.551000000000000000e+03
3.473000000000000000e+03
3.965000000000000000e+03
3.357000000000000000e+03
2.656000000000000000e+03
5.658000000000000000e+03
2.883000000000000000e+03
3.090000000000000000e+03
4.092000000000000000e+03
3.415000000000000000e+03
2.589000000000000000e+03
3.956000000000000000e+03
3.049000000000000000e+03
2.475000000000000000e+03
3.927000000000000000e+03
2.493000000000000000e+03
2.645000000000000000e+03
2.173000000000000000e+03
3.228000000000000000e+03
2.655000000000000000e+03
1.794000000000000000e+03
2.344000000000000000e+03
2.375000000000000000e+03
1.985000000000000000e+03
1.846000000000000000e+03
1.646000000000000000e+03
4.372000000000000000e+03
1.466000000000000000e+03
1.520000000000000000e+03
1.621000000000000000e+03
1.614000000000000000e+03
2.147000000000000000e+03
2.080000000000000000e+03
1.376000000000000000e+03
1.712000000000000000e+03
1.464000000000000000e+03
1.115000000000000000e+03
2.725000000000000000e+03
1.460000000000000000e+03
2.558000000000000000e+03
1.360000000000000000e+03
1.585000000000000000e+03
1.059000000000000000e+03
3.508000000000000000e+03
1.094000000000000000e+03
1.212000000000000000e+03
1.279000000000000000e+03
3.727000000000000000e+03
2.261000000000000000e+03
1.158000000000000000e+03
2.742000000000000000e+03
1.013000000000000000e+03
1.793000000000000000e+03
1.557000000000000000e+03
3.514000000000000000e+03
1.290000000000000000e+03
1.457000000000000000e+03
4.098000000000000000e+03
1.272000000000000000e+03
2.785000000000000000e+03
2.148000000000000000e+03
2.453000000000000000e+03
2.125000000000000000e+03
1.729000000000000000e+03
1.282000000000000000e+03
1.213000000000000000e+03
1.026000000000000000e+03
1.100000000000000000e+03
1.735000000000000000e+03
1.030900000000000000e+04
8.710000000000000000e+02
7.720000000000000000e+02
1.056000000000000000e+03
1.148000000000000000e+03
1.383000000000000000e+03
3.092000000000000000e+03
2.770000000000000000e+03
1.820000000000000000e+03
3.259000000000000000e+03
1.439000000000000000e+03
2.815000000000000000e+03
3.668000000000000000e+03
1.026000000000000000e+03
2.603000000000000000e+03
5.127000000000000000e+03
1.211000000000000000e+03
9.560000000000000000e+02
2.433000000000000000e+03
1.778000000000000000e+03
2.944000000000000000e+03
3.348000000000000000e+03
1.388000000000000000e+03
1.970000000000000000e+03
9.000000000000000000e+02
5.896000000000000000e+03
9.950000000000000000e+02
1.670000000000000000e+03
2.477000000000000000e+03
1.430000000000000000e+03
2.300000000000000000e+03
2.935000000000000000e+03
1.113000000000000000e+03
1.278000000000000000e+03
3.702000000000000000e+03
1.478000000000000000e+03
2.617000000000000000e+03
2.147000000000000000e+03
1.606000000000000000e+03
3.179000000000000000e+03
2.050000000000000000e+03
7.250000000000000000e+02
6.290000000000000000e+03
1.540000000000000000e+03
1.554000000000000000e+03
2.803000000000000000e+03
2.259000000000000000e+03
1.814000000000000000e+03
1.184000000000000000e+03
2.083000000000000000e+03
9.070000000000000000e+02
2.644000000000000000e+03
1.236000000000000000e+03
1.001000000000000000e+03
2.211000000000000000e+03
7.040000000000000000e+02
1.089000000000000000e+03
1.471000000000000000e+03
5.430000000000000000e+02
9.540000000000000000e+02
9.560000000000000000e+02
7.930000000000000000e+02
6.830000000000000000e+02
2.885000000000000000e+03
1.810000000000000000e+02
6.250000000000000000e+02
5.240000000000000000e+02
7.020000000000000000e+02
8.030000000000000000e+02
4.940000000000000000e+02
7.550000000000000000e+02
3.410000000000000000e+02
6.340000000000000000e+02
5.180000000000000000e+02
3.380000000000000000e+02
2.580000000000000000e+02
1.000000000000000000e+03
3.060000000000000000e+02
3.190000000000000000e+02
3.460000000000000000e+02
2.030000000000000000e+02
7.840000000000000000e+02
2.610000000000000000e+02
3.980000000000000000e+02
1.330000000000000000e+02
1.114000000000000000e+03
1.850000000000000000e+02
2.480000000000000000e+02
2.810000000000000000e+02
1.720000000000000000e+02
1.490000000000000000e+02
7.840000000000000000e+02
1.600000000000000000e+02
2.310000000000000000e+02
1.650000000000000000e+02
2.760000000000000000e+02
1.670000000000000000e+02
1.870000000000000000e+02
1.140000000000000000e+02
3.590000000000000000e+02
1.380000000000000000e+02
6.300000000000000000e+01
5.690000000000000000e+02
9.400000000000000000e+01
2.680000000000000000e+02
1.340000000000000000e+02
1.800000000000000000e+02
1.970000000000000000e+02
7.100000000000000000e+01
1.170000000000000000e+02
9.300000000000000000e+01
1.360000000000000000e+02
1.120000000000000000e+02
7.000000000000000000e+01
1.410000000000000000e+02
7.000000000000000000e+01
8.000000000000000000e+01
4.700000000000000000e+01
5.100000000000000000e+01
1.250000000000000000e+02
6.700000000000000000e+01
2.100000000000000000e+01
1.600000000000000000e+01
9.000000000000000000e+00
9.000000000000000000e+00
2.000000000000000000e+00
0.000000000000000000e+00
7.262000000000000000e+03
2.280000000000000000e+02
7.360000000000000000e+02
8.280000000000000000e+02
9.330000000000000000e+02
1.297000000000000000e+03
1.587000000000000000e+03
2.046000000000000000e+03
2.719000000000000000e+03
3.845000000000000000e+03
4.389000000000000000e+03
5.409000000000000000e+03
6.087000000000000000e+03
7.598000000000000000e+03
7.074000000000000000e+03
7.012000000000000000e+03
6.416000000000000000e+03
7.496000000000000000e+03
6.440000000000000000e+03
6.636000000000000000e+03
6.918000000000000000e+03
8.512000000000000000e+03
8.500000000000000000e+03
9.904000000000000000e+03
7.438000000000000000e+03
6.502000000000000000e+03
6.170000000000000000e+03
5.558000000000000000e+03
5.211000000000000000e+03
5.547000000000000000e+03
6.067000000000000000e+03
5.550000000000000000e+03
5.305000000000000000e+03
5.093000000000000000e+03
5.115000000000000000e+03
5.029000000000000000e+03
4.903000000000000000e+03
4.385000000000000000e+03
4.036000000000000000e+03
3.901000000000000000e+03
3.774000000000000000e+03
3.894000000000000000e+03
4.011000000000000000e+03
3.834000000000000000e+03
3.776000000000000000e+03
3.727000000000000000e+03
3.790000000000000000e+03
3.727000000000000000e+03
3.855000000000000000e+03
3.679000000000000000e+03
3.808000000000000000e+03
3.799000000000000000e+03
3.774000000000000000e+03
3.786000000000000000e+03
3.893000000000000000e+03
4.041000000000000000e+03
4.528000000000000000e+03
4.640000000000000000e+03
4.223000000000000000e+03
4.245000000000000000e+03
4.164000000000000000e+03
4.630000000000000000e+03
4.611000000000000000e+03
4.361000000000000000e+03
3.926000000000000000e+03
3.819000000000000000e+03
3.747000000000000000e+03
3.543000000000000000e+03
3.482000000000000000e+03
3.350000000000000000e+03
3.326000000000000000e+03
3.373000000000000000e+03
3.275000000000000000e+03
3.420000000000000000e+03
3.317000000000000000e+03
3.201000000000000000e+03
3.451000000000000000e+03
3.288000000000000000e+03
3.355000000000000000e+03
3.379000000000000000e+03
3.433000000000000000e+03
3.489000000000000000e+03
3.257000000000000000e+03
3.415000000000000000e+03
3.203000000000000000e+03
3.102000000000000000e+03
3.223000000000000000e+03
3.297000000000000000e+03
3.142000000000000000e+03
3.241000000000000000e+03
3.245000000000000000e+03
3.415000000000000000e+03
3.481000000000000000e+03
3.562000000000000000e+03
3.453000000000000000e+03
3.392000000000000000e+03
3.341000000000000000e+03
3.099000000000000000e+03
2.974000000000000000e+03
2.976000000000000000e+03
2.990000000000000000e+03
2.859000000000000000e+03
3.027000000000000000e+03
2.948000000000000000e+03
2.950000000000000000e+03
2.786000000000000000e+03
2.811000000000000000e+03
2.645000000000000000e+03
2.634000000000000000e+03
2.509000000000000000e+03
2.478000000000000000e+03
2.197000000000000000e+03
2.206000000000000000e+03
2.162000000000000000e+03
2.202000000000000000e+03
2.175000000000000000e+03
2.392000000000000000e+03
2.354000000000000000e+03
2.391000000000000000e+03
2.372000000000000000e+03
2.320000000000000000e+03
2.379000000000000000e+03
2.314000000000000000e+03
2.366000000000000000e+03
2.523000000000000000e+03
2.528000000000000000e+03
2.421000000000000000e+03
2.569000000000000000e+03
2.561000000000000000e+03
2.516000000000000000e+03
2.452000000000000000e+03
2.536000000000000000e+03
2.496000000000000000e+03
2.539000000000000000e+03
2.341000000000000000e+03
2.347000000000000000e+03
2.377000000000000000e+03
2.236000000000000000e+03
2.105000000000000000e+03
2.009000000000000000e+03
1.986000000000000000e+03
1.964000000000000000e+03
1.858000000000000000e+03
1.761000000000000000e+03
1.624000000000000000e+03
1.601000000000000000e+03
1.610000000000000000e+03
1.449000000000000000e+03
1.597000000000000000e+03
1.581000000000000000e+03
1.636000000000000000e+03
1.611000000000000000e+03
1.809000000000000000e+03
1.868000000000000000e+03
1.911000000000000000e+03
2.041000000000000000e+03
2.021000000000000000e+03
2.117000000000000000e+03
2.147000000000000000e+03
2.199000000000000000e+03
2.420000000000000000e+03
2.278000000000000000e+03
2.219000000000000000e+03
2.366000000000000000e+03
2.463000000000000000e+03
2.508000000000000000e+03
2.558000000000000000e+03
2.536000000000000000e+03
2.471000000000000000e+03
2.517000000000000000e+03
2.296000000000000000e+03
2.210000000000000000e+03
2.189000000000000000e+03
2.082000000000000000e+03
1.854000000000000000e+03
1.932000000000000000e+03
1.889000000000000000e+03
1.751000000000000000e+03
1.662000000000000000e+03
1.555000000000000000e+03
1.524000000000000000e+03
1.461000000000000000e+03
1.383000000000000000e+03
1.409000000000000000e+03
1.264000000000000000e+03
1.323000000000000000e+03
1.218000000000000000e+03
1.259000000000000000e+03
1.168000000000000000e+03
1.228000000000000000e+03
1.246000000000000000e+03
1.323000000000000000e+03
1.330000000000000000e+03
1.353000000000000000e+03
1.316000000000000000e+03
1.370000000000000000e+03
1.344000000000000000e+03
1.431000000000000000e+03
1.550000000000000000e+03
1.619000000000000000e+03
1.900000000000000000e+03
2.347000000000000000e+03
2.617000000000000000e+03
2.499000000000000000e+03
2.312000000000000000e+03
2.147000000000000000e+03
1.891000000000000000e+03
1.604000000000000000e+03
1.506000000000000000e+03
1.349000000000000000e+03
1.356000000000000000e+03
1.516000000000000000e+03
1.646000000000000000e+03
1.634000000000000000e+03
1.902000000000000000e+03
1.662000000000000000e+03
1.500000000000000000e+03
1.516000000000000000e+03
1.582000000000000000e+03
2.209000000000000000e+03
2.288000000000000000e+03
2.077000000000000000e+03
1.957000000000000000e+03
2.432000000000000000e+03
3.208000000000000000e+03
3.175000000000000000e+03
3.061000000000000000e+03
2.572000000000000000e+03
2.947000000000000000e+03
2.398000000000000000e+03
2.227000000000000000e+03
1.826000000000000000e+03
1.562000000000000000e+03
1.274000000000000000e+03
1.341000000000000000e+03
9.350000000000000000e+02
1.203000000000000000e+03
2.746000000000000000e+03
1.683000000000000000e+03
2.579000000000000000e+03
2.658000000000000000e+03
3.675000000000000000e+03
2.198000000000000000e+03
3.151000000000000000e+03
1.714000000000000000e+03
1.193000000000000000e+03
8.070000000000000000e+02
5.250000000000000000e+02
2.670000000000000000e+02
1.860000000000000000e+02
1.650000000000000000e+02
1.560000000000000000e+02
1.060000000000000000e+02
1.070000000000000000e+02
1.080000000000000000e+02
1.140000000000000000e+02
4.130000000000000000e+02
