9.680900000000000000e+04
1.260000000000000000e+02
2.270000000000000000e+02
5.990000000000000000e+02
6.900000000000000000e+01
1.999000000000000000e+03
1.170300000000000000e+04
1.820000000000000000e+02
4.333000000000000000e+03
2.648000000000000000e+03
8.779000000000000000e+03
4.993700000000000000e+04
8.228700000000000000e+04
1.358710000000000000e+05
9.389700000000000000e+04
1.783360000000000000e+05
8.665900000000000000e+04
8.066800000000000000e+04
6.936000000000000000e+03
2.319000000000000000e+04
3.784400000000000000e+04
8.228000000000000000e+03
3.255000000000000000e+03
2.675000000000000000e+03
1.779800000000000000e+04
5.188000000000000000e+03
6.164000000000000000e+03
8.234000000000000000e+03
1.201900000000000000e+04
1.439400000000000000e+04
1.110720000000000000e+05
2.312100000000000000e+04
1.746400000000000000e+04
2.092500000000000000e+04
1.118700000000000000e+04
1.682400000000000000e+04
2.129800000000000000e+04
1.169600000000000000e+04
1.403500000000000000e+04
1.782900000000000000e+04
2.105000000000000000e+04
1.924900000000000000e+04
2.924600000000000000e+04
3.015700000000000000e+04
2.321200000000000000e+04
1.704600000000000000e+04
1.978600000000000000e+04
1.093900000000000000e+04
1.725800000000000000e+04
5.810000000000000000e+03
2.372100000000000000e+04
9.209000000000000000e+03
4.940000000000000000e+03
4.646000000000000000e+03
5.019000000000000000e+03
7.318000000000000000e+03
4.583000000000000000e+03
3.417000000000000000e+03
3.373000000000000000e+03
7.830000000000000000e+02
5.119000000000000000e+03
2.750000000000000000e+02
3.162000000000000000e+03
2.744000000000000000e+03
1.970000000000000000e+02
2.516000000000000000e+03
8.775000000000000000e+03
1.988000000000000000e+03
2.593000000000000000e+03
2.319000000000000000e+03
3.128000000000000000e+03
7.440000000000000000e+02
4.080000000000000000e+02
3.298000000000000000e+03
3.467000000000000000e+03
5.020700000000000000e+04
8.510000000000000000e+02
3.860000000000000000e+02
1.820000000000000000e+02
1.872000000000000000e+03
8.071000000000000000e+03
2.960000000000000000e+02
3.390000000000000000e+02
6.847000000000000000e+03
1.926000000000000000e+03
1.364000000000000000e+03
3.310000000000000000e+02
4.366000000000000000e+03
6.940000000000000000e+02
5.660000000000000000e+02
6.659000000000000000e+03
5.110000000000000000e+02
1.098000000000000000e+03
2.018000000000000000e+03
5.160000000000000000e+02
5.058000000000000000e+03
1.510500000000000000e+04
2.668000000000000000e+03
1.149000000000000000e+04
7.768000000000000000e+03
1.006000000000000000e+04
3.181500000000000000e+04
1.677300000000000000e+04
5.423400000000000000e+04
2.765400000000000000e+04
4.645500000000000000e+04
6.564400000000000000e+04
6.107100000000000000e+04
3.996500000000000000e+04
5.167900000000000000e+04
5.313600000000000000e+04
3.091700000000000000e+04
1.542900000000000000e+04
9.665000000000000000e+03
2.681000000000000000e+04
1.382500000000000000e+04
6.554000000000000000e+03
1.370000000000000000e+02
2.730000000000000000e+02
1.330000000000000000e+02
2.510600000000000000e+04
4.000000000000000000e+00
5.160000000000000000e+02
4.100000000000000000e+01
1.169000000000000000e+03
3.015000000000000000e+03
5.939000000000000000e+03
2.500000000000000000e+01
1.670000000000000000e+02
5.200000000000000000e+01
3.440000000000000000e+02
3.000000000000000000e+00
1.086000000000000000e+03
5.530000000000000000e+02
2.000000000000000000e+00
5.900000000000000000e+01
7.000000000000000000e+00
1.000000000000000000e+00
1.320000000000000000e+02
0.000000000000000000e+00
2.533000000000000000e+03
2.930000000000000000e+02
2.100000000000000000e+01
2.000000000000000000e+00
7.000000000000000000e+00
4.240000000000000000e+02
8.500000000000000000e+01
9.000000000000000000e+00
2.000000000000000000e+00
0.000000000000000000e+00
2.550000000000000000e+02
0.000000000000000000e+00
1.000000000000000000e+00
1.700000000000000000e+01
1.000000000000000000e+00
1.000000000000000000e+01
9.280000000000000000e+02
3.000000000000000000e+00
2.200000000000000000e+01
9.000000000000000000e+00
4.060000000000000000e+02
4.000000000000000000e+00
3.000000000000000000e+00
1.400000000000000000e+02
7.800000000000000000e+01
1.375900000000000000e+04
2.300000000000000000e+01
5.000000000000000000e+00
5.000000000000000000e+00
1.300000000000000000e+02
1.163000000000000000e+03
5.000000000000000000e+00
4.000000000000000000e+00
2.544000000000000000e+03
6.900000000000000000e+01
1.550000000000000000e+02
7.000000000000000000e+00
1.055000000000000000e+03
1.050000000000000000e+02
7.900000000000000000e+01
9.404200000000000000e+04
1.820000000000000000e+02
2.139000000000000000e+03
2.817000000000000000e+03
1.315000000000000000e+03
3.959000000000000000e+03
2.466000000000000000e+03
6.245000000000000000e+03
7.907000000000000000e+03
6.955000000000000000e+03
7.081000000000000000e+03
1.140400000000000000e+04
6.852000000000000000e+03
1.270900000000000000e+04
8.641000000000000000e+03
1.779200000000000000e+04
1.707900000000000000e+04
1.780500000000000000e+04
2.162200000000000000e+04
2.222800000000000000e+04
2.029900000000000000e+04
1.974300000000000000e+04
2.749000000000000000e+04
2.561000000000000000e+04
3.169100000000000000e+04
3.027800000000000000e+04
4.324300000000000000e+04
5.146500000000000000e+04
5.644600000000000000e+04
5.513600000000000000e+04
6.382000000000000000e+04
5.538700000000000000e+04
6.618900000000000000e+04
6.201300000000000000e+04
6.506600000000000000e+04
6.089600000000000000e+04
6.787200000000000000e+04
5.092000000000000000e+04
5.459700000000000000e+04
5.406000000000000000e+04
4.729800000000000000e+04
3.691600000000000000e+04
3.042200000000000000e+04
3.510400000000000000e+04
2.081800000000000000e+04
1.926600000000000000e+04
2.055500000000000000e+04
1.252000000000000000e+04
1.304000000000000000e+04
1.052800000000000000e+04
7.909000000000000000e+03
1.894500000000000000e+04
6.514000000000000000e+03
1.000600000000000000e+04
6.662000000000000000e+03
1.184900000000000000e+04
5.661000000000000000e+03
1.297600000000000000e+04
9.456000000000000000e+03
8.055000000000000000e+03
6.721000000000000000e+03
9.989000000000000000e+03
6.562000000000000000e+03
3.628000000000000000e+03
1.963800000000000000e+04
5.473000000000000000e+03
5.777000000000000000e+03
1.101200000000000000e+04
5.744000000000000000e+03
5.321000000000000000e+03
9.237000000000000000e+03
9.323000000000000000e+03
4.825000000000000000e+03
1.155400000000000000e+04
5.542000000000000000e+03
7.483000000000000000e+03
5.186000000000000000e+03
8.790000000000000000e+03
7.007000000000000000e+03
4.568000000000000000e+03
6.603000000000000000e+03
6.931000000000000000e+03
6.169000000000000000e+03
5.655000000000000000e+03
4.735000000000000000e+03
1.534100000000000000e+04
4.817000000000000000e+03
5.369000000000000000e+03
6.245000000000000000e+03
7.149000000000000000e+03
6.141000000000000000e+03
7.011000000000000000e+03
5.700000000000000000e+03
6.592000000000000000e+03
6.778000000000000000e+03
5.545000000000000000e+03
7.974000000000000000e+03
6.179000000000000000e+03
8.185000000000000000e+03
6.620000000000000000e+03
7.052000000000000000e+03
6.286000000000000000e+03
1.011400000000000000e+04
7.154000000000000000e+03
7.722000000000000000e+03
7.633000000000000000e+03
9.435000000000000000e+03
8.750000000000000000e+03
8.464000000000000000e+03
1.041500000000000000e+04
1.005200000000000000e+04
9.821000000000000000e+03
1.043800000000000000e+04
1.070200000000000000e+04
1.067900000000000000e+04
1.010500000000000000e+04
1.115300000000000000e+04
9.893000000000000000e+03
9.668000000000000000e+03
9.367000000000000000e+03
9.137000000000000000e+03
9.385000000000000000e+03
9.689000000000000000e+03
9.022000000000000000e+03
8.654000000000000000e+03
7.532000000000000000e+03
8.973000000000000000e+03
8.475000000000000000e+03
1.038200000000000000e+04
8.191000000000000000e+03
6.762000000000000000e+03
7.475000000000000000e+03
7.104000000000000000e+03
7.472000000000000000e+03
7.010000000000000000e+03
6.873000000000000000e+03
6.932000000000000000e+03
6.722000000000000000e+03
6.059000000000000000e+03
5.742000000000000000e+03
5.701000000000000000e+03
5.534000000000000000e+03
5.472000000000000000e+03
5.272000000000000000e+03
5.146000000000000000e+03
5.368000000000000000e+03
4.992000000000000000e+03
5.233000000000000000e+03
5.210000000000000000e+03
4.868000000000000000e+03
4.458000000000000000e+03
4.322000000000000000e+03
3.842000000000000000e+03
4.152000000000000000e+03
2.895000000000000000e+03
2.989000000000000000e+03
2.148000000000000000e+03
1.680000000000000000e+03
1.414000000000000000e+03
1.240000000000000000e+03
8.780000000000000000e+02
7.740000000000000000e+02
6.780000000000000000e+02
4.190000000000000000e+02
4.900000000000000000e+02
4.110000000000000000e+02
3.210000000000000000e+02
2.650000000000000000e+02
2.020000000000000000e+02
1.700000000000000000e+02
3.530000000000000000e+02
1.140000000000000000e+02
1.050000000000000000e+02
1.260000000000000000e+02
9.800000000000000000e+01
9.200000000000000000e+01
6.500000000000000000e+01
1.170000000000000000e+02
6.400000000000000000e+01
9.400000000000000000e+01
6.000000000000000000e+01
7.600000000000000000e+01
1.490000000000000000e+02
5.900000000000000000e+01
8.900000000000000000e+01
1.030000000000000000e+02
7.400000000000000000e+01
5.900000000000000000e+01
9.000000000000000000e+01
7.500000000000000000e+01
5.300000000000000000e+01
1.430000000000000000e+02
4.500000000000000000e+01
8.000000000000000000e+01
6.700000000000000000e+01
5.900000000000000000e+01
6.800000000000000000e+01
8.200000000000000000e+01
5.900000000000000000e+01
5.700000000000000000e+01
9.300000000000000000e+01
5.900000000000000000e+01
6.100000000000000000e+01
5.900000000000000000e+01
1.100000000000000000e+02
7.100000000000000000e+01
6.700000000000000000e+01
7.400000000000000000e+01
6.600000000000000000e+01
7.300000000000000000e+01
6.600000000000000000e+01
8.800000000000000000e+01
5.900000000000000000e+01
9.800000000000000000e+01
7.500000000000000000e+01
9.400000000000000000e+01
7.500000000000000000e+01
7.800000000000000000e+01
7.900000000000000000e+01
9.500000000000000000e+01
6.600000000000000000e+01
8.800000000000000000e+01
7.800000000000000000e+01
7.800000000000000000e+01
8.000000000000000000e+01
9.600000000000000000e+01
1.020000000000000000e+02
9.900000000000000000e+01
1.210000000000000000e+02
1.060000000000000000e+02
1.080000000000000000e+02
1.390000000000000000e+02
1.310000000000000000e+02
1.700000000000000000e+02
1.510000000000000000e+02
1.410000000000000000e+02
1.560000000000000000e+02
1.510000000000000000e+02
1.450000000000000000e+02
1.420000000000000000e+02
9.300000000000000000e+01
1.350000000000000000e+02
1.010000000000000000e+02
6.100000000000000000e+01
6.700000000000000000e+01
3.700000000000000000e+01
2.900000000000000000e+01
2.700000000000000000e+01
2.300000000000000000e+01
2.300000000000000000e+01
1.300000000000000000e+01
2.500000000000000000e+01
1.300000000000000000e+01
3.000000000000000000e+00
0.000000000000000000e+00
5.690000000000000000e+02
0.000000000000000000e+00
1.000000000000000000e+00
1.300000000000000000e+01
4.390000000000000000e+02
2.527000000000000000e+03
5.278000000000000000e+03
6.049000000000000000e+03
8.072000000000000000e+03
1.010900000000000000e+04
1.101500000000000000e+04
1.181400000000000000e+04
1.203200000000000000e+04
1.230500000000000000e+04
1.223300000000000000e+04
1.215800000000000000e+04
1.359400000000000000e+04
1.507400000000000000e+04
1.692900000000000000e+04
1.921900000000000000e+04
2.033400000000000000e+04
2.010800000000000000e+04
1.906800000000000000e+04
1.739200000000000000e+04
1.571300000000000000e+04
1.457800000000000000e+04
1.328700000000000000e+04
1.232100000000000000e+04
1.215000000000000000e+04
1.222300000000000000e+04
1.216900000000000000e+04
1.188600000000000000e+04
1.151300000000000000e+04
1.136400000000000000e+04
1.125100000000000000e+04
1.060800000000000000e+04
9.496000000000000000e+03
8.677000000000000000e+03
8.039000000000000000e+03
7.524000000000000000e+03
7.048000000000000000e+03
6.930000000000000000e+03
6.625000000000000000e+03
6.544000000000000000e+03
6.456000000000000000e+03
6.491000000000000000e+03
6.491000000000000000e+03
6.218000000000000000e+03
6.276000000000000000e+03
6.429000000000000000e+03
6.421000000000000000e+03
6.523000000000000000e+03
6.229000000000000000e+03
6.217000000000000000e+03
6.115000000000000000e+03
6.071000000000000000e+03
6.111000000000000000e+03
6.209000000000000000e+03
6.186000000000000000e+03
6.057000000000000000e+03
6.154000000000000000e+03
6.216000000000000000e+03
6.200000000000000000e+03
6.203000000000000000e+03
6.195000000000000000e+03
6.221000000000000000e+03
6.215000000000000000e+03
6.392000000000000000e+03
6.378000000000000000e+03
6.296000000000000000e+03
6.428000000000000000e+03
6.330000000000000000e+03
6.268000000000000000e+03
6.151000000000000000e+03
6.180000000000000000e+03
6.289000000000000000e+03
6.356000000000000000e+03
6.402000000000000000e+03
6.371000000000000000e+03
6.286000000000000000e+03
6.346000000000000000e+03
6.272000000000000000e+03
6.278000000000000000e+03
6.106000000000000000e+03
6.238000000000000000e+03
6.222000000000000000e+03
6.294000000000000000e+03
6.222000000000000000e+03
6.069000000000000000e+03
6.212000000000000000e+03
6.233000000000000000e+03
6.281000000000000000e+03
6.080000000000000000e+03
6.327000000000000000e+03
6.344000000000000000e+03
6.190000000000000000e+03
5.983000000000000000e+03
5.871000000000000000e+03
5.796000000000000000e+03
5.576000000000000000e+03
5.538000000000000000e+03
5.522000000000000000e+03
5.561000000000000000e+03
5.422000000000000000e+03
5.489000000000000000e+03
5.460000000000000000e+03
5.708000000000000000e+03
5.572000000000000000e+03
5.844000000000000000e+03
5.926000000000000000e+03
5.873000000000000000e+03
5.780000000000000000e+03
6.060000000000000000e+03
6.182000000000000000e+03
6.192000000000000000e+03
6.303000000000000000e+03
6.338000000000000000e+03
6.357000000000000000e+03
6.421000000000000000e+03
5.998000000000000000e+03
5.822000000000000000e+03
5.740000000000000000e+03
5.780000000000000000e+03
5.937000000000000000e+03
5.966000000000000000e+03
6.002000000000000000e+03
6.388000000000000000e+03
6.474000000000000000e+03
6.669000000000000000e+03
6.900000000000000000e+03
7.215000000000000000e+03
7.228000000000000000e+03
7.442000000000000000e+03
7.702000000000000000e+03
7.833000000000000000e+03
7.974000000000000000e+03
7.979000000000000000e+03
8.109000000000000000e+03
8.049000000000000000e+03
7.903000000000000000e+03
7.624000000000000000e+03
7.493000000000000000e+03
7.351000000000000000e+03
7.610000000000000000e+03
7.786000000000000000e+03
8.349000000000000000e+03
8.779000000000000000e+03
9.639000000000000000e+03
1.049100000000000000e+04
1.161900000000000000e+04
1.235600000000000000e+04
1.239100000000000000e+04
1.236900000000000000e+04
1.201800000000000000e+04
1.148800000000000000e+04
1.059500000000000000e+04
1.004900000000000000e+04
9.359000000000000000e+03
8.945000000000000000e+03
8.396000000000000000e+03
7.977000000000000000e+03
7.611000000000000000e+03
7.663000000000000000e+03
7.682000000000000000e+03
7.591000000000000000e+03
7.982000000000000000e+03
8.008000000000000000e+03
7.968000000000000000e+03
8.034000000000000000e+03
8.414000000000000000e+03
8.853000000000000000e+03
9.324000000000000000e+03
1.010100000000000000e+04
1.095700000000000000e+04
1.173200000000000000e+04
1.255500000000000000e+04
1.392900000000000000e+04
1.528200000000000000e+04
1.657700000000000000e+04
1.837900000000000000e+04
2.007500000000000000e+04
2.213500000000000000e+04
2.412000000000000000e+04
2.609300000000000000e+04
2.802700000000000000e+04
2.880400000000000000e+04
3.029100000000000000e+04
3.127800000000000000e+04
3.109800000000000000e+04
3.079900000000000000e+04
3.044100000000000000e+04
2.943700000000000000e+04
2.773400000000000000e+04
2.579500000000000000e+04
2.363000000000000000e+04
2.166300000000000000e+04
1.968200000000000000e+04
1.735500000000000000e+04
1.518000000000000000e+04
1.332400000000000000e+04
1.167300000000000000e+04
1.011200000000000000e+04
8.516000000000000000e+03
7.265000000000000000e+03
6.327000000000000000e+03
5.398000000000000000e+03
4.655000000000000000e+03
4.098000000000000000e+03
3.636000000000000000e+03
3.150000000000000000e+03
2.894000000000000000e+03
2.588000000000000000e+03
2.323000000000000000e+03
2.115000000000000000e+03
1.982000000000000000e+03
1.976000000000000000e+03
1.845000000000000000e+03
1.670000000000000000e+03
1.551000000000000000e+03
1.464000000000000000e+03
1.372000000000000000e+03
1.344000000000000000e+03
1.241000000000000000e+03
1.301000000000000000e+03
1.245000000000000000e+03
1.256000000000000000e+03
1.150000000000000000e+03
1.141000000000000000e+03
1.144000000000000000e+03
1.037000000000000000e+03
1.035000000000000000e+03
1.015000000000000000e+03
9.990000000000000000e+02
9.840000000000000000e+02
9.440000000000000000e+02
1.012000000000000000e+03
1.037000000000000000e+03
1.036000000000000000e+03
1.045000000000000000e+03
1.085000000000000000e+03
1.109000000000000000e+03
1.108000000000000000e+03
1.190000000000000000e+03
1.179000000000000000e+03
1.065000000000000000e+03
1.126000000000000000e+03
1.166000000000000000e+03
1.180000000000000000e+03
1.385000000000000000e+03
2.003000000000000000e+03
4.252000000000000000e+03
7.041000000000000000e+03
1.091500000000000000e+04
1.620600000000000000e+04
2.422500000000000000e+04
4.905000000000000000e+04
1.125140000000000000e+05
