2.081300000000000000e+04
4.808000000000000000e+03
2.429000000000000000e+03
1.068000000000000000e+03
4.620000000000000000e+02
4.160000000000000000e+02
4.810000000000000000e+02
8.400000000000000000e+01
2.960000000000000000e+02
9.500000000000000000e+01
6.400000000000000000e+01
4.300000000000000000e+02
5.800000000000000000e+01
4.310000000000000000e+02
2.520000000000000000e+02
1.880000000000000000e+02
2.990000000000000000e+02
9.100000000000000000e+01
1.340000000000000000e+02
2.070000000000000000e+02
3.810000000000000000e+02
3.490000000000000000e+02
4.050000000000000000e+02
3.420000000000000000e+02
4.180000000000000000e+02
3.470000000000000000e+02
9.470000000000000000e+02
7.870000000000000000e+02
2.110000000000000000e+03
2.601000000000000000e+03
3.555000000000000000e+03
2.527000000000000000e+03
4.553000000000000000e+03
6.223000000000000000e+03
7.771000000000000000e+03
1.162800000000000000e+04
6.934000000000000000e+03
6.365000000000000000e+03
6.050000000000000000e+03
5.325000000000000000e+03
6.669000000000000000e+03
3.122000000000000000e+03
3.460000000000000000e+03
3.071000000000000000e+03
1.054000000000000000e+03
1.176000000000000000e+03
1.174000000000000000e+03
3.220000000000000000e+02
1.162000000000000000e+03
3.390000000000000000e+02
9.060000000000000000e+02
8.330000000000000000e+02
4.830000000000000000e+02
4.010000000000000000e+02
4.160000000000000000e+02
7.150000000000000000e+02
5.460000000000000000e+02
4.500000000000000000e+02
2.550000000000000000e+02
1.310000000000000000e+02
1.150000000000000000e+03
8.100000000000000000e+01
2.650000000000000000e+02
3.980000000000000000e+02
5.400000000000000000e+01
2.460000000000000000e+02
9.360000000000000000e+02
2.480000000000000000e+02
2.760000000000000000e+02
3.380000000000000000e+02
4.530000000000000000e+02
1.450000000000000000e+02
1.230000000000000000e+02
3.670000000000000000e+02
4.830000000000000000e+02
5.130000000000000000e+02
1.720000000000000000e+02
1.300000000000000000e+02
3.900000000000000000e+01
3.040000000000000000e+02
1.193000000000000000e+03
5.000000000000000000e+01
8.700000000000000000e+01
4.520000000000000000e+02
2.920000000000000000e+02
1.770000000000000000e+02
9.700000000000000000e+01
1.003000000000000000e+03
1.340000000000000000e+02
1.120000000000000000e+02
9.180000000000000000e+02
2.000000000000000000e+02
1.670000000000000000e+02
3.860000000000000000e+02
1.150000000000000000e+02
1.204000000000000000e+03
1.019000000000000000e+03
1.980000000000000000e+02
1.569000000000000000e+03
7.810000000000000000e+02
7.970000000000000000e+02
2.888000000000000000e+03
1.421000000000000000e+03
4.131000000000000000e+03
2.837000000000000000e+03
3.629000000000000000e+03
2.841000000000000000e+03
4.910000000000000000e+02
1.100000000000000000e+03
1.341000000000000000e+03
1.022000000000000000e+03
2.828000000000000000e+03
1.111000000000000000e+03
3.416000000000000000e+03
1.189000000000000000e+03
2.879000000000000000e+03
9.280000000000000000e+02
4.000000000000000000e+01
7.500000000000000000e+01
4.200000000000000000e+01
4.291100000000000000e+04
5.000000000000000000e+00
2.000000000000000000e+02
3.800000000000000000e+01
7.397000000000000000e+03
1.903100000000000000e+04
3.643000000000000000e+03
2.200000000000000000e+01
1.530000000000000000e+02
5.300000000000000000e+01
2.280000000000000000e+02
4.000000000000000000e+00
5.510000000000000000e+02
4.110000000000000000e+02
8.000000000000000000e+00
9.000000000000000000e+01
5.400000000000000000e+01
1.000000000000000000e+01
1.390000000000000000e+02
1.900000000000000000e+01
5.210000000000000000e+02
1.480000000000000000e+02
4.700000000000000000e+01
3.800000000000000000e+01
4.300000000000000000e+01
1.780000000000000000e+02
1.150000000000000000e+02
4.400000000000000000e+01
6.000000000000000000e+01
6.000000000000000000e+00
2.360000000000000000e+02
3.000000000000000000e+00
6.200000000000000000e+01
6.500000000000000000e+01
7.000000000000000000e+00
4.000000000000000000e+01
2.800000000000000000e+02
6.400000000000000000e+01
6.700000000000000000e+01
1.000000000000000000e+02
1.750000000000000000e+02
4.200000000000000000e+01
7.400000000000000000e+01
9.800000000000000000e+01
1.350000000000000000e+02
5.130000000000000000e+02
9.600000000000000000e+01
1.300000000000000000e+02
6.800000000000000000e+01
1.210000000000000000e+02
4.590000000000000000e+02
1.030000000000000000e+02
2.790000000000000000e+02
5.380000000000000000e+02
4.800000000000000000e+02
6.100000000000000000e+02
8.420000000000000000e+02
2.052000000000000000e+03
4.783000000000000000e+03
6.021000000000000000e+03
4.571000000000000000e+03
1.600000000000000000e+01
5.500000000000000000e+01
8.400000000000000000e+01
2.160000000000000000e+02
2.110000000000000000e+02
6.560000000000000000e+02
8.970000000000000000e+02
5.620000000000000000e+02
9.260000000000000000e+02
1.242000000000000000e+03
1.100000000000000000e+03
1.503000000000000000e+03
1.836000000000000000e+03
4.413000000000000000e+03
1.187100000000000000e+04
6.871000000000000000e+03
5.093000000000000000e+03
8.892000000000000000e+03
8.303000000000000000e+03
7.258000000000000000e+03
6.666000000000000000e+03
5.588000000000000000e+03
4.066000000000000000e+03
4.078000000000000000e+03
2.928000000000000000e+03
2.326000000000000000e+03
1.864000000000000000e+03
1.873000000000000000e+03
1.711000000000000000e+03
1.782000000000000000e+03
1.479000000000000000e+03
1.474000000000000000e+03
1.498000000000000000e+03
1.449000000000000000e+03
1.071000000000000000e+03
1.314000000000000000e+03
7.670000000000000000e+02
9.300000000000000000e+02
9.150000000000000000e+02
7.200000000000000000e+02
7.550000000000000000e+02
6.110000000000000000e+02
8.800000000000000000e+02
6.540000000000000000e+02
5.940000000000000000e+02
7.670000000000000000e+02
6.180000000000000000e+02
5.090000000000000000e+02
6.280000000000000000e+02
5.080000000000000000e+02
8.290000000000000000e+02
4.820000000000000000e+02
7.290000000000000000e+02
5.490000000000000000e+02
6.330000000000000000e+02
4.540000000000000000e+02
6.360000000000000000e+02
5.740000000000000000e+02
5.030000000000000000e+02
5.020000000000000000e+02
6.060000000000000000e+02
5.440000000000000000e+02
3.650000000000000000e+02
8.930000000000000000e+02
4.850000000000000000e+02
4.710000000000000000e+02
5.970000000000000000e+02
5.170000000000000000e+02
4.310000000000000000e+02
5.970000000000000000e+02
5.800000000000000000e+02
4.460000000000000000e+02
6.860000000000000000e+02
5.310000000000000000e+02
5.700000000000000000e+02
4.950000000000000000e+02
5.890000000000000000e+02
6.080000000000000000e+02
4.450000000000000000e+02
5.760000000000000000e+02
5.900000000000000000e+02
5.210000000000000000e+02
5.900000000000000000e+02
3.540000000000000000e+02
1.110000000000000000e+03
3.810000000000000000e+02
5.600000000000000000e+02
5.850000000000000000e+02
5.560000000000000000e+02
5.690000000000000000e+02
5.600000000000000000e+02
5.820000000000000000e+02
5.740000000000000000e+02
6.430000000000000000e+02
4.820000000000000000e+02
7.670000000000000000e+02
5.980000000000000000e+02
6.780000000000000000e+02
6.310000000000000000e+02
5.860000000000000000e+02
5.030000000000000000e+02
9.000000000000000000e+02
5.660000000000000000e+02
6.090000000000000000e+02
6.040000000000000000e+02
8.030000000000000000e+02
6.530000000000000000e+02
6.670000000000000000e+02
8.340000000000000000e+02
5.360000000000000000e+02
7.360000000000000000e+02
7.110000000000000000e+02
7.660000000000000000e+02
6.270000000000000000e+02
6.910000000000000000e+02
7.440000000000000000e+02
6.850000000000000000e+02
6.940000000000000000e+02
6.510000000000000000e+02
6.660000000000000000e+02
6.090000000000000000e+02
6.480000000000000000e+02
6.580000000000000000e+02
6.320000000000000000e+02
6.650000000000000000e+02
5.140000000000000000e+02
6.450000000000000000e+02
1.491000000000000000e+03
5.790000000000000000e+02
6.280000000000000000e+02
6.690000000000000000e+02
6.520000000000000000e+02
6.040000000000000000e+02
7.090000000000000000e+02
6.750000000000000000e+02
5.800000000000000000e+02
7.050000000000000000e+02
6.350000000000000000e+02
7.100000000000000000e+02
6.290000000000000000e+02
6.420000000000000000e+02
7.700000000000000000e+02
7.380000000000000000e+02
5.800000000000000000e+02
6.550000000000000000e+02
7.920000000000000000e+02
6.740000000000000000e+02
7.090000000000000000e+02
7.930000000000000000e+02
7.160000000000000000e+02
6.380000000000000000e+02
7.100000000000000000e+02
8.990000000000000000e+02
6.780000000000000000e+02
7.430000000000000000e+02
6.570000000000000000e+02
5.970000000000000000e+02
6.810000000000000000e+02
8.340000000000000000e+02
5.540000000000000000e+02
6.830000000000000000e+02
7.150000000000000000e+02
6.230000000000000000e+02
6.180000000000000000e+02
6.780000000000000000e+02
6.080000000000000000e+02
6.380000000000000000e+02
6.850000000000000000e+02
4.700000000000000000e+02
1.255000000000000000e+03
5.200000000000000000e+02
6.030000000000000000e+02
6.580000000000000000e+02
7.130000000000000000e+02
6.080000000000000000e+02
5.460000000000000000e+02
6.910000000000000000e+02
6.430000000000000000e+02
8.150000000000000000e+02
7.090000000000000000e+02
7.720000000000000000e+02
9.090000000000000000e+02
8.110000000000000000e+02
8.080000000000000000e+02
9.690000000000000000e+02
8.100000000000000000e+02
8.680000000000000000e+02
1.049000000000000000e+03
9.050000000000000000e+02
9.060000000000000000e+02
1.384000000000000000e+03
7.410000000000000000e+02
9.750000000000000000e+02
8.760000000000000000e+02
9.630000000000000000e+02
1.067000000000000000e+03
9.780000000000000000e+02
1.208000000000000000e+03
9.580000000000000000e+02
1.193000000000000000e+03
9.550000000000000000e+02
1.042000000000000000e+03
1.024000000000000000e+03
1.068000000000000000e+03
8.470000000000000000e+02
1.025000000000000000e+03
9.090000000000000000e+02
8.570000000000000000e+02
1.108000000000000000e+03
8.290000000000000000e+02
8.730000000000000000e+02
7.780000000000000000e+02
9.780000000000000000e+02
8.000000000000000000e+02
7.510000000000000000e+02
7.800000000000000000e+02
7.760000000000000000e+02
5.460000000000000000e+02
8.500000000000000000e+02
6.680000000000000000e+02
5.920000000000000000e+02
6.600000000000000000e+02
7.180000000000000000e+02
5.730000000000000000e+02
4.660000000000000000e+02
5.840000000000000000e+02
6.270000000000000000e+02
5.310000000000000000e+02
4.300000000000000000e+02
6.620000000000000000e+02
4.580000000000000000e+02
4.500000000000000000e+02
5.880000000000000000e+02
5.130000000000000000e+02
6.220000000000000000e+02
4.210000000000000000e+02
5.470000000000000000e+02
4.390000000000000000e+02
4.320000000000000000e+02
4.690000000000000000e+02
4.600000000000000000e+02
4.630000000000000000e+02
6.070000000000000000e+02
5.580000000000000000e+02
4.400000000000000000e+02
5.580000000000000000e+02
5.690000000000000000e+02
6.800000000000000000e+02
6.270000000000000000e+02
5.640000000000000000e+02
7.800000000000000000e+02
1.040000000000000000e+03
8.720000000000000000e+02
1.377000000000000000e+03
1.774800000000000000e+04
1.660000000000000000e+02
4.560000000000000000e+02
7.400000000000000000e+02
1.105000000000000000e+03
2.478000000000000000e+03
1.133000000000000000e+03
9.400000000000000000e+02
9.410000000000000000e+02
8.630000000000000000e+02
9.250000000000000000e+02
8.400000000000000000e+02
8.590000000000000000e+02
8.010000000000000000e+02
7.880000000000000000e+02
7.910000000000000000e+02
7.710000000000000000e+02
8.120000000000000000e+02
8.000000000000000000e+02
8.920000000000000000e+02
9.910000000000000000e+02
9.960000000000000000e+02
1.076000000000000000e+03
1.179000000000000000e+03
1.257000000000000000e+03
1.312000000000000000e+03
1.193000000000000000e+03
1.418000000000000000e+03
1.418000000000000000e+03
1.417000000000000000e+03
1.431000000000000000e+03
1.336000000000000000e+03
1.298000000000000000e+03
1.365000000000000000e+03
1.362000000000000000e+03
1.411000000000000000e+03
1.376000000000000000e+03
1.438000000000000000e+03
1.487000000000000000e+03
1.428000000000000000e+03
1.439000000000000000e+03
1.350000000000000000e+03
1.391000000000000000e+03
1.397000000000000000e+03
1.234000000000000000e+03
1.254000000000000000e+03
1.261000000000000000e+03
1.218000000000000000e+03
1.238000000000000000e+03
1.184000000000000000e+03
1.179000000000000000e+03
1.117000000000000000e+03
1.235000000000000000e+03
1.136000000000000000e+03
1.114000000000000000e+03
1.152000000000000000e+03
1.138000000000000000e+03
1.103000000000000000e+03
1.089000000000000000e+03
1.143000000000000000e+03
1.127000000000000000e+03
1.162000000000000000e+03
1.174000000000000000e+03
1.155000000000000000e+03
1.118000000000000000e+03
1.136000000000000000e+03
1.133000000000000000e+03
1.177000000000000000e+03
1.276000000000000000e+03
1.279000000000000000e+03
1.332000000000000000e+03
1.259000000000000000e+03
1.353000000000000000e+03
1.366000000000000000e+03
1.346000000000000000e+03
1.309000000000000000e+03
1.328000000000000000e+03
1.388000000000000000e+03
1.330000000000000000e+03
1.316000000000000000e+03
1.283000000000000000e+03
1.308000000000000000e+03
1.311000000000000000e+03
1.275000000000000000e+03
1.244000000000000000e+03
1.232000000000000000e+03
1.277000000000000000e+03
1.257000000000000000e+03
1.244000000000000000e+03
1.183000000000000000e+03
1.305000000000000000e+03
1.207000000000000000e+03
1.235000000000000000e+03
1.330000000000000000e+03
1.324000000000000000e+03
1.264000000000000000e+03
1.239000000000000000e+03
1.279000000000000000e+03
1.240000000000000000e+03
1.325000000000000000e+03
1.262000000000000000e+03
1.355000000000000000e+03
1.388000000000000000e+03
1.394000000000000000e+03
1.379000000000000000e+03
1.431000000000000000e+03
1.374000000000000000e+03
1.332000000000000000e+03
1.323000000000000000e+03
1.314000000000000000e+03
1.316000000000000000e+03
1.219000000000000000e+03
1.354000000000000000e+03
1.353000000000000000e+03
1.455000000000000000e+03
1.438000000000000000e+03
1.538000000000000000e+03
1.428000000000000000e+03
1.435000000000000000e+03
1.444000000000000000e+03
1.479000000000000000e+03
1.602000000000000000e+03
1.739000000000000000e+03
2.007000000000000000e+03
2.069000000000000000e+03
2.284000000000000000e+03
2.410000000000000000e+03
2.519000000000000000e+03
2.777000000000000000e+03
2.840000000000000000e+03
3.074000000000000000e+03
3.203000000000000000e+03
3.260000000000000000e+03
3.341000000000000000e+03
3.690000000000000000e+03
3.597000000000000000e+03
3.869000000000000000e+03
3.938000000000000000e+03
3.951000000000000000e+03
3.644000000000000000e+03
3.148000000000000000e+03
2.820000000000000000e+03
2.548000000000000000e+03
2.257000000000000000e+03
2.018000000000000000e+03
1.849000000000000000e+03
1.847000000000000000e+03
1.669000000000000000e+03
1.586000000000000000e+03
1.430000000000000000e+03
1.122000000000000000e+03
1.082000000000000000e+03
9.380000000000000000e+02
9.380000000000000000e+02
8.750000000000000000e+02
8.400000000000000000e+02
7.600000000000000000e+02
7.340000000000000000e+02
7.130000000000000000e+02
6.710000000000000000e+02
7.390000000000000000e+02
7.230000000000000000e+02
7.590000000000000000e+02
7.180000000000000000e+02
7.730000000000000000e+02
7.390000000000000000e+02
7.090000000000000000e+02
7.250000000000000000e+02
6.570000000000000000e+02
6.550000000000000000e+02
6.600000000000000000e+02
6.660000000000000000e+02
6.880000000000000000e+02
5.760000000000000000e+02
7.140000000000000000e+02
6.800000000000000000e+02
6.640000000000000000e+02
7.020000000000000000e+02
5.860000000000000000e+02
6.150000000000000000e+02
7.140000000000000000e+02
5.790000000000000000e+02
5.160000000000000000e+02
5.240000000000000000e+02
5.320000000000000000e+02
5.620000000000000000e+02
5.220000000000000000e+02
5.140000000000000000e+02
4.510000000000000000e+02
5.410000000000000000e+02
4.840000000000000000e+02
4.960000000000000000e+02
4.530000000000000000e+02
3.760000000000000000e+02
4.290000000000000000e+02
4.350000000000000000e+02
4.190000000000000000e+02
4.130000000000000000e+02
3.830000000000000000e+02
3.500000000000000000e+02
4.100000000000000000e+02
3.120000000000000000e+02
3.580000000000000000e+02
3.400000000000000000e+02
3.200000000000000000e+02
3.250000000000000000e+02
3.410000000000000000e+02
3.150000000000000000e+02
3.590000000000000000e+02
3.610000000000000000e+02
3.870000000000000000e+02
3.420000000000000000e+02
3.830000000000000000e+02
3.410000000000000000e+02
3.940000000000000000e+02
3.920000000000000000e+02
4.200000000000000000e+02
3.580000000000000000e+02
4.160000000000000000e+02
3.830000000000000000e+02
4.010000000000000000e+02
4.210000000000000000e+02
4.330000000000000000e+02
4.140000000000000000e+02
4.000000000000000000e+02
4.910000000000000000e+02
4.170000000000000000e+02
4.040000000000000000e+02
3.720000000000000000e+02
3.890000000000000000e+02
3.480000000000000000e+02
4.000000000000000000e+02
3.750000000000000000e+02
3.280000000000000000e+02
3.630000000000000000e+02
3.650000000000000000e+02
3.550000000000000000e+02
3.720000000000000000e+02
3.060000000000000000e+02
3.230000000000000000e+02
3.140000000000000000e+02
2.820000000000000000e+02
2.550000000000000000e+02
2.680000000000000000e+02
2.760000000000000000e+02
2.750000000000000000e+02
2.300000000000000000e+02
2.300000000000000000e+02
2.510000000000000000e+02
2.680000000000000000e+02
2.640000000000000000e+02
2.460000000000000000e+02
2.470000000000000000e+02
1.900000000000000000e+02
1.780000000000000000e+02
1.630000000000000000e+02
9.300000000000000000e+02
