6.853000000000000000e+05
1.870000000000000000e+02
7.120000000000000000e+02
3.038000000000000000e+03
1.670000000000000000e+02
1.350900000000000000e+04
2.075000000000000000e+04
1.600000000000000000e+02
3.466900000000000000e+04
1.039000000000000000e+03
7.620000000000000000e+02
3.746100000000000000e+04
1.564000000000000000e+03
1.466130000000000000e+05
3.888200000000000000e+04
1.154800000000000000e+04
4.652300000000000000e+04
1.638800000000000000e+04
2.883500000000000000e+04
1.002910000000000000e+05
5.846800000000000000e+04
3.042200000000000000e+04
1.735000000000000000e+04
1.049100000000000000e+04
5.254900000000000000e+04
2.627400000000000000e+04
2.839800000000000000e+04
6.544000000000000000e+03
6.356000000000000000e+03
8.684000000000000000e+03
5.564900000000000000e+04
3.680000000000000000e+02
1.388000000000000000e+04
3.049000000000000000e+03
1.445600000000000000e+04
3.577200000000000000e+04
2.274200000000000000e+04
3.760000000000000000e+02
4.259000000000000000e+03
2.995000000000000000e+03
3.357000000000000000e+03
1.000000000000000000e+02
8.365000000000000000e+03
8.063000000000000000e+03
1.540000000000000000e+02
1.400000000000000000e+03
1.925000000000000000e+03
5.000000000000000000e+00
1.001000000000000000e+03
2.110000000000000000e+02
7.451000000000000000e+03
1.363000000000000000e+03
3.630000000000000000e+02
5.550000000000000000e+02
1.620000000000000000e+02
1.248000000000000000e+03
2.960000000000000000e+02
7.100000000000000000e+01
5.800000000000000000e+01
9.000000000000000000e+00
3.790000000000000000e+02
3.000000000000000000e+00
5.400000000000000000e+01
1.160000000000000000e+02
5.000000000000000000e+00
7.100000000000000000e+01
1.816000000000000000e+03
5.600000000000000000e+01
1.140000000000000000e+02
8.800000000000000000e+01
4.480000000000000000e+02
2.300000000000000000e+01
2.900000000000000000e+01
1.880000000000000000e+02
2.900000000000000000e+02
9.237000000000000000e+03
6.100000000000000000e+01
2.600000000000000000e+01
1.600000000000000000e+01
2.990000000000000000e+02
1.288000000000000000e+03
5.600000000000000000e+01
1.170000000000000000e+02
1.964000000000000000e+03
3.300000000000000000e+02
3.050000000000000000e+02
8.700000000000000000e+01
1.095000000000000000e+03
4.400000000000000000e+02
1.490000000000000000e+02
3.305000000000000000e+03
4.390000000000000000e+02
1.312000000000000000e+03
1.712000000000000000e+03
4.870000000000000000e+02
8.822000000000000000e+03
4.659000000000000000e+03
7.212000000000000000e+03
1.742300000000000000e+04
8.223000000000000000e+03
5.801000000000000000e+03
9.006000000000000000e+03
3.989000000000000000e+03
1.924700000000000000e+04
1.042500000000000000e+04
2.156400000000000000e+04
2.335200000000000000e+04
1.665100000000000000e+04
3.380500000000000000e+04
2.958900000000000000e+04
1.079580000000000000e+05
8.124500000000000000e+04
5.941900000000000000e+04
3.884500000000000000e+04
2.962100000000000000e+04
2.383900000000000000e+04
1.859800000000000000e+04
2.330000000000000000e+02
4.160000000000000000e+02
2.530000000000000000e+02
1.166440000000000000e+05
1.800000000000000000e+01
1.367000000000000000e+03
1.180000000000000000e+02
3.095000000000000000e+03
1.517800000000000000e+04
3.389000000000000000e+04
8.700000000000000000e+01
5.530000000000000000e+02
2.270000000000000000e+02
8.700000000000000000e+02
2.700000000000000000e+01
3.995000000000000000e+03
2.107000000000000000e+03
2.400000000000000000e+01
1.830000000000000000e+02
5.800000000000000000e+01
5.000000000000000000e+00
3.790000000000000000e+02
1.100000000000000000e+01
8.652000000000000000e+03
6.070000000000000000e+02
1.220000000000000000e+02
1.800000000000000000e+01
3.600000000000000000e+01
1.035000000000000000e+03
2.350000000000000000e+02
6.500000000000000000e+01
1.100000000000000000e+01
1.000000000000000000e+00
7.110000000000000000e+02
2.000000000000000000e+00
2.800000000000000000e+01
1.050000000000000000e+02
1.000000000000000000e+00
5.400000000000000000e+01
2.126000000000000000e+03
3.500000000000000000e+01
8.400000000000000000e+01
6.500000000000000000e+01
7.630000000000000000e+02
3.300000000000000000e+01
2.100000000000000000e+01
2.950000000000000000e+02
2.170000000000000000e+02
1.998000000000000000e+04
7.000000000000000000e+01
2.200000000000000000e+01
1.700000000000000000e+01
3.920000000000000000e+02
2.475000000000000000e+03
3.100000000000000000e+01
1.490000000000000000e+02
4.964000000000000000e+03
5.560000000000000000e+02
6.020000000000000000e+02
2.980000000000000000e+02
3.055000000000000000e+03
4.170000000000000000e+02
1.770000000000000000e+02
6.788680000000000000e+05
3.790000000000000000e+02
1.538800000000000000e+04
1.991900000000000000e+04
2.213000000000000000e+04
3.500800000000000000e+04
3.473100000000000000e+04
3.256500000000000000e+04
3.410000000000000000e+04
4.501700000000000000e+04
3.529800000000000000e+04
5.566900000000000000e+04
4.813400000000000000e+04
4.884100000000000000e+04
7.428300000000000000e+04
5.595400000000000000e+04
5.898300000000000000e+04
5.830800000000000000e+04
5.135400000000000000e+04
4.958500000000000000e+04
5.228800000000000000e+04
4.613000000000000000e+04
4.972400000000000000e+04
5.099500000000000000e+04
6.311500000000000000e+04
4.029200000000000000e+04
3.520300000000000000e+04
2.987100000000000000e+04
2.634500000000000000e+04
1.618300000000000000e+04
1.765700000000000000e+04
1.263300000000000000e+04
1.563400000000000000e+04
1.184700000000000000e+04
1.423400000000000000e+04
1.124300000000000000e+04
1.768500000000000000e+04
7.621000000000000000e+03
1.203200000000000000e+04
1.451000000000000000e+04
1.308000000000000000e+04
1.093300000000000000e+04
9.512000000000000000e+03
1.451300000000000000e+04
9.866000000000000000e+03
1.015500000000000000e+04
1.265900000000000000e+04
7.098000000000000000e+03
7.926000000000000000e+03
7.551000000000000000e+03
6.741000000000000000e+03
1.188800000000000000e+04
6.288000000000000000e+03
7.486000000000000000e+03
5.919000000000000000e+03
8.435000000000000000e+03
5.243000000000000000e+03
8.651000000000000000e+03
6.760000000000000000e+03
6.297000000000000000e+03
5.217000000000000000e+03
5.812000000000000000e+03
5.101000000000000000e+03
3.886000000000000000e+03
1.001800000000000000e+04
4.545000000000000000e+03
4.517000000000000000e+03
5.833000000000000000e+03
5.186000000000000000e+03
4.585000000000000000e+03
6.440000000000000000e+03
5.974000000000000000e+03
5.506000000000000000e+03
8.054000000000000000e+03
5.556000000000000000e+03
5.896000000000000000e+03
4.636000000000000000e+03
6.026000000000000000e+03
5.707000000000000000e+03
5.208000000000000000e+03
6.796000000000000000e+03
6.159000000000000000e+03
5.568000000000000000e+03
6.209000000000000000e+03
5.905000000000000000e+03
8.777000000000000000e+03
6.221000000000000000e+03
5.849000000000000000e+03
5.867000000000000000e+03
5.357000000000000000e+03
6.457000000000000000e+03
7.388000000000000000e+03
5.958000000000000000e+03
6.703000000000000000e+03
5.673000000000000000e+03
6.392000000000000000e+03
6.458000000000000000e+03
5.673000000000000000e+03
6.892000000000000000e+03
5.406000000000000000e+03
5.295000000000000000e+03
3.914000000000000000e+03
4.952000000000000000e+03
2.512000000000000000e+03
2.301000000000000000e+03
1.733000000000000000e+03
2.044000000000000000e+03
1.081000000000000000e+03
7.880000000000000000e+02
1.053000000000000000e+03
4.540000000000000000e+02
4.840000000000000000e+02
4.560000000000000000e+02
4.120000000000000000e+02
2.560000000000000000e+02
2.560000000000000000e+02
7.630000000000000000e+02
2.620000000000000000e+02
3.610000000000000000e+02
2.370000000000000000e+02
2.460000000000000000e+02
2.140000000000000000e+02
1.610000000000000000e+02
1.480000000000000000e+02
1.120000000000000000e+02
8.200000000000000000e+01
5.700000000000000000e+01
1.890000000000000000e+02
2.107000000000000000e+03
4.800000000000000000e+01
7.600000000000000000e+01
8.200000000000000000e+01
1.140000000000000000e+02
1.080000000000000000e+02
1.190000000000000000e+02
1.090000000000000000e+02
9.500000000000000000e+01
1.330000000000000000e+02
7.200000000000000000e+01
1.300000000000000000e+02
1.040000000000000000e+02
5.600000000000000000e+01
3.570000000000000000e+02
9.300000000000000000e+01
4.600000000000000000e+01
4.500000000000000000e+01
1.570000000000000000e+02
5.600000000000000000e+01
7.900000000000000000e+01
7.900000000000000000e+01
6.200000000000000000e+01
8.500000000000000000e+01
2.800000000000000000e+01
2.340000000000000000e+02
2.500000000000000000e+01
7.100000000000000000e+01
7.500000000000000000e+01
7.400000000000000000e+01
4.000000000000000000e+01
2.950000000000000000e+02
3.500000000000000000e+01
4.700000000000000000e+01
9.700000000000000000e+01
4.500000000000000000e+01
5.000000000000000000e+01
8.300000000000000000e+01
6.400000000000000000e+01
6.400000000000000000e+01
5.800000000000000000e+01
2.400000000000000000e+01
6.490000000000000000e+02
2.200000000000000000e+01
4.700000000000000000e+01
3.700000000000000000e+01
6.800000000000000000e+01
7.100000000000000000e+01
4.700000000000000000e+01
8.500000000000000000e+01
1.900000000000000000e+01
8.500000000000000000e+01
5.700000000000000000e+01
4.900000000000000000e+01
2.130000000000000000e+02
3.900000000000000000e+01
6.100000000000000000e+01
9.100000000000000000e+01
3.200000000000000000e+01
7.500000000000000000e+01
6.700000000000000000e+01
4.000000000000000000e+01
5.000000000000000000e+01
1.760000000000000000e+02
3.600000000000000000e+01
4.000000000000000000e+01
7.200000000000000000e+01
5.600000000000000000e+01
6.900000000000000000e+01
3.800000000000000000e+01
5.800000000000000000e+01
3.300000000000000000e+01
5.600000000000000000e+01
3.400000000000000000e+01
1.800000000000000000e+01
2.600000000000000000e+01
5.500000000000000000e+01
1.800000000000000000e+01
1.700000000000000000e+01
2.800000000000000000e+01
1.900000000000000000e+01
3.800000000000000000e+01
2.800000000000000000e+01
1.900000000000000000e+01
1.300000000000000000e+01
1.070000000000000000e+02
1.700000000000000000e+01
2.200000000000000000e+01
3.100000000000000000e+01
2.600000000000000000e+01
1.800000000000000000e+01
4.200000000000000000e+01
2.100000000000000000e+01
2.600000000000000000e+01
1.400000000000000000e+01
3.200000000000000000e+01
2.300000000000000000e+01
1.300000000000000000e+01
1.500000000000000000e+01
4.000000000000000000e+01
2.200000000000000000e+01
1.500000000000000000e+01
3.000000000000000000e+01
1.700000000000000000e+01
1.500000000000000000e+01
2.400000000000000000e+01
3.500000000000000000e+01
1.700000000000000000e+01
1.600000000000000000e+01
2.600000000000000000e+01
1.600000000000000000e+01
1.400000000000000000e+01
1.900000000000000000e+01
1.400000000000000000e+01
2.600000000000000000e+01
1.800000000000000000e+01
2.500000000000000000e+01
2.400000000000000000e+01
1.900000000000000000e+01
2.800000000000000000e+01
2.500000000000000000e+01
3.600000000000000000e+01
1.000000000000000000e+01
4.900000000000000000e+01
6.300000000000000000e+01
5.000000000000000000e+00
2.900000000000000000e+01
8.530000000000000000e+02
2.200000000000000000e+02
3.780000000000000000e+02
3.850000000000000000e+02
8.730000000000000000e+02
1.916000000000000000e+03
2.344000000000000000e+03
3.245000000000000000e+03
4.450000000000000000e+03
4.830000000000000000e+03
5.366000000000000000e+03
6.449000000000000000e+03
7.414000000000000000e+03
8.414000000000000000e+03
9.529000000000000000e+03
1.006800000000000000e+04
1.059000000000000000e+04
1.156700000000000000e+04
1.173200000000000000e+04
1.140000000000000000e+04
1.127900000000000000e+04
1.102200000000000000e+04
1.068300000000000000e+04
9.698000000000000000e+03
8.587000000000000000e+03
7.365000000000000000e+03
6.621000000000000000e+03
6.027000000000000000e+03
5.764000000000000000e+03
5.799000000000000000e+03
5.978000000000000000e+03
6.055000000000000000e+03
6.029000000000000000e+03
5.575000000000000000e+03
5.047000000000000000e+03
4.940000000000000000e+03
4.649000000000000000e+03
4.586000000000000000e+03
4.428000000000000000e+03
4.321000000000000000e+03
4.145000000000000000e+03
4.019000000000000000e+03
3.981000000000000000e+03
4.022000000000000000e+03
3.882000000000000000e+03
3.842000000000000000e+03
3.772000000000000000e+03
3.826000000000000000e+03
3.831000000000000000e+03
3.822000000000000000e+03
3.588000000000000000e+03
3.436000000000000000e+03
3.361000000000000000e+03
3.310000000000000000e+03
3.320000000000000000e+03
3.489000000000000000e+03
3.832000000000000000e+03
3.713000000000000000e+03
3.795000000000000000e+03
3.837000000000000000e+03
3.821000000000000000e+03
3.973000000000000000e+03
4.305000000000000000e+03
4.828000000000000000e+03
5.294000000000000000e+03
5.397000000000000000e+03
5.373000000000000000e+03
5.543000000000000000e+03
5.646000000000000000e+03
6.255000000000000000e+03
6.641000000000000000e+03
7.178000000000000000e+03
7.421000000000000000e+03
7.530000000000000000e+03
7.932000000000000000e+03
8.250000000000000000e+03
8.843000000000000000e+03
9.376000000000000000e+03
9.607000000000000000e+03
9.701000000000000000e+03
9.597000000000000000e+03
9.149000000000000000e+03
9.342000000000000000e+03
9.409000000000000000e+03
9.768000000000000000e+03
9.728000000000000000e+03
9.455000000000000000e+03
9.426000000000000000e+03
9.235000000000000000e+03
9.018000000000000000e+03
9.080000000000000000e+03
8.744000000000000000e+03
8.341000000000000000e+03
8.345000000000000000e+03
7.972000000000000000e+03
7.766000000000000000e+03
7.615000000000000000e+03
7.262000000000000000e+03
7.357000000000000000e+03
7.453000000000000000e+03
7.502000000000000000e+03
7.161000000000000000e+03
7.029000000000000000e+03
6.803000000000000000e+03
6.287000000000000000e+03
6.418000000000000000e+03
6.112000000000000000e+03
6.054000000000000000e+03
6.026000000000000000e+03
5.955000000000000000e+03
5.852000000000000000e+03
5.745000000000000000e+03
5.941000000000000000e+03
5.916000000000000000e+03
5.879000000000000000e+03
6.055000000000000000e+03
6.046000000000000000e+03
6.142000000000000000e+03
6.209000000000000000e+03
6.224000000000000000e+03
6.206000000000000000e+03
6.550000000000000000e+03
6.566000000000000000e+03
6.495000000000000000e+03
6.580000000000000000e+03
6.515000000000000000e+03
6.751000000000000000e+03
6.797000000000000000e+03
6.839000000000000000e+03
7.204000000000000000e+03
7.369000000000000000e+03
7.393000000000000000e+03
7.679000000000000000e+03
7.750000000000000000e+03
7.685000000000000000e+03
7.798000000000000000e+03
7.922000000000000000e+03
8.011000000000000000e+03
8.040000000000000000e+03
8.257000000000000000e+03
8.251000000000000000e+03
8.664000000000000000e+03
8.690000000000000000e+03
9.005000000000000000e+03
9.324000000000000000e+03
9.745000000000000000e+03
9.812000000000000000e+03
1.015300000000000000e+04
1.031900000000000000e+04
1.050000000000000000e+04
1.051200000000000000e+04
1.050200000000000000e+04
1.040300000000000000e+04
1.040300000000000000e+04
1.022300000000000000e+04
1.051400000000000000e+04
1.088500000000000000e+04
1.111100000000000000e+04
1.166600000000000000e+04
1.212400000000000000e+04
1.248400000000000000e+04
1.260800000000000000e+04
1.278700000000000000e+04
1.273000000000000000e+04
1.257500000000000000e+04
1.300300000000000000e+04
1.329600000000000000e+04
1.398800000000000000e+04
1.397100000000000000e+04
1.420700000000000000e+04
1.359700000000000000e+04
1.332400000000000000e+04
1.282500000000000000e+04
1.301000000000000000e+04
1.281900000000000000e+04
1.241600000000000000e+04
1.220800000000000000e+04
1.145900000000000000e+04
1.136700000000000000e+04
1.143300000000000000e+04
1.123100000000000000e+04
1.139000000000000000e+04
1.159500000000000000e+04
1.215000000000000000e+04
1.185300000000000000e+04
1.133000000000000000e+04
1.144800000000000000e+04
1.150900000000000000e+04
1.157800000000000000e+04
1.171100000000000000e+04
1.276200000000000000e+04
1.346200000000000000e+04
1.389600000000000000e+04
1.328800000000000000e+04
1.178100000000000000e+04
1.222500000000000000e+04
1.365300000000000000e+04
1.326100000000000000e+04
1.157000000000000000e+04
1.051700000000000000e+04
9.622000000000000000e+03
7.996000000000000000e+03
6.978000000000000000e+03
6.643000000000000000e+03
6.864000000000000000e+03
6.217000000000000000e+03
5.704000000000000000e+03
5.225000000000000000e+03
4.760000000000000000e+03
4.444000000000000000e+03
4.340000000000000000e+03
4.407000000000000000e+03
4.561000000000000000e+03
4.877000000000000000e+03
5.389000000000000000e+03
6.323000000000000000e+03
6.694000000000000000e+03
6.987000000000000000e+03
7.130000000000000000e+03
6.775000000000000000e+03
6.870000000000000000e+03
6.319000000000000000e+03
6.056000000000000000e+03
6.818000000000000000e+03
7.210000000000000000e+03
7.546000000000000000e+03
7.317000000000000000e+03
7.091000000000000000e+03
7.704000000000000000e+03
8.374000000000000000e+03
8.382000000000000000e+03
9.046000000000000000e+03
8.862000000000000000e+03
9.429000000000000000e+03
1.049200000000000000e+04
1.259900000000000000e+04
1.300500000000000000e+04
1.387700000000000000e+04
1.202100000000000000e+04
1.001700000000000000e+04
8.646000000000000000e+03
7.588000000000000000e+03
7.269000000000000000e+03
1.372500000000000000e+04
4.773300000000000000e+04
9.063900000000000000e+04
1.054290000000000000e+05
8.302200000000000000e+04
8.397100000000000000e+04
4.883600000000000000e+04
2.497100000000000000e+04
1.562100000000000000e+04
6.629000000000000000e+03
4.016000000000000000e+03
2.577000000000000000e+03
4.608000000000000000e+03
3.041000000000000000e+03
