3.950370000000000000e+05
1.000000000000000000e+01
9.000000000000000000e+00
4.000000000000000000e+00
4.000000000000000000e+00
4.000000000000000000e+00
1.300000000000000000e+01
2.000000000000000000e+00
4.000000000000000000e+00
1.000000000000000000e+00
0.000000000000000000e+00
7.000000000000000000e+00
1.000000000000000000e+00
3.000000000000000000e+00
0.000000000000000000e+00
2.000000000000000000e+00
2.000000000000000000e+00
0.000000000000000000e+00
0.000000000000000000e+00
0.000000000000000000e+00
1.200000000000000000e+01
0.000000000000000000e+00
0.000000000000000000e+00
0.000000000000000000e+00
4.000000000000000000e+00
2.000000000000000000e+00
0.000000000000000000e+00
0.000000000000000000e+00
0.000000000000000000e+00
0.000000000000000000e+00
5.750000000000000000e+02
0.000000000000000000e+00
0.000000000000000000e+00
0.000000000000000000e+00
3.000000000000000000e+00
1.100000000000000000e+01
2.800000000000000000e+01
0.000000000000000000e+00
0.000000000000000000e+00
0.000000000000000000e+00
0.000000000000000000e+00
0.000000000000000000e+00
1.600000000000000000e+01
1.000000000000000000e+00
0.000000000000000000e+00
2.000000000000000000e+00
0.000000000000000000e+00
0.000000000000000000e+00
0.000000000000000000e+00
0.000000000000000000e+00
2.140000000000000000e+02
0.000000000000000000e+00
2.000000000000000000e+00
0.000000000000000000e+00
0.000000000000000000e+00
3.000000000000000000e+00
0.000000000000000000e+00
2.000000000000000000e+00
0.000000000000000000e+00
0.000000000000000000e+00
1.030000000000000000e+02
0.000000000000000000e+00
0.000000000000000000e+00
2.000000000000000000e+00
0.000000000000000000e+00
1.000000000000000000e+00
3.000000000000000000e+00
2.000000000000000000e+00
1.000000000000000000e+00
1.000000000000000000e+00
1.000000000000000000e+00
2.000000000000000000e+00
0.000000000000000000e+00
2.000000000000000000e+00
1.100000000000000000e+01
1.817000000000000000e+03
4.000000000000000000e+00
0.000000000000000000e+00
1.000000000000000000e+00
3.000000000000000000e+00
2.400000000000000000e+01
1.000000000000000000e+00
7.000000000000000000e+00
5.200000000000000000e+01
6.000000000000000000e+00
7.000000000000000000e+00
4.000000000000000000e+00
2.200000000000000000e+01
3.000000000000000000e+00
2.000000000000000000e+00
8.100000000000000000e+01
1.000000000000000000e+00
4.000000000000000000e+00
5.000000000000000000e+00
0.000000000000000000e+00
9.000000000000000000e+00
6.000000000000000000e+01
0.000000000000000000e+00
4.000000000000000000e+00
1.000000000000000000e+00
1.000000000000000000e+00
6.600000000000000000e+01
0.000000000000000000e+00
1.070000000000000000e+02
6.000000000000000000e+00
7.000000000000000000e+00
2.000000000000000000e+00
1.000000000000000000e+00
3.000000000000000000e+00
2.200000000000000000e+01
2.434400000000000000e+04
1.000000000000000000e+01
0.000000000000000000e+00
1.000000000000000000e+00
1.067300000000000000e+04
4.955000000000000000e+03
2.000000000000000000e+00
0.000000000000000000e+00
0.000000000000000000e+00
0.000000000000000000e+00
1.678600000000000000e+04
0.000000000000000000e+00
2.000000000000000000e+00
0.000000000000000000e+00
1.300000000000000000e+01
3.690000000000000000e+02
1.069000000000000000e+03
1.000000000000000000e+00
2.000000000000000000e+00
0.000000000000000000e+00
2.000000000000000000e+00
0.000000000000000000e+00
1.100000000000000000e+01
6.000000000000000000e+00
0.000000000000000000e+00
2.000000000000000000e+00
0.000000000000000000e+00
0.000000000000000000e+00
2.000000000000000000e+00
0.000000000000000000e+00
2.200000000000000000e+01
4.000000000000000000e+00
1.000000000000000000e+00
0.000000000000000000e+00
0.000000000000000000e+00
7.000000000000000000e+00
4.000000000000000000e+00
3.000000000000000000e+00
1.000000000000000000e+00
0.000000000000000000e+00
2.300000000000000000e+01
0.000000000000000000e+00
2.000000000000000000e+00
2.000000000000000000e+00
0.000000000000000000e+00
2.000000000000000000e+00
1.200000000000000000e+01
2.000000000000000000e+00
2.000000000000000000e+00
2.000000000000000000e+00
1.000000000000000000e+01
5.000000000000000000e+00
0.000000000000000000e+00
4.000000000000000000e+00
2.000000000000000000e+00
1.520000000000000000e+02
3.000000000000000000e+00
2.000000000000000000e+00
0.000000000000000000e+00
2.000000000000000000e+00
1.200000000000000000e+01
2.000000000000000000e+00
3.000000000000000000e+00
1.300000000000000000e+01
1.000000000000000000e+01
4.000000000000000000e+00
5.000000000000000000e+00
1.800000000000000000e+01
1.200000000000000000e+01
1.800000000000000000e+01
3.949830000000000000e+05
7.300000000000000000e+01
1.994000000000000000e+03
1.096000000000000000e+03
2.138000000000000000e+03
2.920000000000000000e+03
3.595000000000000000e+03
1.842000000000000000e+03
1.547000000000000000e+03
1.279000000000000000e+03
1.241000000000000000e+03
1.149000000000000000e+03
9.780000000000000000e+02
9.320000000000000000e+02
7.670000000000000000e+02
7.390000000000000000e+02
6.130000000000000000e+02
4.570000000000000000e+02
5.010000000000000000e+02
4.090000000000000000e+02
6.150000000000000000e+02
4.410000000000000000e+02
3.690000000000000000e+02
5.210000000000000000e+02
3.500000000000000000e+02
1.910000000000000000e+02
5.910000000000000000e+02
4.230000000000000000e+02
4.410000000000000000e+02
2.280000000000000000e+02
2.800000000000000000e+02
2.400000000000000000e+02
5.920000000000000000e+02
3.000000000000000000e+02
4.880000000000000000e+02
3.560000000000000000e+02
6.330000000000000000e+02
1.200000000000000000e+01
4.410000000000000000e+02
3.470000000000000000e+02
4.900000000000000000e+02
1.000000000000000000e+02
1.000000000000000000e+01
7.600000000000000000e+02
1.000000000000000000e+02
4.990000000000000000e+02
3.070000000000000000e+02
9.200000000000000000e+01
6.270000000000000000e+02
1.120000000000000000e+02
2.000000000000000000e+00
1.217000000000000000e+03
1.000000000000000000e+00
1.430000000000000000e+02
6.000000000000000000e+00
1.196000000000000000e+03
3.000000000000000000e+00
2.340000000000000000e+02
1.600000000000000000e+02
1.280000000000000000e+03
7.000000000000000000e+00
2.000000000000000000e+02
3.000000000000000000e+00
1.000000000000000000e+00
1.805000000000000000e+03
1.000000000000000000e+00
5.000000000000000000e+00
2.510000000000000000e+02
1.000000000000000000e+00
1.000000000000000000e+00
7.250000000000000000e+02
2.180000000000000000e+02
3.000000000000000000e+00
3.060000000000000000e+02
5.000000000000000000e+00
2.350000000000000000e+02
1.000000000000000000e+00
5.900000000000000000e+02
4.000000000000000000e+00
1.000000000000000000e+00
2.870000000000000000e+02
7.600000000000000000e+01
6.000000000000000000e+00
2.000000000000000000e+00
0.000000000000000000e+00
1.139000000000000000e+03
0.000000000000000000e+00
1.000000000000000000e+00
0.000000000000000000e+00
9.000000000000000000e+00
1.090000000000000000e+02
5.720000000000000000e+02
3.000000000000000000e+00
1.000000000000000000e+00
6.000000000000000000e+00
0.000000000000000000e+00
3.850000000000000000e+02
3.000000000000000000e+00
9.020000000000000000e+02
8.000000000000000000e+00
3.000000000000000000e+00
0.000000000000000000e+00
5.050000000000000000e+02
1.000000000000000000e+00
4.000000000000000000e+00
4.000000000000000000e+00
1.039000000000000000e+03
5.000000000000000000e+00
0.000000000000000000e+00
4.390000000000000000e+02
0.000000000000000000e+00
2.000000000000000000e+00
5.000000000000000000e+00
6.000000000000000000e+00
0.000000000000000000e+00
1.000000000000000000e+00
1.783000000000000000e+03
0.000000000000000000e+00
3.250000000000000000e+02
0.000000000000000000e+00
1.000000000000000000e+00
1.000000000000000000e+00
2.000000000000000000e+00
0.000000000000000000e+00
1.000000000000000000e+00
1.000000000000000000e+00
2.000000000000000000e+00
3.000000000000000000e+00
3.337000000000000000e+03
2.000000000000000000e+00
2.000000000000000000e+00
0.000000000000000000e+00
1.000000000000000000e+00
0.000000000000000000e+00
6.000000000000000000e+00
2.000000000000000000e+00
3.000000000000000000e+01
2.000000000000000000e+00
2.000000000000000000e+00
1.011000000000000000e+03
1.000000000000000000e+00
0.000000000000000000e+00
5.830000000000000000e+02
4.000000000000000000e+00
0.000000000000000000e+00
0.000000000000000000e+00
8.400000000000000000e+01
2.000000000000000000e+00
0.000000000000000000e+00
2.000000000000000000e+00
2.700000000000000000e+01
0.000000000000000000e+00
1.000000000000000000e+00
8.330000000000000000e+02
1.000000000000000000e+00
1.000000000000000000e+00
2.000000000000000000e+00
6.400000000000000000e+01
2.000000000000000000e+00
4.240000000000000000e+02
2.000000000000000000e+00
2.000000000000000000e+00
2.000000000000000000e+00
1.000000000000000000e+00
0.000000000000000000e+00
1.000000000000000000e+00
1.000000000000000000e+00
5.000000000000000000e+00
0.000000000000000000e+00
0.000000000000000000e+00
8.570000000000000000e+02
1.000000000000000000e+00
0.000000000000000000e+00
0.000000000000000000e+00
1.000000000000000000e+00
0.000000000000000000e+00
1.000000000000000000e+00
0.000000000000000000e+00
1.000000000000000000e+00
1.000000000000000000e+00
2.000000000000000000e+00
0.000000000000000000e+00
2.810000000000000000e+02
1.000000000000000000e+00
2.000000000000000000e+00
4.000000000000000000e+00
0.000000000000000000e+00
0.000000000000000000e+00
1.000000000000000000e+00
0.000000000000000000e+00
1.000000000000000000e+00
7.780000000000000000e+02
0.000000000000000000e+00
0.000000000000000000e+00
1.000000000000000000e+00
0.000000000000000000e+00
1.000000000000000000e+00
1.000000000000000000e+00
1.000000000000000000e+00
0.000000000000000000e+00
2.000000000000000000e+00
3.000000000000000000e+00
1.000000000000000000e+00
0.000000000000000000e+00
6.000000000000000000e+00
0.000000000000000000e+00
1.000000000000000000e+00
1.000000000000000000e+00
0.000000000000000000e+00
1.000000000000000000e+00
1.000000000000000000e+00
0.000000000000000000e+00
0.000000000000000000e+00
1.730000000000000000e+02
0.000000000000000000e+00
0.000000000000000000e+00
0.000000000000000000e+00
0.000000000000000000e+00
0.000000000000000000e+00
3.900000000000000000e+01
0.000000000000000000e+00
0.000000000000000000e+00
0.000000000000000000e+00
1.000000000000000000e+00
0.000000000000000000e+00
1.000000000000000000e+00
0.000000000000000000e+00
1.000000000000000000e+00
1.000000000000000000e+00
1.000000000000000000e+00
0.000000000000000000e+00
1.000000000000000000e+00
1.000000000000000000e+00
1.000000000000000000e+00
0.000000000000000000e+00
1.000000000000000000e+00
0.000000000000000000e+00
0.000000000000000000e+00
0.000000000000000000e+00
1.000000000000000000e+00
0.000000000000000000e+00
2.000000000000000000e+00
2.000000000000000000e+00
0.000000000000000000e+00
1.000000000000000000e+00
0.000000000000000000e+00
0.000000000000000000e+00
0.000000000000000000e+00
1.000000000000000000e+00
0.000000000000000000e+00
1.000000000000000000e+00
0.000000000000000000e+00
0.000000000000000000e+00
2.000000000000000000e+00
1.000000000000000000e+00
1.976000000000000000e+03
5.295000000000000000e+03
3.830000000000000000e+03
3.725000000000000000e+03
4.905000000000000000e+03
3.859000000000000000e+03
2.777000000000000000e+03
2.332000000000000000e+03
2.497000000000000000e+03
2.342000000000000000e+03
2.333000000000000000e+03
2.909000000000000000e+03
4.507000000000000000e+03
5.253000000000000000e+03
3.522000000000000000e+03
2.895000000000000000e+03
2.447000000000000000e+03
2.104000000000000000e+03
2.307000000000000000e+03
1.706000000000000000e+03
1.503000000000000000e+03
1.479000000000000000e+03
1.304000000000000000e+03
1.352000000000000000e+03
1.249000000000000000e+03
1.215000000000000000e+03
1.115000000000000000e+03
1.134000000000000000e+03
1.199000000000000000e+03
1.077000000000000000e+03
1.101000000000000000e+03
1.066000000000000000e+03
1.114000000000000000e+03
1.180000000000000000e+03
1.242000000000000000e+03
1.511000000000000000e+03
1.538000000000000000e+03
1.421000000000000000e+03
1.360000000000000000e+03
1.220000000000000000e+03
1.126000000000000000e+03
1.134000000000000000e+03
1.064000000000000000e+03
9.670000000000000000e+02
9.470000000000000000e+02
9.740000000000000000e+02
1.037000000000000000e+03
1.030000000000000000e+03
1.016000000000000000e+03
9.410000000000000000e+02
9.430000000000000000e+02
8.010000000000000000e+02
8.220000000000000000e+02
8.000000000000000000e+02
7.380000000000000000e+02
7.820000000000000000e+02
7.470000000000000000e+02
7.490000000000000000e+02
6.810000000000000000e+02
7.260000000000000000e+02
7.100000000000000000e+02
7.180000000000000000e+02
6.380000000000000000e+02
7.390000000000000000e+02
6.700000000000000000e+02
6.470000000000000000e+02
6.630000000000000000e+02
6.830000000000000000e+02
7.060000000000000000e+02
6.440000000000000000e+02
6.410000000000000000e+02
6.230000000000000000e+02
5.850000000000000000e+02
6.030000000000000000e+02
5.850000000000000000e+02
5.740000000000000000e+02
5.830000000000000000e+02
5.660000000000000000e+02
5.010000000000000000e+02
5.540000000000000000e+02
5.720000000000000000e+02
5.340000000000000000e+02
5.100000000000000000e+02
4.790000000000000000e+02
5.160000000000000000e+02
4.760000000000000000e+02
4.830000000000000000e+02
4.820000000000000000e+02
4.350000000000000000e+02
4.610000000000000000e+02
4.400000000000000000e+02
4.660000000000000000e+02
4.720000000000000000e+02
4.820000000000000000e+02
4.200000000000000000e+02
4.280000000000000000e+02
4.260000000000000000e+02
4.730000000000000000e+02
4.850000000000000000e+02
5.050000000000000000e+02
5.330000000000000000e+02
5.060000000000000000e+02
5.630000000000000000e+02
5.210000000000000000e+02
5.020000000000000000e+02
4.970000000000000000e+02
5.380000000000000000e+02
5.270000000000000000e+02
5.150000000000000000e+02
5.130000000000000000e+02
5.240000000000000000e+02
5.520000000000000000e+02
5.590000000000000000e+02
5.680000000000000000e+02
5.100000000000000000e+02
4.590000000000000000e+02
4.900000000000000000e+02
4.720000000000000000e+02
4.650000000000000000e+02
4.250000000000000000e+02
4.500000000000000000e+02
4.530000000000000000e+02
4.340000000000000000e+02
4.860000000000000000e+02
4.970000000000000000e+02
5.240000000000000000e+02
4.310000000000000000e+02
4.410000000000000000e+02
4.430000000000000000e+02
4.380000000000000000e+02
4.330000000000000000e+02
4.300000000000000000e+02
4.380000000000000000e+02
4.100000000000000000e+02
4.140000000000000000e+02
4.230000000000000000e+02
4.370000000000000000e+02
3.910000000000000000e+02
3.860000000000000000e+02
4.340000000000000000e+02
3.970000000000000000e+02
3.720000000000000000e+02
3.790000000000000000e+02
3.470000000000000000e+02
3.410000000000000000e+02
3.390000000000000000e+02
3.550000000000000000e+02
3.370000000000000000e+02
3.090000000000000000e+02
2.750000000000000000e+02
2.850000000000000000e+02
2.850000000000000000e+02
3.040000000000000000e+02
2.800000000000000000e+02
2.300000000000000000e+02
2.370000000000000000e+02
2.510000000000000000e+02
2.460000000000000000e+02
2.490000000000000000e+02
2.550000000000000000e+02
2.490000000000000000e+02
2.300000000000000000e+02
2.460000000000000000e+02
2.510000000000000000e+02
2.410000000000000000e+02
2.130000000000000000e+02
2.540000000000000000e+02
2.310000000000000000e+02
2.410000000000000000e+02
2.630000000000000000e+02
2.570000000000000000e+02
2.840000000000000000e+02
2.770000000000000000e+02
2.600000000000000000e+02
2.640000000000000000e+02
2.430000000000000000e+02
2.460000000000000000e+02
2.030000000000000000e+02
2.000000000000000000e+02
1.970000000000000000e+02
1.900000000000000000e+02
1.790000000000000000e+02
1.990000000000000000e+02
1.900000000000000000e+02
1.770000000000000000e+02
1.680000000000000000e+02
1.390000000000000000e+02
1.620000000000000000e+02
1.470000000000000000e+02
1.380000000000000000e+02
1.210000000000000000e+02
1.440000000000000000e+02
1.110000000000000000e+02
1.070000000000000000e+02
9.700000000000000000e+01
1.090000000000000000e+02
9.900000000000000000e+01
1.150000000000000000e+02
1.050000000000000000e+02
9.800000000000000000e+01
9.400000000000000000e+01
1.130000000000000000e+02
8.800000000000000000e+01
8.500000000000000000e+01
9.200000000000000000e+01
8.100000000000000000e+01
8.600000000000000000e+01
8.400000000000000000e+01
9.800000000000000000e+01
1.040000000000000000e+02
9.800000000000000000e+01
1.050000000000000000e+02
1.440000000000000000e+02
1.370000000000000000e+02
1.680000000000000000e+02
1.640000000000000000e+02
3.620000000000000000e+02
2.470000000000000000e+02
2.360000000000000000e+02
7.440000000000000000e+02
3.610000000000000000e+02
3.420000000000000000e+02
1.760000000000000000e+02
1.550000000000000000e+02
1.440000000000000000e+02
1.550000000000000000e+02
1.390000000000000000e+02
1.130000000000000000e+02
9.400000000000000000e+01
1.100000000000000000e+02
1.290000000000000000e+02
1.080000000000000000e+02
1.150000000000000000e+02
1.220000000000000000e+02
1.280000000000000000e+02
1.250000000000000000e+02
1.500000000000000000e+02
1.610000000000000000e+02
1.440000000000000000e+02
1.840000000000000000e+02
1.940000000000000000e+02
2.020000000000000000e+02
2.630000000000000000e+02
1.990000000000000000e+02
2.720000000000000000e+02
2.850000000000000000e+02
2.650000000000000000e+02
2.920000000000000000e+02
3.030000000000000000e+02
2.800000000000000000e+02
3.030000000000000000e+02
4.680000000000000000e+02
3.690000000000000000e+02
2.850000000000000000e+02
2.600000000000000000e+02
1.404000000000000000e+03
2.850490000000000000e+05
