4.510900000000000000e+04
6.200000000000000000e+01
4.900000000000000000e+01
4.200000000000000000e+01
3.200000000000000000e+01
1.300000000000000000e+02
4.438000000000000000e+03
1.000000000000000000e+01
3.940000000000000000e+02
4.200000000000000000e+01
1.600000000000000000e+01
1.860000000000000000e+03
2.950000000000000000e+02
1.599200000000000000e+04
1.463000000000000000e+03
3.309000000000000000e+03
8.546000000000000000e+03
4.201000000000000000e+03
4.135000000000000000e+03
1.405000000000000000e+04
1.883800000000000000e+04
1.307700000000000000e+04
1.540000000000000000e+03
2.974000000000000000e+03
2.997200000000000000e+04
1.106000000000000000e+04
2.410000000000000000e+02
0.000000000000000000e+00
0.000000000000000000e+00
0.000000000000000000e+00
3.522700000000000000e+04
0.000000000000000000e+00
0.000000000000000000e+00
0.000000000000000000e+00
4.740000000000000000e+02
1.108400000000000000e+04
4.009800000000000000e+04
0.000000000000000000e+00
0.000000000000000000e+00
0.000000000000000000e+00
4.600000000000000000e+01
0.000000000000000000e+00
4.438000000000000000e+03
8.910000000000000000e+02
0.000000000000000000e+00
0.000000000000000000e+00
0.000000000000000000e+00
0.000000000000000000e+00
1.000000000000000000e+00
0.000000000000000000e+00
3.549000000000000000e+03
7.000000000000000000e+00
1.000000000000000000e+00
0.000000000000000000e+00
0.000000000000000000e+00
5.800000000000000000e+01
0.000000000000000000e+00
0.000000000000000000e+00
0.000000000000000000e+00
0.000000000000000000e+00
4.800000000000000000e+01
0.000000000000000000e+00
0.000000000000000000e+00
0.000000000000000000e+00
0.000000000000000000e+00
0.000000000000000000e+00
7.890000000000000000e+02
0.000000000000000000e+00
0.000000000000000000e+00
0.000000000000000000e+00
8.400000000000000000e+01
0.000000000000000000e+00
0.000000000000000000e+00
6.000000000000000000e+00
1.400000000000000000e+01
3.879000000000000000e+03
0.000000000000000000e+00
0.000000000000000000e+00
0.000000000000000000e+00
8.660000000000000000e+02
6.050000000000000000e+02
0.000000000000000000e+00
9.800000000000000000e+01
9.240000000000000000e+02
1.511000000000000000e+03
1.104000000000000000e+03
6.480000000000000000e+02
1.492600000000000000e+04
5.740000000000000000e+02
1.680000000000000000e+02
3.933000000000000000e+03
0.000000000000000000e+00
5.100000000000000000e+01
1.740000000000000000e+03
0.000000000000000000e+00
4.040000000000000000e+02
4.404000000000000000e+03
0.000000000000000000e+00
3.240000000000000000e+02
0.000000000000000000e+00
0.000000000000000000e+00
1.272000000000000000e+03
0.000000000000000000e+00
3.019000000000000000e+03
8.400000000000000000e+01
0.000000000000000000e+00
1.057000000000000000e+03
0.000000000000000000e+00
3.000000000000000000e+00
1.955000000000000000e+03
6.301000000000000000e+03
1.125000000000000000e+03
1.800000000000000000e+01
1.360000000000000000e+02
1.157240000000000000e+05
1.580900000000000000e+04
6.900000000000000000e+01
0.000000000000000000e+00
0.000000000000000000e+00
0.000000000000000000e+00
2.281300000000000000e+04
0.000000000000000000e+00
1.000000000000000000e+00
0.000000000000000000e+00
2.550000000000000000e+02
5.932000000000000000e+03
2.791900000000000000e+04
0.000000000000000000e+00
0.000000000000000000e+00
0.000000000000000000e+00
1.400000000000000000e+01
0.000000000000000000e+00
1.160000000000000000e+03
2.370000000000000000e+02
0.000000000000000000e+00
0.000000000000000000e+00
0.000000000000000000e+00
0.000000000000000000e+00
0.000000000000000000e+00
0.000000000000000000e+00
3.277000000000000000e+03
4.000000000000000000e+00
0.000000000000000000e+00
0.000000000000000000e+00
0.000000000000000000e+00
1.600000000000000000e+01
0.000000000000000000e+00
0.000000000000000000e+00
0.000000000000000000e+00
0.000000000000000000e+00
6.000000000000000000e+00
0.000000000000000000e+00
0.000000000000000000e+00
0.000000000000000000e+00
0.000000000000000000e+00
0.000000000000000000e+00
1.880000000000000000e+02
0.000000000000000000e+00
0.000000000000000000e+00
0.000000000000000000e+00
2.300000000000000000e+01
0.000000000000000000e+00
0.000000000000000000e+00
5.000000000000000000e+00
4.000000000000000000e+00
1.305300000000000000e+04
1.000000000000000000e+00
0.000000000000000000e+00
0.000000000000000000e+00
1.100000000000000000e+01
1.090000000000000000e+02
0.000000000000000000e+00
1.000000000000000000e+00
1.214000000000000000e+03
1.300000000000000000e+01
2.400000000000000000e+01
1.500000000000000000e+01
1.010000000000000000e+02
3.900000000000000000e+01
4.200000000000000000e+01
4.462200000000000000e+04
3.000000000000000000e+00
3.681000000000000000e+03
3.049400000000000000e+04
1.526000000000000000e+04
1.296400000000000000e+04
1.316790000000000000e+05
4.005800000000000000e+04
2.394400000000000000e+04
1.751400000000000000e+04
1.492800000000000000e+04
1.381800000000000000e+04
1.525500000000000000e+04
1.595300000000000000e+04
1.324800000000000000e+04
1.388500000000000000e+04
1.366500000000000000e+04
9.354000000000000000e+03
8.659000000000000000e+03
9.280000000000000000e+03
8.031000000000000000e+03
6.895000000000000000e+03
5.922000000000000000e+03
6.832000000000000000e+03
5.088000000000000000e+03
4.150000000000000000e+03
4.722000000000000000e+03
4.953000000000000000e+03
4.833000000000000000e+03
2.066000000000000000e+03
2.444000000000000000e+03
1.904000000000000000e+03
2.094000000000000000e+03
1.364000000000000000e+03
2.147000000000000000e+03
1.049000000000000000e+03
1.444000000000000000e+03
3.430000000000000000e+02
8.480000000000000000e+02
9.530000000000000000e+02
6.980000000000000000e+02
5.970000000000000000e+02
3.070000000000000000e+02
9.400000000000000000e+02
5.660000000000000000e+02
4.090000000000000000e+02
7.740000000000000000e+02
5.030000000000000000e+02
4.410000000000000000e+02
4.850000000000000000e+02
3.700000000000000000e+02
7.730000000000000000e+02
3.280000000000000000e+02
5.580000000000000000e+02
3.010000000000000000e+02
5.220000000000000000e+02
3.240000000000000000e+02
3.920000000000000000e+02
4.420000000000000000e+02
3.390000000000000000e+02
3.090000000000000000e+02
4.310000000000000000e+02
2.850000000000000000e+02
2.460000000000000000e+02
5.720000000000000000e+02
2.170000000000000000e+02
2.710000000000000000e+02
3.970000000000000000e+02
2.440000000000000000e+02
2.160000000000000000e+02
2.760000000000000000e+02
3.830000000000000000e+02
2.340000000000000000e+02
2.470000000000000000e+02
2.030000000000000000e+02
3.390000000000000000e+02
1.730000000000000000e+02
2.530000000000000000e+02
2.060000000000000000e+02
1.560000000000000000e+02
2.780000000000000000e+02
1.820000000000000000e+02
1.630000000000000000e+02
1.730000000000000000e+02
1.300000000000000000e+02
2.840000000000000000e+02
1.130000000000000000e+02
1.470000000000000000e+02
1.310000000000000000e+02
1.390000000000000000e+02
1.260000000000000000e+02
1.730000000000000000e+02
1.180000000000000000e+02
9.300000000000000000e+01
1.150000000000000000e+02
9.600000000000000000e+01
1.350000000000000000e+02
1.130000000000000000e+02
1.410000000000000000e+02
8.100000000000000000e+01
1.210000000000000000e+02
8.000000000000000000e+01
1.010000000000000000e+02
8.200000000000000000e+01
1.000000000000000000e+02
1.050000000000000000e+02
1.020000000000000000e+02
8.200000000000000000e+01
8.000000000000000000e+01
9.600000000000000000e+01
6.400000000000000000e+01
7.900000000000000000e+01
7.100000000000000000e+01
9.600000000000000000e+01
5.700000000000000000e+01
4.600000000000000000e+01
4.200000000000000000e+01
6.400000000000000000e+01
5.500000000000000000e+01
4.600000000000000000e+01
4.300000000000000000e+01
5.800000000000000000e+01
3.700000000000000000e+01
3.400000000000000000e+01
4.000000000000000000e+01
1.900000000000000000e+01
9.000000000000000000e+00
4.400000000000000000e+01
8.000000000000000000e+01
6.000000000000000000e+00
1.900000000000000000e+01
1.700000000000000000e+01
2.400000000000000000e+01
1.600000000000000000e+01
2.800000000000000000e+01
2.100000000000000000e+01
2.400000000000000000e+01
3.800000000000000000e+01
1.400000000000000000e+01
1.400000000000000000e+01
2.400000000000000000e+01
1.500000000000000000e+01
2.200000000000000000e+01
3.100000000000000000e+01
8.000000000000000000e+00
6.000000000000000000e+00
2.900000000000000000e+01
1.400000000000000000e+01
2.100000000000000000e+01
2.600000000000000000e+01
7.000000000000000000e+00
1.700000000000000000e+01
4.000000000000000000e+00
3.100000000000000000e+01
4.000000000000000000e+00
7.000000000000000000e+00
1.500000000000000000e+01
1.900000000000000000e+01
1.400000000000000000e+01
1.300000000000000000e+01
7.000000000000000000e+00
1.100000000000000000e+01
1.800000000000000000e+01
2.000000000000000000e+00
1.000000000000000000e+01
1.900000000000000000e+01
8.000000000000000000e+00
9.000000000000000000e+00
1.000000000000000000e+00
0.000000000000000000e+00
2.600000000000000000e+01
2.000000000000000000e+00
2.000000000000000000e+00
1.300000000000000000e+01
1.600000000000000000e+01
1.300000000000000000e+01
3.000000000000000000e+00
1.200000000000000000e+01
0.000000000000000000e+00
6.000000000000000000e+00
5.000000000000000000e+00
1.300000000000000000e+01
1.100000000000000000e+01
0.000000000000000000e+00
1.200000000000000000e+01
8.000000000000000000e+00
7.000000000000000000e+00
9.000000000000000000e+00
2.000000000000000000e+00
2.000000000000000000e+00
1.000000000000000000e+00
1.200000000000000000e+01
0.000000000000000000e+00
1.000000000000000000e+00
4.000000000000000000e+00
4.000000000000000000e+00
0.000000000000000000e+00
8.000000000000000000e+00
1.000000000000000000e+00
0.000000000000000000e+00
8.000000000000000000e+00
8.000000000000000000e+00
2.000000000000000000e+00
0.000000000000000000e+00
7.000000000000000000e+00
0.000000000000000000e+00
4.000000000000000000e+00
5.000000000000000000e+00
1.000000000000000000e+00
2.000000000000000000e+00
7.000000000000000000e+00
7.000000000000000000e+00
1.000000000000000000e+00
9.000000000000000000e+00
0.000000000000000000e+00
2.000000000000000000e+00
0.000000000000000000e+00
6.000000000000000000e+00
0.000000000000000000e+00
6.000000000000000000e+00
2.000000000000000000e+00
1.000000000000000000e+00
1.000000000000000000e+00
1.000000000000000000e+00
2.000000000000000000e+00
6.000000000000000000e+00
0.000000000000000000e+00
2.000000000000000000e+00
1.000000000000000000e+00
0.000000000000000000e+00
1.000000000000000000e+00
6.000000000000000000e+00
1.000000000000000000e+00
0.000000000000000000e+00
4.000000000000000000e+00
1.000000000000000000e+00
0.000000000000000000e+00
1.000000000000000000e+00
1.000000000000000000e+00
4.000000000000000000e+00
0.000000000000000000e+00
2.000000000000000000e+00
3.000000000000000000e+00
1.000000000000000000e+00
1.000000000000000000e+00
0.000000000000000000e+00
0.000000000000000000e+00
0.000000000000000000e+00
0.000000000000000000e+00
0.000000000000000000e+00
0.000000000000000000e+00
0.000000000000000000e+00
0.000000000000000000e+00
0.000000000000000000e+00
0.000000000000000000e+00
2.000000000000000000e+01
0.000000000000000000e+00
0.000000000000000000e+00
0.000000000000000000e+00
1.000000000000000000e+00
2.000000000000000000e+00
2.000000000000000000e+00
1.000000000000000000e+01
4.000000000000000000e+01
1.440000000000000000e+02
3.850000000000000000e+02
9.780000000000000000e+02
1.162000000000000000e+03
1.293000000000000000e+03
1.419000000000000000e+03
1.574000000000000000e+03
1.837000000000000000e+03
1.821000000000000000e+03
1.561000000000000000e+03
1.532000000000000000e+03
1.580000000000000000e+03
1.573000000000000000e+03
1.490000000000000000e+03
1.490000000000000000e+03
1.329000000000000000e+03
1.258000000000000000e+03
1.388000000000000000e+03
1.312000000000000000e+03
1.410000000000000000e+03
1.458000000000000000e+03
1.546000000000000000e+03
1.726000000000000000e+03
1.643000000000000000e+03
1.697000000000000000e+03
1.723000000000000000e+03
1.807000000000000000e+03
1.859000000000000000e+03
1.843000000000000000e+03
1.801000000000000000e+03
1.779000000000000000e+03
1.686000000000000000e+03
1.590000000000000000e+03
1.590000000000000000e+03
1.554000000000000000e+03
1.760000000000000000e+03
1.366000000000000000e+03
1.311000000000000000e+03
1.327000000000000000e+03
1.379000000000000000e+03
1.344000000000000000e+03
1.400000000000000000e+03
1.400000000000000000e+03
1.357000000000000000e+03
1.155000000000000000e+03
1.203000000000000000e+03
1.131000000000000000e+03
1.078000000000000000e+03
1.088000000000000000e+03
1.027000000000000000e+03
9.720000000000000000e+02
9.460000000000000000e+02
9.380000000000000000e+02
9.570000000000000000e+02
9.060000000000000000e+02
9.260000000000000000e+02
8.960000000000000000e+02
9.210000000000000000e+02
9.090000000000000000e+02
9.020000000000000000e+02
8.980000000000000000e+02
8.560000000000000000e+02
9.660000000000000000e+02
9.310000000000000000e+02
9.360000000000000000e+02
9.200000000000000000e+02
8.240000000000000000e+02
8.370000000000000000e+02
9.050000000000000000e+02
9.000000000000000000e+02
9.890000000000000000e+02
1.001000000000000000e+03
1.023000000000000000e+03
1.034000000000000000e+03
1.101000000000000000e+03
1.134000000000000000e+03
1.091000000000000000e+03
1.171000000000000000e+03
1.213000000000000000e+03
1.239000000000000000e+03
1.211000000000000000e+03
1.205000000000000000e+03
1.312000000000000000e+03
1.395000000000000000e+03
1.529000000000000000e+03
1.641000000000000000e+03
1.880000000000000000e+03
1.966000000000000000e+03
2.303000000000000000e+03
2.626000000000000000e+03
2.526000000000000000e+03
2.550000000000000000e+03
2.602000000000000000e+03
2.640000000000000000e+03
2.678000000000000000e+03
2.821000000000000000e+03
2.857000000000000000e+03
2.931000000000000000e+03
2.983000000000000000e+03
3.005000000000000000e+03
2.537000000000000000e+03
2.405000000000000000e+03
2.319000000000000000e+03
2.388000000000000000e+03
2.447000000000000000e+03
2.473000000000000000e+03
2.526000000000000000e+03
2.562000000000000000e+03
2.581000000000000000e+03
2.601000000000000000e+03
2.684000000000000000e+03
2.671000000000000000e+03
2.652000000000000000e+03
2.652000000000000000e+03
2.492000000000000000e+03
2.425000000000000000e+03
2.383000000000000000e+03
2.217000000000000000e+03
2.255000000000000000e+03
2.441000000000000000e+03
2.475000000000000000e+03
2.451000000000000000e+03
2.519000000000000000e+03
2.703000000000000000e+03
2.516000000000000000e+03
2.278000000000000000e+03
2.264000000000000000e+03
2.162000000000000000e+03
2.219000000000000000e+03
2.155000000000000000e+03
2.151000000000000000e+03
2.226000000000000000e+03
2.399000000000000000e+03
2.282000000000000000e+03
2.479000000000000000e+03
2.420000000000000000e+03
2.437000000000000000e+03
2.339000000000000000e+03
2.521000000000000000e+03
2.702000000000000000e+03
2.577000000000000000e+03
2.755000000000000000e+03
2.772000000000000000e+03
2.562000000000000000e+03
2.388000000000000000e+03
2.711000000000000000e+03
3.073000000000000000e+03
2.933000000000000000e+03
2.875000000000000000e+03
2.855000000000000000e+03
2.720000000000000000e+03
3.002000000000000000e+03
2.473000000000000000e+03
2.229000000000000000e+03
2.060000000000000000e+03
1.940000000000000000e+03
1.859000000000000000e+03
2.008000000000000000e+03
2.014000000000000000e+03
2.177000000000000000e+03
2.223000000000000000e+03
2.471000000000000000e+03
2.561000000000000000e+03
2.613000000000000000e+03
2.771000000000000000e+03
2.790000000000000000e+03
2.895000000000000000e+03
2.956000000000000000e+03
2.934000000000000000e+03
2.840000000000000000e+03
2.633000000000000000e+03
2.645000000000000000e+03
2.531000000000000000e+03
2.614000000000000000e+03
3.276000000000000000e+03
4.169000000000000000e+03
4.098000000000000000e+03
4.642000000000000000e+03
4.397000000000000000e+03
4.109000000000000000e+03
3.088000000000000000e+03
2.796000000000000000e+03
2.544000000000000000e+03
2.559000000000000000e+03
2.440000000000000000e+03
2.212000000000000000e+03
2.066000000000000000e+03
2.195000000000000000e+03
2.376000000000000000e+03
2.606000000000000000e+03
2.618000000000000000e+03
2.444000000000000000e+03
2.064000000000000000e+03
1.959000000000000000e+03
2.069000000000000000e+03
2.380000000000000000e+03
1.959000000000000000e+03
1.884000000000000000e+03
2.068000000000000000e+03
2.206000000000000000e+03
2.630000000000000000e+03
2.663000000000000000e+03
2.954000000000000000e+03
1.003800000000000000e+04
2.454200000000000000e+04
1.487200000000000000e+04
1.898900000000000000e+04
1.591700000000000000e+04
1.169200000000000000e+04
1.001800000000000000e+04
7.401000000000000000e+03
5.911000000000000000e+03
3.032000000000000000e+03
2.560000000000000000e+02
1.010000000000000000e+02
6.600000000000000000e+01
6.300000000000000000e+01
5.700000000000000000e+01
6.300000000000000000e+01
5.500000000000000000e+01
7.000000000000000000e+01
7.100000000000000000e+01
5.800000000000000000e+01
8.800000000000000000e+01
8.600000000000000000e+01
9.200000000000000000e+01
6.900000000000000000e+01
5.900000000000000000e+01
6.400000000000000000e+01
8.400000000000000000e+01
9.300000000000000000e+01
8.000000000000000000e+01
1.040000000000000000e+02
1.010000000000000000e+02
1.350000000000000000e+02
2.020000000000000000e+02
2.550000000000000000e+02
4.140000000000000000e+02
8.470000000000000000e+02
1.096000000000000000e+03
6.790000000000000000e+02
2.330000000000000000e+02
1.150000000000000000e+02
4.600000000000000000e+01
3.300000000000000000e+01
2.700000000000000000e+01
1.400000000000000000e+01
1.500000000000000000e+02
