7.384400000000000000e+04
7.300000000000000000e+02
1.049000000000000000e+03
1.980000000000000000e+03
6.750000000000000000e+02
5.415000000000000000e+03
9.244000000000000000e+03
8.570000000000000000e+02
6.952000000000000000e+03
3.681000000000000000e+03
4.781000000000000000e+03
1.701900000000000000e+04
9.742000000000000000e+03
2.306800000000000000e+04
9.997000000000000000e+03
1.277700000000000000e+04
1.186800000000000000e+04
1.018400000000000000e+04
7.586000000000000000e+03
1.225000000000000000e+04
1.506700000000000000e+04
1.088300000000000000e+04
1.035900000000000000e+04
9.627000000000000000e+03
1.213300000000000000e+04
8.435000000000000000e+03
1.245500000000000000e+04
8.832000000000000000e+03
8.477000000000000000e+03
7.713000000000000000e+03
1.789100000000000000e+04
4.605000000000000000e+03
6.295000000000000000e+03
4.753000000000000000e+03
5.778000000000000000e+03
8.778000000000000000e+03
5.892000000000000000e+03
3.028000000000000000e+03
3.657000000000000000e+03
3.037000000000000000e+03
4.286000000000000000e+03
2.536000000000000000e+03
5.920000000000000000e+03
7.425000000000000000e+03
4.789000000000000000e+03
6.677000000000000000e+03
1.078800000000000000e+04
5.080000000000000000e+03
1.283600000000000000e+04
4.668000000000000000e+03
9.558000000000000000e+03
1.008100000000000000e+04
6.055000000000000000e+03
4.162000000000000000e+03
5.680000000000000000e+03
6.813000000000000000e+03
5.443000000000000000e+03
3.703000000000000000e+03
1.695000000000000000e+03
4.620000000000000000e+02
4.787000000000000000e+03
1.800000000000000000e+02
1.291000000000000000e+03
2.621000000000000000e+03
1.220000000000000000e+02
1.298000000000000000e+03
4.808000000000000000e+03
1.112000000000000000e+03
1.117000000000000000e+03
1.394000000000000000e+03
2.071000000000000000e+03
4.620000000000000000e+02
4.850000000000000000e+02
1.403000000000000000e+03
1.913000000000000000e+03
6.575000000000000000e+03
7.100000000000000000e+02
4.480000000000000000e+02
4.100000000000000000e+01
1.216000000000000000e+03
3.949000000000000000e+03
2.430000000000000000e+02
1.450000000000000000e+02
2.396000000000000000e+03
1.132000000000000000e+03
8.190000000000000000e+02
1.980000000000000000e+02
2.462000000000000000e+03
4.300000000000000000e+02
3.090000000000000000e+02
4.153000000000000000e+03
4.910000000000000000e+02
7.030000000000000000e+02
1.326000000000000000e+03
5.950000000000000000e+02
3.594000000000000000e+03
4.290000000000000000e+03
6.010000000000000000e+02
3.765000000000000000e+03
1.940000000000000000e+03
2.046000000000000000e+03
7.098000000000000000e+03
3.304000000000000000e+03
1.104100000000000000e+04
9.975000000000000000e+03
1.888500000000000000e+04
2.702300000000000000e+04
2.313400000000000000e+04
1.449500000000000000e+04
3.058400000000000000e+04
2.329400000000000000e+04
1.630400000000000000e+04
9.690000000000000000e+03
4.645000000000000000e+03
9.734000000000000000e+03
5.995000000000000000e+03
4.205000000000000000e+03
2.570000000000000000e+02
5.220000000000000000e+02
4.340000000000000000e+02
4.265500000000000000e+04
7.600000000000000000e+01
1.257000000000000000e+03
4.110000000000000000e+02
2.873000000000000000e+03
7.813000000000000000e+03
1.232700000000000000e+04
3.500000000000000000e+02
1.375000000000000000e+03
5.560000000000000000e+02
1.543000000000000000e+03
1.470000000000000000e+02
4.537000000000000000e+03
3.247000000000000000e+03
9.400000000000000000e+01
6.730000000000000000e+02
3.930000000000000000e+02
2.900000000000000000e+01
1.232000000000000000e+03
9.400000000000000000e+01
7.605000000000000000e+03
1.502000000000000000e+03
5.200000000000000000e+02
1.380000000000000000e+02
2.570000000000000000e+02
2.210000000000000000e+03
9.100000000000000000e+02
3.120000000000000000e+02
1.040000000000000000e+02
3.200000000000000000e+01
2.003000000000000000e+03
2.100000000000000000e+01
1.490000000000000000e+02
4.820000000000000000e+02
6.400000000000000000e+01
2.310000000000000000e+02
4.174000000000000000e+03
2.260000000000000000e+02
3.790000000000000000e+02
3.940000000000000000e+02
1.867000000000000000e+03
2.320000000000000000e+02
1.930000000000000000e+02
9.910000000000000000e+02
9.190000000000000000e+02
1.109100000000000000e+04
5.290000000000000000e+02
6.790000000000000000e+02
7.170000000000000000e+02
1.363000000000000000e+03
5.579000000000000000e+03
9.350000000000000000e+02
1.155000000000000000e+03
6.858000000000000000e+03
3.268000000000000000e+03
4.501000000000000000e+03
5.088000000000000000e+03
7.281000000000000000e+03
2.086000000000000000e+03
9.620000000000000000e+02
6.717800000000000000e+04
5.010000000000000000e+02
3.471000000000000000e+03
7.914000000000000000e+03
7.021000000000000000e+03
7.210000000000000000e+03
9.089000000000000000e+03
1.078600000000000000e+04
1.086500000000000000e+04
1.070100000000000000e+04
1.040800000000000000e+04
1.008600000000000000e+04
1.033300000000000000e+04
1.049500000000000000e+04
1.037500000000000000e+04
1.298600000000000000e+04
1.296200000000000000e+04
1.085500000000000000e+04
1.239000000000000000e+04
9.811000000000000000e+03
1.184300000000000000e+04
1.124100000000000000e+04
1.105100000000000000e+04
1.350000000000000000e+04
1.375700000000000000e+04
9.331000000000000000e+03
1.487600000000000000e+04
1.350400000000000000e+04
1.168600000000000000e+04
9.053000000000000000e+03
1.069500000000000000e+04
9.073000000000000000e+03
1.058100000000000000e+04
1.036200000000000000e+04
9.781000000000000000e+03
9.087000000000000000e+03
1.017200000000000000e+04
6.771000000000000000e+03
8.900000000000000000e+03
8.269000000000000000e+03
7.538000000000000000e+03
6.630000000000000000e+03
6.063000000000000000e+03
7.487000000000000000e+03
6.990000000000000000e+03
6.329000000000000000e+03
7.456000000000000000e+03
6.644000000000000000e+03
6.213000000000000000e+03
6.731000000000000000e+03
5.755000000000000000e+03
7.446000000000000000e+03
5.439000000000000000e+03
7.299000000000000000e+03
5.917000000000000000e+03
6.868000000000000000e+03
5.692000000000000000e+03
6.472000000000000000e+03
6.624000000000000000e+03
6.171000000000000000e+03
5.942000000000000000e+03
6.231000000000000000e+03
5.743000000000000000e+03
4.700000000000000000e+03
7.479000000000000000e+03
5.494000000000000000e+03
5.410000000000000000e+03
6.119000000000000000e+03
5.800000000000000000e+03
4.942000000000000000e+03
6.309000000000000000e+03
5.984000000000000000e+03
5.401000000000000000e+03
5.983000000000000000e+03
5.597000000000000000e+03
5.863000000000000000e+03
5.532000000000000000e+03
6.277000000000000000e+03
6.070000000000000000e+03
5.296000000000000000e+03
5.742000000000000000e+03
5.780000000000000000e+03
5.242000000000000000e+03
5.648000000000000000e+03
4.186000000000000000e+03
7.078000000000000000e+03
4.176000000000000000e+03
5.049000000000000000e+03
5.205000000000000000e+03
4.875000000000000000e+03
5.102000000000000000e+03
4.554000000000000000e+03
4.808000000000000000e+03
4.219000000000000000e+03
4.949000000000000000e+03
3.796000000000000000e+03
4.987000000000000000e+03
3.819000000000000000e+03
4.191000000000000000e+03
3.942000000000000000e+03
3.952000000000000000e+03
3.606000000000000000e+03
3.958000000000000000e+03
3.459000000000000000e+03
3.323000000000000000e+03
3.208000000000000000e+03
3.511000000000000000e+03
3.105000000000000000e+03
3.041000000000000000e+03
3.138000000000000000e+03
2.528000000000000000e+03
3.012000000000000000e+03
2.784000000000000000e+03
2.773000000000000000e+03
2.582000000000000000e+03
2.424000000000000000e+03
2.524000000000000000e+03
2.432000000000000000e+03
2.350000000000000000e+03
2.304000000000000000e+03
2.249000000000000000e+03
2.192000000000000000e+03
2.010000000000000000e+03
2.065000000000000000e+03
2.079000000000000000e+03
1.858000000000000000e+03
1.564000000000000000e+03
1.821000000000000000e+03
2.416000000000000000e+03
1.447000000000000000e+03
1.591000000000000000e+03
1.661000000000000000e+03
1.498000000000000000e+03
1.493000000000000000e+03
1.608000000000000000e+03
1.452000000000000000e+03
1.384000000000000000e+03
1.287000000000000000e+03
1.314000000000000000e+03
1.260000000000000000e+03
1.188000000000000000e+03
1.132000000000000000e+03
1.110000000000000000e+03
1.217000000000000000e+03
8.690000000000000000e+02
9.590000000000000000e+02
1.076000000000000000e+03
9.040000000000000000e+02
9.400000000000000000e+02
9.060000000000000000e+02
7.540000000000000000e+02
8.620000000000000000e+02
7.370000000000000000e+02
1.019000000000000000e+03
8.130000000000000000e+02
8.570000000000000000e+02
7.390000000000000000e+02
6.080000000000000000e+02
8.460000000000000000e+02
7.670000000000000000e+02
5.330000000000000000e+02
6.180000000000000000e+02
5.580000000000000000e+02
5.130000000000000000e+02
4.990000000000000000e+02
4.970000000000000000e+02
4.320000000000000000e+02
4.800000000000000000e+02
3.500000000000000000e+02
2.970000000000000000e+02
7.510000000000000000e+02
2.790000000000000000e+02
3.180000000000000000e+02
3.760000000000000000e+02
4.020000000000000000e+02
3.280000000000000000e+02
3.160000000000000000e+02
3.730000000000000000e+02
3.050000000000000000e+02
4.090000000000000000e+02
3.370000000000000000e+02
3.140000000000000000e+02
4.140000000000000000e+02
2.780000000000000000e+02
3.310000000000000000e+02
3.670000000000000000e+02
3.110000000000000000e+02
3.560000000000000000e+02
3.770000000000000000e+02
3.490000000000000000e+02
3.240000000000000000e+02
4.760000000000000000e+02
2.270000000000000000e+02
2.990000000000000000e+02
3.400000000000000000e+02
3.140000000000000000e+02
3.730000000000000000e+02
2.930000000000000000e+02
3.740000000000000000e+02
3.340000000000000000e+02
3.860000000000000000e+02
3.330000000000000000e+02
3.310000000000000000e+02
3.820000000000000000e+02
4.520000000000000000e+02
4.240000000000000000e+02
3.850000000000000000e+02
4.530000000000000000e+02
4.110000000000000000e+02
4.670000000000000000e+02
4.450000000000000000e+02
4.820000000000000000e+02
3.840000000000000000e+02
6.470000000000000000e+02
4.570000000000000000e+02
4.690000000000000000e+02
5.270000000000000000e+02
4.870000000000000000e+02
4.920000000000000000e+02
6.140000000000000000e+02
4.880000000000000000e+02
5.660000000000000000e+02
5.170000000000000000e+02
4.920000000000000000e+02
4.980000000000000000e+02
5.000000000000000000e+02
4.250000000000000000e+02
4.560000000000000000e+02
4.460000000000000000e+02
4.170000000000000000e+02
4.920000000000000000e+02
4.550000000000000000e+02
4.290000000000000000e+02
4.980000000000000000e+02
4.230000000000000000e+02
4.770000000000000000e+02
4.180000000000000000e+02
4.670000000000000000e+02
3.700000000000000000e+02
4.670000000000000000e+02
3.810000000000000000e+02
4.450000000000000000e+02
3.990000000000000000e+02
4.120000000000000000e+02
4.390000000000000000e+02
3.990000000000000000e+02
4.130000000000000000e+02
3.640000000000000000e+02
3.580000000000000000e+02
4.110000000000000000e+02
3.560000000000000000e+02
3.290000000000000000e+02
3.350000000000000000e+02
3.030000000000000000e+02
1.640000000000000000e+02
3.921000000000000000e+03
1.040000000000000000e+02
1.910000000000000000e+02
2.590000000000000000e+02
3.460000000000000000e+02
7.290000000000000000e+02
1.424000000000000000e+03
2.580000000000000000e+03
3.121000000000000000e+03
3.065000000000000000e+03
2.945000000000000000e+03
3.093000000000000000e+03
3.810000000000000000e+03
3.726000000000000000e+03
3.512000000000000000e+03
3.397000000000000000e+03
3.875000000000000000e+03
4.108000000000000000e+03
4.701000000000000000e+03
5.269000000000000000e+03
5.781000000000000000e+03
6.060000000000000000e+03
6.198000000000000000e+03
6.165000000000000000e+03
6.035000000000000000e+03
6.211000000000000000e+03
6.173000000000000000e+03
6.569000000000000000e+03
6.975000000000000000e+03
7.482000000000000000e+03
7.821000000000000000e+03
8.065000000000000000e+03
7.820000000000000000e+03
7.543000000000000000e+03
6.654000000000000000e+03
6.025000000000000000e+03
5.582000000000000000e+03
5.239000000000000000e+03
4.887000000000000000e+03
4.891000000000000000e+03
4.555000000000000000e+03
4.382000000000000000e+03
4.221000000000000000e+03
4.205000000000000000e+03
4.146000000000000000e+03
3.974000000000000000e+03
3.936000000000000000e+03
3.978000000000000000e+03
3.959000000000000000e+03
3.857000000000000000e+03
3.866000000000000000e+03
3.972000000000000000e+03
3.958000000000000000e+03
4.085000000000000000e+03
4.333000000000000000e+03
4.381000000000000000e+03
4.521000000000000000e+03
4.551000000000000000e+03
4.716000000000000000e+03
4.569000000000000000e+03
4.732000000000000000e+03
4.532000000000000000e+03
4.423000000000000000e+03
4.289000000000000000e+03
4.315000000000000000e+03
4.512000000000000000e+03
4.627000000000000000e+03
4.539000000000000000e+03
4.480000000000000000e+03
4.566000000000000000e+03
4.522000000000000000e+03
4.654000000000000000e+03
4.470000000000000000e+03
4.269000000000000000e+03
4.224000000000000000e+03
4.375000000000000000e+03
4.248000000000000000e+03
3.997000000000000000e+03
3.922000000000000000e+03
3.980000000000000000e+03
3.862000000000000000e+03
3.772000000000000000e+03
3.746000000000000000e+03
3.632000000000000000e+03
3.809000000000000000e+03
3.583000000000000000e+03
3.715000000000000000e+03
3.617000000000000000e+03
3.589000000000000000e+03
3.629000000000000000e+03
3.591000000000000000e+03
3.605000000000000000e+03
3.518000000000000000e+03
3.544000000000000000e+03
3.541000000000000000e+03
3.581000000000000000e+03
3.575000000000000000e+03
3.444000000000000000e+03
3.559000000000000000e+03
3.429000000000000000e+03
3.336000000000000000e+03
3.435000000000000000e+03
3.331000000000000000e+03
3.319000000000000000e+03
3.405000000000000000e+03
3.393000000000000000e+03
3.367000000000000000e+03
3.422000000000000000e+03
3.401000000000000000e+03
3.403000000000000000e+03
3.488000000000000000e+03
3.266000000000000000e+03
3.460000000000000000e+03
3.632000000000000000e+03
3.453000000000000000e+03
3.435000000000000000e+03
3.511000000000000000e+03
3.458000000000000000e+03
3.452000000000000000e+03
3.505000000000000000e+03
3.427000000000000000e+03
3.283000000000000000e+03
3.384000000000000000e+03
3.391000000000000000e+03
3.364000000000000000e+03
3.417000000000000000e+03
3.354000000000000000e+03
3.438000000000000000e+03
3.288000000000000000e+03
3.399000000000000000e+03
3.348000000000000000e+03
3.476000000000000000e+03
3.404000000000000000e+03
3.268000000000000000e+03
3.282000000000000000e+03
3.233000000000000000e+03
3.237000000000000000e+03
3.266000000000000000e+03
3.214000000000000000e+03
3.211000000000000000e+03
3.270000000000000000e+03
3.134000000000000000e+03
3.292000000000000000e+03
3.142000000000000000e+03
3.090000000000000000e+03
3.138000000000000000e+03
3.162000000000000000e+03
3.185000000000000000e+03
3.251000000000000000e+03
3.254000000000000000e+03
3.353000000000000000e+03
3.427000000000000000e+03
3.422000000000000000e+03
3.505000000000000000e+03
3.636000000000000000e+03
3.818000000000000000e+03
3.984000000000000000e+03
4.164000000000000000e+03
4.141000000000000000e+03
4.183000000000000000e+03
4.237000000000000000e+03
4.377000000000000000e+03
4.580000000000000000e+03
4.391000000000000000e+03
4.628000000000000000e+03
4.570000000000000000e+03
4.686000000000000000e+03
4.579000000000000000e+03
4.655000000000000000e+03
4.580000000000000000e+03
4.581000000000000000e+03
4.515000000000000000e+03
4.566000000000000000e+03
4.405000000000000000e+03
4.333000000000000000e+03
4.369000000000000000e+03
4.264000000000000000e+03
4.381000000000000000e+03
4.157000000000000000e+03
4.141000000000000000e+03
4.139000000000000000e+03
4.260000000000000000e+03
4.040000000000000000e+03
4.199000000000000000e+03
4.288000000000000000e+03
4.535000000000000000e+03
4.436000000000000000e+03
4.474000000000000000e+03
4.423000000000000000e+03
4.517000000000000000e+03
4.434000000000000000e+03
4.617000000000000000e+03
4.322000000000000000e+03
4.339000000000000000e+03
4.298000000000000000e+03
3.952000000000000000e+03
3.908000000000000000e+03
3.885000000000000000e+03
3.860000000000000000e+03
3.909000000000000000e+03
3.995000000000000000e+03
3.956000000000000000e+03
4.097000000000000000e+03
4.102000000000000000e+03
4.050000000000000000e+03
4.011000000000000000e+03
4.126000000000000000e+03
4.226000000000000000e+03
4.083000000000000000e+03
4.024000000000000000e+03
4.128000000000000000e+03
4.338000000000000000e+03
4.447000000000000000e+03
4.488000000000000000e+03
4.499000000000000000e+03
4.320000000000000000e+03
4.200000000000000000e+03
3.913000000000000000e+03
3.569000000000000000e+03
3.373000000000000000e+03
3.306000000000000000e+03
3.256000000000000000e+03
3.139000000000000000e+03
3.139000000000000000e+03
3.098000000000000000e+03
2.882000000000000000e+03
2.830000000000000000e+03
2.651000000000000000e+03
2.513000000000000000e+03
2.420000000000000000e+03
2.352000000000000000e+03
2.210000000000000000e+03
2.064000000000000000e+03
2.011000000000000000e+03
2.063000000000000000e+03
1.997000000000000000e+03
1.894000000000000000e+03
1.860000000000000000e+03
1.844000000000000000e+03
1.827000000000000000e+03
1.997000000000000000e+03
1.917000000000000000e+03
1.942000000000000000e+03
1.865000000000000000e+03
1.734000000000000000e+03
1.557000000000000000e+03
1.366000000000000000e+03
1.197000000000000000e+03
1.160000000000000000e+03
1.036000000000000000e+03
1.019000000000000000e+03
9.620000000000000000e+02
9.560000000000000000e+02
9.130000000000000000e+02
9.640000000000000000e+02
9.040000000000000000e+02
6.060000000000000000e+03
