5.192100000000000000e+04
7.000000000000000000e+00
9.000000000000000000e+00
1.700000000000000000e+01
7.000000000000000000e+00
3.200000000000000000e+01
2.785000000000000000e+03
6.000000000000000000e+00
4.800000000000000000e+01
3.000000000000000000e+00
3.000000000000000000e+00
1.330000000000000000e+02
9.000000000000000000e+00
3.980000000000000000e+02
7.600000000000000000e+01
9.000000000000000000e+01
1.040000000000000000e+02
1.320000000000000000e+02
3.600000000000000000e+01
8.300000000000000000e+01
4.351000000000000000e+03
3.500000000000000000e+01
1.500000000000000000e+01
1.400000000000000000e+01
1.587000000000000000e+03
1.250000000000000000e+02
1.800000000000000000e+01
0.000000000000000000e+00
3.000000000000000000e+00
0.000000000000000000e+00
3.830000000000000000e+02
0.000000000000000000e+00
9.000000000000000000e+00
0.000000000000000000e+00
9.000000000000000000e+00
6.500000000000000000e+01
1.210000000000000000e+02
0.000000000000000000e+00
5.000000000000000000e+01
0.000000000000000000e+00
1.900000000000000000e+01
0.000000000000000000e+00
5.700000000000000000e+01
2.400000000000000000e+01
0.000000000000000000e+00
2.300000000000000000e+01
0.000000000000000000e+00
0.000000000000000000e+00
3.000000000000000000e+00
0.000000000000000000e+00
1.580000000000000000e+02
2.000000000000000000e+00
1.000000000000000000e+00
8.000000000000000000e+00
4.000000000000000000e+00
1.800000000000000000e+01
4.000000000000000000e+00
0.000000000000000000e+00
0.000000000000000000e+00
0.000000000000000000e+00
9.090000000000000000e+02
0.000000000000000000e+00
2.000000000000000000e+00
4.000000000000000000e+00
0.000000000000000000e+00
3.000000000000000000e+00
1.800000000000000000e+02
1.000000000000000000e+00
7.000000000000000000e+00
4.000000000000000000e+00
9.300000000000000000e+01
3.000000000000000000e+00
3.000000000000000000e+00
3.000000000000000000e+01
1.900000000000000000e+01
1.370000000000000000e+03
1.000000000000000000e+00
4.000000000000000000e+00
2.000000000000000000e+00
7.800000000000000000e+01
1.243000000000000000e+03
4.000000000000000000e+00
5.000000000000000000e+00
1.170000000000000000e+03
2.300000000000000000e+01
1.864000000000000000e+03
3.000000000000000000e+00
8.340000000000000000e+02
1.680000000000000000e+02
2.000000000000000000e+00
4.834000000000000000e+03
6.000000000000000000e+00
1.199000000000000000e+03
4.230000000000000000e+02
2.600000000000000000e+01
1.155000000000000000e+03
1.211000000000000000e+03
4.800000000000000000e+01
5.010000000000000000e+02
2.180000000000000000e+02
3.460000000000000000e+02
1.202000000000000000e+03
4.400000000000000000e+02
3.530000000000000000e+03
9.450000000000000000e+02
1.970000000000000000e+03
4.415000000000000000e+03
3.663000000000000000e+03
3.664000000000000000e+03
5.594000000000000000e+03
2.820300000000000000e+04
4.383000000000000000e+03
5.750000000000000000e+03
4.350000000000000000e+03
4.064500000000000000e+04
1.025100000000000000e+04
9.526000000000000000e+03
3.806000000000000000e+03
4.244000000000000000e+03
5.466000000000000000e+03
1.659900000000000000e+04
3.050000000000000000e+02
6.109000000000000000e+03
4.122000000000000000e+03
9.608000000000000000e+03
1.565200000000000000e+04
5.686000000000000000e+03
1.578000000000000000e+03
5.784000000000000000e+03
4.402000000000000000e+03
2.068000000000000000e+03
1.320000000000000000e+02
7.490000000000000000e+02
2.395000000000000000e+03
5.000000000000000000e+01
4.960000000000000000e+02
1.900000000000000000e+02
7.000000000000000000e+00
2.960000000000000000e+02
1.400000000000000000e+01
5.030000000000000000e+02
2.590000000000000000e+02
8.100000000000000000e+01
1.200000000000000000e+01
1.300000000000000000e+01
2.540000000000000000e+02
5.300000000000000000e+01
2.000000000000000000e+01
9.000000000000000000e+00
2.000000000000000000e+00
2.750000000000000000e+02
2.000000000000000000e+00
5.000000000000000000e+00
3.200000000000000000e+01
3.000000000000000000e+00
1.200000000000000000e+01
2.270000000000000000e+02
2.700000000000000000e+01
5.000000000000000000e+00
1.600000000000000000e+01
8.700000000000000000e+01
1.200000000000000000e+01
1.600000000000000000e+01
4.300000000000000000e+01
4.100000000000000000e+01
2.816000000000000000e+03
2.800000000000000000e+01
3.300000000000000000e+01
3.200000000000000000e+01
3.800000000000000000e+01
2.180000000000000000e+02
2.100000000000000000e+01
2.100000000000000000e+01
2.350000000000000000e+03
7.500000000000000000e+01
5.700000000000000000e+01
4.200000000000000000e+01
1.360000000000000000e+02
1.500000000000000000e+01
1.900000000000000000e+01
5.054300000000000000e+04
6.100000000000000000e+02
1.249000000000000000e+03
4.569000000000000000e+03
7.327000000000000000e+03
9.518000000000000000e+03
9.665000000000000000e+03
1.557200000000000000e+04
1.101000000000000000e+04
7.972000000000000000e+03
7.768000000000000000e+03
4.839000000000000000e+03
5.831000000000000000e+03
3.758000000000000000e+03
4.134000000000000000e+03
2.847000000000000000e+03
2.485000000000000000e+03
2.333000000000000000e+03
1.860000000000000000e+03
1.436000000000000000e+03
1.558000000000000000e+03
1.796000000000000000e+03
1.544000000000000000e+03
1.908000000000000000e+03
2.685000000000000000e+03
1.688000000000000000e+03
2.112000000000000000e+03
2.939000000000000000e+03
1.553000000000000000e+03
1.556000000000000000e+03
1.221000000000000000e+03
8.710000000000000000e+02
9.260000000000000000e+02
7.520000000000000000e+02
8.740000000000000000e+02
7.190000000000000000e+02
9.500000000000000000e+02
6.100000000000000000e+02
7.800000000000000000e+02
5.970000000000000000e+02
7.110000000000000000e+02
6.610000000000000000e+02
6.330000000000000000e+02
6.530000000000000000e+02
6.080000000000000000e+02
6.100000000000000000e+02
6.360000000000000000e+02
5.880000000000000000e+02
5.970000000000000000e+02
6.370000000000000000e+02
5.480000000000000000e+02
5.850000000000000000e+02
5.830000000000000000e+02
5.960000000000000000e+02
6.570000000000000000e+02
6.570000000000000000e+02
5.980000000000000000e+02
6.840000000000000000e+02
6.610000000000000000e+02
4.950000000000000000e+02
6.360000000000000000e+02
6.340000000000000000e+02
6.770000000000000000e+02
4.650000000000000000e+02
7.500000000000000000e+02
6.410000000000000000e+02
5.710000000000000000e+02
6.930000000000000000e+02
6.670000000000000000e+02
5.810000000000000000e+02
8.180000000000000000e+02
6.900000000000000000e+02
8.270000000000000000e+02
7.360000000000000000e+02
7.820000000000000000e+02
6.230000000000000000e+02
6.900000000000000000e+02
6.980000000000000000e+02
9.120000000000000000e+02
7.600000000000000000e+02
7.060000000000000000e+02
9.420000000000000000e+02
5.770000000000000000e+02
1.065000000000000000e+03
5.630000000000000000e+02
1.378000000000000000e+03
4.610000000000000000e+02
1.047000000000000000e+03
7.720000000000000000e+02
1.115000000000000000e+03
8.620000000000000000e+02
7.290000000000000000e+02
1.293000000000000000e+03
7.950000000000000000e+02
1.452000000000000000e+03
7.270000000000000000e+02
1.618000000000000000e+03
1.145000000000000000e+03
1.049000000000000000e+03
1.797000000000000000e+03
1.161000000000000000e+03
1.410000000000000000e+03
1.723000000000000000e+03
1.684000000000000000e+03
1.113000000000000000e+03
1.964000000000000000e+03
1.477000000000000000e+03
1.762000000000000000e+03
2.333000000000000000e+03
1.862000000000000000e+03
1.282000000000000000e+03
1.279000000000000000e+03
2.084000000000000000e+03
1.604000000000000000e+03
1.763000000000000000e+03
1.796000000000000000e+03
1.419000000000000000e+03
1.390000000000000000e+03
1.216000000000000000e+03
1.716000000000000000e+03
1.601000000000000000e+03
1.061000000000000000e+03
1.253000000000000000e+03
1.584000000000000000e+03
1.368000000000000000e+03
1.119000000000000000e+03
6.870000000000000000e+02
1.166000000000000000e+03
2.122000000000000000e+03
6.480000000000000000e+02
8.580000000000000000e+02
1.089000000000000000e+03
1.070000000000000000e+03
1.081000000000000000e+03
8.440000000000000000e+02
1.062000000000000000e+03
8.230000000000000000e+02
9.340000000000000000e+02
8.150000000000000000e+02
6.500000000000000000e+02
8.320000000000000000e+02
7.390000000000000000e+02
8.210000000000000000e+02
8.750000000000000000e+02
5.860000000000000000e+02
7.610000000000000000e+02
6.850000000000000000e+02
5.180000000000000000e+02
5.770000000000000000e+02
6.920000000000000000e+02
3.770000000000000000e+02
4.100000000000000000e+02
3.900000000000000000e+02
4.340000000000000000e+02
2.710000000000000000e+02
3.570000000000000000e+02
3.510000000000000000e+02
2.330000000000000000e+02
2.530000000000000000e+02
2.980000000000000000e+02
1.800000000000000000e+02
2.170000000000000000e+02
2.980000000000000000e+02
1.900000000000000000e+02
1.630000000000000000e+02
1.980000000000000000e+02
1.560000000000000000e+02
2.350000000000000000e+02
1.780000000000000000e+02
4.700000000000000000e+01
5.680000000000000000e+02
4.300000000000000000e+01
1.430000000000000000e+02
1.990000000000000000e+02
1.080000000000000000e+02
1.290000000000000000e+02
8.200000000000000000e+01
1.570000000000000000e+02
6.500000000000000000e+01
2.040000000000000000e+02
7.800000000000000000e+01
1.390000000000000000e+02
2.000000000000000000e+02
8.300000000000000000e+01
8.100000000000000000e+01
1.500000000000000000e+02
6.300000000000000000e+01
8.300000000000000000e+01
1.430000000000000000e+02
6.100000000000000000e+01
6.900000000000000000e+01
2.250000000000000000e+02
1.900000000000000000e+01
1.010000000000000000e+02
6.800000000000000000e+01
4.300000000000000000e+01
6.900000000000000000e+01
6.600000000000000000e+01
8.900000000000000000e+01
2.600000000000000000e+01
7.100000000000000000e+01
5.600000000000000000e+01
5.400000000000000000e+01
4.100000000000000000e+01
1.130000000000000000e+02
2.500000000000000000e+01
7.900000000000000000e+01
2.400000000000000000e+01
4.600000000000000000e+01
6.200000000000000000e+01
5.000000000000000000e+01
5.100000000000000000e+01
1.300000000000000000e+01
1.270000000000000000e+02
3.300000000000000000e+01
3.900000000000000000e+01
5.200000000000000000e+01
4.300000000000000000e+01
1.300000000000000000e+01
9.400000000000000000e+01
4.800000000000000000e+01
2.600000000000000000e+01
2.100000000000000000e+01
5.800000000000000000e+01
3.500000000000000000e+01
3.500000000000000000e+01
1.700000000000000000e+01
5.200000000000000000e+01
2.500000000000000000e+01
1.200000000000000000e+01
2.400000000000000000e+01
1.500000000000000000e+01
2.800000000000000000e+01
2.700000000000000000e+01
4.400000000000000000e+01
6.800000000000000000e+01
2.900000000000000000e+01
1.700000000000000000e+01
2.300000000000000000e+01
3.300000000000000000e+01
1.400000000000000000e+01
1.500000000000000000e+01
2.100000000000000000e+01
2.200000000000000000e+01
1.400000000000000000e+01
2.200000000000000000e+01
1.400000000000000000e+01
1.700000000000000000e+01
2.000000000000000000e+01
6.000000000000000000e+00
1.200000000000000000e+01
2.000000000000000000e+00
1.000000000000000000e+00
0.000000000000000000e+00
0.000000000000000000e+00
6.241000000000000000e+03
3.803300000000000000e+04
2.602000000000000000e+03
3.096000000000000000e+03
8.560000000000000000e+02
1.238000000000000000e+03
7.380000000000000000e+02
5.980000000000000000e+02
5.770000000000000000e+02
4.940000000000000000e+02
4.970000000000000000e+02
4.040000000000000000e+02
3.620000000000000000e+02
3.750000000000000000e+02
3.130000000000000000e+02
3.050000000000000000e+02
2.520000000000000000e+02
2.920000000000000000e+02
3.030000000000000000e+02
3.390000000000000000e+02
3.930000000000000000e+02
4.160000000000000000e+02
4.810000000000000000e+02
4.820000000000000000e+02
5.400000000000000000e+02
6.700000000000000000e+02
7.120000000000000000e+02
7.530000000000000000e+02
1.079000000000000000e+03
1.194000000000000000e+03
1.411000000000000000e+03
1.797000000000000000e+03
1.813000000000000000e+03
2.051000000000000000e+03
2.131000000000000000e+03
1.972000000000000000e+03
2.033000000000000000e+03
2.075000000000000000e+03
2.162000000000000000e+03
2.068000000000000000e+03
2.113000000000000000e+03
2.086000000000000000e+03
1.988000000000000000e+03
2.079000000000000000e+03
2.116000000000000000e+03
2.218000000000000000e+03
2.174000000000000000e+03
2.238000000000000000e+03
2.292000000000000000e+03
2.387000000000000000e+03
2.632000000000000000e+03
2.324000000000000000e+03
2.290000000000000000e+03
2.045000000000000000e+03
2.090000000000000000e+03
1.972000000000000000e+03
1.846000000000000000e+03
1.717000000000000000e+03
1.695000000000000000e+03
1.625000000000000000e+03
1.502000000000000000e+03
1.326000000000000000e+03
1.345000000000000000e+03
1.373000000000000000e+03
1.375000000000000000e+03
1.369000000000000000e+03
1.529000000000000000e+03
1.331000000000000000e+03
1.274000000000000000e+03
1.255000000000000000e+03
1.145000000000000000e+03
1.184000000000000000e+03
1.260000000000000000e+03
1.219000000000000000e+03
1.136000000000000000e+03
1.127000000000000000e+03
1.153000000000000000e+03
1.051000000000000000e+03
1.079000000000000000e+03
1.060000000000000000e+03
1.033000000000000000e+03
9.880000000000000000e+02
1.005000000000000000e+03
9.630000000000000000e+02
9.980000000000000000e+02
1.004000000000000000e+03
9.650000000000000000e+02
8.850000000000000000e+02
9.240000000000000000e+02
9.740000000000000000e+02
9.280000000000000000e+02
8.710000000000000000e+02
9.000000000000000000e+02
9.110000000000000000e+02
8.400000000000000000e+02
9.050000000000000000e+02
8.480000000000000000e+02
9.440000000000000000e+02
9.640000000000000000e+02
9.250000000000000000e+02
9.690000000000000000e+02
1.038000000000000000e+03
1.029000000000000000e+03
9.550000000000000000e+02
9.140000000000000000e+02
9.920000000000000000e+02
1.047000000000000000e+03
1.015000000000000000e+03
1.052000000000000000e+03
1.084000000000000000e+03
1.028000000000000000e+03
1.050000000000000000e+03
1.128000000000000000e+03
1.112000000000000000e+03
1.100000000000000000e+03
1.107000000000000000e+03
1.115000000000000000e+03
1.121000000000000000e+03
1.171000000000000000e+03
1.217000000000000000e+03
1.133000000000000000e+03
1.135000000000000000e+03
1.171000000000000000e+03
1.248000000000000000e+03
1.263000000000000000e+03
1.277000000000000000e+03
1.402000000000000000e+03
1.303000000000000000e+03
1.371000000000000000e+03
1.539000000000000000e+03
1.625000000000000000e+03
1.942000000000000000e+03
1.932000000000000000e+03
1.729000000000000000e+03
1.546000000000000000e+03
1.274000000000000000e+03
1.142000000000000000e+03
1.147000000000000000e+03
1.253000000000000000e+03
1.250000000000000000e+03
1.184000000000000000e+03
1.195000000000000000e+03
1.195000000000000000e+03
1.137000000000000000e+03
1.179000000000000000e+03
1.178000000000000000e+03
1.192000000000000000e+03
1.154000000000000000e+03
1.178000000000000000e+03
1.185000000000000000e+03
1.142000000000000000e+03
1.225000000000000000e+03
1.212000000000000000e+03
1.212000000000000000e+03
1.141000000000000000e+03
1.145000000000000000e+03
1.163000000000000000e+03
1.127000000000000000e+03
1.149000000000000000e+03
1.183000000000000000e+03
1.143000000000000000e+03
1.060000000000000000e+03
1.065000000000000000e+03
1.135000000000000000e+03
1.078000000000000000e+03
1.016000000000000000e+03
1.037000000000000000e+03
1.012000000000000000e+03
1.083000000000000000e+03
1.059000000000000000e+03
1.095000000000000000e+03
1.108000000000000000e+03
1.036000000000000000e+03
1.017000000000000000e+03
9.630000000000000000e+02
9.100000000000000000e+02
8.180000000000000000e+02
7.740000000000000000e+02
7.910000000000000000e+02
7.890000000000000000e+02
7.310000000000000000e+02
7.040000000000000000e+02
7.100000000000000000e+02
6.680000000000000000e+02
6.540000000000000000e+02
6.000000000000000000e+02
6.340000000000000000e+02
5.990000000000000000e+02
6.360000000000000000e+02
5.600000000000000000e+02
6.380000000000000000e+02
5.830000000000000000e+02
6.340000000000000000e+02
6.980000000000000000e+02
6.660000000000000000e+02
7.320000000000000000e+02
8.780000000000000000e+02
7.360000000000000000e+02
7.060000000000000000e+02
7.690000000000000000e+02
7.150000000000000000e+02
8.450000000000000000e+02
7.600000000000000000e+02
7.890000000000000000e+02
8.740000000000000000e+02
9.470000000000000000e+02
1.282000000000000000e+03
1.072000000000000000e+03
1.026000000000000000e+03
8.460000000000000000e+02
6.750000000000000000e+02
7.120000000000000000e+02
7.920000000000000000e+02
1.036000000000000000e+03
1.341000000000000000e+03
1.506000000000000000e+03
1.695000000000000000e+03
1.494000000000000000e+03
1.649000000000000000e+03
1.887000000000000000e+03
1.267000000000000000e+03
5.880000000000000000e+02
4.680000000000000000e+02
4.620000000000000000e+02
4.210000000000000000e+02
4.190000000000000000e+02
3.830000000000000000e+02
3.580000000000000000e+02
3.360000000000000000e+02
3.360000000000000000e+02
3.450000000000000000e+02
3.160000000000000000e+02
3.410000000000000000e+02
3.280000000000000000e+02
3.270000000000000000e+02
3.840000000000000000e+02
2.940000000000000000e+02
3.270000000000000000e+02
3.240000000000000000e+02
2.900000000000000000e+02
2.890000000000000000e+02
3.270000000000000000e+02
2.950000000000000000e+02
3.140000000000000000e+02
3.060000000000000000e+02
3.010000000000000000e+02
3.010000000000000000e+02
2.770000000000000000e+02
2.870000000000000000e+02
2.700000000000000000e+02
2.720000000000000000e+02
2.550000000000000000e+02
2.690000000000000000e+02
3.020000000000000000e+02
2.970000000000000000e+02
2.990000000000000000e+02
2.653000000000000000e+03
