6.314000000000000000e+03
5.660000000000000000e+02
4.950000000000000000e+02
3.800000000000000000e+02
3.610000000000000000e+02
5.580000000000000000e+02
8.740000000000000000e+02
2.630000000000000000e+02
7.870000000000000000e+02
5.030000000000000000e+02
5.430000000000000000e+02
1.524000000000000000e+03
1.912000000000000000e+03
8.529000000000000000e+03
1.064800000000000000e+04
1.541900000000000000e+04
6.920000000000000000e+03
6.740000000000000000e+03
1.048000000000000000e+03
1.697000000000000000e+03
1.587000000000000000e+03
1.716000000000000000e+03
1.531000000000000000e+03
1.574000000000000000e+03
1.969000000000000000e+03
1.759000000000000000e+03
2.063000000000000000e+03
1.573000000000000000e+03
1.742000000000000000e+03
1.930000000000000000e+03
3.069000000000000000e+03
1.619000000000000000e+03
2.304000000000000000e+03
2.145000000000000000e+03
2.653000000000000000e+03
4.760000000000000000e+03
2.868000000000000000e+03
1.501000000000000000e+03
1.593000000000000000e+03
1.404000000000000000e+03
1.385000000000000000e+03
7.310000000000000000e+02
1.075000000000000000e+03
1.329000000000000000e+03
5.420000000000000000e+02
7.020000000000000000e+02
8.640000000000000000e+02
3.800000000000000000e+02
9.980000000000000000e+02
3.340000000000000000e+02
1.068000000000000000e+03
9.400000000000000000e+02
4.270000000000000000e+02
2.840000000000000000e+02
4.920000000000000000e+02
1.028000000000000000e+03
6.380000000000000000e+02
4.360000000000000000e+02
3.910000000000000000e+02
3.580000000000000000e+02
1.153000000000000000e+03
2.270000000000000000e+02
4.140000000000000000e+02
8.260000000000000000e+02
3.100000000000000000e+02
4.450000000000000000e+02
1.515000000000000000e+03
9.610000000000000000e+02
3.880000000000000000e+02
1.524000000000000000e+03
1.030000000000000000e+03
5.370000000000000000e+02
7.730000000000000000e+02
1.044000000000000000e+03
1.661000000000000000e+03
2.316000000000000000e+03
8.990000000000000000e+02
1.501000000000000000e+03
1.860000000000000000e+02
9.670000000000000000e+02
3.885000000000000000e+03
8.770000000000000000e+02
1.295000000000000000e+03
2.902000000000000000e+03
3.608000000000000000e+03
3.771000000000000000e+03
3.303000000000000000e+03
6.144000000000000000e+03
4.360000000000000000e+03
4.070000000000000000e+03
5.100000000000000000e+03
4.052000000000000000e+03
4.645000000000000000e+03
4.456000000000000000e+03
5.530000000000000000e+03
7.364000000000000000e+03
5.156000000000000000e+03
4.068000000000000000e+03
8.354000000000000000e+03
5.935000000000000000e+03
7.378000000000000000e+03
2.455200000000000000e+04
1.205200000000000000e+04
2.566400000000000000e+04
1.302200000000000000e+04
3.825400000000000000e+04
2.271900000000000000e+04
6.262000000000000000e+03
6.612000000000000000e+03
3.918000000000000000e+03
7.436000000000000000e+03
4.369000000000000000e+03
7.750000000000000000e+02
7.740000000000000000e+02
3.881000000000000000e+03
1.031000000000000000e+03
4.200000000000000000e+02
5.700000000000000000e+01
4.900000000000000000e+01
7.400000000000000000e+01
2.322000000000000000e+03
4.000000000000000000e+01
1.030000000000000000e+02
5.200000000000000000e+01
1.380000000000000000e+02
4.900000000000000000e+02
1.273000000000000000e+03
4.200000000000000000e+01
8.100000000000000000e+01
4.100000000000000000e+01
1.010000000000000000e+02
2.400000000000000000e+01
2.440000000000000000e+02
1.840000000000000000e+02
4.100000000000000000e+01
7.300000000000000000e+01
6.800000000000000000e+01
2.300000000000000000e+01
9.700000000000000000e+01
2.700000000000000000e+01
5.080000000000000000e+02
1.020000000000000000e+02
4.400000000000000000e+01
3.400000000000000000e+01
4.200000000000000000e+01
1.070000000000000000e+02
9.900000000000000000e+01
4.500000000000000000e+01
5.600000000000000000e+01
3.500000000000000000e+01
1.760000000000000000e+02
2.500000000000000000e+01
5.000000000000000000e+01
5.700000000000000000e+01
1.900000000000000000e+01
3.500000000000000000e+01
2.440000000000000000e+02
6.300000000000000000e+01
5.200000000000000000e+01
9.500000000000000000e+01
1.150000000000000000e+02
6.500000000000000000e+01
7.600000000000000000e+01
1.080000000000000000e+02
1.480000000000000000e+02
8.920000000000000000e+02
1.510000000000000000e+02
2.220000000000000000e+02
1.740000000000000000e+02
1.610000000000000000e+02
5.720000000000000000e+02
3.370000000000000000e+02
4.900000000000000000e+02
7.710000000000000000e+02
5.590000000000000000e+02
5.650000000000000000e+02
8.770000000000000000e+02
1.418000000000000000e+03
1.230000000000000000e+03
8.900000000000000000e+02
5.285000000000000000e+03
1.650000000000000000e+02
7.350000000000000000e+02
1.040000000000000000e+03
5.340000000000000000e+02
8.940000000000000000e+02
8.470000000000000000e+02
7.530000000000000000e+02
8.160000000000000000e+02
8.720000000000000000e+02
1.041000000000000000e+03
1.109000000000000000e+03
2.470000000000000000e+03
1.668000000000000000e+03
2.263000000000000000e+03
1.781000000000000000e+03
1.441100000000000000e+04
2.571000000000000000e+03
1.208200000000000000e+04
1.514000000000000000e+03
1.822000000000000000e+03
1.612000000000000000e+03
1.495000000000000000e+03
1.681000000000000000e+03
1.569000000000000000e+03
1.583000000000000000e+03
1.938000000000000000e+03
2.329000000000000000e+03
2.650000000000000000e+03
1.734000000000000000e+03
3.043000000000000000e+03
2.422000000000000000e+03
2.854000000000000000e+03
3.026000000000000000e+03
3.045000000000000000e+03
3.909000000000000000e+03
2.922000000000000000e+03
2.358000000000000000e+03
3.138000000000000000e+03
4.495000000000000000e+03
4.788000000000000000e+03
4.540000000000000000e+03
3.261000000000000000e+03
2.675000000000000000e+03
3.179000000000000000e+03
3.278000000000000000e+03
2.382000000000000000e+03
2.393000000000000000e+03
3.451000000000000000e+03
2.585000000000000000e+03
2.483000000000000000e+03
2.803000000000000000e+03
2.125000000000000000e+03
2.639000000000000000e+03
2.243000000000000000e+03
2.612000000000000000e+03
2.155000000000000000e+03
2.518000000000000000e+03
2.170000000000000000e+03
2.151000000000000000e+03
1.900000000000000000e+03
1.924000000000000000e+03
2.169000000000000000e+03
1.914000000000000000e+03
2.937000000000000000e+03
1.949000000000000000e+03
1.915000000000000000e+03
1.832000000000000000e+03
2.031000000000000000e+03
1.597000000000000000e+03
2.238000000000000000e+03
2.001000000000000000e+03
1.763000000000000000e+03
1.910000000000000000e+03
1.606000000000000000e+03
1.848000000000000000e+03
1.566000000000000000e+03
2.147000000000000000e+03
1.878000000000000000e+03
1.714000000000000000e+03
2.031000000000000000e+03
1.976000000000000000e+03
1.682000000000000000e+03
2.324000000000000000e+03
1.582000000000000000e+03
3.986000000000000000e+03
1.703000000000000000e+03
2.467000000000000000e+03
2.232000000000000000e+03
2.363000000000000000e+03
3.047000000000000000e+03
2.753000000000000000e+03
2.978000000000000000e+03
2.446000000000000000e+03
3.242000000000000000e+03
2.468000000000000000e+03
3.800000000000000000e+03
2.406000000000000000e+03
3.326000000000000000e+03
2.813000000000000000e+03
3.201000000000000000e+03
3.022000000000000000e+03
2.718000000000000000e+03
3.368000000000000000e+03
3.225000000000000000e+03
3.212000000000000000e+03
3.117000000000000000e+03
3.273000000000000000e+03
3.545000000000000000e+03
4.233000000000000000e+03
2.057000000000000000e+03
3.734000000000000000e+03
3.119000000000000000e+03
2.572000000000000000e+03
3.196000000000000000e+03
3.029000000000000000e+03
2.867000000000000000e+03
3.073000000000000000e+03
2.495000000000000000e+03
3.028000000000000000e+03
3.274000000000000000e+03
2.330000000000000000e+03
2.747000000000000000e+03
2.452000000000000000e+03
2.822000000000000000e+03
2.674000000000000000e+03
2.391000000000000000e+03
2.407000000000000000e+03
3.741000000000000000e+03
1.965000000000000000e+03
2.449000000000000000e+03
2.038000000000000000e+03
1.957000000000000000e+03
1.911000000000000000e+03
2.216000000000000000e+03
2.012000000000000000e+03
2.065000000000000000e+03
2.023000000000000000e+03
2.234000000000000000e+03
1.910000000000000000e+03
1.804000000000000000e+03
1.740000000000000000e+03
2.176000000000000000e+03
1.962000000000000000e+03
1.674000000000000000e+03
1.536000000000000000e+03
1.860000000000000000e+03
1.486000000000000000e+03
1.579000000000000000e+03
1.495000000000000000e+03
1.427000000000000000e+03
1.322000000000000000e+03
1.417000000000000000e+03
1.606000000000000000e+03
1.269000000000000000e+03
1.301000000000000000e+03
1.214000000000000000e+03
1.180000000000000000e+03
1.104000000000000000e+03
1.650000000000000000e+03
8.250000000000000000e+02
1.158000000000000000e+03
1.073000000000000000e+03
9.710000000000000000e+02
9.380000000000000000e+02
1.025000000000000000e+03
9.490000000000000000e+02
8.640000000000000000e+02
6.290000000000000000e+02
6.590000000000000000e+02
1.339000000000000000e+03
5.850000000000000000e+02
4.450000000000000000e+02
7.490000000000000000e+02
7.050000000000000000e+02
5.110000000000000000e+02
5.480000000000000000e+02
6.070000000000000000e+02
3.890000000000000000e+02
7.120000000000000000e+02
4.740000000000000000e+02
4.470000000000000000e+02
6.620000000000000000e+02
3.760000000000000000e+02
4.110000000000000000e+02
4.690000000000000000e+02
3.070000000000000000e+02
3.570000000000000000e+02
3.970000000000000000e+02
3.370000000000000000e+02
3.420000000000000000e+02
7.430000000000000000e+02
2.340000000000000000e+02
3.400000000000000000e+02
3.180000000000000000e+02
3.320000000000000000e+02
3.400000000000000000e+02
2.760000000000000000e+02
3.220000000000000000e+02
1.890000000000000000e+02
2.970000000000000000e+02
2.330000000000000000e+02
1.840000000000000000e+02
2.140000000000000000e+02
3.120000000000000000e+02
1.760000000000000000e+02
1.980000000000000000e+02
2.120000000000000000e+02
1.630000000000000000e+02
2.520000000000000000e+02
1.500000000000000000e+02
1.940000000000000000e+02
1.400000000000000000e+02
3.340000000000000000e+02
1.570000000000000000e+02
1.570000000000000000e+02
1.580000000000000000e+02
1.260000000000000000e+02
1.190000000000000000e+02
2.250000000000000000e+02
1.630000000000000000e+02
1.920000000000000000e+02
1.680000000000000000e+02
1.860000000000000000e+02
1.780000000000000000e+02
1.610000000000000000e+02
1.500000000000000000e+02
2.100000000000000000e+02
1.730000000000000000e+02
1.350000000000000000e+02
2.070000000000000000e+02
1.850000000000000000e+02
1.810000000000000000e+02
1.730000000000000000e+02
1.960000000000000000e+02
1.870000000000000000e+02
1.700000000000000000e+02
2.100000000000000000e+02
1.730000000000000000e+02
2.180000000000000000e+02
1.900000000000000000e+02
1.760000000000000000e+02
1.700000000000000000e+02
1.780000000000000000e+02
1.640000000000000000e+02
1.230000000000000000e+02
1.080000000000000000e+02
1.150000000000000000e+02
1.170000000000000000e+02
1.230000000000000000e+02
1.110000000000000000e+02
7.600000000000000000e+01
7.800000000000000000e+01
4.600000000000000000e+01
4.100000000000000000e+01
3.205000000000000000e+03
7.200000000000000000e+01
2.780000000000000000e+02
5.620000000000000000e+02
6.220000000000000000e+02
1.860000000000000000e+03
1.267000000000000000e+03
1.380000000000000000e+03
1.455000000000000000e+03
1.299000000000000000e+03
1.360000000000000000e+03
1.273000000000000000e+03
1.338000000000000000e+03
1.484000000000000000e+03
1.474000000000000000e+03
1.416000000000000000e+03
1.415000000000000000e+03
1.347000000000000000e+03
1.470000000000000000e+03
1.386000000000000000e+03
1.292000000000000000e+03
1.057000000000000000e+03
1.032000000000000000e+03
1.030000000000000000e+03
1.029000000000000000e+03
1.032000000000000000e+03
1.042000000000000000e+03
1.064000000000000000e+03
1.128000000000000000e+03
1.214000000000000000e+03
1.181000000000000000e+03
1.312000000000000000e+03
1.411000000000000000e+03
1.518000000000000000e+03
1.498000000000000000e+03
1.696000000000000000e+03
2.022000000000000000e+03
2.125000000000000000e+03
2.457000000000000000e+03
2.278000000000000000e+03
2.397000000000000000e+03
2.305000000000000000e+03
2.355000000000000000e+03
2.454000000000000000e+03
2.400000000000000000e+03
2.426000000000000000e+03
2.630000000000000000e+03
2.776000000000000000e+03
2.589000000000000000e+03
2.653000000000000000e+03
2.478000000000000000e+03
2.319000000000000000e+03
2.307000000000000000e+03
2.177000000000000000e+03
2.134000000000000000e+03
2.277000000000000000e+03
2.082000000000000000e+03
2.204000000000000000e+03
2.122000000000000000e+03
2.120000000000000000e+03
2.105000000000000000e+03
2.149000000000000000e+03
2.125000000000000000e+03
2.078000000000000000e+03
2.065000000000000000e+03
2.154000000000000000e+03
2.284000000000000000e+03
2.291000000000000000e+03
2.088000000000000000e+03
2.156000000000000000e+03
2.250000000000000000e+03
2.068000000000000000e+03
2.267000000000000000e+03
2.267000000000000000e+03
2.529000000000000000e+03
2.557000000000000000e+03
2.618000000000000000e+03
3.039000000000000000e+03
3.309000000000000000e+03
3.557000000000000000e+03
3.452000000000000000e+03
3.635000000000000000e+03
3.526000000000000000e+03
3.290000000000000000e+03
3.092000000000000000e+03
3.015000000000000000e+03
2.783000000000000000e+03
2.851000000000000000e+03
2.762000000000000000e+03
2.727000000000000000e+03
2.708000000000000000e+03
2.603000000000000000e+03
2.314000000000000000e+03
2.212000000000000000e+03
2.130000000000000000e+03
2.132000000000000000e+03
2.028000000000000000e+03
1.984000000000000000e+03
1.918000000000000000e+03
2.015000000000000000e+03
1.913000000000000000e+03
1.966000000000000000e+03
1.768000000000000000e+03
1.887000000000000000e+03
1.761000000000000000e+03
1.726000000000000000e+03
1.728000000000000000e+03
1.498000000000000000e+03
1.470000000000000000e+03
1.560000000000000000e+03
1.554000000000000000e+03
1.515000000000000000e+03
1.444000000000000000e+03
1.387000000000000000e+03
1.370000000000000000e+03
1.303000000000000000e+03
1.439000000000000000e+03
1.392000000000000000e+03
1.351000000000000000e+03
1.278000000000000000e+03
1.296000000000000000e+03
1.297000000000000000e+03
1.251000000000000000e+03
1.253000000000000000e+03
1.183000000000000000e+03
1.223000000000000000e+03
1.126000000000000000e+03
1.071000000000000000e+03
1.147000000000000000e+03
1.037000000000000000e+03
1.078000000000000000e+03
1.044000000000000000e+03
1.091000000000000000e+03
1.042000000000000000e+03
1.017000000000000000e+03
1.002000000000000000e+03
1.075000000000000000e+03
1.050000000000000000e+03
1.059000000000000000e+03
9.680000000000000000e+02
1.069000000000000000e+03
9.720000000000000000e+02
1.043000000000000000e+03
1.030000000000000000e+03
9.840000000000000000e+02
9.590000000000000000e+02
1.069000000000000000e+03
9.750000000000000000e+02
9.990000000000000000e+02
9.730000000000000000e+02
1.001000000000000000e+03
9.030000000000000000e+02
9.920000000000000000e+02
8.770000000000000000e+02
8.910000000000000000e+02
9.260000000000000000e+02
9.200000000000000000e+02
8.710000000000000000e+02
8.960000000000000000e+02
8.170000000000000000e+02
8.350000000000000000e+02
8.200000000000000000e+02
7.910000000000000000e+02
8.170000000000000000e+02
7.940000000000000000e+02
8.290000000000000000e+02
7.660000000000000000e+02
8.450000000000000000e+02
8.130000000000000000e+02
8.520000000000000000e+02
7.900000000000000000e+02
8.340000000000000000e+02
7.880000000000000000e+02
8.520000000000000000e+02
8.390000000000000000e+02
8.680000000000000000e+02
9.010000000000000000e+02
8.780000000000000000e+02
9.240000000000000000e+02
9.580000000000000000e+02
9.340000000000000000e+02
9.520000000000000000e+02
9.340000000000000000e+02
9.730000000000000000e+02
9.140000000000000000e+02
9.920000000000000000e+02
1.018000000000000000e+03
9.990000000000000000e+02
9.940000000000000000e+02
1.012000000000000000e+03
1.121000000000000000e+03
1.183000000000000000e+03
1.259000000000000000e+03
1.363000000000000000e+03
1.521000000000000000e+03
1.684000000000000000e+03
2.000000000000000000e+03
2.379000000000000000e+03
2.825000000000000000e+03
3.216000000000000000e+03
3.510000000000000000e+03
3.721000000000000000e+03
3.772000000000000000e+03
3.624000000000000000e+03
3.615000000000000000e+03
3.384000000000000000e+03
3.175000000000000000e+03
2.904000000000000000e+03
2.468000000000000000e+03
2.260000000000000000e+03
1.948000000000000000e+03
1.781000000000000000e+03
1.501000000000000000e+03
1.294000000000000000e+03
1.189000000000000000e+03
1.121000000000000000e+03
1.001000000000000000e+03
1.037000000000000000e+03
9.670000000000000000e+02
1.049000000000000000e+03
1.025000000000000000e+03
9.580000000000000000e+02
1.048000000000000000e+03
1.078000000000000000e+03
1.149000000000000000e+03
1.198000000000000000e+03
1.331000000000000000e+03
1.230000000000000000e+03
1.344000000000000000e+03
1.315000000000000000e+03
1.331000000000000000e+03
1.366000000000000000e+03
1.714000000000000000e+03
1.329000000000000000e+03
1.461000000000000000e+03
1.208000000000000000e+03
1.239000000000000000e+03
1.060000000000000000e+03
1.152000000000000000e+03
1.168000000000000000e+03
1.371000000000000000e+03
1.612000000000000000e+03
1.693000000000000000e+03
1.841000000000000000e+03
2.582000000000000000e+03
6.598000000000000000e+03
1.034800000000000000e+04
6.826000000000000000e+03
6.750000000000000000e+02
5.750000000000000000e+02
4.630000000000000000e+02
3.870000000000000000e+02
4.300000000000000000e+02
4.070000000000000000e+02
3.670000000000000000e+02
3.470000000000000000e+02
1.952000000000000000e+03
