5.381970000000000000e+05
5.554000000000000000e+03
1.083100000000000000e+04
1.756200000000000000e+04
1.181700000000000000e+04
3.690100000000000000e+04
3.289200000000000000e+04
2.580300000000000000e+04
4.532000000000000000e+04
4.036400000000000000e+04
3.575800000000000000e+04
5.783900000000000000e+04
4.695500000000000000e+04
7.465200000000000000e+04
5.220000000000000000e+04
5.287200000000000000e+04
5.118700000000000000e+04
2.833600000000000000e+04
1.628800000000000000e+04
3.106100000000000000e+04
2.932200000000000000e+04
3.584100000000000000e+04
1.308700000000000000e+04
1.665800000000000000e+04
2.521200000000000000e+04
2.312400000000000000e+04
1.110300000000000000e+04
1.250000000000000000e+02
2.160000000000000000e+02
1.050000000000000000e+02
6.233400000000000000e+04
9.000000000000000000e+00
8.950000000000000000e+02
3.400000000000000000e+01
4.899000000000000000e+03
1.438500000000000000e+04
1.981000000000000000e+04
8.000000000000000000e+00
1.730000000000000000e+02
3.500000000000000000e+01
7.280000000000000000e+02
1.000000000000000000e+00
4.452000000000000000e+03
2.677000000000000000e+03
0.000000000000000000e+00
1.600000000000000000e+01
1.000000000000000000e+00
0.000000000000000000e+00
5.400000000000000000e+01
0.000000000000000000e+00
7.272000000000000000e+03
2.730000000000000000e+02
6.000000000000000000e+00
2.000000000000000000e+00
1.000000000000000000e+00
5.810000000000000000e+02
2.800000000000000000e+01
4.000000000000000000e+00
0.000000000000000000e+00
0.000000000000000000e+00
1.380000000000000000e+02
0.000000000000000000e+00
0.000000000000000000e+00
1.100000000000000000e+01
0.000000000000000000e+00
3.000000000000000000e+00
9.010000000000000000e+02
3.000000000000000000e+00
1.400000000000000000e+01
0.000000000000000000e+00
2.110000000000000000e+02
0.000000000000000000e+00
0.000000000000000000e+00
1.270000000000000000e+02
9.000000000000000000e+01
2.420400000000000000e+04
2.000000000000000000e+00
0.000000000000000000e+00
0.000000000000000000e+00
2.860000000000000000e+02
9.500000000000000000e+02
0.000000000000000000e+00
0.000000000000000000e+00
2.127000000000000000e+03
1.900000000000000000e+01
4.600000000000000000e+01
0.000000000000000000e+00
1.010000000000000000e+03
1.000000000000000000e+00
0.000000000000000000e+00
1.420000000000000000e+03
0.000000000000000000e+00
2.000000000000000000e+01
9.650000000000000000e+02
0.000000000000000000e+00
9.790000000000000000e+02
6.351000000000000000e+03
1.000000000000000000e+00
2.065000000000000000e+03
4.000000000000000000e+01
2.300000000000000000e+01
4.700000000000000000e+03
9.000000000000000000e+01
1.904300000000000000e+04
3.759000000000000000e+03
8.326000000000000000e+03
2.385300000000000000e+04
2.269400000000000000e+04
1.257200000000000000e+04
6.258600000000000000e+04
6.505900000000000000e+04
2.096660000000000000e+05
2.379530000000000000e+05
1.250500000000000000e+04
3.461000000000000000e+04
1.580900000000000000e+04
5.028000000000000000e+03
3.030000000000000000e+02
5.800000000000000000e+02
9.760000000000000000e+02
6.128900000000000000e+04
3.700000000000000000e+01
2.296000000000000000e+03
9.320000000000000000e+02
4.447000000000000000e+03
1.599100000000000000e+04
2.818200000000000000e+04
7.580000000000000000e+02
1.453000000000000000e+03
6.640000000000000000e+02
1.691000000000000000e+03
1.230000000000000000e+02
1.260100000000000000e+04
7.262000000000000000e+03
1.520000000000000000e+02
6.110000000000000000e+02
7.990000000000000000e+02
1.600000000000000000e+01
2.134000000000000000e+03
1.930000000000000000e+02
1.134600000000000000e+04
6.209000000000000000e+03
1.237000000000000000e+03
2.230000000000000000e+02
5.630000000000000000e+02
1.392200000000000000e+04
4.384000000000000000e+03
9.300000000000000000e+02
3.700000000000000000e+02
2.700000000000000000e+01
9.192000000000000000e+03
1.200000000000000000e+01
6.110000000000000000e+02
3.462000000000000000e+03
2.300000000000000000e+01
2.569000000000000000e+03
1.689900000000000000e+04
1.516000000000000000e+03
6.175000000000000000e+03
3.510000000000000000e+03
7.852000000000000000e+03
9.250000000000000000e+02
8.350000000000000000e+02
8.004000000000000000e+03
1.246700000000000000e+04
3.588600000000000000e+04
1.994000000000000000e+03
1.316000000000000000e+03
1.230000000000000000e+02
1.328300000000000000e+04
2.941000000000000000e+04
5.790000000000000000e+02
1.470000000000000000e+03
1.149200000000000000e+04
5.981000000000000000e+03
9.537000000000000000e+03
1.674000000000000000e+03
2.226000000000000000e+04
4.436000000000000000e+03
3.686000000000000000e+03
5.080950000000000000e+05
1.170000000000000000e+02
9.270000000000000000e+02
5.048000000000000000e+03
1.005600000000000000e+04
1.356800000000000000e+04
1.559400000000000000e+04
1.967900000000000000e+04
3.551600000000000000e+04
4.250900000000000000e+04
3.627400000000000000e+04
3.163700000000000000e+04
2.975300000000000000e+04
2.853900000000000000e+04
2.496500000000000000e+04
2.335400000000000000e+04
2.319500000000000000e+04
2.398000000000000000e+04
2.532900000000000000e+04
2.357700000000000000e+04
2.472600000000000000e+04
2.375800000000000000e+04
2.332400000000000000e+04
2.233700000000000000e+04
2.190800000000000000e+04
2.067700000000000000e+04
2.295600000000000000e+04
2.027100000000000000e+04
2.038500000000000000e+04
1.884000000000000000e+04
1.953800000000000000e+04
2.032600000000000000e+04
1.791900000000000000e+04
1.812300000000000000e+04
1.843600000000000000e+04
1.770500000000000000e+04
2.086300000000000000e+04
1.287400000000000000e+04
1.765600000000000000e+04
1.600800000000000000e+04
2.001600000000000000e+04
1.747700000000000000e+04
1.469700000000000000e+04
1.636000000000000000e+04
1.499000000000000000e+04
1.394300000000000000e+04
1.513200000000000000e+04
1.372000000000000000e+04
1.320300000000000000e+04
1.344500000000000000e+04
1.268200000000000000e+04
1.134500000000000000e+04
1.239000000000000000e+04
1.163100000000000000e+04
1.163200000000000000e+04
1.305000000000000000e+04
8.616000000000000000e+03
1.117900000000000000e+04
1.205600000000000000e+04
1.302000000000000000e+04
1.096200000000000000e+04
1.024600000000000000e+04
1.254500000000000000e+04
1.299500000000000000e+04
1.288400000000000000e+04
1.420100000000000000e+04
1.444600000000000000e+04
9.737000000000000000e+03
1.043400000000000000e+04
8.407000000000000000e+03
1.438100000000000000e+04
1.275600000000000000e+04
1.071300000000000000e+04
1.546600000000000000e+04
1.386400000000000000e+04
2.079900000000000000e+04
2.456700000000000000e+04
1.655300000000000000e+04
1.755700000000000000e+04
2.328100000000000000e+04
2.004300000000000000e+04
9.720000000000000000e+03
7.902000000000000000e+03
1.213800000000000000e+04
1.064700000000000000e+04
1.546400000000000000e+04
1.409100000000000000e+04
2.539200000000000000e+04
2.425600000000000000e+04
1.638900000000000000e+04
1.711700000000000000e+04
1.503800000000000000e+04
1.727900000000000000e+04
1.282700000000000000e+04
1.400900000000000000e+04
1.407500000000000000e+04
1.390100000000000000e+04
1.541300000000000000e+04
2.165300000000000000e+04
2.289900000000000000e+04
2.119200000000000000e+04
2.138100000000000000e+04
1.608600000000000000e+04
2.307300000000000000e+04
1.988900000000000000e+04
2.411300000000000000e+04
1.955700000000000000e+04
1.924000000000000000e+04
2.008900000000000000e+04
1.564900000000000000e+04
1.910100000000000000e+04
1.677000000000000000e+04
1.684900000000000000e+04
1.809600000000000000e+04
1.694900000000000000e+04
1.423000000000000000e+04
1.441000000000000000e+04
1.263800000000000000e+04
1.222800000000000000e+04
1.211900000000000000e+04
1.121700000000000000e+04
1.075500000000000000e+04
1.010200000000000000e+04
9.491000000000000000e+03
8.893000000000000000e+03
8.188000000000000000e+03
7.677000000000000000e+03
5.304000000000000000e+03
6.230000000000000000e+03
5.435000000000000000e+03
4.263000000000000000e+03
3.926000000000000000e+03
3.289000000000000000e+03
2.869000000000000000e+03
2.426000000000000000e+03
2.031000000000000000e+03
1.802000000000000000e+03
1.422000000000000000e+03
1.243000000000000000e+03
1.005000000000000000e+03
8.920000000000000000e+02
6.640000000000000000e+02
6.680000000000000000e+02
4.820000000000000000e+02
3.970000000000000000e+02
3.480000000000000000e+02
3.010000000000000000e+02
2.490000000000000000e+02
2.070000000000000000e+02
1.720000000000000000e+02
1.300000000000000000e+02
1.250000000000000000e+02
1.210000000000000000e+02
1.180000000000000000e+02
8.600000000000000000e+01
6.500000000000000000e+01
5.100000000000000000e+01
4.500000000000000000e+01
3.800000000000000000e+01
6.300000000000000000e+01
3.100000000000000000e+01
3.600000000000000000e+01
3.100000000000000000e+01
2.000000000000000000e+01
1.400000000000000000e+01
1.200000000000000000e+01
1.600000000000000000e+01
1.600000000000000000e+01
1.500000000000000000e+01
1.200000000000000000e+01
8.100000000000000000e+01
7.000000000000000000e+00
9.000000000000000000e+00
7.000000000000000000e+00
7.000000000000000000e+00
1.400000000000000000e+01
5.000000000000000000e+00
1.200000000000000000e+01
8.000000000000000000e+00
1.300000000000000000e+01
9.000000000000000000e+00
8.000000000000000000e+00
2.900000000000000000e+01
1.300000000000000000e+01
9.000000000000000000e+00
1.500000000000000000e+01
1.000000000000000000e+01
1.200000000000000000e+01
7.000000000000000000e+00
1.000000000000000000e+01
6.000000000000000000e+00
4.300000000000000000e+01
9.000000000000000000e+00
1.000000000000000000e+01
1.200000000000000000e+01
6.000000000000000000e+00
9.000000000000000000e+00
1.200000000000000000e+01
1.000000000000000000e+01
8.000000000000000000e+00
1.100000000000000000e+01
6.000000000000000000e+00
7.000000000000000000e+00
1.100000000000000000e+01
1.300000000000000000e+01
6.000000000000000000e+00
1.700000000000000000e+01
7.000000000000000000e+00
1.200000000000000000e+01
2.100000000000000000e+01
1.100000000000000000e+01
7.000000000000000000e+00
6.000000000000000000e+00
3.100000000000000000e+01
1.200000000000000000e+01
1.300000000000000000e+01
9.000000000000000000e+00
8.000000000000000000e+00
3.000000000000000000e+00
1.800000000000000000e+01
1.300000000000000000e+01
5.000000000000000000e+00
1.500000000000000000e+01
1.400000000000000000e+01
1.000000000000000000e+01
5.000000000000000000e+00
5.000000000000000000e+00
1.400000000000000000e+01
1.200000000000000000e+01
8.000000000000000000e+00
1.000000000000000000e+01
1.100000000000000000e+01
1.100000000000000000e+01
1.700000000000000000e+01
1.400000000000000000e+01
1.300000000000000000e+01
1.000000000000000000e+01
1.100000000000000000e+01
1.200000000000000000e+01
1.600000000000000000e+01
1.400000000000000000e+01
1.000000000000000000e+01
1.900000000000000000e+01
1.100000000000000000e+01
1.000000000000000000e+01
1.200000000000000000e+01
1.100000000000000000e+01
1.200000000000000000e+01
1.600000000000000000e+01
1.800000000000000000e+01
1.100000000000000000e+01
5.000000000000000000e+00
1.800000000000000000e+01
1.200000000000000000e+01
1.300000000000000000e+01
3.180000000000000000e+02
1.300000000000000000e+02
1.120000000000000000e+02
1.130000000000000000e+02
1.130000000000000000e+02
1.400000000000000000e+02
1.620000000000000000e+02
1.950000000000000000e+02
2.540000000000000000e+02
2.880000000000000000e+02
2.810000000000000000e+02
3.370000000000000000e+02
4.080000000000000000e+02
4.500000000000000000e+02
5.270000000000000000e+02
6.530000000000000000e+02
9.300000000000000000e+02
1.427000000000000000e+03
2.188000000000000000e+03
2.976000000000000000e+03
3.698000000000000000e+03
3.536000000000000000e+03
3.234000000000000000e+03
2.887000000000000000e+03
2.718000000000000000e+03
2.626000000000000000e+03
2.729000000000000000e+03
2.785000000000000000e+03
2.964000000000000000e+03
3.184000000000000000e+03
3.430000000000000000e+03
3.950000000000000000e+03
4.457000000000000000e+03
5.468000000000000000e+03
6.605000000000000000e+03
8.206000000000000000e+03
1.020700000000000000e+04
1.235900000000000000e+04
1.515900000000000000e+04
1.758400000000000000e+04
2.034400000000000000e+04
2.296000000000000000e+04
2.538400000000000000e+04
2.734500000000000000e+04
2.883800000000000000e+04
3.006100000000000000e+04
3.155800000000000000e+04
3.161000000000000000e+04
3.218800000000000000e+04
3.269000000000000000e+04
3.177300000000000000e+04
3.106700000000000000e+04
3.043900000000000000e+04
2.915900000000000000e+04
2.769400000000000000e+04
2.727600000000000000e+04
2.636000000000000000e+04
2.605900000000000000e+04
2.547100000000000000e+04
2.524900000000000000e+04
2.460900000000000000e+04
2.434400000000000000e+04
2.371700000000000000e+04
2.353100000000000000e+04
2.296200000000000000e+04
2.263600000000000000e+04
2.207800000000000000e+04
2.167800000000000000e+04
2.114300000000000000e+04
2.089600000000000000e+04
2.030900000000000000e+04
1.964300000000000000e+04
1.911900000000000000e+04
1.868700000000000000e+04
1.820400000000000000e+04
1.756500000000000000e+04
1.697300000000000000e+04
1.649300000000000000e+04
1.607000000000000000e+04
1.550200000000000000e+04
1.501200000000000000e+04
1.438400000000000000e+04
1.384000000000000000e+04
1.376000000000000000e+04
1.293800000000000000e+04
1.294000000000000000e+04
1.235000000000000000e+04
1.173100000000000000e+04
1.139500000000000000e+04
1.127800000000000000e+04
1.068300000000000000e+04
1.071700000000000000e+04
1.021200000000000000e+04
9.959000000000000000e+03
9.935000000000000000e+03
9.626000000000000000e+03
9.481000000000000000e+03
9.349000000000000000e+03
9.289000000000000000e+03
8.961000000000000000e+03
8.691000000000000000e+03
8.712000000000000000e+03
8.605000000000000000e+03
8.372000000000000000e+03
8.027000000000000000e+03
7.982000000000000000e+03
7.915000000000000000e+03
7.783000000000000000e+03
7.775000000000000000e+03
7.515000000000000000e+03
7.496000000000000000e+03
7.389000000000000000e+03
7.285000000000000000e+03
7.283000000000000000e+03
7.205000000000000000e+03
7.057000000000000000e+03
6.991000000000000000e+03
6.933000000000000000e+03
6.760000000000000000e+03
6.845000000000000000e+03
6.680000000000000000e+03
6.588000000000000000e+03
6.728000000000000000e+03
6.707000000000000000e+03
6.571000000000000000e+03
6.356000000000000000e+03
6.445000000000000000e+03
6.316000000000000000e+03
6.452000000000000000e+03
6.244000000000000000e+03
6.227000000000000000e+03
6.281000000000000000e+03
6.056000000000000000e+03
6.055000000000000000e+03
6.116000000000000000e+03
6.048000000000000000e+03
5.970000000000000000e+03
5.869000000000000000e+03
5.768000000000000000e+03
5.837000000000000000e+03
5.710000000000000000e+03
5.756000000000000000e+03
5.698000000000000000e+03
5.723000000000000000e+03
5.590000000000000000e+03
5.495000000000000000e+03
5.524000000000000000e+03
5.570000000000000000e+03
5.413000000000000000e+03
5.351000000000000000e+03
5.528000000000000000e+03
5.487000000000000000e+03
5.458000000000000000e+03
5.557000000000000000e+03
5.371000000000000000e+03
5.320000000000000000e+03
5.451000000000000000e+03
5.395000000000000000e+03
5.408000000000000000e+03
5.550000000000000000e+03
5.862000000000000000e+03
6.344000000000000000e+03
6.900000000000000000e+03
7.639000000000000000e+03
8.058000000000000000e+03
8.625000000000000000e+03
8.358000000000000000e+03
7.746000000000000000e+03
8.338000000000000000e+03
8.726000000000000000e+03
8.789000000000000000e+03
9.274000000000000000e+03
1.087200000000000000e+04
1.180200000000000000e+04
1.261800000000000000e+04
1.251900000000000000e+04
1.173500000000000000e+04
1.205000000000000000e+04
1.245400000000000000e+04
1.367600000000000000e+04
1.496400000000000000e+04
1.564900000000000000e+04
1.594300000000000000e+04
1.652300000000000000e+04
1.686000000000000000e+04
1.664400000000000000e+04
1.487400000000000000e+04
1.341100000000000000e+04
1.365000000000000000e+04
1.348200000000000000e+04
1.239900000000000000e+04
1.293400000000000000e+04
1.337400000000000000e+04
1.393800000000000000e+04
1.394000000000000000e+04
1.506500000000000000e+04
1.616600000000000000e+04
1.524800000000000000e+04
1.299900000000000000e+04
1.282800000000000000e+04
1.350400000000000000e+04
1.478900000000000000e+04
1.432500000000000000e+04
1.185700000000000000e+04
1.517200000000000000e+04
2.140100000000000000e+04
2.589500000000000000e+04
2.566100000000000000e+04
1.989600000000000000e+04
1.701900000000000000e+04
1.599900000000000000e+04
1.483800000000000000e+04
1.234900000000000000e+04
1.184900000000000000e+04
1.428400000000000000e+04
1.616000000000000000e+04
1.585800000000000000e+04
1.414700000000000000e+04
1.262300000000000000e+04
1.154800000000000000e+04
1.017700000000000000e+04
9.048000000000000000e+03
9.097000000000000000e+03
9.448000000000000000e+03
9.206000000000000000e+03
8.869000000000000000e+03
7.986000000000000000e+03
6.791000000000000000e+03
5.803000000000000000e+03
5.260000000000000000e+03
4.984000000000000000e+03
4.814000000000000000e+03
4.600000000000000000e+03
4.164000000000000000e+03
4.015000000000000000e+03
3.893000000000000000e+03
3.798000000000000000e+03
3.496000000000000000e+03
3.392000000000000000e+03
3.121000000000000000e+03
3.089000000000000000e+03
2.733000000000000000e+03
2.496000000000000000e+03
2.377000000000000000e+03
2.056000000000000000e+03
1.830000000000000000e+03
1.604000000000000000e+03
1.436000000000000000e+03
1.367000000000000000e+03
1.174000000000000000e+03
9.740000000000000000e+02
8.320000000000000000e+02
6.900000000000000000e+02
5.830000000000000000e+02
5.790000000000000000e+02
6.010000000000000000e+02
1.883000000000000000e+03
