2.598870000000000000e+05
1.509000000000000000e+03
3.534000000000000000e+03
4.827000000000000000e+03
4.453000000000000000e+03
3.072800000000000000e+04
2.773800000000000000e+04
1.302800000000000000e+04
7.291600000000000000e+04
6.494600000000000000e+04
9.659100000000000000e+04
2.659950000000000000e+05
2.359340000000000000e+05
4.673300000000000000e+05
1.376440000000000000e+05
1.574970000000000000e+05
4.850500000000000000e+04
2.696700000000000000e+04
7.148000000000000000e+03
9.108000000000000000e+03
3.544700000000000000e+04
6.902000000000000000e+03
6.162000000000000000e+03
6.305000000000000000e+03
1.722300000000000000e+04
7.980000000000000000e+03
9.539000000000000000e+03
7.517000000000000000e+03
1.063200000000000000e+04
1.163000000000000000e+04
2.893600000000000000e+04
1.135400000000000000e+04
1.537200000000000000e+04
1.458800000000000000e+04
1.387300000000000000e+04
2.199200000000000000e+04
1.232900000000000000e+04
7.757000000000000000e+03
6.082000000000000000e+03
4.236000000000000000e+03
8.235000000000000000e+03
5.969000000000000000e+03
1.136600000000000000e+04
1.420200000000000000e+04
3.728000000000000000e+03
1.897000000000000000e+03
5.119000000000000000e+03
1.590000000000000000e+02
3.089000000000000000e+03
6.780000000000000000e+02
5.577000000000000000e+03
1.751000000000000000e+03
1.982000000000000000e+03
4.560000000000000000e+02
5.530000000000000000e+02
2.586000000000000000e+03
2.350000000000000000e+03
5.080000000000000000e+02
2.110000000000000000e+02
0.000000000000000000e+00
1.087400000000000000e+04
0.000000000000000000e+00
1.860000000000000000e+02
8.000000000000000000e+02
0.000000000000000000e+00
8.430000000000000000e+02
4.731000000000000000e+03
2.530000000000000000e+02
1.068000000000000000e+03
5.450000000000000000e+02
3.617000000000000000e+03
6.900000000000000000e+01
3.500000000000000000e+01
8.310000000000000000e+02
2.820000000000000000e+03
1.585000000000000000e+04
2.430000000000000000e+02
2.100000000000000000e+01
2.400000000000000000e+01
2.011000000000000000e+03
4.814000000000000000e+03
2.400000000000000000e+01
3.500000000000000000e+01
4.654000000000000000e+03
1.652000000000000000e+03
2.868000000000000000e+03
1.780000000000000000e+02
4.465000000000000000e+03
9.890000000000000000e+02
7.880000000000000000e+02
1.371600000000000000e+04
2.056000000000000000e+03
3.243000000000000000e+03
5.553000000000000000e+03
2.340000000000000000e+03
1.942800000000000000e+04
2.192700000000000000e+04
5.382000000000000000e+03
2.440700000000000000e+04
1.401800000000000000e+04
1.923900000000000000e+04
6.096200000000000000e+04
2.005100000000000000e+04
1.473990000000000000e+05
2.746200000000000000e+04
3.616100000000000000e+04
1.674770000000000000e+05
7.691100000000000000e+04
8.312400000000000000e+04
1.787160000000000000e+05
1.761300000000000000e+05
2.357360000000000000e+05
7.543800000000000000e+04
2.864800000000000000e+04
1.995210000000000000e+05
7.984400000000000000e+04
2.462200000000000000e+04
2.035000000000000000e+03
5.794000000000000000e+03
5.141000000000000000e+03
2.163620000000000000e+05
1.845000000000000000e+03
4.106000000000000000e+03
4.567000000000000000e+03
4.717000000000000000e+03
1.052900000000000000e+04
2.918500000000000000e+04
1.201000000000000000e+03
1.086000000000000000e+03
2.910000000000000000e+02
9.390000000000000000e+02
1.420000000000000000e+02
5.488000000000000000e+03
2.042000000000000000e+03
1.030000000000000000e+02
1.641000000000000000e+03
2.100000000000000000e+02
1.600000000000000000e+01
5.640000000000000000e+02
5.400000000000000000e+01
1.580000000000000000e+04
2.076000000000000000e+03
2.020000000000000000e+02
1.070000000000000000e+02
9.100000000000000000e+01
2.773300000000000000e+04
4.580000000000000000e+02
8.000000000000000000e+01
5.200000000000000000e+01
1.500000000000000000e+01
1.130000000000000000e+03
8.000000000000000000e+00
5.800000000000000000e+01
1.420000000000000000e+02
1.000000000000000000e+01
6.700000000000000000e+01
2.005700000000000000e+04
5.900000000000000000e+01
1.610000000000000000e+02
1.010000000000000000e+02
2.322000000000000000e+03
5.600000000000000000e+01
1.020000000000000000e+02
3.980000000000000000e+02
3.160000000000000000e+02
3.963200000000000000e+04
1.050000000000000000e+02
1.280000000000000000e+02
9.000000000000000000e+00
4.060000000000000000e+02
5.364000000000000000e+03
6.300000000000000000e+01
1.210000000000000000e+02
1.567800000000000000e+04
4.940000000000000000e+02
5.810000000000000000e+02
2.460000000000000000e+02
3.542000000000000000e+03
5.500000000000000000e+02
5.310000000000000000e+02
2.430370000000000000e+05
1.170000000000000000e+02
1.488830000000000000e+05
1.052330000000000000e+05
2.264100000000000000e+04
1.732140000000000000e+05
1.007300000000000000e+05
6.036000000000000000e+04
1.435970000000000000e+05
9.190800000000000000e+04
5.714500000000000000e+04
8.954400000000000000e+04
9.689000000000000000e+04
2.933900000000000000e+04
1.183120000000000000e+05
2.246900000000000000e+04
7.233200000000000000e+04
2.954500000000000000e+04
3.133300000000000000e+04
6.541100000000000000e+04
7.013500000000000000e+04
4.582400000000000000e+04
2.421300000000000000e+04
3.394700000000000000e+04
3.888800000000000000e+04
2.982700000000000000e+04
2.973400000000000000e+04
3.903400000000000000e+04
3.285700000000000000e+04
3.334200000000000000e+04
3.663700000000000000e+04
3.609700000000000000e+04
4.307600000000000000e+04
4.666800000000000000e+04
4.858500000000000000e+04
5.142200000000000000e+04
5.706700000000000000e+04
5.266900000000000000e+04
6.228700000000000000e+04
5.843700000000000000e+04
6.064800000000000000e+04
5.882400000000000000e+04
5.671500000000000000e+04
6.034600000000000000e+04
5.625000000000000000e+04
5.743800000000000000e+04
5.605000000000000000e+04
5.258800000000000000e+04
5.407400000000000000e+04
5.017600000000000000e+04
5.003800000000000000e+04
4.982600000000000000e+04
4.553400000000000000e+04
4.440400000000000000e+04
4.102000000000000000e+04
4.242800000000000000e+04
3.696800000000000000e+04
3.922900000000000000e+04
3.495100000000000000e+04
3.228500000000000000e+04
3.020200000000000000e+04
2.827300000000000000e+04
2.628500000000000000e+04
2.327500000000000000e+04
3.017800000000000000e+04
2.063500000000000000e+04
1.877600000000000000e+04
1.882900000000000000e+04
1.762700000000000000e+04
1.466600000000000000e+04
1.785500000000000000e+04
1.487300000000000000e+04
1.252900000000000000e+04
1.625100000000000000e+04
1.153100000000000000e+04
1.158000000000000000e+04
9.910000000000000000e+03
1.191300000000000000e+04
1.078600000000000000e+04
7.764000000000000000e+03
9.267000000000000000e+03
8.868000000000000000e+03
7.631000000000000000e+03
8.241000000000000000e+03
6.132000000000000000e+03
1.712800000000000000e+04
5.792000000000000000e+03
7.218000000000000000e+03
6.697000000000000000e+03
6.772000000000000000e+03
6.784000000000000000e+03
7.084000000000000000e+03
5.437000000000000000e+03
6.072000000000000000e+03
6.154000000000000000e+03
4.831000000000000000e+03
8.052000000000000000e+03
5.004000000000000000e+03
6.808000000000000000e+03
5.303000000000000000e+03
4.674000000000000000e+03
4.301000000000000000e+03
1.062700000000000000e+04
4.000000000000000000e+03
4.128000000000000000e+03
4.461000000000000000e+03
5.624000000000000000e+03
4.205000000000000000e+03
3.852000000000000000e+03
6.405000000000000000e+03
3.217000000000000000e+03
3.691000000000000000e+03
3.926000000000000000e+03
4.155000000000000000e+03
3.233000000000000000e+03
3.141000000000000000e+03
4.663000000000000000e+03
2.995000000000000000e+03
3.546000000000000000e+03
3.005000000000000000e+03
3.279000000000000000e+03
2.628000000000000000e+03
2.627000000000000000e+03
2.380000000000000000e+03
2.278000000000000000e+03
1.924000000000000000e+03
1.565000000000000000e+03
2.374000000000000000e+03
1.411400000000000000e+04
1.568000000000000000e+03
1.840000000000000000e+03
1.941000000000000000e+03
2.114000000000000000e+03
2.021000000000000000e+03
2.324000000000000000e+03
2.090000000000000000e+03
2.439000000000000000e+03
2.606000000000000000e+03
1.969000000000000000e+03
2.466000000000000000e+03
2.006000000000000000e+03
1.783000000000000000e+03
3.791000000000000000e+03
2.145000000000000000e+03
1.828000000000000000e+03
1.777000000000000000e+03
2.667000000000000000e+03
1.778000000000000000e+03
2.020000000000000000e+03
2.570000000000000000e+03
1.912000000000000000e+03
1.900000000000000000e+03
1.634000000000000000e+03
5.285000000000000000e+03
1.434000000000000000e+03
1.852000000000000000e+03
2.007000000000000000e+03
2.336000000000000000e+03
2.021000000000000000e+03
4.202000000000000000e+03
1.539000000000000000e+03
1.919000000000000000e+03
2.415000000000000000e+03
1.586000000000000000e+03
1.752000000000000000e+03
2.041000000000000000e+03
1.942000000000000000e+03
1.779000000000000000e+03
1.533000000000000000e+03
1.514000000000000000e+03
1.009600000000000000e+04
1.481000000000000000e+03
1.511000000000000000e+03
1.782000000000000000e+03
2.077000000000000000e+03
1.881000000000000000e+03
1.480000000000000000e+03
1.926000000000000000e+03
1.410000000000000000e+03
2.382000000000000000e+03
1.660000000000000000e+03
1.631000000000000000e+03
4.657000000000000000e+03
1.490000000000000000e+03
1.746000000000000000e+03
2.630000000000000000e+03
1.345000000000000000e+03
1.759000000000000000e+03
1.826000000000000000e+03
1.413000000000000000e+03
1.425000000000000000e+03
5.916000000000000000e+03
1.179000000000000000e+03
1.412000000000000000e+03
1.434000000000000000e+03
1.652000000000000000e+03
1.851000000000000000e+03
1.488000000000000000e+03
2.290000000000000000e+03
1.218000000000000000e+03
1.825000000000000000e+03
1.709000000000000000e+03
1.303000000000000000e+03
1.203000000000000000e+03
3.132000000000000000e+03
1.104000000000000000e+03
1.590000000000000000e+03
1.554000000000000000e+03
1.183000000000000000e+03
1.613000000000000000e+03
1.201000000000000000e+03
1.421000000000000000e+03
1.028000000000000000e+03
5.539000000000000000e+03
1.642000000000000000e+03
1.251000000000000000e+03
1.678000000000000000e+03
1.338000000000000000e+03
1.006000000000000000e+03
3.777000000000000000e+03
1.162000000000000000e+03
1.700000000000000000e+03
1.208000000000000000e+03
2.421000000000000000e+03
1.360000000000000000e+03
1.715000000000000000e+03
1.027000000000000000e+03
3.139000000000000000e+03
1.313000000000000000e+03
1.109000000000000000e+03
1.885000000000000000e+03
1.388000000000000000e+03
2.037000000000000000e+03
1.609000000000000000e+03
1.719000000000000000e+03
1.690000000000000000e+03
9.520000000000000000e+02
1.935000000000000000e+03
1.283000000000000000e+03
2.008000000000000000e+03
1.320000000000000000e+03
1.257000000000000000e+03
1.821000000000000000e+03
1.624000000000000000e+03
1.200000000000000000e+03
1.043000000000000000e+03
1.450000000000000000e+03
1.518000000000000000e+03
1.330000000000000000e+03
1.186000000000000000e+03
9.460000000000000000e+02
6.870000000000000000e+02
5.620000000000000000e+02
7.330000000000000000e+02
1.070000000000000000e+02
1.019210000000000000e+05
5.116400000000000000e+04
2.829800000000000000e+04
2.654500000000000000e+04
1.734200000000000000e+04
2.130800000000000000e+04
2.086400000000000000e+04
1.848400000000000000e+04
1.640800000000000000e+04
1.440900000000000000e+04
1.440500000000000000e+04
1.295800000000000000e+04
1.191700000000000000e+04
1.146200000000000000e+04
1.067600000000000000e+04
9.940000000000000000e+03
9.895000000000000000e+03
9.519000000000000000e+03
9.146000000000000000e+03
8.943000000000000000e+03
8.537000000000000000e+03
8.236000000000000000e+03
8.234000000000000000e+03
7.878000000000000000e+03
7.361000000000000000e+03
7.414000000000000000e+03
7.323000000000000000e+03
6.962000000000000000e+03
6.862000000000000000e+03
6.934000000000000000e+03
7.416000000000000000e+03
7.590000000000000000e+03
7.280000000000000000e+03
7.392000000000000000e+03
7.050000000000000000e+03
6.827000000000000000e+03
6.507000000000000000e+03
6.409000000000000000e+03
6.272000000000000000e+03
6.081000000000000000e+03
6.152000000000000000e+03
5.962000000000000000e+03
5.998000000000000000e+03
5.874000000000000000e+03
5.723000000000000000e+03
5.783000000000000000e+03
5.543000000000000000e+03
5.469000000000000000e+03
5.439000000000000000e+03
5.391000000000000000e+03
5.595000000000000000e+03
5.525000000000000000e+03
5.547000000000000000e+03
5.556000000000000000e+03
5.547000000000000000e+03
5.553000000000000000e+03
5.685000000000000000e+03
5.648000000000000000e+03
5.692000000000000000e+03
5.626000000000000000e+03
5.795000000000000000e+03
5.725000000000000000e+03
5.726000000000000000e+03
5.751000000000000000e+03
5.534000000000000000e+03
5.807000000000000000e+03
5.791000000000000000e+03
5.734000000000000000e+03
5.840000000000000000e+03
5.821000000000000000e+03
5.815000000000000000e+03
5.809000000000000000e+03
5.743000000000000000e+03
5.954000000000000000e+03
5.770000000000000000e+03
5.891000000000000000e+03
5.735000000000000000e+03
5.765000000000000000e+03
5.506000000000000000e+03
5.510000000000000000e+03
5.248000000000000000e+03
5.051000000000000000e+03
5.006000000000000000e+03
5.060000000000000000e+03
4.885000000000000000e+03
5.133000000000000000e+03
5.195000000000000000e+03
5.329000000000000000e+03
5.390000000000000000e+03
5.538000000000000000e+03
5.823000000000000000e+03
6.068000000000000000e+03
6.128000000000000000e+03
6.394000000000000000e+03
6.752000000000000000e+03
7.088000000000000000e+03
7.052000000000000000e+03
7.306000000000000000e+03
7.490000000000000000e+03
7.953000000000000000e+03
7.978000000000000000e+03
8.221000000000000000e+03
8.463000000000000000e+03
8.545000000000000000e+03
8.773000000000000000e+03
8.642000000000000000e+03
8.748000000000000000e+03
8.551000000000000000e+03
8.371000000000000000e+03
7.995000000000000000e+03
7.799000000000000000e+03
7.769000000000000000e+03
7.487000000000000000e+03
7.355000000000000000e+03
7.256000000000000000e+03
7.021000000000000000e+03
7.001000000000000000e+03
7.068000000000000000e+03
7.210000000000000000e+03
7.121000000000000000e+03
7.212000000000000000e+03
7.508000000000000000e+03
7.547000000000000000e+03
7.827000000000000000e+03
8.145000000000000000e+03
8.188000000000000000e+03
8.388000000000000000e+03
8.896000000000000000e+03
8.914000000000000000e+03
9.329000000000000000e+03
9.604000000000000000e+03
9.705000000000000000e+03
1.004600000000000000e+04
1.001100000000000000e+04
1.035500000000000000e+04
1.058600000000000000e+04
1.067600000000000000e+04
1.087100000000000000e+04
1.088800000000000000e+04
1.108600000000000000e+04
1.099800000000000000e+04
1.104400000000000000e+04
1.121100000000000000e+04
1.141800000000000000e+04
1.173300000000000000e+04
1.162100000000000000e+04
1.188400000000000000e+04
1.227300000000000000e+04
1.251900000000000000e+04
1.287500000000000000e+04
1.314800000000000000e+04
1.336100000000000000e+04
1.370900000000000000e+04
1.409000000000000000e+04
1.427200000000000000e+04
1.446000000000000000e+04
1.498500000000000000e+04
1.534300000000000000e+04
1.588200000000000000e+04
1.621200000000000000e+04
1.670500000000000000e+04
1.781300000000000000e+04
1.887600000000000000e+04
1.898500000000000000e+04
1.992900000000000000e+04
2.030300000000000000e+04
2.059700000000000000e+04
2.087100000000000000e+04
2.084200000000000000e+04
2.154000000000000000e+04
2.136400000000000000e+04
2.166100000000000000e+04
2.199500000000000000e+04
2.229900000000000000e+04
2.260000000000000000e+04
2.298500000000000000e+04
2.387200000000000000e+04
2.594200000000000000e+04
2.604600000000000000e+04
2.540900000000000000e+04
2.337300000000000000e+04
2.219300000000000000e+04
2.221000000000000000e+04
2.222700000000000000e+04
2.198400000000000000e+04
2.217700000000000000e+04
2.297100000000000000e+04
2.269100000000000000e+04
2.249100000000000000e+04
2.253500000000000000e+04
2.276000000000000000e+04
2.323500000000000000e+04
2.321200000000000000e+04
2.356400000000000000e+04
2.357000000000000000e+04
2.365500000000000000e+04
2.369300000000000000e+04
2.397800000000000000e+04
2.422300000000000000e+04
2.454400000000000000e+04
2.471500000000000000e+04
2.517900000000000000e+04
2.512200000000000000e+04
2.492700000000000000e+04
2.501300000000000000e+04
2.520000000000000000e+04
2.567700000000000000e+04
2.596900000000000000e+04
2.548500000000000000e+04
2.561900000000000000e+04
2.533000000000000000e+04
2.560500000000000000e+04
2.588000000000000000e+04
2.774800000000000000e+04
2.696000000000000000e+04
2.870500000000000000e+04
2.931000000000000000e+04
2.774500000000000000e+04
2.630600000000000000e+04
2.621300000000000000e+04
2.548900000000000000e+04
2.626500000000000000e+04
2.668000000000000000e+04
2.782800000000000000e+04
2.855800000000000000e+04
3.070300000000000000e+04
3.385400000000000000e+04
3.757900000000000000e+04
4.301600000000000000e+04
4.618800000000000000e+04
4.895800000000000000e+04
5.549300000000000000e+04
6.207100000000000000e+04
6.005500000000000000e+04
6.260700000000000000e+04
6.457700000000000000e+04
6.245500000000000000e+04
5.822600000000000000e+04
5.610400000000000000e+04
5.262200000000000000e+04
5.221100000000000000e+04
5.225200000000000000e+04
5.170000000000000000e+04
5.598100000000000000e+04
5.321000000000000000e+04
5.323200000000000000e+04
6.337800000000000000e+04
6.903300000000000000e+04
6.502300000000000000e+04
6.312600000000000000e+04
5.703100000000000000e+04
5.127600000000000000e+04
3.786700000000000000e+04
2.427500000000000000e+04
1.312200000000000000e+04
2.997000000000000000e+03
2.134000000000000000e+03
