1.562589000000000000e+06
1.201800000000000000e+04
1.161000000000000000e+04
5.491000000000000000e+03
7.392000000000000000e+03
1.136100000000000000e+04
2.205800000000000000e+04
1.021000000000000000e+03
1.171000000000000000e+04
2.362000000000000000e+03
1.916000000000000000e+03
1.847300000000000000e+04
4.731000000000000000e+03
6.187800000000000000e+04
1.102000000000000000e+04
1.907400000000000000e+04
2.538000000000000000e+04
1.111600000000000000e+04
7.698000000000000000e+03
2.811500000000000000e+04
2.531950000000000000e+05
1.704000000000000000e+04
5.995000000000000000e+03
5.407000000000000000e+03
6.067700000000000000e+04
6.906200000000000000e+04
2.678000000000000000e+03
2.850000000000000000e+02
2.290000000000000000e+02
9.300000000000000000e+01
1.206430000000000000e+05
1.600000000000000000e+01
5.110000000000000000e+02
7.600000000000000000e+01
3.195000000000000000e+03
1.231200000000000000e+04
1.549400000000000000e+04
1.000000000000000000e+01
1.690000000000000000e+02
3.600000000000000000e+01
5.920000000000000000e+02
9.000000000000000000e+00
3.191000000000000000e+03
1.985000000000000000e+03
2.100000000000000000e+01
2.360000000000000000e+02
5.500000000000000000e+01
1.900000000000000000e+01
2.200000000000000000e+02
1.400000000000000000e+01
2.201800000000000000e+04
4.510000000000000000e+02
3.520000000000000000e+02
4.200000000000000000e+01
6.000000000000000000e+01
6.320000000000000000e+02
1.063000000000000000e+03
1.700000000000000000e+02
4.500000000000000000e+01
1.200000000000000000e+01
5.550000000000000000e+02
1.500000000000000000e+01
5.000000000000000000e+01
2.940000000000000000e+02
2.400000000000000000e+01
9.700000000000000000e+01
3.210000000000000000e+03
9.200000000000000000e+01
1.050000000000000000e+02
1.030000000000000000e+02
2.878000000000000000e+03
3.600000000000000000e+01
7.500000000000000000e+01
6.730000000000000000e+02
3.860000000000000000e+02
1.802240000000000000e+05
1.060000000000000000e+02
5.300000000000000000e+01
1.500000000000000000e+01
7.245000000000000000e+03
3.263700000000000000e+04
3.500000000000000000e+01
1.400000000000000000e+01
1.538600000000000000e+04
6.340000000000000000e+02
1.376000000000000000e+03
4.600000000000000000e+01
3.559000000000000000e+04
2.100000000000000000e+02
2.110000000000000000e+02
3.953300000000000000e+04
1.477000000000000000e+03
4.889000000000000000e+03
3.907000000000000000e+03
7.240000000000000000e+02
1.533400000000000000e+04
3.401300000000000000e+04
2.230000000000000000e+03
2.377100000000000000e+04
6.182000000000000000e+03
7.889000000000000000e+03
3.516500000000000000e+04
1.977300000000000000e+04
1.068520000000000000e+05
3.615900000000000000e+04
4.799500000000000000e+04
9.492500000000000000e+04
7.287100000000000000e+04
7.783800000000000000e+04
8.373600000000000000e+04
7.127960000000000000e+05
5.118800000000000000e+04
2.643000000000000000e+04
1.169100000000000000e+04
1.068260000000000000e+05
1.685670000000000000e+05
5.303000000000000000e+03
8.100000000000000000e+01
1.450000000000000000e+02
1.140000000000000000e+02
4.713100000000000000e+05
5.000000000000000000e+00
5.350000000000000000e+02
4.700000000000000000e+01
5.139000000000000000e+03
2.896200000000000000e+04
3.329600000000000000e+04
3.700000000000000000e+01
1.930000000000000000e+02
6.600000000000000000e+01
4.380000000000000000e+02
1.200000000000000000e+01
2.225000000000000000e+03
1.208000000000000000e+03
9.000000000000000000e+00
8.300000000000000000e+01
1.400000000000000000e+01
2.000000000000000000e+00
8.600000000000000000e+01
3.000000000000000000e+00
1.274900000000000000e+04
1.480000000000000000e+02
2.800000000000000000e+01
6.000000000000000000e+00
1.300000000000000000e+01
3.270000000000000000e+02
4.500000000000000000e+01
1.400000000000000000e+01
7.000000000000000000e+00
1.000000000000000000e+00
5.300000000000000000e+02
0.000000000000000000e+00
1.300000000000000000e+01
3.000000000000000000e+01
3.000000000000000000e+00
2.400000000000000000e+01
1.337000000000000000e+03
3.200000000000000000e+01
5.100000000000000000e+01
7.800000000000000000e+01
6.280000000000000000e+02
4.200000000000000000e+01
6.000000000000000000e+01
5.050000000000000000e+02
6.090000000000000000e+02
6.647000000000000000e+04
4.010000000000000000e+02
3.280000000000000000e+02
6.900000000000000000e+01
1.183000000000000000e+03
9.161000000000000000e+03
3.150000000000000000e+02
7.420000000000000000e+02
6.760000000000000000e+03
4.220000000000000000e+03
3.703000000000000000e+03
9.610000000000000000e+02
8.271000000000000000e+03
1.559000000000000000e+03
2.805000000000000000e+03
1.538799000000000000e+06
1.976000000000000000e+03
5.014500000000000000e+04
2.525130000000000000e+05
4.057810000000000000e+05
1.687210000000000000e+05
1.332220000000000000e+05
1.323740000000000000e+05
1.205120000000000000e+05
6.989200000000000000e+04
7.358700000000000000e+04
6.761400000000000000e+04
5.552400000000000000e+04
5.231300000000000000e+04
4.702500000000000000e+04
5.487800000000000000e+04
5.140900000000000000e+04
4.612300000000000000e+04
5.699200000000000000e+04
5.736300000000000000e+04
6.241200000000000000e+04
5.314800000000000000e+04
4.848600000000000000e+04
5.413100000000000000e+04
4.771700000000000000e+04
3.585200000000000000e+04
5.603000000000000000e+04
4.477800000000000000e+04
4.614200000000000000e+04
3.137100000000000000e+04
3.599800000000000000e+04
3.145900000000000000e+04
4.323900000000000000e+04
3.357300000000000000e+04
3.783300000000000000e+04
3.192600000000000000e+04
5.067600000000000000e+04
1.611400000000000000e+04
3.547900000000000000e+04
2.867600000000000000e+04
3.322100000000000000e+04
1.960300000000000000e+04
1.697900000000000000e+04
3.743300000000000000e+04
1.862600000000000000e+04
3.127400000000000000e+04
2.475000000000000000e+04
1.659600000000000000e+04
3.202800000000000000e+04
1.858700000000000000e+04
1.284100000000000000e+04
3.940100000000000000e+04
1.209900000000000000e+04
1.730300000000000000e+04
1.132500000000000000e+04
3.814500000000000000e+04
1.154800000000000000e+04
1.767700000000000000e+04
1.438500000000000000e+04
3.257000000000000000e+04
1.280900000000000000e+04
1.623500000000000000e+04
1.180500000000000000e+04
8.746000000000000000e+03
3.340600000000000000e+04
1.006500000000000000e+04
9.703000000000000000e+03
1.425300000000000000e+04
1.046100000000000000e+04
7.421000000000000000e+03
2.980900000000000000e+04
1.043900000000000000e+04
8.568000000000000000e+03
9.996000000000000000e+03
8.548000000000000000e+03
9.805000000000000000e+03
6.859000000000000000e+03
2.070400000000000000e+04
7.643000000000000000e+03
6.391000000000000000e+03
8.072000000000000000e+03
7.898000000000000000e+03
6.527000000000000000e+03
5.528000000000000000e+03
4.175000000000000000e+03
1.661400000000000000e+04
3.464000000000000000e+03
3.530000000000000000e+03
4.447000000000000000e+03
3.815000000000000000e+03
4.764000000000000000e+03
3.927000000000000000e+03
3.141000000000000000e+03
2.576000000000000000e+03
2.711000000000000000e+03
1.718000000000000000e+03
5.321000000000000000e+03
2.290000000000000000e+03
3.254000000000000000e+03
1.647000000000000000e+03
2.741000000000000000e+03
1.449000000000000000e+03
2.575000000000000000e+03
1.537000000000000000e+03
2.656000000000000000e+03
1.426000000000000000e+03
2.539000000000000000e+03
2.128000000000000000e+03
1.750000000000000000e+03
3.241000000000000000e+03
1.417000000000000000e+03
1.765000000000000000e+03
2.390000000000000000e+03
2.388000000000000000e+03
2.284000000000000000e+03
2.070000000000000000e+03
2.706000000000000000e+03
2.738000000000000000e+03
2.268000000000000000e+03
2.440000000000000000e+03
2.538000000000000000e+03
2.737000000000000000e+03
2.919000000000000000e+03
1.731000000000000000e+03
3.048000000000000000e+03
1.617000000000000000e+03
2.571000000000000000e+03
2.713000000000000000e+03
3.218000000000000000e+03
2.257000000000000000e+03
1.558000000000000000e+03
2.695000000000000000e+03
1.550000000000000000e+03
2.206000000000000000e+03
1.927000000000000000e+03
2.243000000000000000e+03
1.760000000000000000e+03
1.847000000000000000e+03
1.789000000000000000e+03
1.622000000000000000e+03
1.705000000000000000e+03
1.293000000000000000e+03
1.648000000000000000e+03
1.614000000000000000e+03
1.099000000000000000e+03
1.159000000000000000e+03
1.290000000000000000e+03
9.890000000000000000e+02
1.149000000000000000e+03
9.330000000000000000e+02
6.450000000000000000e+02
8.500000000000000000e+02
6.040000000000000000e+02
9.020000000000000000e+02
5.480000000000000000e+02
6.280000000000000000e+02
4.940000000000000000e+02
4.490000000000000000e+02
5.140000000000000000e+02
5.290000000000000000e+02
2.730000000000000000e+02
3.530000000000000000e+02
3.410000000000000000e+02
2.990000000000000000e+02
2.880000000000000000e+02
2.880000000000000000e+02
2.990000000000000000e+02
2.570000000000000000e+02
1.850000000000000000e+02
1.660000000000000000e+02
2.680000000000000000e+02
1.540000000000000000e+02
1.610000000000000000e+02
2.070000000000000000e+02
1.970000000000000000e+02
1.460000000000000000e+02
1.360000000000000000e+02
1.500000000000000000e+02
1.300000000000000000e+02
1.620000000000000000e+02
9.200000000000000000e+01
1.180000000000000000e+02
1.630000000000000000e+02
9.300000000000000000e+01
1.090000000000000000e+02
8.600000000000000000e+01
6.400000000000000000e+01
8.400000000000000000e+01
9.300000000000000000e+01
6.600000000000000000e+01
7.100000000000000000e+01
9.500000000000000000e+01
7.200000000000000000e+01
7.200000000000000000e+01
8.200000000000000000e+01
1.060000000000000000e+02
1.010000000000000000e+02
1.160000000000000000e+02
1.500000000000000000e+02
1.610000000000000000e+02
1.560000000000000000e+02
1.700000000000000000e+02
1.510000000000000000e+02
1.160000000000000000e+02
1.110000000000000000e+02
7.000000000000000000e+01
5.400000000000000000e+01
5.100000000000000000e+01
3.900000000000000000e+01
5.200000000000000000e+01
4.400000000000000000e+01
4.000000000000000000e+01
4.800000000000000000e+01
5.900000000000000000e+01
2.700000000000000000e+01
2.200000000000000000e+01
2.900000000000000000e+01
1.500000000000000000e+01
1.100000000000000000e+01
1.700000000000000000e+01
9.000000000000000000e+00
1.300000000000000000e+01
7.000000000000000000e+00
1.000000000000000000e+01
6.000000000000000000e+00
1.100000000000000000e+01
1.400000000000000000e+01
1.500000000000000000e+01
1.300000000000000000e+01
7.000000000000000000e+00
3.000000000000000000e+00
1.000000000000000000e+01
1.300000000000000000e+01
6.000000000000000000e+00
1.300000000000000000e+01
1.100000000000000000e+01
1.100000000000000000e+01
1.000000000000000000e+01
7.000000000000000000e+00
9.000000000000000000e+00
8.000000000000000000e+00
8.000000000000000000e+00
1.300000000000000000e+01
1.300000000000000000e+01
1.000000000000000000e+01
1.400000000000000000e+01
1.600000000000000000e+01
1.600000000000000000e+01
1.600000000000000000e+01
1.800000000000000000e+01
3.200000000000000000e+01
3.900000000000000000e+01
4.200000000000000000e+01
6.100000000000000000e+01
4.900000000000000000e+01
3.360000000000000000e+02
0.000000000000000000e+00
6.000000000000000000e+00
4.500000000000000000e+01
3.100000000000000000e+01
6.500000000000000000e+01
1.910000000000000000e+02
3.700000000000000000e+02
9.690000000000000000e+02
2.980000000000000000e+03
8.322000000000000000e+03
1.635100000000000000e+04
2.465500000000000000e+04
2.570400000000000000e+04
3.226700000000000000e+04
3.902800000000000000e+04
3.962000000000000000e+04
3.883100000000000000e+04
3.844600000000000000e+04
3.939200000000000000e+04
4.071900000000000000e+04
3.991100000000000000e+04
3.923500000000000000e+04
3.876200000000000000e+04
3.774100000000000000e+04
3.701600000000000000e+04
3.558000000000000000e+04
3.414400000000000000e+04
3.384300000000000000e+04
3.372400000000000000e+04
3.376600000000000000e+04
3.356200000000000000e+04
3.266200000000000000e+04
3.151400000000000000e+04
3.024300000000000000e+04
2.915100000000000000e+04
2.793000000000000000e+04
2.671600000000000000e+04
2.537500000000000000e+04
2.458600000000000000e+04
2.337700000000000000e+04
2.242900000000000000e+04
2.146700000000000000e+04
2.086600000000000000e+04
2.031600000000000000e+04
1.975800000000000000e+04
1.894400000000000000e+04
1.899300000000000000e+04
1.797100000000000000e+04
1.755100000000000000e+04
1.685900000000000000e+04
1.646100000000000000e+04
1.618600000000000000e+04
1.565100000000000000e+04
1.563800000000000000e+04
1.529500000000000000e+04
1.518500000000000000e+04
1.493000000000000000e+04
1.507800000000000000e+04
1.514400000000000000e+04
1.508300000000000000e+04
1.522000000000000000e+04
1.518900000000000000e+04
1.590400000000000000e+04
1.607000000000000000e+04
1.602300000000000000e+04
1.681600000000000000e+04
1.709300000000000000e+04
1.726500000000000000e+04
1.738500000000000000e+04
1.741400000000000000e+04
1.740900000000000000e+04
1.702000000000000000e+04
1.707300000000000000e+04
1.686400000000000000e+04
1.633000000000000000e+04
1.591400000000000000e+04
1.539000000000000000e+04
1.481600000000000000e+04
1.446900000000000000e+04
1.433900000000000000e+04
1.401700000000000000e+04
1.376600000000000000e+04
1.358000000000000000e+04
1.346200000000000000e+04
1.340400000000000000e+04
1.317100000000000000e+04
1.302600000000000000e+04
1.278500000000000000e+04
1.283200000000000000e+04
1.244000000000000000e+04
1.242300000000000000e+04
1.227400000000000000e+04
1.236100000000000000e+04
1.219800000000000000e+04
1.216200000000000000e+04
1.190900000000000000e+04
1.189100000000000000e+04
1.199000000000000000e+04
1.181400000000000000e+04
1.194100000000000000e+04
1.202500000000000000e+04
1.195500000000000000e+04
1.189800000000000000e+04
1.217800000000000000e+04
1.212000000000000000e+04
1.226000000000000000e+04
1.235300000000000000e+04
1.256500000000000000e+04
1.257900000000000000e+04
1.268400000000000000e+04
1.299900000000000000e+04
1.328300000000000000e+04
1.351300000000000000e+04
1.418700000000000000e+04
1.425900000000000000e+04
1.478300000000000000e+04
1.507100000000000000e+04
1.552200000000000000e+04
1.598700000000000000e+04
1.668600000000000000e+04
1.695300000000000000e+04
1.730100000000000000e+04
1.776000000000000000e+04
1.853300000000000000e+04
1.897900000000000000e+04
1.947100000000000000e+04
1.998300000000000000e+04
2.060800000000000000e+04
2.152900000000000000e+04
2.200300000000000000e+04
2.257200000000000000e+04
2.279800000000000000e+04
2.345600000000000000e+04
2.437600000000000000e+04
2.442500000000000000e+04
2.530500000000000000e+04
2.594200000000000000e+04
2.616500000000000000e+04
2.690100000000000000e+04
2.705200000000000000e+04
2.764700000000000000e+04
2.809100000000000000e+04
2.881400000000000000e+04
2.936300000000000000e+04
2.983700000000000000e+04
3.004500000000000000e+04
3.074100000000000000e+04
3.102800000000000000e+04
3.153000000000000000e+04
3.214600000000000000e+04
3.240900000000000000e+04
3.282400000000000000e+04
3.274100000000000000e+04
3.316200000000000000e+04
3.318400000000000000e+04
3.307000000000000000e+04
3.319000000000000000e+04
3.301300000000000000e+04
3.274400000000000000e+04
3.307900000000000000e+04
3.296300000000000000e+04
3.316300000000000000e+04
3.253600000000000000e+04
3.318400000000000000e+04
3.281000000000000000e+04
3.271900000000000000e+04
3.273200000000000000e+04
3.233000000000000000e+04
3.218000000000000000e+04
3.198300000000000000e+04
3.232700000000000000e+04
3.196800000000000000e+04
3.171900000000000000e+04
3.145600000000000000e+04
3.151200000000000000e+04
3.059700000000000000e+04
3.048000000000000000e+04
2.985700000000000000e+04
2.942300000000000000e+04
2.897300000000000000e+04
2.856300000000000000e+04
2.818200000000000000e+04
2.772700000000000000e+04
2.729500000000000000e+04
2.643700000000000000e+04
2.654500000000000000e+04
2.612100000000000000e+04
2.558700000000000000e+04
2.517600000000000000e+04
2.507900000000000000e+04
2.478500000000000000e+04
2.480500000000000000e+04
2.497400000000000000e+04
2.491100000000000000e+04
2.490900000000000000e+04
2.469300000000000000e+04
2.493900000000000000e+04
2.550300000000000000e+04
2.657300000000000000e+04
2.845700000000000000e+04
2.942700000000000000e+04
2.936100000000000000e+04
2.968500000000000000e+04
2.925500000000000000e+04
2.820400000000000000e+04
2.700900000000000000e+04
2.444900000000000000e+04
2.356600000000000000e+04
2.319200000000000000e+04
2.298100000000000000e+04
2.221500000000000000e+04
2.315700000000000000e+04
2.541900000000000000e+04
3.210100000000000000e+04
3.535600000000000000e+04
2.790500000000000000e+04
2.113200000000000000e+04
2.042000000000000000e+04
1.978700000000000000e+04
1.715400000000000000e+04
1.426900000000000000e+04
1.136100000000000000e+04
1.044100000000000000e+04
9.417000000000000000e+03
8.586000000000000000e+03
8.060000000000000000e+03
6.931000000000000000e+03
6.267000000000000000e+03
5.468000000000000000e+03
4.822000000000000000e+03
4.385000000000000000e+03
4.045000000000000000e+03
4.141000000000000000e+03
4.037000000000000000e+03
3.719000000000000000e+03
3.306000000000000000e+03
2.928000000000000000e+03
2.961000000000000000e+03
2.889000000000000000e+03
2.898000000000000000e+03
2.995000000000000000e+03
2.675000000000000000e+03
2.694000000000000000e+03
2.640000000000000000e+03
2.759000000000000000e+03
2.747000000000000000e+03
3.418000000000000000e+03
4.545000000000000000e+03
6.981000000000000000e+03
1.158200000000000000e+04
1.360000000000000000e+04
9.835000000000000000e+03
7.305000000000000000e+03
7.477000000000000000e+03
1.056100000000000000e+04
3.954600000000000000e+04
