6.129000000000000000e+04
1.700000000000000000e+01
4.300000000000000000e+01
1.460000000000000000e+03
1.600000000000000000e+01
1.237200000000000000e+04
7.120000000000000000e+03
5.000000000000000000e+00
1.361100000000000000e+04
7.000000000000000000e+00
9.000000000000000000e+00
1.307700000000000000e+04
8.000000000000000000e+00
6.359000000000000000e+03
5.019000000000000000e+03
6.920000000000000000e+02
2.477000000000000000e+03
1.251000000000000000e+03
3.665000000000000000e+03
2.694000000000000000e+03
5.493000000000000000e+03
1.001700000000000000e+04
1.254400000000000000e+04
9.254000000000000000e+03
2.581000000000000000e+03
4.297000000000000000e+03
3.237000000000000000e+03
8.700000000000000000e+01
2.080000000000000000e+02
1.510000000000000000e+02
1.102100000000000000e+04
7.000000000000000000e+01
7.700000000000000000e+02
5.170000000000000000e+02
1.197000000000000000e+03
2.758000000000000000e+03
2.231000000000000000e+03
7.500000000000000000e+02
1.013000000000000000e+03
8.240000000000000000e+02
9.480000000000000000e+02
3.340000000000000000e+02
2.046000000000000000e+03
1.611000000000000000e+03
4.640000000000000000e+02
6.450000000000000000e+02
6.820000000000000000e+02
2.310000000000000000e+02
9.580000000000000000e+02
1.250000000000000000e+02
1.715000000000000000e+03
1.149000000000000000e+03
2.420000000000000000e+02
1.290000000000000000e+02
1.790000000000000000e+02
6.930000000000000000e+02
5.070000000000000000e+02
1.260000000000000000e+02
6.800000000000000000e+01
1.000000000000000000e+00
6.850000000000000000e+02
0.000000000000000000e+00
8.900000000000000000e+01
3.790000000000000000e+02
1.200000000000000000e+01
2.170000000000000000e+02
1.112000000000000000e+03
2.000000000000000000e+02
3.340000000000000000e+02
3.970000000000000000e+02
7.200000000000000000e+02
1.590000000000000000e+02
2.290000000000000000e+02
3.240000000000000000e+02
5.420000000000000000e+02
3.819000000000000000e+03
2.160000000000000000e+02
1.720000000000000000e+02
3.000000000000000000e+00
1.540000000000000000e+02
6.050000000000000000e+02
2.400000000000000000e+01
3.000000000000000000e+00
8.190000000000000000e+02
4.100000000000000000e+01
7.800000000000000000e+01
1.000000000000000000e+01
3.310000000000000000e+02
0.000000000000000000e+00
0.000000000000000000e+00
1.409000000000000000e+03
0.000000000000000000e+00
8.000000000000000000e+00
3.300000000000000000e+01
1.000000000000000000e+00
2.900000000000000000e+01
2.129000000000000000e+03
0.000000000000000000e+00
1.230000000000000000e+02
1.000000000000000000e+01
9.000000000000000000e+01
2.890000000000000000e+02
2.300000000000000000e+01
7.290000000000000000e+03
2.010000000000000000e+02
6.500000000000000000e+02
5.415000000000000000e+03
2.560000000000000000e+02
7.780000000000000000e+02
6.598000000000000000e+03
1.537700000000000000e+04
5.867000000000000000e+03
1.187000000000000000e+03
3.124000000000000000e+03
7.348000000000000000e+03
5.788000000000000000e+03
2.601000000000000000e+03
3.000000000000000000e+01
1.170000000000000000e+02
5.000000000000000000e+01
2.315100000000000000e+04
0.000000000000000000e+00
3.600000000000000000e+02
7.000000000000000000e+00
9.770000000000000000e+02
2.378000000000000000e+03
6.275000000000000000e+03
4.000000000000000000e+00
8.100000000000000000e+01
1.200000000000000000e+01
1.440000000000000000e+02
0.000000000000000000e+00
5.490000000000000000e+02
1.530000000000000000e+02
0.000000000000000000e+00
1.790000000000000000e+02
0.000000000000000000e+00
0.000000000000000000e+00
6.000000000000000000e+00
0.000000000000000000e+00
4.787000000000000000e+03
1.800000000000000000e+01
0.000000000000000000e+00
3.000000000000000000e+00
0.000000000000000000e+00
4.200000000000000000e+01
5.000000000000000000e+00
0.000000000000000000e+00
0.000000000000000000e+00
0.000000000000000000e+00
9.900000000000000000e+02
0.000000000000000000e+00
0.000000000000000000e+00
0.000000000000000000e+00
0.000000000000000000e+00
0.000000000000000000e+00
2.070000000000000000e+02
0.000000000000000000e+00
0.000000000000000000e+00
0.000000000000000000e+00
1.700000000000000000e+01
0.000000000000000000e+00
0.000000000000000000e+00
0.000000000000000000e+00
0.000000000000000000e+00
6.707000000000000000e+03
0.000000000000000000e+00
0.000000000000000000e+00
0.000000000000000000e+00
1.000000000000000000e+00
9.580000000000000000e+02
0.000000000000000000e+00
0.000000000000000000e+00
5.168000000000000000e+03
0.000000000000000000e+00
0.000000000000000000e+00
1.000000000000000000e+00
8.320000000000000000e+02
1.300000000000000000e+01
1.500000000000000000e+01
5.609400000000000000e+04
1.968000000000000000e+03
1.129100000000000000e+04
1.111800000000000000e+04
8.942000000000000000e+03
8.729000000000000000e+03
7.338000000000000000e+03
9.328000000000000000e+03
1.225600000000000000e+04
9.959000000000000000e+03
8.074000000000000000e+03
7.445000000000000000e+03
6.433000000000000000e+03
6.745000000000000000e+03
5.811000000000000000e+03
7.370000000000000000e+03
8.548000000000000000e+03
9.031000000000000000e+03
5.165000000000000000e+03
7.322000000000000000e+03
1.415400000000000000e+04
7.277000000000000000e+03
9.506000000000000000e+03
7.681000000000000000e+03
6.276000000000000000e+03
5.488000000000000000e+03
6.239000000000000000e+03
6.769000000000000000e+03
5.225000000000000000e+03
4.548000000000000000e+03
4.936000000000000000e+03
4.358000000000000000e+03
3.839000000000000000e+03
2.939000000000000000e+03
2.360000000000000000e+03
1.978000000000000000e+03
2.258000000000000000e+03
1.260000000000000000e+03
1.465000000000000000e+03
1.405000000000000000e+03
1.261000000000000000e+03
9.820000000000000000e+02
8.520000000000000000e+02
1.362000000000000000e+03
9.930000000000000000e+02
9.840000000000000000e+02
1.298000000000000000e+03
7.390000000000000000e+02
9.390000000000000000e+02
7.970000000000000000e+02
6.630000000000000000e+02
1.253000000000000000e+03
4.510000000000000000e+02
8.520000000000000000e+02
5.340000000000000000e+02
8.970000000000000000e+02
4.040000000000000000e+02
7.310000000000000000e+02
6.430000000000000000e+02
5.600000000000000000e+02
4.060000000000000000e+02
5.850000000000000000e+02
3.230000000000000000e+02
1.300000000000000000e+02
1.144000000000000000e+03
2.990000000000000000e+02
2.120000000000000000e+02
4.760000000000000000e+02
2.410000000000000000e+02
1.540000000000000000e+02
4.600000000000000000e+02
3.930000000000000000e+02
1.410000000000000000e+02
5.450000000000000000e+02
1.530000000000000000e+02
3.430000000000000000e+02
1.720000000000000000e+02
4.090000000000000000e+02
2.390000000000000000e+02
6.900000000000000000e+01
3.430000000000000000e+02
2.020000000000000000e+02
1.540000000000000000e+02
1.000000000000000000e+02
2.400000000000000000e+01
1.036000000000000000e+03
1.300000000000000000e+01
8.200000000000000000e+01
6.100000000000000000e+01
1.120000000000000000e+02
1.790000000000000000e+02
3.600000000000000000e+02
5.800000000000000000e+01
1.340000000000000000e+02
1.170000000000000000e+02
2.800000000000000000e+01
3.360000000000000000e+02
1.000000000000000000e+02
2.620000000000000000e+02
6.500000000000000000e+01
7.300000000000000000e+01
1.500000000000000000e+01
5.660000000000000000e+02
3.000000000000000000e+01
8.000000000000000000e+01
4.200000000000000000e+01
2.810000000000000000e+02
7.100000000000000000e+01
3.400000000000000000e+01
3.550000000000000000e+02
6.000000000000000000e+00
6.400000000000000000e+01
5.400000000000000000e+01
1.000000000000000000e+02
1.700000000000000000e+01
4.900000000000000000e+01
1.930000000000000000e+02
2.900000000000000000e+01
1.310000000000000000e+02
3.100000000000000000e+01
6.800000000000000000e+01
9.800000000000000000e+01
3.800000000000000000e+01
3.200000000000000000e+01
1.100000000000000000e+01
1.000000000000000000e+00
0.000000000000000000e+00
2.000000000000000000e+01
9.100000000000000000e+02
0.000000000000000000e+00
4.000000000000000000e+00
9.000000000000000000e+00
2.600000000000000000e+01
2.900000000000000000e+01
4.700000000000000000e+01
3.100000000000000000e+01
6.200000000000000000e+01
5.400000000000000000e+01
1.300000000000000000e+01
9.700000000000000000e+01
1.700000000000000000e+01
3.000000000000000000e+00
2.220000000000000000e+02
3.500000000000000000e+01
1.300000000000000000e+01
2.000000000000000000e+00
8.200000000000000000e+01
9.000000000000000000e+00
1.300000000000000000e+01
4.100000000000000000e+01
3.300000000000000000e+01
1.400000000000000000e+01
2.000000000000000000e+00
2.760000000000000000e+02
3.000000000000000000e+00
1.800000000000000000e+01
2.100000000000000000e+01
4.800000000000000000e+01
1.200000000000000000e+01
2.170000000000000000e+02
0.000000000000000000e+00
1.800000000000000000e+01
4.000000000000000000e+01
4.000000000000000000e+00
2.200000000000000000e+01
2.200000000000000000e+01
1.800000000000000000e+01
4.000000000000000000e+00
2.000000000000000000e+00
0.000000000000000000e+00
3.390000000000000000e+02
0.000000000000000000e+00
0.000000000000000000e+00
4.000000000000000000e+00
1.400000000000000000e+01
9.000000000000000000e+00
2.000000000000000000e+00
2.500000000000000000e+01
0.000000000000000000e+00
3.600000000000000000e+01
2.700000000000000000e+01
3.000000000000000000e+00
2.270000000000000000e+02
0.000000000000000000e+00
8.000000000000000000e+00
5.000000000000000000e+01
2.000000000000000000e+00
8.000000000000000000e+00
9.000000000000000000e+00
0.000000000000000000e+00
0.000000000000000000e+00
2.930000000000000000e+02
0.000000000000000000e+00
0.000000000000000000e+00
0.000000000000000000e+00
6.000000000000000000e+00
2.900000000000000000e+01
1.000000000000000000e+00
3.000000000000000000e+01
0.000000000000000000e+00
7.000000000000000000e+00
4.000000000000000000e+00
5.000000000000000000e+00
1.000000000000000000e+00
6.100000000000000000e+01
0.000000000000000000e+00
5.000000000000000000e+00
1.000000000000000000e+01
2.000000000000000000e+00
1.700000000000000000e+01
1.200000000000000000e+01
1.000000000000000000e+00
0.000000000000000000e+00
1.820000000000000000e+02
0.000000000000000000e+00
2.000000000000000000e+00
1.300000000000000000e+01
3.000000000000000000e+00
0.000000000000000000e+00
6.100000000000000000e+01
1.000000000000000000e+00
7.000000000000000000e+00
0.000000000000000000e+00
3.500000000000000000e+01
0.000000000000000000e+00
1.400000000000000000e+01
0.000000000000000000e+00
4.300000000000000000e+01
1.000000000000000000e+00
0.000000000000000000e+00
1.300000000000000000e+01
1.000000000000000000e+00
2.600000000000000000e+01
1.000000000000000000e+00
1.400000000000000000e+01
1.300000000000000000e+01
0.000000000000000000e+00
3.000000000000000000e+00
0.000000000000000000e+00
7.000000000000000000e+00
1.000000000000000000e+00
1.000000000000000000e+00
1.000000000000000000e+00
0.000000000000000000e+00
0.000000000000000000e+00
0.000000000000000000e+00
0.000000000000000000e+00
1.000000000000000000e+00
0.000000000000000000e+00
0.000000000000000000e+00
0.000000000000000000e+00
0.000000000000000000e+00
0.000000000000000000e+00
0.000000000000000000e+00
0.000000000000000000e+00
2.144000000000000000e+03
2.240000000000000000e+02
1.730000000000000000e+02
4.550000000000000000e+02
3.830000000000000000e+02
7.980000000000000000e+02
8.870000000000000000e+02
8.570000000000000000e+02
1.134000000000000000e+03
1.067000000000000000e+03
1.139000000000000000e+03
1.109000000000000000e+03
1.171000000000000000e+03
1.243000000000000000e+03
1.193000000000000000e+03
1.418000000000000000e+03
1.381000000000000000e+03
1.307000000000000000e+03
1.229000000000000000e+03
1.072000000000000000e+03
1.047000000000000000e+03
9.910000000000000000e+02
9.920000000000000000e+02
1.003000000000000000e+03
9.390000000000000000e+02
1.034000000000000000e+03
1.080000000000000000e+03
8.390000000000000000e+02
9.730000000000000000e+02
8.050000000000000000e+02
7.670000000000000000e+02
7.660000000000000000e+02
6.310000000000000000e+02
6.880000000000000000e+02
6.700000000000000000e+02
6.780000000000000000e+02
6.410000000000000000e+02
7.140000000000000000e+02
6.150000000000000000e+02
6.670000000000000000e+02
6.140000000000000000e+02
6.270000000000000000e+02
6.490000000000000000e+02
6.480000000000000000e+02
6.790000000000000000e+02
6.640000000000000000e+02
5.580000000000000000e+02
6.510000000000000000e+02
6.320000000000000000e+02
6.450000000000000000e+02
5.700000000000000000e+02
6.880000000000000000e+02
6.220000000000000000e+02
6.710000000000000000e+02
6.980000000000000000e+02
7.220000000000000000e+02
7.170000000000000000e+02
6.760000000000000000e+02
6.730000000000000000e+02
6.760000000000000000e+02
6.930000000000000000e+02
6.130000000000000000e+02
7.380000000000000000e+02
6.710000000000000000e+02
6.750000000000000000e+02
7.130000000000000000e+02
7.330000000000000000e+02
7.120000000000000000e+02
7.420000000000000000e+02
6.900000000000000000e+02
6.260000000000000000e+02
7.390000000000000000e+02
6.760000000000000000e+02
7.210000000000000000e+02
7.460000000000000000e+02
7.990000000000000000e+02
8.250000000000000000e+02
8.800000000000000000e+02
8.640000000000000000e+02
9.000000000000000000e+02
8.690000000000000000e+02
8.590000000000000000e+02
8.550000000000000000e+02
8.930000000000000000e+02
8.770000000000000000e+02
8.400000000000000000e+02
9.110000000000000000e+02
1.150000000000000000e+03
8.590000000000000000e+02
9.090000000000000000e+02
9.550000000000000000e+02
9.220000000000000000e+02
8.430000000000000000e+02
9.500000000000000000e+02
8.980000000000000000e+02
7.800000000000000000e+02
7.040000000000000000e+02
6.950000000000000000e+02
7.680000000000000000e+02
8.180000000000000000e+02
1.010000000000000000e+03
1.012000000000000000e+03
1.038000000000000000e+03
1.014000000000000000e+03
1.207000000000000000e+03
1.174000000000000000e+03
1.181000000000000000e+03
1.017000000000000000e+03
1.213000000000000000e+03
1.101000000000000000e+03
1.151000000000000000e+03
1.125000000000000000e+03
1.096000000000000000e+03
1.123000000000000000e+03
1.076000000000000000e+03
1.209000000000000000e+03
1.234000000000000000e+03
1.382000000000000000e+03
1.283000000000000000e+03
1.313000000000000000e+03
1.236000000000000000e+03
1.418000000000000000e+03
1.275000000000000000e+03
1.327000000000000000e+03
1.307000000000000000e+03
1.382000000000000000e+03
1.614000000000000000e+03
1.264000000000000000e+03
1.420000000000000000e+03
1.406000000000000000e+03
1.232000000000000000e+03
1.214000000000000000e+03
1.188000000000000000e+03
1.134000000000000000e+03
1.260000000000000000e+03
1.362000000000000000e+03
1.068000000000000000e+03
1.011000000000000000e+03
1.017000000000000000e+03
1.202000000000000000e+03
1.121000000000000000e+03
1.037000000000000000e+03
1.214000000000000000e+03
1.328000000000000000e+03
1.222000000000000000e+03
1.411000000000000000e+03
1.119000000000000000e+03
1.322000000000000000e+03
1.302000000000000000e+03
1.133000000000000000e+03
1.132000000000000000e+03
1.230000000000000000e+03
1.099000000000000000e+03
1.053000000000000000e+03
1.163000000000000000e+03
1.052000000000000000e+03
1.050000000000000000e+03
1.022000000000000000e+03
1.114000000000000000e+03
1.279000000000000000e+03
1.222000000000000000e+03
1.468000000000000000e+03
1.385000000000000000e+03
1.618000000000000000e+03
1.424000000000000000e+03
1.437000000000000000e+03
1.216000000000000000e+03
1.175000000000000000e+03
1.144000000000000000e+03
1.199000000000000000e+03
1.161000000000000000e+03
1.403000000000000000e+03
1.346000000000000000e+03
1.241000000000000000e+03
1.407000000000000000e+03
1.250000000000000000e+03
1.338000000000000000e+03
1.378000000000000000e+03
1.601000000000000000e+03
1.851000000000000000e+03
1.897000000000000000e+03
1.646000000000000000e+03
1.928000000000000000e+03
1.518000000000000000e+03
1.751000000000000000e+03
1.810000000000000000e+03
1.692000000000000000e+03
1.975000000000000000e+03
1.838000000000000000e+03
2.204000000000000000e+03
2.275000000000000000e+03
2.506000000000000000e+03
2.308000000000000000e+03
2.212000000000000000e+03
2.828000000000000000e+03
2.634000000000000000e+03
2.691000000000000000e+03
3.339000000000000000e+03
3.266000000000000000e+03
2.767000000000000000e+03
2.732000000000000000e+03
2.739000000000000000e+03
2.813000000000000000e+03
2.321000000000000000e+03
2.126000000000000000e+03
1.988000000000000000e+03
1.856000000000000000e+03
1.444000000000000000e+03
1.360000000000000000e+03
1.425000000000000000e+03
1.476000000000000000e+03
1.438000000000000000e+03
1.510000000000000000e+03
1.578000000000000000e+03
1.424000000000000000e+03
1.425000000000000000e+03
1.284000000000000000e+03
1.551000000000000000e+03
1.279000000000000000e+03
1.171000000000000000e+03
1.308000000000000000e+03
1.471000000000000000e+03
1.683000000000000000e+03
1.580000000000000000e+03
1.974000000000000000e+03
1.665000000000000000e+03
1.857000000000000000e+03
1.618000000000000000e+03
1.590000000000000000e+03
1.337000000000000000e+03
1.235000000000000000e+03
1.460000000000000000e+03
1.377000000000000000e+03
1.315000000000000000e+03
1.490000000000000000e+03
1.574000000000000000e+03
1.325000000000000000e+03
1.497000000000000000e+03
1.514000000000000000e+03
1.560000000000000000e+03
1.735000000000000000e+03
2.084000000000000000e+03
2.120000000000000000e+03
2.422000000000000000e+03
2.203000000000000000e+03
2.284000000000000000e+03
2.265000000000000000e+03
2.463000000000000000e+03
1.918000000000000000e+03
2.097000000000000000e+03
2.253000000000000000e+03
2.237000000000000000e+03
2.802000000000000000e+03
2.274000000000000000e+03
3.712000000000000000e+03
1.066200000000000000e+04
1.068000000000000000e+04
