1.437700000000000000e+04
1.300000000000000000e+01
1.100000000000000000e+01
1.800000000000000000e+01
4.000000000000000000e+00
5.500000000000000000e+01
2.530000000000000000e+02
1.100000000000000000e+01
4.900000000000000000e+01
9.000000000000000000e+00
5.000000000000000000e+00
8.600000000000000000e+01
1.300000000000000000e+01
2.000000000000000000e+02
2.700000000000000000e+01
7.700000000000000000e+01
3.700000000000000000e+01
3.000000000000000000e+00
1.000000000000000000e+00
6.300000000000000000e+01
3.120000000000000000e+02
1.900000000000000000e+01
0.000000000000000000e+00
1.100000000000000000e+01
2.950000000000000000e+02
5.000000000000000000e+01
1.100000000000000000e+01
0.000000000000000000e+00
0.000000000000000000e+00
0.000000000000000000e+00
7.490000000000000000e+02
0.000000000000000000e+00
0.000000000000000000e+00
0.000000000000000000e+00
6.000000000000000000e+00
1.210000000000000000e+02
2.500000000000000000e+02
1.000000000000000000e+00
5.000000000000000000e+00
2.000000000000000000e+00
9.000000000000000000e+00
0.000000000000000000e+00
6.700000000000000000e+01
2.000000000000000000e+01
0.000000000000000000e+00
4.200000000000000000e+01
1.000000000000000000e+00
0.000000000000000000e+00
1.200000000000000000e+01
0.000000000000000000e+00
2.110000000000000000e+02
7.000000000000000000e+00
1.000000000000000000e+00
4.000000000000000000e+00
1.000000000000000000e+00
2.700000000000000000e+01
6.000000000000000000e+00
0.000000000000000000e+00
0.000000000000000000e+00
0.000000000000000000e+00
2.370000000000000000e+02
0.000000000000000000e+00
2.000000000000000000e+00
1.000000000000000000e+00
0.000000000000000000e+00
2.000000000000000000e+00
9.600000000000000000e+01
1.000000000000000000e+00
4.000000000000000000e+00
3.000000000000000000e+00
2.500000000000000000e+01
1.000000000000000000e+00
2.000000000000000000e+00
4.100000000000000000e+01
5.300000000000000000e+01
9.000000000000000000e+02
1.800000000000000000e+01
5.000000000000000000e+00
4.000000000000000000e+00
8.100000000000000000e+01
3.680000000000000000e+02
1.600000000000000000e+01
1.000000000000000000e+01
4.080000000000000000e+02
1.370000000000000000e+02
2.410000000000000000e+02
1.370000000000000000e+02
9.350000000000000000e+02
5.100000000000000000e+02
1.055000000000000000e+03
4.442000000000000000e+03
4.993000000000000000e+03
1.139100000000000000e+04
1.715100000000000000e+04
4.491100000000000000e+04
9.692200000000000000e+04
1.914240000000000000e+05
1.222040000000000000e+05
2.202810000000000000e+05
1.177510000000000000e+05
9.361600000000000000e+04
9.586100000000000000e+04
4.079600000000000000e+04
6.272200000000000000e+04
3.772000000000000000e+04
3.955900000000000000e+04
4.677100000000000000e+04
1.136600000000000000e+04
1.913800000000000000e+04
4.856800000000000000e+04
2.252700000000000000e+04
3.277900000000000000e+04
1.036200000000000000e+04
2.175600000000000000e+04
5.013100000000000000e+04
5.335800000000000000e+04
8.694000000000000000e+03
1.460000000000000000e+02
3.000000000000000000e+02
1.350000000000000000e+02
3.591000000000000000e+04
2.000000000000000000e+00
1.333000000000000000e+03
1.700000000000000000e+02
4.206000000000000000e+03
4.958300000000000000e+04
4.103000000000000000e+04
5.600000000000000000e+01
1.538000000000000000e+03
2.370000000000000000e+02
1.326000000000000000e+03
1.800000000000000000e+01
3.512000000000000000e+03
4.566000000000000000e+03
3.300000000000000000e+01
8.920000000000000000e+02
8.300000000000000000e+01
2.000000000000000000e+01
1.033000000000000000e+03
1.200000000000000000e+01
3.118000000000000000e+03
1.417000000000000000e+03
1.570000000000000000e+02
5.200000000000000000e+01
9.600000000000000000e+01
1.100000000000000000e+03
4.620000000000000000e+02
1.280000000000000000e+02
9.000000000000000000e+00
1.000000000000000000e+01
4.420000000000000000e+02
1.000000000000000000e+00
1.500000000000000000e+01
1.680000000000000000e+02
4.000000000000000000e+00
5.400000000000000000e+01
8.470000000000000000e+02
2.300000000000000000e+01
9.000000000000000000e+01
5.300000000000000000e+01
3.270000000000000000e+02
4.900000000000000000e+01
7.000000000000000000e+00
2.340000000000000000e+02
6.800000000000000000e+01
1.073000000000000000e+03
3.700000000000000000e+01
1.000000000000000000e+01
4.000000000000000000e+00
7.600000000000000000e+01
3.390000000000000000e+02
1.300000000000000000e+01
1.400000000000000000e+01
3.890000000000000000e+02
1.400000000000000000e+01
9.000000000000000000e+00
8.000000000000000000e+00
9.100000000000000000e+01
6.000000000000000000e+00
6.000000000000000000e+00
1.409500000000000000e+04
8.100000000000000000e+01
4.104000000000000000e+03
3.250000000000000000e+03
4.211000000000000000e+03
8.540000000000000000e+02
1.293200000000000000e+04
3.294200000000000000e+04
3.741100000000000000e+04
1.882800000000000000e+04
1.330000000000000000e+04
1.237600000000000000e+04
8.635000000000000000e+03
9.602000000000000000e+03
9.788000000000000000e+03
1.276700000000000000e+04
1.141500000000000000e+04
1.524400000000000000e+04
1.572500000000000000e+04
2.387400000000000000e+04
1.558800000000000000e+04
2.212200000000000000e+04
2.774500000000000000e+04
2.152100000000000000e+04
2.116100000000000000e+04
2.378200000000000000e+04
2.350400000000000000e+04
2.479200000000000000e+04
2.229800000000000000e+04
2.106500000000000000e+04
2.022500000000000000e+04
2.130900000000000000e+04
1.823300000000000000e+04
2.220800000000000000e+04
2.120300000000000000e+04
2.197500000000000000e+04
2.126100000000000000e+04
2.218400000000000000e+04
2.240500000000000000e+04
2.449200000000000000e+04
2.205700000000000000e+04
2.575800000000000000e+04
1.584200000000000000e+04
2.329600000000000000e+04
2.555300000000000000e+04
1.686600000000000000e+04
1.963000000000000000e+04
1.966100000000000000e+04
1.528500000000000000e+04
1.717200000000000000e+04
1.276200000000000000e+04
1.523400000000000000e+04
1.114000000000000000e+04
1.327100000000000000e+04
9.879000000000000000e+03
1.453200000000000000e+04
9.815000000000000000e+03
1.174900000000000000e+04
1.305700000000000000e+04
1.068200000000000000e+04
1.167300000000000000e+04
1.527700000000000000e+04
1.251800000000000000e+04
1.228400000000000000e+04
1.708900000000000000e+04
1.256600000000000000e+04
1.388000000000000000e+04
1.503700000000000000e+04
1.378200000000000000e+04
1.158700000000000000e+04
1.477500000000000000e+04
1.413100000000000000e+04
1.316200000000000000e+04
1.812200000000000000e+04
1.639300000000000000e+04
1.743500000000000000e+04
1.382500000000000000e+04
1.593600000000000000e+04
1.517900000000000000e+04
1.294400000000000000e+04
1.356900000000000000e+04
1.588800000000000000e+04
1.282500000000000000e+04
1.383100000000000000e+04
1.092100000000000000e+04
1.663200000000000000e+04
9.652000000000000000e+03
1.195400000000000000e+04
1.073800000000000000e+04
1.077600000000000000e+04
1.220700000000000000e+04
1.014300000000000000e+04
9.842000000000000000e+03
1.007000000000000000e+04
7.966000000000000000e+03
6.827000000000000000e+03
7.904000000000000000e+03
6.475000000000000000e+03
6.153000000000000000e+03
4.682000000000000000e+03
4.549000000000000000e+03
3.918000000000000000e+03
7.045000000000000000e+03
3.228000000000000000e+03
3.254000000000000000e+03
2.741000000000000000e+03
3.796000000000000000e+03
4.963000000000000000e+03
2.397000000000000000e+03
3.874000000000000000e+03
1.808000000000000000e+03
2.350000000000000000e+03
2.295000000000000000e+03
4.302000000000000000e+03
1.900000000000000000e+03
1.859000000000000000e+03
2.532000000000000000e+03
1.893000000000000000e+03
3.280000000000000000e+03
1.606000000000000000e+03
3.595000000000000000e+03
2.211000000000000000e+03
2.199000000000000000e+03
1.951000000000000000e+03
1.574000000000000000e+03
1.384000000000000000e+03
1.131000000000000000e+03
2.109000000000000000e+03
6.140000000000000000e+03
1.221000000000000000e+03
1.355000000000000000e+03
1.522000000000000000e+03
1.523000000000000000e+03
2.149000000000000000e+03
2.150000000000000000e+03
1.579000000000000000e+03
2.396000000000000000e+03
1.695000000000000000e+03
1.525000000000000000e+03
2.322000000000000000e+03
1.597000000000000000e+03
1.166000000000000000e+03
2.150000000000000000e+03
1.396000000000000000e+03
1.395000000000000000e+03
1.122000000000000000e+03
2.438000000000000000e+03
1.301000000000000000e+03
1.414000000000000000e+03
1.279000000000000000e+03
1.331000000000000000e+03
1.335000000000000000e+03
9.010000000000000000e+02
2.952000000000000000e+03
8.320000000000000000e+02
1.016000000000000000e+03
1.219000000000000000e+03
1.317000000000000000e+03
1.220000000000000000e+03
2.014000000000000000e+03
6.480000000000000000e+02
2.149000000000000000e+03
1.157000000000000000e+03
7.860000000000000000e+02
9.090000000000000000e+02
1.228000000000000000e+03
1.314000000000000000e+03
9.970000000000000000e+02
7.080000000000000000e+02
5.920000000000000000e+02
4.023000000000000000e+03
5.360000000000000000e+02
6.180000000000000000e+02
8.870000000000000000e+02
1.455000000000000000e+03
1.097000000000000000e+03
4.790000000000000000e+02
8.690000000000000000e+02
4.520000000000000000e+02
9.030000000000000000e+02
9.900000000000000000e+02
6.760000000000000000e+02
1.399000000000000000e+03
4.070000000000000000e+02
8.770000000000000000e+02
8.540000000000000000e+02
4.160000000000000000e+02
1.106000000000000000e+03
6.080000000000000000e+02
2.670000000000000000e+02
2.070000000000000000e+02
1.582000000000000000e+03
1.780000000000000000e+02
2.340000000000000000e+02
3.780000000000000000e+02
4.320000000000000000e+02
3.850000000000000000e+02
3.360000000000000000e+02
4.080000000000000000e+02
1.220000000000000000e+02
7.060000000000000000e+02
3.370000000000000000e+02
2.290000000000000000e+02
9.300000000000000000e+01
1.096000000000000000e+03
7.800000000000000000e+01
3.270000000000000000e+02
3.820000000000000000e+02
1.500000000000000000e+02
2.050000000000000000e+02
1.610000000000000000e+02
1.990000000000000000e+02
7.800000000000000000e+01
8.750000000000000000e+02
1.000000000000000000e+02
1.300000000000000000e+02
4.550000000000000000e+02
1.750000000000000000e+02
4.500000000000000000e+01
6.950000000000000000e+02
1.400000000000000000e+02
3.420000000000000000e+02
6.000000000000000000e+01
2.350000000000000000e+02
9.500000000000000000e+01
1.580000000000000000e+02
4.200000000000000000e+01
3.120000000000000000e+02
1.300000000000000000e+02
3.800000000000000000e+01
1.420000000000000000e+02
1.100000000000000000e+02
1.760000000000000000e+02
7.700000000000000000e+01
2.740000000000000000e+02
2.160000000000000000e+02
4.600000000000000000e+01
2.290000000000000000e+02
9.300000000000000000e+01
1.170000000000000000e+02
8.200000000000000000e+01
8.400000000000000000e+01
1.240000000000000000e+02
6.700000000000000000e+01
5.900000000000000000e+01
5.100000000000000000e+01
3.900000000000000000e+01
3.000000000000000000e+01
4.300000000000000000e+01
3.400000000000000000e+01
3.800000000000000000e+01
4.100000000000000000e+01
4.500000000000000000e+01
3.000000000000000000e+01
9.000000000000000000e+00
8.093000000000000000e+03
1.071700000000000000e+04
8.420000000000000000e+02
1.091000000000000000e+03
5.490000000000000000e+02
1.087000000000000000e+03
1.498000000000000000e+03
9.230000000000000000e+02
1.619000000000000000e+03
1.431000000000000000e+03
2.018000000000000000e+03
2.085000000000000000e+03
2.594000000000000000e+03
3.120000000000000000e+03
3.632000000000000000e+03
4.801000000000000000e+03
6.555000000000000000e+03
6.635000000000000000e+03
7.423000000000000000e+03
9.044000000000000000e+03
1.032500000000000000e+04
9.695000000000000000e+03
8.882000000000000000e+03
8.889000000000000000e+03
8.571000000000000000e+03
8.258000000000000000e+03
7.759000000000000000e+03
7.720000000000000000e+03
7.007000000000000000e+03
6.455000000000000000e+03
6.174000000000000000e+03
5.646000000000000000e+03
5.617000000000000000e+03
5.275000000000000000e+03
5.248000000000000000e+03
5.234000000000000000e+03
5.173000000000000000e+03
5.227000000000000000e+03
5.090000000000000000e+03
4.680000000000000000e+03
4.615000000000000000e+03
4.504000000000000000e+03
4.424000000000000000e+03
4.279000000000000000e+03
3.940000000000000000e+03
4.163000000000000000e+03
3.968000000000000000e+03
4.130000000000000000e+03
3.958000000000000000e+03
4.149000000000000000e+03
4.191000000000000000e+03
4.000000000000000000e+03
4.068000000000000000e+03
3.974000000000000000e+03
3.681000000000000000e+03
3.586000000000000000e+03
3.511000000000000000e+03
3.470000000000000000e+03
3.431000000000000000e+03
3.275000000000000000e+03
3.124000000000000000e+03
3.315000000000000000e+03
3.261000000000000000e+03
3.193000000000000000e+03
3.053000000000000000e+03
2.914000000000000000e+03
2.773000000000000000e+03
2.672000000000000000e+03
2.584000000000000000e+03
2.482000000000000000e+03
2.454000000000000000e+03
2.382000000000000000e+03
2.214000000000000000e+03
2.130000000000000000e+03
2.058000000000000000e+03
2.030000000000000000e+03
2.030000000000000000e+03
1.933000000000000000e+03
1.895000000000000000e+03
1.968000000000000000e+03
1.951000000000000000e+03
1.964000000000000000e+03
1.897000000000000000e+03
2.003000000000000000e+03
1.839000000000000000e+03
1.956000000000000000e+03
2.184000000000000000e+03
2.088000000000000000e+03
2.276000000000000000e+03
2.438000000000000000e+03
2.638000000000000000e+03
2.873000000000000000e+03
3.050000000000000000e+03
3.215000000000000000e+03
3.580000000000000000e+03
3.714000000000000000e+03
4.114000000000000000e+03
4.243000000000000000e+03
4.704000000000000000e+03
4.947000000000000000e+03
5.293000000000000000e+03
5.316000000000000000e+03
5.592000000000000000e+03
5.965000000000000000e+03
6.070000000000000000e+03
6.103000000000000000e+03
6.372000000000000000e+03
6.240000000000000000e+03
6.102000000000000000e+03
6.246000000000000000e+03
6.242000000000000000e+03
6.068000000000000000e+03
5.918000000000000000e+03
5.590000000000000000e+03
5.273000000000000000e+03
5.151000000000000000e+03
4.957000000000000000e+03
4.925000000000000000e+03
4.915000000000000000e+03
4.598000000000000000e+03
4.606000000000000000e+03
4.610000000000000000e+03
4.617000000000000000e+03
4.678000000000000000e+03
4.745000000000000000e+03
4.596000000000000000e+03
4.767000000000000000e+03
4.766000000000000000e+03
4.718000000000000000e+03
4.697000000000000000e+03
4.647000000000000000e+03
4.811000000000000000e+03
4.876000000000000000e+03
4.831000000000000000e+03
4.974000000000000000e+03
5.025000000000000000e+03
5.305000000000000000e+03
5.474000000000000000e+03
5.812000000000000000e+03
5.936000000000000000e+03
6.371000000000000000e+03
6.441000000000000000e+03
6.531000000000000000e+03
6.848000000000000000e+03
7.368000000000000000e+03
7.628000000000000000e+03
7.330000000000000000e+03
7.282000000000000000e+03
6.702000000000000000e+03
6.465000000000000000e+03
6.422000000000000000e+03
6.524000000000000000e+03
6.954000000000000000e+03
6.740000000000000000e+03
6.678000000000000000e+03
6.253000000000000000e+03
6.333000000000000000e+03
6.108000000000000000e+03
6.011000000000000000e+03
5.966000000000000000e+03
5.857000000000000000e+03
6.395000000000000000e+03
6.313000000000000000e+03
6.021000000000000000e+03
6.106000000000000000e+03
6.240000000000000000e+03
5.951000000000000000e+03
6.190000000000000000e+03
6.155000000000000000e+03
6.057000000000000000e+03
6.327000000000000000e+03
6.641000000000000000e+03
7.016000000000000000e+03
7.287000000000000000e+03
6.370000000000000000e+03
6.902000000000000000e+03
7.016000000000000000e+03
7.391000000000000000e+03
6.420000000000000000e+03
5.378000000000000000e+03
5.276000000000000000e+03
5.273000000000000000e+03
5.610000000000000000e+03
6.132000000000000000e+03
6.215000000000000000e+03
5.913000000000000000e+03
6.195000000000000000e+03
6.280000000000000000e+03
5.870000000000000000e+03
6.746000000000000000e+03
7.305000000000000000e+03
7.004000000000000000e+03
6.459000000000000000e+03
6.571000000000000000e+03
5.790000000000000000e+03
6.114000000000000000e+03
6.830000000000000000e+03
7.588000000000000000e+03
7.545000000000000000e+03
6.288000000000000000e+03
6.394000000000000000e+03
6.246000000000000000e+03
6.235000000000000000e+03
7.054000000000000000e+03
7.167000000000000000e+03
7.260000000000000000e+03
7.437000000000000000e+03
7.488000000000000000e+03
7.274000000000000000e+03
7.193000000000000000e+03
6.628000000000000000e+03
6.337000000000000000e+03
6.603000000000000000e+03
6.188000000000000000e+03
6.342000000000000000e+03
6.547000000000000000e+03
6.414000000000000000e+03
5.728000000000000000e+03
5.361000000000000000e+03
5.348000000000000000e+03
5.426000000000000000e+03
5.370000000000000000e+03
5.007000000000000000e+03
4.962000000000000000e+03
4.722000000000000000e+03
4.165000000000000000e+03
3.565000000000000000e+03
3.053000000000000000e+03
2.627000000000000000e+03
2.420000000000000000e+03
2.559000000000000000e+03
2.313000000000000000e+03
2.368000000000000000e+03
2.316000000000000000e+03
2.390000000000000000e+03
2.806000000000000000e+03
3.120000000000000000e+03
3.710000000000000000e+03
4.357000000000000000e+03
5.136000000000000000e+03
5.795000000000000000e+03
6.572000000000000000e+03
7.326000000000000000e+03
8.606000000000000000e+03
1.066000000000000000e+04
1.360100000000000000e+04
1.834800000000000000e+04
2.482400000000000000e+04
3.501100000000000000e+04
4.457000000000000000e+04
5.497500000000000000e+04
6.379600000000000000e+04
6.528100000000000000e+04
5.845700000000000000e+04
4.314900000000000000e+04
2.560600000000000000e+04
2.552300000000000000e+04
