1.541100000000000000e+04
3.530000000000000000e+02
5.755000000000000000e+03
6.419000000000000000e+03
4.540000000000000000e+02
4.855800000000000000e+04
7.313000000000000000e+03
1.050000000000000000e+03
2.204500000000000000e+04
1.490400000000000000e+04
2.877500000000000000e+04
4.188900000000000000e+04
8.479800000000000000e+04
1.083960000000000000e+05
1.522100000000000000e+04
2.655000000000000000e+04
4.490800000000000000e+04
3.996000000000000000e+03
5.689000000000000000e+03
1.580850000000000000e+05
3.022000000000000000e+03
4.247000000000000000e+03
6.500000000000000000e+02
3.770000000000000000e+02
1.611000000000000000e+03
2.189000000000000000e+03
7.300000000000000000e+01
4.000000000000000000e+00
4.000000000000000000e+00
1.000000000000000000e+00
2.452000000000000000e+03
0.000000000000000000e+00
6.000000000000000000e+00
0.000000000000000000e+00
2.360000000000000000e+02
2.367000000000000000e+03
1.895000000000000000e+03
0.000000000000000000e+00
7.000000000000000000e+00
1.000000000000000000e+00
8.500000000000000000e+01
0.000000000000000000e+00
7.570000000000000000e+02
3.490000000000000000e+02
0.000000000000000000e+00
1.200000000000000000e+01
0.000000000000000000e+00
0.000000000000000000e+00
2.800000000000000000e+01
0.000000000000000000e+00
9.620000000000000000e+02
1.810000000000000000e+02
7.000000000000000000e+00
0.000000000000000000e+00
8.000000000000000000e+00
3.810000000000000000e+02
3.100000000000000000e+01
5.100000000000000000e+01
0.000000000000000000e+00
0.000000000000000000e+00
1.840000000000000000e+02
0.000000000000000000e+00
2.000000000000000000e+00
4.400000000000000000e+01
0.000000000000000000e+00
6.000000000000000000e+01
7.640000000000000000e+02
3.800000000000000000e+01
3.030000000000000000e+02
8.200000000000000000e+01
2.670000000000000000e+02
1.300000000000000000e+01
5.000000000000000000e+00
2.670000000000000000e+02
1.496000000000000000e+03
1.932000000000000000e+03
2.420000000000000000e+02
2.000000000000000000e+00
0.000000000000000000e+00
7.880000000000000000e+02
1.567000000000000000e+03
5.000000000000000000e+01
3.000000000000000000e+00
1.150000000000000000e+03
4.730000000000000000e+02
4.410000000000000000e+02
1.300000000000000000e+01
1.458000000000000000e+03
4.040000000000000000e+02
2.090000000000000000e+02
3.781000000000000000e+03
1.026000000000000000e+03
9.030000000000000000e+02
2.333000000000000000e+03
7.400000000000000000e+02
1.099700000000000000e+04
5.412000000000000000e+03
7.530000000000000000e+03
2.377500000000000000e+04
2.805200000000000000e+04
3.867100000000000000e+04
2.657100000000000000e+04
1.292200000000000000e+04
1.061200000000000000e+04
5.002000000000000000e+03
5.842000000000000000e+03
4.949000000000000000e+03
2.787000000000000000e+03
1.108000000000000000e+03
3.088000000000000000e+03
2.982000000000000000e+03
2.758000000000000000e+03
1.460000000000000000e+03
2.044000000000000000e+03
1.363000000000000000e+03
1.435000000000000000e+03
1.546000000000000000e+03
0.000000000000000000e+00
2.300000000000000000e+01
8.000000000000000000e+00
4.045000000000000000e+03
0.000000000000000000e+00
1.910000000000000000e+02
0.000000000000000000e+00
1.198000000000000000e+03
2.611000000000000000e+03
1.041000000000000000e+03
2.000000000000000000e+00
2.370000000000000000e+02
6.800000000000000000e+01
4.380000000000000000e+02
0.000000000000000000e+00
1.715000000000000000e+03
1.038000000000000000e+03
0.000000000000000000e+00
6.300000000000000000e+01
3.000000000000000000e+00
0.000000000000000000e+00
1.580000000000000000e+02
0.000000000000000000e+00
1.219000000000000000e+03
5.890000000000000000e+02
3.500000000000000000e+01
0.000000000000000000e+00
1.000000000000000000e+00
2.209000000000000000e+03
1.960000000000000000e+02
4.000000000000000000e+00
0.000000000000000000e+00
0.000000000000000000e+00
6.640000000000000000e+02
0.000000000000000000e+00
0.000000000000000000e+00
2.700000000000000000e+01
0.000000000000000000e+00
9.000000000000000000e+00
2.302000000000000000e+03
2.000000000000000000e+00
1.800000000000000000e+01
0.000000000000000000e+00
1.285000000000000000e+03
0.000000000000000000e+00
0.000000000000000000e+00
6.290000000000000000e+02
1.190000000000000000e+02
1.795000000000000000e+03
1.000000000000000000e+00
0.000000000000000000e+00
0.000000000000000000e+00
5.320000000000000000e+02
4.254000000000000000e+03
0.000000000000000000e+00
0.000000000000000000e+00
2.336000000000000000e+03
1.960000000000000000e+02
4.810000000000000000e+02
1.400000000000000000e+01
5.061000000000000000e+03
1.490000000000000000e+02
1.250000000000000000e+02
6.408000000000000000e+03
8.000000000000000000e+00
3.138000000000000000e+03
2.652000000000000000e+03
1.937000000000000000e+03
5.185000000000000000e+03
5.697000000000000000e+03
6.998000000000000000e+03
1.600830000000000000e+05
9.337400000000000000e+04
4.258000000000000000e+03
4.351500000000000000e+04
4.498000000000000000e+03
7.628000000000000000e+03
4.586000000000000000e+03
5.305000000000000000e+03
3.744000000000000000e+03
3.956000000000000000e+03
4.709000000000000000e+03
4.791000000000000000e+03
7.445000000000000000e+03
6.170000000000000000e+03
8.990000000000000000e+03
9.626000000000000000e+03
1.035900000000000000e+04
1.355800000000000000e+04
1.738400000000000000e+04
1.371200000000000000e+04
1.952400000000000000e+04
1.317500000000000000e+04
1.620300000000000000e+04
2.349400000000000000e+04
1.644100000000000000e+04
2.225800000000000000e+04
1.963300000000000000e+04
2.242800000000000000e+04
2.405400000000000000e+04
2.402200000000000000e+04
2.053600000000000000e+04
1.428400000000000000e+04
1.768800000000000000e+04
1.340900000000000000e+04
1.413000000000000000e+04
1.278300000000000000e+04
6.779000000000000000e+03
6.775000000000000000e+03
5.503000000000000000e+03
4.960000000000000000e+03
4.000000000000000000e+03
3.835000000000000000e+03
3.029000000000000000e+03
2.911000000000000000e+03
2.595000000000000000e+03
2.629000000000000000e+03
1.972000000000000000e+03
2.119000000000000000e+03
1.883000000000000000e+03
1.971000000000000000e+03
1.568000000000000000e+03
1.532000000000000000e+03
1.428000000000000000e+03
1.495000000000000000e+03
1.395000000000000000e+03
4.990000000000000000e+02
1.519000000000000000e+03
1.226000000000000000e+03
5.580000000000000000e+02
1.182000000000000000e+03
1.148000000000000000e+03
4.620000000000000000e+02
1.147000000000000000e+03
1.073000000000000000e+03
8.890000000000000000e+02
8.980000000000000000e+02
9.860000000000000000e+02
1.341000000000000000e+03
4.710000000000000000e+02
1.460000000000000000e+03
1.143000000000000000e+03
6.180000000000000000e+02
7.050000000000000000e+02
1.181000000000000000e+03
4.600000000000000000e+02
1.754000000000000000e+03
1.160000000000000000e+02
2.423000000000000000e+03
9.800000000000000000e+01
2.058000000000000000e+03
7.650000000000000000e+02
9.320000000000000000e+02
2.195000000000000000e+03
1.146000000000000000e+03
1.265000000000000000e+03
2.053000000000000000e+03
1.483000000000000000e+03
1.036000000000000000e+03
2.108000000000000000e+03
7.680000000000000000e+02
1.658000000000000000e+03
1.455000000000000000e+03
1.304000000000000000e+03
1.054000000000000000e+03
1.612000000000000000e+03
1.166000000000000000e+03
1.111000000000000000e+03
6.030000000000000000e+02
2.270000000000000000e+03
9.290000000000000000e+02
1.342000000000000000e+03
1.856000000000000000e+03
3.110000000000000000e+02
1.287000000000000000e+03
7.890000000000000000e+02
2.686000000000000000e+03
9.910000000000000000e+02
6.150000000000000000e+02
1.060000000000000000e+03
1.190000000000000000e+03
1.937000000000000000e+03
3.090000000000000000e+02
1.768000000000000000e+03
5.320000000000000000e+02
7.910000000000000000e+02
1.056000000000000000e+03
1.452000000000000000e+03
2.160000000000000000e+02
1.500000000000000000e+01
9.180000000000000000e+02
2.157000000000000000e+03
1.200000000000000000e+01
2.300000000000000000e+02
1.481000000000000000e+03
8.770000000000000000e+02
4.300000000000000000e+02
5.600000000000000000e+02
1.221000000000000000e+03
2.530000000000000000e+02
1.005000000000000000e+03
6.380000000000000000e+02
3.750000000000000000e+02
1.035000000000000000e+03
2.290000000000000000e+02
8.790000000000000000e+02
5.700000000000000000e+02
4.890000000000000000e+02
8.530000000000000000e+02
4.460000000000000000e+02
6.530000000000000000e+02
1.159000000000000000e+03
8.560000000000000000e+02
2.810000000000000000e+02
3.400000000000000000e+02
1.157000000000000000e+03
9.270000000000000000e+02
6.100000000000000000e+01
8.120000000000000000e+02
1.856000000000000000e+03
1.190000000000000000e+02
5.730000000000000000e+02
4.490000000000000000e+02
8.290000000000000000e+02
5.750000000000000000e+02
3.370000000000000000e+02
2.060000000000000000e+02
6.490000000000000000e+02
5.370000000000000000e+02
1.480000000000000000e+02
6.080000000000000000e+02
2.130000000000000000e+02
2.000000000000000000e+00
1.267000000000000000e+03
2.000000000000000000e+00
1.560000000000000000e+02
5.290000000000000000e+02
1.020000000000000000e+02
2.900000000000000000e+02
2.030000000000000000e+02
5.020000000000000000e+02
7.000000000000000000e+01
2.790000000000000000e+02
1.040000000000000000e+02
2.940000000000000000e+02
3.640000000000000000e+02
6.600000000000000000e+01
1.940000000000000000e+02
2.040000000000000000e+02
1.420000000000000000e+02
1.480000000000000000e+02
2.750000000000000000e+02
2.420000000000000000e+02
1.000000000000000000e+01
2.780000000000000000e+02
0.000000000000000000e+00
2.680000000000000000e+02
7.800000000000000000e+01
6.900000000000000000e+01
1.180000000000000000e+02
2.510000000000000000e+02
4.200000000000000000e+01
7.000000000000000000e+01
1.260000000000000000e+02
5.500000000000000000e+01
9.200000000000000000e+01
3.900000000000000000e+01
2.380000000000000000e+02
1.200000000000000000e+01
1.250000000000000000e+02
4.400000000000000000e+01
7.500000000000000000e+01
6.100000000000000000e+01
1.300000000000000000e+01
1.990000000000000000e+02
2.000000000000000000e+00
9.100000000000000000e+01
6.500000000000000000e+01
2.100000000000000000e+01
5.000000000000000000e+01
4.700000000000000000e+01
1.400000000000000000e+01
1.180000000000000000e+02
7.500000000000000000e+01
3.100000000000000000e+01
4.700000000000000000e+01
2.300000000000000000e+01
5.000000000000000000e+01
6.000000000000000000e+00
1.400000000000000000e+01
5.900000000000000000e+01
4.500000000000000000e+01
2.600000000000000000e+01
3.400000000000000000e+01
2.900000000000000000e+01
2.800000000000000000e+01
1.500000000000000000e+01
2.700000000000000000e+01
3.000000000000000000e+01
2.100000000000000000e+01
2.000000000000000000e+01
6.000000000000000000e+00
1.300000000000000000e+01
4.000000000000000000e+00
3.000000000000000000e+00
5.000000000000000000e+00
2.500000000000000000e+01
1.400000000000000000e+01
2.300000000000000000e+01
1.500000000000000000e+01
1.100000000000000000e+01
1.000000000000000000e+00
0.000000000000000000e+00
0.000000000000000000e+00
0.000000000000000000e+00
0.000000000000000000e+00
0.000000000000000000e+00
0.000000000000000000e+00
1.050000000000000000e+02
0.000000000000000000e+00
0.000000000000000000e+00
0.000000000000000000e+00
0.000000000000000000e+00
0.000000000000000000e+00
0.000000000000000000e+00
0.000000000000000000e+00
0.000000000000000000e+00
0.000000000000000000e+00
0.000000000000000000e+00
0.000000000000000000e+00
1.000000000000000000e+00
0.000000000000000000e+00
2.000000000000000000e+00
7.000000000000000000e+00
9.000000000000000000e+00
1.400000000000000000e+01
2.500000000000000000e+01
6.000000000000000000e+01
1.110000000000000000e+02
1.530000000000000000e+02
2.700000000000000000e+02
4.730000000000000000e+02
7.120000000000000000e+02
1.191000000000000000e+03
2.280000000000000000e+03
3.496000000000000000e+03
4.804000000000000000e+03
4.521000000000000000e+03
4.424000000000000000e+03
4.689000000000000000e+03
4.912000000000000000e+03
5.129000000000000000e+03
5.731000000000000000e+03
6.244000000000000000e+03
6.525000000000000000e+03
6.822000000000000000e+03
5.913000000000000000e+03
5.474000000000000000e+03
6.447000000000000000e+03
4.466000000000000000e+03
4.240000000000000000e+03
3.890000000000000000e+03
3.745000000000000000e+03
3.485000000000000000e+03
3.182000000000000000e+03
2.702000000000000000e+03
2.331000000000000000e+03
2.110000000000000000e+03
2.027000000000000000e+03
2.017000000000000000e+03
2.150000000000000000e+03
2.150000000000000000e+03
2.207000000000000000e+03
2.467000000000000000e+03
2.322000000000000000e+03
2.064000000000000000e+03
2.006000000000000000e+03
1.865000000000000000e+03
1.744000000000000000e+03
1.660000000000000000e+03
1.615000000000000000e+03
1.559000000000000000e+03
1.517000000000000000e+03
1.484000000000000000e+03
1.242000000000000000e+03
1.235000000000000000e+03
1.148000000000000000e+03
1.190000000000000000e+03
1.100000000000000000e+03
1.074000000000000000e+03
9.600000000000000000e+02
9.810000000000000000e+02
9.910000000000000000e+02
8.960000000000000000e+02
8.880000000000000000e+02
7.980000000000000000e+02
8.250000000000000000e+02
8.180000000000000000e+02
7.740000000000000000e+02
7.570000000000000000e+02
7.370000000000000000e+02
7.000000000000000000e+02
7.420000000000000000e+02
6.890000000000000000e+02
6.270000000000000000e+02
6.770000000000000000e+02
6.370000000000000000e+02
6.460000000000000000e+02
6.280000000000000000e+02
6.120000000000000000e+02
6.640000000000000000e+02
6.530000000000000000e+02
5.810000000000000000e+02
5.870000000000000000e+02
5.700000000000000000e+02
5.660000000000000000e+02
6.080000000000000000e+02
5.260000000000000000e+02
5.780000000000000000e+02
5.380000000000000000e+02
5.570000000000000000e+02
5.600000000000000000e+02
5.590000000000000000e+02
5.360000000000000000e+02
5.100000000000000000e+02
5.060000000000000000e+02
4.930000000000000000e+02
4.860000000000000000e+02
5.020000000000000000e+02
4.930000000000000000e+02
5.120000000000000000e+02
5.280000000000000000e+02
5.340000000000000000e+02
5.640000000000000000e+02
5.960000000000000000e+02
6.150000000000000000e+02
6.920000000000000000e+02
6.390000000000000000e+02
7.370000000000000000e+02
7.650000000000000000e+02
9.070000000000000000e+02
1.043000000000000000e+03
1.197000000000000000e+03
1.390000000000000000e+03
1.606000000000000000e+03
1.755000000000000000e+03
1.754000000000000000e+03
1.894000000000000000e+03
2.030000000000000000e+03
2.062000000000000000e+03
2.208000000000000000e+03
2.506000000000000000e+03
2.752000000000000000e+03
3.011000000000000000e+03
3.318000000000000000e+03
3.587000000000000000e+03
3.637000000000000000e+03
3.780000000000000000e+03
3.955000000000000000e+03
4.201000000000000000e+03
4.238000000000000000e+03
4.245000000000000000e+03
4.284000000000000000e+03
4.437000000000000000e+03
4.484000000000000000e+03
4.776000000000000000e+03
4.941000000000000000e+03
5.236000000000000000e+03
5.527000000000000000e+03
5.680000000000000000e+03
5.796000000000000000e+03
6.146000000000000000e+03
6.149000000000000000e+03
6.046000000000000000e+03
6.241000000000000000e+03
6.176000000000000000e+03
6.195000000000000000e+03
6.058000000000000000e+03
5.846000000000000000e+03
5.728000000000000000e+03
5.617000000000000000e+03
5.432000000000000000e+03
5.302000000000000000e+03
4.969000000000000000e+03
4.851000000000000000e+03
4.499000000000000000e+03
4.453000000000000000e+03
4.334000000000000000e+03
4.149000000000000000e+03
4.047000000000000000e+03
3.874000000000000000e+03
3.662000000000000000e+03
3.499000000000000000e+03
3.448000000000000000e+03
3.430000000000000000e+03
3.365000000000000000e+03
3.075000000000000000e+03
3.006000000000000000e+03
2.801000000000000000e+03
2.702000000000000000e+03
2.590000000000000000e+03
2.602000000000000000e+03
2.514000000000000000e+03
2.576000000000000000e+03
2.473000000000000000e+03
2.357000000000000000e+03
2.459000000000000000e+03
2.514000000000000000e+03
2.681000000000000000e+03
2.738000000000000000e+03
3.264000000000000000e+03
3.771000000000000000e+03
5.285000000000000000e+03
7.387000000000000000e+03
7.165000000000000000e+03
7.104000000000000000e+03
8.731000000000000000e+03
9.660000000000000000e+03
9.332000000000000000e+03
8.877000000000000000e+03
6.819000000000000000e+03
5.244000000000000000e+03
4.029000000000000000e+03
3.489000000000000000e+03
3.609000000000000000e+03
3.780000000000000000e+03
5.479000000000000000e+03
5.436000000000000000e+03
4.614000000000000000e+03
4.497000000000000000e+03
3.983000000000000000e+03
3.564000000000000000e+03
3.787000000000000000e+03
3.249000000000000000e+03
3.034000000000000000e+03
2.867000000000000000e+03
2.830000000000000000e+03
2.747000000000000000e+03
2.424000000000000000e+03
2.048000000000000000e+03
1.912000000000000000e+03
1.460000000000000000e+03
1.055000000000000000e+03
1.036000000000000000e+03
9.520000000000000000e+02
9.010000000000000000e+02
9.700000000000000000e+02
8.910000000000000000e+02
8.460000000000000000e+02
7.970000000000000000e+02
8.890000000000000000e+02
8.890000000000000000e+02
1.096000000000000000e+03
1.243000000000000000e+03
1.768000000000000000e+03
1.626000000000000000e+03
1.179000000000000000e+03
1.243000000000000000e+03
1.396000000000000000e+03
1.186000000000000000e+03
1.128000000000000000e+03
1.214000000000000000e+03
1.614000000000000000e+03
6.191000000000000000e+03
2.830800000000000000e+04
4.630600000000000000e+04
8.657000000000000000e+04
7.424100000000000000e+04
2.841900000000000000e+04
2.175700000000000000e+04
8.412000000000000000e+03
1.389000000000000000e+03
2.240000000000000000e+02
1.610000000000000000e+02
3.140000000000000000e+02
