5.344300000000000000e+04
3.613000000000000000e+03
2.615000000000000000e+03
1.712000000000000000e+03
1.247000000000000000e+03
1.824000000000000000e+03
6.273000000000000000e+03
6.320000000000000000e+02
2.749000000000000000e+03
3.336000000000000000e+03
1.557500000000000000e+04
7.219500000000000000e+04
1.538280000000000000e+05
2.628630000000000000e+05
1.425150000000000000e+05
1.111870000000000000e+05
7.271400000000000000e+04
2.661600000000000000e+04
2.533100000000000000e+04
1.387700000000000000e+04
2.339100000000000000e+04
2.302200000000000000e+04
9.870000000000000000e+03
8.890000000000000000e+03
1.353400000000000000e+04
2.899500000000000000e+04
3.580000000000000000e+03
2.230000000000000000e+02
3.040000000000000000e+02
2.800000000000000000e+02
5.507800000000000000e+04
7.100000000000000000e+01
5.250000000000000000e+02
2.790000000000000000e+02
9.934000000000000000e+03
1.847070000000000000e+05
1.375980000000000000e+05
1.810000000000000000e+02
5.920000000000000000e+02
2.210000000000000000e+02
1.262000000000000000e+03
8.300000000000000000e+01
5.429900000000000000e+04
2.739300000000000000e+04
7.900000000000000000e+01
2.650000000000000000e+02
2.120000000000000000e+02
2.600000000000000000e+01
5.560000000000000000e+02
7.200000000000000000e+01
1.195400000000000000e+04
1.116000000000000000e+03
2.640000000000000000e+02
8.500000000000000000e+01
1.470000000000000000e+02
4.735000000000000000e+03
4.360000000000000000e+02
1.980000000000000000e+02
1.120000000000000000e+02
2.800000000000000000e+01
1.443000000000000000e+03
1.700000000000000000e+01
1.640000000000000000e+02
2.740000000000000000e+02
1.400000000000000000e+01
1.800000000000000000e+02
6.286000000000000000e+03
3.540000000000000000e+02
2.480000000000000000e+02
5.820000000000000000e+02
1.400000000000000000e+03
6.660000000000000000e+02
9.310000000000000000e+02
5.130000000000000000e+02
1.389000000000000000e+03
3.850000000000000000e+03
8.350000000000000000e+02
2.280000000000000000e+03
7.300000000000000000e+01
8.340000000000000000e+02
6.533000000000000000e+03
1.345000000000000000e+03
2.143000000000000000e+03
4.719000000000000000e+03
2.783000000000000000e+03
3.570000000000000000e+03
4.696000000000000000e+03
9.970000000000000000e+03
1.123000000000000000e+03
3.458000000000000000e+03
1.092400000000000000e+04
7.326000000000000000e+03
3.524000000000000000e+03
5.012000000000000000e+03
8.960000000000000000e+03
1.283500000000000000e+04
1.199400000000000000e+04
1.644200000000000000e+04
5.068800000000000000e+04
6.281000000000000000e+04
6.081900000000000000e+04
4.715000000000000000e+04
5.834900000000000000e+04
7.275300000000000000e+04
8.113300000000000000e+04
2.240800000000000000e+04
9.078000000000000000e+03
4.913000000000000000e+03
2.340000000000000000e+03
3.431000000000000000e+03
5.334000000000000000e+03
2.271000000000000000e+03
1.144000000000000000e+03
9.410000000000000000e+02
5.142000000000000000e+03
1.729000000000000000e+03
1.003000000000000000e+03
1.500000000000000000e+02
2.120000000000000000e+02
2.380000000000000000e+02
1.213200000000000000e+04
7.000000000000000000e+01
3.460000000000000000e+02
1.760000000000000000e+02
6.980000000000000000e+02
1.685000000000000000e+03
2.944000000000000000e+03
1.420000000000000000e+02
3.790000000000000000e+02
1.730000000000000000e+02
3.820000000000000000e+02
4.000000000000000000e+01
1.159000000000000000e+03
8.200000000000000000e+02
4.700000000000000000e+01
2.510000000000000000e+02
1.370000000000000000e+02
2.200000000000000000e+01
3.550000000000000000e+02
4.400000000000000000e+01
2.802000000000000000e+03
4.480000000000000000e+02
1.580000000000000000e+02
7.400000000000000000e+01
1.080000000000000000e+02
5.640000000000000000e+02
3.370000000000000000e+02
1.460000000000000000e+02
6.800000000000000000e+01
2.100000000000000000e+01
4.420000000000000000e+02
1.900000000000000000e+01
8.500000000000000000e+01
2.160000000000000000e+02
2.600000000000000000e+01
1.310000000000000000e+02
1.208000000000000000e+03
1.220000000000000000e+02
1.830000000000000000e+02
2.110000000000000000e+02
6.100000000000000000e+02
1.110000000000000000e+02
1.080000000000000000e+02
3.380000000000000000e+02
4.460000000000000000e+02
1.674100000000000000e+04
2.500000000000000000e+02
2.350000000000000000e+02
1.260000000000000000e+02
3.520000000000000000e+02
1.846000000000000000e+03
2.080000000000000000e+02
3.750000000000000000e+02
2.480000000000000000e+03
9.090000000000000000e+02
8.890000000000000000e+02
7.200000000000000000e+02
2.088000000000000000e+03
1.814000000000000000e+03
2.715000000000000000e+03
4.540700000000000000e+04
4.000000000000000000e+00
1.757000000000000000e+03
2.092700000000000000e+04
5.334000000000000000e+03
3.904000000000000000e+03
7.536000000000000000e+03
1.144400000000000000e+04
1.009300000000000000e+04
9.444000000000000000e+03
1.781100000000000000e+04
2.340000000000000000e+04
3.070600000000000000e+04
5.551000000000000000e+04
8.128700000000000000e+04
6.979900000000000000e+04
6.388700000000000000e+04
4.858600000000000000e+04
3.595400000000000000e+04
2.446300000000000000e+04
1.936500000000000000e+04
1.301500000000000000e+04
1.279100000000000000e+04
1.032400000000000000e+04
8.003000000000000000e+03
7.497000000000000000e+03
8.674000000000000000e+03
9.006000000000000000e+03
9.240000000000000000e+03
7.339000000000000000e+03
9.580000000000000000e+03
8.385000000000000000e+03
8.407000000000000000e+03
7.292000000000000000e+03
7.265000000000000000e+03
6.621000000000000000e+03
8.465000000000000000e+03
5.399000000000000000e+03
6.272000000000000000e+03
6.334000000000000000e+03
5.993000000000000000e+03
4.287000000000000000e+03
3.389000000000000000e+03
6.374000000000000000e+03
4.084000000000000000e+03
4.702000000000000000e+03
5.294000000000000000e+03
3.137000000000000000e+03
4.063000000000000000e+03
3.676000000000000000e+03
2.820000000000000000e+03
5.556000000000000000e+03
2.526000000000000000e+03
3.314000000000000000e+03
2.768000000000000000e+03
4.001000000000000000e+03
2.891000000000000000e+03
4.323000000000000000e+03
3.496000000000000000e+03
3.663000000000000000e+03
3.140000000000000000e+03
3.253000000000000000e+03
2.856000000000000000e+03
2.321000000000000000e+03
5.848000000000000000e+03
2.742000000000000000e+03
2.761000000000000000e+03
2.872000000000000000e+03
2.941000000000000000e+03
2.095000000000000000e+03
3.288000000000000000e+03
2.835000000000000000e+03
2.401000000000000000e+03
3.516000000000000000e+03
2.480000000000000000e+03
2.641000000000000000e+03
1.791000000000000000e+03
3.057000000000000000e+03
2.361000000000000000e+03
2.160000000000000000e+03
2.698000000000000000e+03
2.737000000000000000e+03
2.441000000000000000e+03
3.152000000000000000e+03
1.461000000000000000e+03
6.657000000000000000e+03
1.482000000000000000e+03
3.003000000000000000e+03
2.731000000000000000e+03
2.610000000000000000e+03
3.287000000000000000e+03
3.059000000000000000e+03
3.155000000000000000e+03
2.804000000000000000e+03
3.501000000000000000e+03
2.695000000000000000e+03
4.860000000000000000e+03
2.658000000000000000e+03
4.260000000000000000e+03
3.136000000000000000e+03
3.368000000000000000e+03
3.443000000000000000e+03
5.192000000000000000e+03
3.262000000000000000e+03
3.463000000000000000e+03
2.954000000000000000e+03
4.374000000000000000e+03
3.582000000000000000e+03
3.669000000000000000e+03
4.831000000000000000e+03
3.153000000000000000e+03
4.469000000000000000e+03
4.115000000000000000e+03
4.527000000000000000e+03
4.888000000000000000e+03
4.392000000000000000e+03
5.261000000000000000e+03
4.999000000000000000e+03
5.196000000000000000e+03
5.102000000000000000e+03
6.374000000000000000e+03
5.557000000000000000e+03
5.439000000000000000e+03
6.135000000000000000e+03
6.562000000000000000e+03
5.742000000000000000e+03
7.198000000000000000e+03
5.907000000000000000e+03
1.180000000000000000e+04
7.943000000000000000e+03
6.572000000000000000e+03
7.729000000000000000e+03
7.591000000000000000e+03
8.400000000000000000e+03
8.420000000000000000e+03
9.502000000000000000e+03
9.508000000000000000e+03
9.948000000000000000e+03
9.550000000000000000e+03
9.940000000000000000e+03
1.055000000000000000e+04
1.044700000000000000e+04
1.171700000000000000e+04
1.179500000000000000e+04
1.118000000000000000e+04
1.186200000000000000e+04
1.265600000000000000e+04
1.242600000000000000e+04
1.302500000000000000e+04
1.454300000000000000e+04
1.199200000000000000e+04
1.380700000000000000e+04
1.382000000000000000e+04
1.347700000000000000e+04
1.478200000000000000e+04
1.460500000000000000e+04
1.438900000000000000e+04
1.456300000000000000e+04
1.564500000000000000e+04
1.576300000000000000e+04
1.509600000000000000e+04
1.496000000000000000e+04
1.673400000000000000e+04
1.486200000000000000e+04
1.561700000000000000e+04
1.579000000000000000e+04
1.602800000000000000e+04
1.468400000000000000e+04
1.595100000000000000e+04
1.548300000000000000e+04
1.524300000000000000e+04
1.475600000000000000e+04
1.431500000000000000e+04
1.351100000000000000e+04
1.481500000000000000e+04
1.286800000000000000e+04
1.108300000000000000e+04
1.400000000000000000e+04
1.078800000000000000e+04
1.255400000000000000e+04
1.014300000000000000e+04
1.069700000000000000e+04
9.436000000000000000e+03
9.837000000000000000e+03
8.039000000000000000e+03
8.878000000000000000e+03
7.078000000000000000e+03
6.647000000000000000e+03
7.775000000000000000e+03
5.851000000000000000e+03
5.906000000000000000e+03
6.250000000000000000e+03
4.460000000000000000e+03
4.952000000000000000e+03
4.485000000000000000e+03
4.289000000000000000e+03
3.588000000000000000e+03
3.462000000000000000e+03
3.669000000000000000e+03
3.046000000000000000e+03
2.783000000000000000e+03
2.711000000000000000e+03
2.256000000000000000e+03
2.423000000000000000e+03
2.163000000000000000e+03
2.056000000000000000e+03
1.997000000000000000e+03
1.734000000000000000e+03
1.744000000000000000e+03
1.701000000000000000e+03
1.431000000000000000e+03
1.402000000000000000e+03
1.280000000000000000e+03
1.649000000000000000e+03
1.177000000000000000e+03
1.226000000000000000e+03
1.160000000000000000e+03
1.111000000000000000e+03
1.024000000000000000e+03
1.375000000000000000e+03
1.053000000000000000e+03
1.123000000000000000e+03
1.142000000000000000e+03
1.107000000000000000e+03
9.750000000000000000e+02
1.035000000000000000e+03
1.003000000000000000e+03
1.116000000000000000e+03
1.035000000000000000e+03
1.007000000000000000e+03
1.118000000000000000e+03
1.026000000000000000e+03
1.137000000000000000e+03
1.217000000000000000e+03
1.286000000000000000e+03
1.272000000000000000e+03
1.475000000000000000e+03
1.498000000000000000e+03
1.715000000000000000e+03
1.904000000000000000e+03
2.003000000000000000e+03
2.283000000000000000e+03
2.634000000000000000e+03
2.952000000000000000e+03
3.293000000000000000e+03
4.138000000000000000e+03
4.611000000000000000e+03
5.863000000000000000e+03
7.596000000000000000e+03
8.851000000000000000e+03
1.674700000000000000e+04
1.863300000000000000e+04
4.727200000000000000e+04
5.971500000000000000e+04
2.677200000000000000e+04
1.358330000000000000e+05
4.180000000000000000e+02
7.510000000000000000e+02
1.521000000000000000e+03
3.508000000000000000e+03
6.943000000000000000e+03
6.621000000000000000e+03
5.659000000000000000e+03
5.504000000000000000e+03
6.127000000000000000e+03
6.586000000000000000e+03
6.769000000000000000e+03
6.889000000000000000e+03
6.400000000000000000e+03
5.808000000000000000e+03
5.338000000000000000e+03
5.117000000000000000e+03
5.096000000000000000e+03
4.925000000000000000e+03
4.808000000000000000e+03
4.720000000000000000e+03
4.570000000000000000e+03
4.251000000000000000e+03
4.155000000000000000e+03
3.935000000000000000e+03
3.809000000000000000e+03
3.721000000000000000e+03
3.820000000000000000e+03
3.798000000000000000e+03
3.621000000000000000e+03
3.500000000000000000e+03
3.612000000000000000e+03
3.515000000000000000e+03
3.673000000000000000e+03
3.477000000000000000e+03
3.498000000000000000e+03
3.321000000000000000e+03
3.233000000000000000e+03
3.542000000000000000e+03
3.668000000000000000e+03
3.896000000000000000e+03
4.099000000000000000e+03
3.979000000000000000e+03
4.002000000000000000e+03
3.811000000000000000e+03
3.824000000000000000e+03
3.738000000000000000e+03
3.874000000000000000e+03
3.960000000000000000e+03
3.867000000000000000e+03
3.897000000000000000e+03
3.756000000000000000e+03
3.837000000000000000e+03
4.013000000000000000e+03
4.215000000000000000e+03
4.356000000000000000e+03
4.676000000000000000e+03
4.758000000000000000e+03
5.140000000000000000e+03
5.110000000000000000e+03
5.478000000000000000e+03
5.688000000000000000e+03
6.156000000000000000e+03
6.467000000000000000e+03
6.909000000000000000e+03
7.233000000000000000e+03
7.452000000000000000e+03
7.955000000000000000e+03
8.382000000000000000e+03
8.868000000000000000e+03
9.416000000000000000e+03
9.905000000000000000e+03
1.041200000000000000e+04
1.098300000000000000e+04
1.132400000000000000e+04
1.192500000000000000e+04
1.304700000000000000e+04
1.367000000000000000e+04
1.500400000000000000e+04
1.648200000000000000e+04
1.724700000000000000e+04
1.879000000000000000e+04
1.976800000000000000e+04
2.171700000000000000e+04
2.271300000000000000e+04
2.382900000000000000e+04
2.486700000000000000e+04
2.627900000000000000e+04
2.728900000000000000e+04
2.824400000000000000e+04
2.906900000000000000e+04
2.943700000000000000e+04
2.956500000000000000e+04
2.923000000000000000e+04
2.870100000000000000e+04
2.796800000000000000e+04
2.715500000000000000e+04
2.634600000000000000e+04
2.526000000000000000e+04
2.433500000000000000e+04
2.360500000000000000e+04
2.273100000000000000e+04
2.230900000000000000e+04
2.155000000000000000e+04
2.083100000000000000e+04
2.037400000000000000e+04
1.994000000000000000e+04
1.934500000000000000e+04
1.871600000000000000e+04
1.810500000000000000e+04
1.757200000000000000e+04
1.694600000000000000e+04
1.626500000000000000e+04
1.566700000000000000e+04
1.520000000000000000e+04
1.475000000000000000e+04
1.414400000000000000e+04
1.362900000000000000e+04
1.349500000000000000e+04
1.293900000000000000e+04
1.237800000000000000e+04
1.206300000000000000e+04
1.171800000000000000e+04
1.137900000000000000e+04
1.110600000000000000e+04
1.071400000000000000e+04
1.059500000000000000e+04
1.035700000000000000e+04
1.023800000000000000e+04
1.032300000000000000e+04
1.023900000000000000e+04
1.003600000000000000e+04
1.015000000000000000e+04
9.944000000000000000e+03
9.720000000000000000e+03
9.543000000000000000e+03
9.267000000000000000e+03
8.872000000000000000e+03
8.921000000000000000e+03
8.816000000000000000e+03
9.095000000000000000e+03
9.139000000000000000e+03
9.117000000000000000e+03
9.029000000000000000e+03
9.662000000000000000e+03
1.087900000000000000e+04
1.200900000000000000e+04
1.124700000000000000e+04
1.083100000000000000e+04
1.307900000000000000e+04
1.663500000000000000e+04
1.576500000000000000e+04
1.622200000000000000e+04
1.563900000000000000e+04
1.652300000000000000e+04
1.582900000000000000e+04
1.435900000000000000e+04
1.404900000000000000e+04
1.354500000000000000e+04
1.278500000000000000e+04
1.066900000000000000e+04
9.634000000000000000e+03
9.391000000000000000e+03
8.837000000000000000e+03
8.657000000000000000e+03
7.990000000000000000e+03
7.325000000000000000e+03
7.150000000000000000e+03
6.771000000000000000e+03
6.921000000000000000e+03
6.949000000000000000e+03
7.007000000000000000e+03
7.112000000000000000e+03
7.152000000000000000e+03
7.348000000000000000e+03
7.547000000000000000e+03
7.903000000000000000e+03
7.548000000000000000e+03
8.048000000000000000e+03
8.505000000000000000e+03
9.831000000000000000e+03
1.086800000000000000e+04
1.044300000000000000e+04
1.069200000000000000e+04
1.088200000000000000e+04
9.350000000000000000e+03
8.472000000000000000e+03
8.560000000000000000e+03
8.388000000000000000e+03
9.289000000000000000e+03
1.058200000000000000e+04
1.160200000000000000e+04
1.352000000000000000e+04
1.304000000000000000e+04
1.143000000000000000e+04
1.041300000000000000e+04
9.559000000000000000e+03
8.924000000000000000e+03
8.592000000000000000e+03
8.003000000000000000e+03
7.169000000000000000e+03
6.546000000000000000e+03
5.839000000000000000e+03
5.452000000000000000e+03
4.751000000000000000e+03
4.404000000000000000e+03
4.250000000000000000e+03
4.120000000000000000e+03
4.159000000000000000e+03
4.039000000000000000e+03
4.083000000000000000e+03
4.375000000000000000e+03
4.477000000000000000e+03
4.633000000000000000e+03
4.641000000000000000e+03
4.699000000000000000e+03
4.735000000000000000e+03
4.922000000000000000e+03
4.697000000000000000e+03
4.289000000000000000e+03
3.652000000000000000e+03
3.027000000000000000e+03
2.671000000000000000e+03
2.415000000000000000e+03
2.303000000000000000e+03
2.165000000000000000e+03
2.031000000000000000e+03
1.976000000000000000e+03
1.821000000000000000e+03
1.686000000000000000e+03
1.603000000000000000e+03
1.607000000000000000e+03
1.623000000000000000e+03
1.482000000000000000e+03
1.442000000000000000e+03
1.292000000000000000e+03
1.213000000000000000e+03
1.200000000000000000e+03
1.189000000000000000e+03
9.260000000000000000e+02
7.340000000000000000e+02
5.550000000000000000e+02
4.420000000000000000e+02
4.550000000000000000e+02
4.030000000000000000e+02
3.740000000000000000e+02
3.140000000000000000e+02
2.890000000000000000e+02
2.720000000000000000e+02
2.630000000000000000e+02
3.090000000000000000e+02
3.220000000000000000e+02
3.300000000000000000e+02
3.130000000000000000e+02
3.900000000000000000e+02
4.230000000000000000e+02
9.740000000000000000e+02
