1.377700000000000000e+04
4.000000000000000000e+00
9.000000000000000000e+00
5.500000000000000000e+01
5.000000000000000000e+00
6.600000000000000000e+01
4.170000000000000000e+02
4.000000000000000000e+00
6.900000000000000000e+01
2.100000000000000000e+01
8.000000000000000000e+00
1.430000000000000000e+02
1.500000000000000000e+01
2.590000000000000000e+02
2.200000000000000000e+01
6.400000000000000000e+01
5.400000000000000000e+01
1.200000000000000000e+01
1.000000000000000000e+01
1.190000000000000000e+02
5.290000000000000000e+02
5.300000000000000000e+01
9.000000000000000000e+00
4.000000000000000000e+01
2.160000000000000000e+02
1.020000000000000000e+02
1.800000000000000000e+01
1.000000000000000000e+00
2.000000000000000000e+00
1.000000000000000000e+00
9.220000000000000000e+02
0.000000000000000000e+00
1.000000000000000000e+01
3.000000000000000000e+00
4.300000000000000000e+01
8.400000000000000000e+01
2.670000000000000000e+02
5.000000000000000000e+00
2.400000000000000000e+01
6.000000000000000000e+00
3.400000000000000000e+01
4.000000000000000000e+00
2.220000000000000000e+02
6.200000000000000000e+01
3.000000000000000000e+00
4.900000000000000000e+01
1.000000000000000000e+01
1.000000000000000000e+00
5.200000000000000000e+01
2.000000000000000000e+00
5.340000000000000000e+02
5.200000000000000000e+01
1.600000000000000000e+01
1.100000000000000000e+01
4.000000000000000000e+00
1.360000000000000000e+02
3.900000000000000000e+01
1.100000000000000000e+01
2.000000000000000000e+00
0.000000000000000000e+00
8.270000000000000000e+02
0.000000000000000000e+00
5.000000000000000000e+00
4.700000000000000000e+01
2.000000000000000000e+00
2.000000000000000000e+01
4.250000000000000000e+02
1.700000000000000000e+01
4.400000000000000000e+01
3.500000000000000000e+01
2.040000000000000000e+02
1.100000000000000000e+01
3.200000000000000000e+01
8.100000000000000000e+01
8.600000000000000000e+01
2.172000000000000000e+03
3.300000000000000000e+01
3.300000000000000000e+01
1.000000000000000000e+01
1.470000000000000000e+02
7.850000000000000000e+02
2.400000000000000000e+01
1.400000000000000000e+01
9.240000000000000000e+02
2.520000000000000000e+02
2.380000000000000000e+02
4.100000000000000000e+01
9.190000000000000000e+02
1.850000000000000000e+02
4.800000000000000000e+01
2.046000000000000000e+03
1.080000000000000000e+02
7.980000000000000000e+02
1.114000000000000000e+03
6.570000000000000000e+02
5.325000000000000000e+03
9.380000000000000000e+03
3.712000000000000000e+03
3.519300000000000000e+04
2.303400000000000000e+04
4.963300000000000000e+04
2.053990000000000000e+05
3.058500000000000000e+04
1.514660000000000000e+05
5.488400000000000000e+04
3.672400000000000000e+04
1.283040000000000000e+05
8.579000000000000000e+03
6.191000000000000000e+03
1.308080000000000000e+05
2.654400000000000000e+04
8.718000000000000000e+03
9.420000000000000000e+02
1.421000000000000000e+03
4.583560000000000000e+05
1.636300000000000000e+04
8.200000000000000000e+02
1.780000000000000000e+02
1.630000000000000000e+02
9.200000000000000000e+01
4.965000000000000000e+04
8.000000000000000000e+00
1.780000000000000000e+02
8.500000000000000000e+01
6.410000000000000000e+02
7.977000000000000000e+03
6.186000000000000000e+04
4.600000000000000000e+01
3.570000000000000000e+02
8.100000000000000000e+01
4.150000000000000000e+02
2.100000000000000000e+01
1.653000000000000000e+03
9.830000000000000000e+02
2.100000000000000000e+01
3.390000000000000000e+02
5.800000000000000000e+01
1.800000000000000000e+01
2.590000000000000000e+02
1.800000000000000000e+01
1.681000000000000000e+03
3.540000000000000000e+02
7.100000000000000000e+01
5.900000000000000000e+01
8.800000000000000000e+01
4.320000000000000000e+02
1.690000000000000000e+02
5.300000000000000000e+01
1.200000000000000000e+01
2.000000000000000000e+00
2.290000000000000000e+02
1.000000000000000000e+00
2.300000000000000000e+01
5.900000000000000000e+01
1.400000000000000000e+01
3.400000000000000000e+01
5.000000000000000000e+02
3.800000000000000000e+01
8.300000000000000000e+01
4.300000000000000000e+01
2.780000000000000000e+02
1.800000000000000000e+01
3.100000000000000000e+01
1.050000000000000000e+02
7.100000000000000000e+01
1.058000000000000000e+03
2.300000000000000000e+01
2.500000000000000000e+01
1.100000000000000000e+01
6.000000000000000000e+01
3.410000000000000000e+02
2.400000000000000000e+01
1.000000000000000000e+01
3.840000000000000000e+02
4.600000000000000000e+01
3.200000000000000000e+01
2.000000000000000000e+01
1.140000000000000000e+02
1.900000000000000000e+01
7.000000000000000000e+00
1.290800000000000000e+04
2.100000000000000000e+01
5.220000000000000000e+02
5.130000000000000000e+02
4.750000000000000000e+02
7.720000000000000000e+02
4.269000000000000000e+03
9.290000000000000000e+02
2.564000000000000000e+03
5.011000000000000000e+03
7.975000000000000000e+03
2.369000000000000000e+03
5.653000000000000000e+04
4.453900000000000000e+04
1.142800000000000000e+04
9.582000000000000000e+03
1.409300000000000000e+04
1.306800000000000000e+04
9.045000000000000000e+03
6.266000000000000000e+03
1.156000000000000000e+04
1.981400000000000000e+04
8.467000000000000000e+03
8.129000000000000000e+03
1.099600000000000000e+04
9.232000000000000000e+03
1.079300000000000000e+04
1.416400000000000000e+04
1.489300000000000000e+04
1.083900000000000000e+04
1.687600000000000000e+04
8.256000000000000000e+03
1.231400000000000000e+04
7.924000000000000000e+03
5.875000000000000000e+03
4.212000000000000000e+03
6.132000000000000000e+03
4.405000000000000000e+03
1.031800000000000000e+04
8.736000000000000000e+03
1.383600000000000000e+04
1.144800000000000000e+04
9.834000000000000000e+03
1.917500000000000000e+04
2.233900000000000000e+04
1.812000000000000000e+04
4.950100000000000000e+04
5.857900000000000000e+04
1.364500000000000000e+04
7.796600000000000000e+04
1.637200000000000000e+04
5.657900000000000000e+04
1.491600000000000000e+04
3.884600000000000000e+04
1.525200000000000000e+04
9.438400000000000000e+04
1.100500000000000000e+04
1.908300000000000000e+04
1.049220000000000000e+05
7.027000000000000000e+03
2.042700000000000000e+04
6.709600000000000000e+04
1.942200000000000000e+04
4.123000000000000000e+03
4.161300000000000000e+04
3.188000000000000000e+03
2.184500000000000000e+04
1.066200000000000000e+04
1.726400000000000000e+04
1.293500000000000000e+04
9.769000000000000000e+03
1.353800000000000000e+04
9.880000000000000000e+02
4.324000000000000000e+03
1.501000000000000000e+03
8.017000000000000000e+03
1.524000000000000000e+03
1.439000000000000000e+03
1.813000000000000000e+03
4.540000000000000000e+02
8.385000000000000000e+03
3.160000000000000000e+03
6.560000000000000000e+02
2.670000000000000000e+02
1.900000000000000000e+01
1.034100000000000000e+04
2.200000000000000000e+01
1.800000000000000000e+02
3.270000000000000000e+02
8.090000000000000000e+02
7.350000000000000000e+02
4.482000000000000000e+03
2.050000000000000000e+02
4.690000000000000000e+02
5.800000000000000000e+02
6.500000000000000000e+01
7.810000000000000000e+02
5.310000000000000000e+02
2.519000000000000000e+03
3.800000000000000000e+02
2.990000000000000000e+02
5.700000000000000000e+01
2.441000000000000000e+03
6.900000000000000000e+01
2.420000000000000000e+02
2.460000000000000000e+02
1.627000000000000000e+03
3.890000000000000000e+02
1.690000000000000000e+02
7.340000000000000000e+02
4.500000000000000000e+01
1.780000000000000000e+02
3.550000000000000000e+02
3.440000000000000000e+02
1.320000000000000000e+02
1.780000000000000000e+02
1.525000000000000000e+03
1.650000000000000000e+02
4.260000000000000000e+02
1.820000000000000000e+02
2.510000000000000000e+02
2.120000000000000000e+02
1.750000000000000000e+02
1.650000000000000000e+02
7.500000000000000000e+01
4.800000000000000000e+01
1.500000000000000000e+01
2.170000000000000000e+02
4.283000000000000000e+03
1.400000000000000000e+01
3.500000000000000000e+01
6.700000000000000000e+01
1.270000000000000000e+02
1.350000000000000000e+02
2.210000000000000000e+02
1.430000000000000000e+02
2.010000000000000000e+02
2.510000000000000000e+02
1.030000000000000000e+02
4.320000000000000000e+02
1.860000000000000000e+02
5.700000000000000000e+01
1.749000000000000000e+03
1.810000000000000000e+02
9.600000000000000000e+01
5.000000000000000000e+01
3.160000000000000000e+02
8.600000000000000000e+01
1.270000000000000000e+02
2.270000000000000000e+02
1.250000000000000000e+02
1.330000000000000000e+02
5.100000000000000000e+01
1.030000000000000000e+03
5.600000000000000000e+01
1.200000000000000000e+02
1.470000000000000000e+02
2.150000000000000000e+02
1.180000000000000000e+02
2.092000000000000000e+03
6.200000000000000000e+01
1.300000000000000000e+02
2.620000000000000000e+02
7.500000000000000000e+01
1.290000000000000000e+02
1.640000000000000000e+02
1.140000000000000000e+02
9.900000000000000000e+01
1.170000000000000000e+02
2.700000000000000000e+01
3.056000000000000000e+03
3.000000000000000000e+01
8.800000000000000000e+01
1.040000000000000000e+02
1.570000000000000000e+02
1.590000000000000000e+02
8.100000000000000000e+01
1.760000000000000000e+02
6.000000000000000000e+01
3.490000000000000000e+02
1.180000000000000000e+02
1.170000000000000000e+02
2.407000000000000000e+03
9.500000000000000000e+01
1.340000000000000000e+02
3.210000000000000000e+02
1.020000000000000000e+02
1.760000000000000000e+02
1.550000000000000000e+02
1.160000000000000000e+02
1.230000000000000000e+02
1.303000000000000000e+03
8.500000000000000000e+01
1.250000000000000000e+02
1.450000000000000000e+02
1.660000000000000000e+02
2.280000000000000000e+02
1.680000000000000000e+02
4.030000000000000000e+02
1.170000000000000000e+02
3.070000000000000000e+02
1.920000000000000000e+02
1.960000000000000000e+02
1.900000000000000000e+02
4.580000000000000000e+02
1.920000000000000000e+02
2.540000000000000000e+02
2.530000000000000000e+02
2.030000000000000000e+02
3.230000000000000000e+02
2.420000000000000000e+02
2.720000000000000000e+02
2.350000000000000000e+02
2.768000000000000000e+03
2.690000000000000000e+02
3.800000000000000000e+02
3.730000000000000000e+02
3.180000000000000000e+02
2.480000000000000000e+02
9.680000000000000000e+02
3.470000000000000000e+02
4.300000000000000000e+02
3.660000000000000000e+02
6.840000000000000000e+02
4.600000000000000000e+02
6.050000000000000000e+02
5.070000000000000000e+02
7.710000000000000000e+02
6.190000000000000000e+02
6.300000000000000000e+02
8.610000000000000000e+02
7.790000000000000000e+02
7.350000000000000000e+02
8.690000000000000000e+02
7.910000000000000000e+02
7.230000000000000000e+02
7.440000000000000000e+02
9.070000000000000000e+02
8.550000000000000000e+02
8.070000000000000000e+02
9.200000000000000000e+02
1.089000000000000000e+03
1.066000000000000000e+03
1.038000000000000000e+03
1.241000000000000000e+03
1.525000000000000000e+03
1.354000000000000000e+03
1.352000000000000000e+03
1.945000000000000000e+03
2.001000000000000000e+03
2.403000000000000000e+03
3.293000000000000000e+03
4.814000000000000000e+03
4.883000000000000000e+03
1.292700000000000000e+04
7.854200000000000000e+04
5.374000000000000000e+03
3.260000000000000000e+03
5.161000000000000000e+03
3.548000000000000000e+03
5.467000000000000000e+03
5.539000000000000000e+03
5.054000000000000000e+03
5.125000000000000000e+03
4.575000000000000000e+03
4.175000000000000000e+03
3.466000000000000000e+03
3.236000000000000000e+03
3.200000000000000000e+03
3.957000000000000000e+03
6.023000000000000000e+03
8.340000000000000000e+03
1.271400000000000000e+04
1.801900000000000000e+04
2.924600000000000000e+04
2.562000000000000000e+04
2.446500000000000000e+04
6.342600000000000000e+04
8.814200000000000000e+04
8.051900000000000000e+04
2.778200000000000000e+04
4.062700000000000000e+04
7.817000000000000000e+04
5.439700000000000000e+04
4.280600000000000000e+04
2.193400000000000000e+04
2.202600000000000000e+04
1.610200000000000000e+04
1.818700000000000000e+04
1.399200000000000000e+04
1.408900000000000000e+04
1.469100000000000000e+04
1.140900000000000000e+04
9.143000000000000000e+03
8.025000000000000000e+03
7.517000000000000000e+03
6.196000000000000000e+03
5.986000000000000000e+03
5.803000000000000000e+03
5.685000000000000000e+03
5.938000000000000000e+03
6.435000000000000000e+03
6.051000000000000000e+03
4.986000000000000000e+03
3.589000000000000000e+03
1.988000000000000000e+03
1.311000000000000000e+03
1.074000000000000000e+03
1.069000000000000000e+03
9.420000000000000000e+02
9.110000000000000000e+02
9.030000000000000000e+02
8.300000000000000000e+02
9.100000000000000000e+02
8.750000000000000000e+02
8.500000000000000000e+02
9.060000000000000000e+02
9.800000000000000000e+02
1.102000000000000000e+03
1.229000000000000000e+03
1.127000000000000000e+03
1.101000000000000000e+03
1.150000000000000000e+03
1.247000000000000000e+03
1.090000000000000000e+03
1.304000000000000000e+03
1.021000000000000000e+03
1.216000000000000000e+03
1.211000000000000000e+03
1.118000000000000000e+03
1.012000000000000000e+03
9.270000000000000000e+02
8.670000000000000000e+02
8.480000000000000000e+02
8.180000000000000000e+02
7.650000000000000000e+02
8.490000000000000000e+02
7.080000000000000000e+02
7.000000000000000000e+02
7.390000000000000000e+02
7.740000000000000000e+02
7.620000000000000000e+02
6.710000000000000000e+02
6.800000000000000000e+02
6.480000000000000000e+02
6.610000000000000000e+02
7.190000000000000000e+02
6.550000000000000000e+02
6.790000000000000000e+02
6.640000000000000000e+02
6.930000000000000000e+02
7.260000000000000000e+02
7.840000000000000000e+02
8.040000000000000000e+02
8.330000000000000000e+02
8.600000000000000000e+02
1.019000000000000000e+03
1.108000000000000000e+03
1.284000000000000000e+03
1.369000000000000000e+03
1.597000000000000000e+03
1.693000000000000000e+03
1.923000000000000000e+03
2.332000000000000000e+03
2.540000000000000000e+03
2.710000000000000000e+03
2.832000000000000000e+03
3.038000000000000000e+03
3.117000000000000000e+03
3.236000000000000000e+03
3.292000000000000000e+03
3.386000000000000000e+03
3.377000000000000000e+03
3.421000000000000000e+03
3.485000000000000000e+03
3.604000000000000000e+03
3.639000000000000000e+03
3.697000000000000000e+03
3.532000000000000000e+03
3.400000000000000000e+03
3.229000000000000000e+03
3.277000000000000000e+03
3.207000000000000000e+03
3.181000000000000000e+03
3.145000000000000000e+03
3.237000000000000000e+03
3.226000000000000000e+03
3.238000000000000000e+03
3.266000000000000000e+03
3.414000000000000000e+03
3.523000000000000000e+03
3.550000000000000000e+03
3.417000000000000000e+03
3.476000000000000000e+03
3.540000000000000000e+03
3.495000000000000000e+03
3.520000000000000000e+03
3.395000000000000000e+03
3.477000000000000000e+03
3.547000000000000000e+03
3.588000000000000000e+03
3.876000000000000000e+03
4.005000000000000000e+03
3.980000000000000000e+03
4.314000000000000000e+03
4.521000000000000000e+03
4.651000000000000000e+03
4.902000000000000000e+03
4.803000000000000000e+03
4.731000000000000000e+03
4.668000000000000000e+03
4.576000000000000000e+03
4.435000000000000000e+03
4.635000000000000000e+03
4.610000000000000000e+03
4.545000000000000000e+03
4.625000000000000000e+03
4.616000000000000000e+03
4.615000000000000000e+03
4.589000000000000000e+03
4.769000000000000000e+03
4.722000000000000000e+03
4.753000000000000000e+03
4.820000000000000000e+03
4.832000000000000000e+03
4.729000000000000000e+03
4.566000000000000000e+03
4.561000000000000000e+03
4.753000000000000000e+03
4.854000000000000000e+03
4.702000000000000000e+03
4.726000000000000000e+03
4.726000000000000000e+03
4.794000000000000000e+03
4.691000000000000000e+03
4.739000000000000000e+03
4.787000000000000000e+03
4.605000000000000000e+03
4.567000000000000000e+03
4.585000000000000000e+03
4.725000000000000000e+03
4.684000000000000000e+03
4.792000000000000000e+03
4.839000000000000000e+03
4.793000000000000000e+03
5.407000000000000000e+03
5.627000000000000000e+03
5.563000000000000000e+03
5.988000000000000000e+03
6.003000000000000000e+03
6.351000000000000000e+03
6.540000000000000000e+03
6.879000000000000000e+03
7.144000000000000000e+03
7.134000000000000000e+03
7.551000000000000000e+03
7.237000000000000000e+03
7.053000000000000000e+03
6.775000000000000000e+03
6.986000000000000000e+03
6.755000000000000000e+03
6.663000000000000000e+03
6.388000000000000000e+03
6.214000000000000000e+03
6.516000000000000000e+03
6.343000000000000000e+03
6.005000000000000000e+03
6.364000000000000000e+03
6.280000000000000000e+03
6.035000000000000000e+03
5.710000000000000000e+03
5.445000000000000000e+03
5.451000000000000000e+03
4.817000000000000000e+03
4.769000000000000000e+03
4.379000000000000000e+03
3.924000000000000000e+03
3.830000000000000000e+03
4.179000000000000000e+03
4.829000000000000000e+03
5.033000000000000000e+03
5.048000000000000000e+03
5.809000000000000000e+03
5.589000000000000000e+03
5.727000000000000000e+03
5.451000000000000000e+03
5.099000000000000000e+03
5.052000000000000000e+03
4.531000000000000000e+03
4.486000000000000000e+03
4.605000000000000000e+03
4.362000000000000000e+03
4.489000000000000000e+03
5.041000000000000000e+03
4.625000000000000000e+03
3.445000000000000000e+03
2.255000000000000000e+03
1.902000000000000000e+03
1.359000000000000000e+03
1.245000000000000000e+03
1.706000000000000000e+03
1.091000000000000000e+03
8.930000000000000000e+02
3.360000000000000000e+02
1.280000000000000000e+02
9.300000000000000000e+01
8.400000000000000000e+01
8.300000000000000000e+01
6.900000000000000000e+01
5.600000000000000000e+01
4.000000000000000000e+01
4.160000000000000000e+02
