6.354000000000000000e+03
2.600000000000000000e+02
2.410000000000000000e+02
2.180000000000000000e+02
1.320000000000000000e+02
1.296000000000000000e+03
1.182000000000000000e+03
4.150000000000000000e+02
6.460000000000000000e+03
7.181000000000000000e+03
1.081400000000000000e+04
1.536700000000000000e+04
6.544000000000000000e+03
1.924700000000000000e+04
5.239000000000000000e+03
6.909000000000000000e+03
1.017700000000000000e+04
1.050500000000000000e+04
6.741000000000000000e+03
9.429000000000000000e+03
4.817000000000000000e+03
4.514000000000000000e+03
3.323000000000000000e+03
5.169000000000000000e+03
4.605000000000000000e+03
1.928000000000000000e+03
1.397000000000000000e+03
1.480000000000000000e+03
2.744000000000000000e+03
2.499000000000000000e+03
3.818000000000000000e+03
4.790000000000000000e+02
1.460000000000000000e+02
4.400000000000000000e+01
5.900000000000000000e+01
1.690000000000000000e+02
3.650000000000000000e+02
1.000000000000000000e+00
8.000000000000000000e+00
2.000000000000000000e+00
2.100000000000000000e+01
0.000000000000000000e+00
1.040000000000000000e+02
4.700000000000000000e+01
0.000000000000000000e+00
1.000000000000000000e+01
0.000000000000000000e+00
1.000000000000000000e+00
9.000000000000000000e+00
0.000000000000000000e+00
3.550000000000000000e+02
1.900000000000000000e+01
1.000000000000000000e+00
0.000000000000000000e+00
0.000000000000000000e+00
4.000000000000000000e+01
6.000000000000000000e+00
2.000000000000000000e+00
0.000000000000000000e+00
0.000000000000000000e+00
9.700000000000000000e+01
0.000000000000000000e+00
0.000000000000000000e+00
3.000000000000000000e+00
1.000000000000000000e+00
0.000000000000000000e+00
1.610000000000000000e+02
0.000000000000000000e+00
5.000000000000000000e+00
1.000000000000000000e+00
4.500000000000000000e+01
0.000000000000000000e+00
1.000000000000000000e+00
1.700000000000000000e+01
1.400000000000000000e+01
4.750000000000000000e+02
3.000000000000000000e+00
1.000000000000000000e+00
0.000000000000000000e+00
2.000000000000000000e+01
1.940000000000000000e+02
0.000000000000000000e+00
0.000000000000000000e+00
1.790000000000000000e+02
1.300000000000000000e+01
2.100000000000000000e+01
4.000000000000000000e+00
1.410000000000000000e+02
1.100000000000000000e+01
4.000000000000000000e+00
5.340000000000000000e+02
6.600000000000000000e+01
1.730000000000000000e+02
1.650000000000000000e+02
1.370000000000000000e+02
9.880000000000000000e+02
7.690000000000000000e+02
3.380000000000000000e+02
2.078000000000000000e+03
2.237000000000000000e+03
4.585000000000000000e+03
9.533000000000000000e+03
1.126500000000000000e+04
1.417200000000000000e+04
8.147000000000000000e+03
6.661000000000000000e+03
8.312000000000000000e+03
2.369000000000000000e+03
3.030000000000000000e+03
2.403000000000000000e+03
5.593000000000000000e+03
9.861000000000000000e+03
1.068800000000000000e+04
4.327000000000000000e+03
1.336000000000000000e+03
1.462000000000000000e+03
5.990000000000000000e+02
3.900000000000000000e+01
2.800000000000000000e+01
1.200000000000000000e+01
4.512000000000000000e+03
1.000000000000000000e+00
5.500000000000000000e+01
1.800000000000000000e+01
3.280000000000000000e+02
6.640000000000000000e+02
1.069000000000000000e+03
6.000000000000000000e+00
2.000000000000000000e+01
7.000000000000000000e+00
4.800000000000000000e+01
2.000000000000000000e+00
4.250000000000000000e+02
7.800000000000000000e+01
1.000000000000000000e+00
3.200000000000000000e+01
1.700000000000000000e+01
2.000000000000000000e+00
2.500000000000000000e+01
3.000000000000000000e+00
9.630000000000000000e+02
3.100000000000000000e+01
1.100000000000000000e+01
4.000000000000000000e+00
1.000000000000000000e+01
5.500000000000000000e+01
2.900000000000000000e+01
7.000000000000000000e+00
7.000000000000000000e+00
4.000000000000000000e+00
5.600000000000000000e+01
1.000000000000000000e+00
1.300000000000000000e+01
2.300000000000000000e+01
5.000000000000000000e+00
1.200000000000000000e+01
1.350000000000000000e+02
1.700000000000000000e+01
2.600000000000000000e+01
2.000000000000000000e+01
4.700000000000000000e+01
8.000000000000000000e+00
1.100000000000000000e+01
3.200000000000000000e+01
3.000000000000000000e+01
1.954000000000000000e+03
1.400000000000000000e+01
2.300000000000000000e+01
4.000000000000000000e+00
1.900000000000000000e+01
1.750000000000000000e+02
2.700000000000000000e+01
4.800000000000000000e+01
4.840000000000000000e+02
1.260000000000000000e+02
1.230000000000000000e+02
1.180000000000000000e+02
2.290000000000000000e+02
1.980000000000000000e+02
2.390000000000000000e+02
5.676000000000000000e+03
1.300000000000000000e+01
1.820000000000000000e+02
4.690000000000000000e+02
4.450000000000000000e+02
3.330000000000000000e+02
6.480000000000000000e+02
7.260000000000000000e+02
8.270000000000000000e+02
7.860000000000000000e+02
9.530000000000000000e+02
1.214000000000000000e+03
2.351000000000000000e+03
1.796000000000000000e+03
1.287000000000000000e+03
1.554000000000000000e+03
2.236000000000000000e+03
1.603000000000000000e+03
1.376000000000000000e+03
1.369000000000000000e+03
1.561000000000000000e+03
1.786000000000000000e+03
1.454000000000000000e+03
1.127000000000000000e+03
1.290000000000000000e+03
1.590000000000000000e+03
1.213000000000000000e+03
1.472000000000000000e+03
1.475000000000000000e+03
1.167000000000000000e+03
1.826000000000000000e+03
1.737000000000000000e+03
2.174000000000000000e+03
1.735000000000000000e+03
1.832000000000000000e+03
2.036000000000000000e+03
2.437000000000000000e+03
1.739000000000000000e+03
2.135000000000000000e+03
2.337000000000000000e+03
2.344000000000000000e+03
2.424000000000000000e+03
2.386000000000000000e+03
2.743000000000000000e+03
2.884000000000000000e+03
2.806000000000000000e+03
3.294000000000000000e+03
3.706000000000000000e+03
3.234000000000000000e+03
2.548000000000000000e+03
3.446000000000000000e+03
3.272000000000000000e+03
4.362000000000000000e+03
3.302000000000000000e+03
2.444000000000000000e+03
2.904000000000000000e+03
2.028000000000000000e+03
2.902000000000000000e+03
2.267000000000000000e+03
2.270000000000000000e+03
2.490000000000000000e+03
1.754000000000000000e+03
1.696000000000000000e+03
1.576000000000000000e+03
2.213000000000000000e+03
1.590000000000000000e+03
2.140000000000000000e+03
2.344000000000000000e+03
1.715000000000000000e+03
1.587000000000000000e+03
2.267000000000000000e+03
2.347000000000000000e+03
1.635000000000000000e+03
2.425000000000000000e+03
1.692000000000000000e+03
2.650000000000000000e+03
1.948000000000000000e+03
1.891000000000000000e+03
2.067000000000000000e+03
1.912000000000000000e+03
4.184000000000000000e+03
2.901000000000000000e+03
2.306000000000000000e+03
2.398000000000000000e+03
2.255000000000000000e+03
2.680000000000000000e+03
2.492000000000000000e+03
1.988000000000000000e+03
1.792000000000000000e+03
1.603000000000000000e+03
1.551000000000000000e+03
1.857000000000000000e+03
1.938000000000000000e+03
1.699000000000000000e+03
1.958000000000000000e+03
3.053000000000000000e+03
4.169000000000000000e+03
3.669000000000000000e+03
3.119000000000000000e+03
2.867000000000000000e+03
2.321000000000000000e+03
1.581000000000000000e+03
1.635000000000000000e+03
1.300000000000000000e+03
1.343000000000000000e+03
1.155000000000000000e+03
1.275000000000000000e+03
1.333000000000000000e+03
1.023000000000000000e+03
1.433000000000000000e+03
1.254000000000000000e+03
1.091000000000000000e+03
1.158000000000000000e+03
1.290000000000000000e+03
9.120000000000000000e+02
8.470000000000000000e+02
7.450000000000000000e+02
5.970000000000000000e+02
4.760000000000000000e+02
4.480000000000000000e+02
5.620000000000000000e+02
2.410000000000000000e+02
3.700000000000000000e+02
1.960000000000000000e+02
3.180000000000000000e+02
1.470000000000000000e+02
2.760000000000000000e+02
3.050000000000000000e+02
1.692000000000000000e+03
1.930000000000000000e+02
2.550000000000000000e+02
1.810000000000000000e+02
2.640000000000000000e+02
2.430000000000000000e+02
3.270000000000000000e+02
3.130000000000000000e+02
6.090000000000000000e+02
4.940000000000000000e+02
3.000000000000000000e+02
2.170000000000000000e+02
3.120000000000000000e+02
2.470000000000000000e+02
4.240000000000000000e+02
4.110000000000000000e+02
1.870000000000000000e+02
2.100000000000000000e+02
7.830000000000000000e+02
1.720000000000000000e+02
3.240000000000000000e+02
4.190000000000000000e+02
2.130000000000000000e+02
2.300000000000000000e+02
1.760000000000000000e+02
3.960000000000000000e+02
2.150000000000000000e+02
1.690000000000000000e+02
2.280000000000000000e+02
6.100000000000000000e+02
2.020000000000000000e+02
3.320000000000000000e+02
1.580000000000000000e+02
1.870000000000000000e+02
3.480000000000000000e+02
1.450000000000000000e+02
1.880000000000000000e+02
2.180000000000000000e+02
1.920000000000000000e+02
1.220000000000000000e+02
1.610000000000000000e+02
1.360000000000000000e+02
5.090000000000000000e+02
1.410000000000000000e+02
1.310000000000000000e+02
1.370000000000000000e+02
1.700000000000000000e+02
1.920000000000000000e+02
1.230000000000000000e+02
1.870000000000000000e+02
1.140000000000000000e+02
2.590000000000000000e+02
1.520000000000000000e+02
1.410000000000000000e+02
2.650000000000000000e+02
1.090000000000000000e+02
1.550000000000000000e+02
2.500000000000000000e+02
1.250000000000000000e+02
1.660000000000000000e+02
1.620000000000000000e+02
1.270000000000000000e+02
1.550000000000000000e+02
2.920000000000000000e+02
1.310000000000000000e+02
1.660000000000000000e+02
1.560000000000000000e+02
1.790000000000000000e+02
1.630000000000000000e+02
1.500000000000000000e+02
2.740000000000000000e+02
1.560000000000000000e+02
1.970000000000000000e+02
1.900000000000000000e+02
1.690000000000000000e+02
1.590000000000000000e+02
2.060000000000000000e+02
1.700000000000000000e+02
1.600000000000000000e+02
2.290000000000000000e+02
1.860000000000000000e+02
1.920000000000000000e+02
1.950000000000000000e+02
1.630000000000000000e+02
1.880000000000000000e+02
2.890000000000000000e+02
1.820000000000000000e+02
1.910000000000000000e+02
2.200000000000000000e+02
2.050000000000000000e+02
1.510000000000000000e+02
2.520000000000000000e+02
1.820000000000000000e+02
2.280000000000000000e+02
2.310000000000000000e+02
2.240000000000000000e+02
2.160000000000000000e+02
2.400000000000000000e+02
2.370000000000000000e+02
2.460000000000000000e+02
2.360000000000000000e+02
2.770000000000000000e+02
3.020000000000000000e+02
2.900000000000000000e+02
3.290000000000000000e+02
3.680000000000000000e+02
3.380000000000000000e+02
3.330000000000000000e+02
3.430000000000000000e+02
4.260000000000000000e+02
4.870000000000000000e+02
5.120000000000000000e+02
5.230000000000000000e+02
4.970000000000000000e+02
7.400000000000000000e+02
6.480000000000000000e+02
7.750000000000000000e+02
9.220000000000000000e+02
8.330000000000000000e+02
1.206000000000000000e+03
1.146000000000000000e+03
1.369000000000000000e+03
1.403000000000000000e+03
1.871000000000000000e+03
1.190000000000000000e+03
2.217000000000000000e+03
3.200000000000000000e+01
1.132800000000000000e+04
2.230000000000000000e+02
2.060000000000000000e+02
4.200000000000000000e+02
3.320000000000000000e+02
5.190000000000000000e+02
8.860000000000000000e+02
1.017000000000000000e+03
1.257000000000000000e+03
9.060000000000000000e+02
9.550000000000000000e+02
8.300000000000000000e+02
8.920000000000000000e+02
1.111000000000000000e+03
1.327000000000000000e+03
1.548000000000000000e+03
1.219000000000000000e+03
1.177000000000000000e+03
9.980000000000000000e+02
9.330000000000000000e+02
7.200000000000000000e+02
7.240000000000000000e+02
7.100000000000000000e+02
6.920000000000000000e+02
6.230000000000000000e+02
6.240000000000000000e+02
6.810000000000000000e+02
6.160000000000000000e+02
5.780000000000000000e+02
6.730000000000000000e+02
6.610000000000000000e+02
6.720000000000000000e+02
7.880000000000000000e+02
8.780000000000000000e+02
8.680000000000000000e+02
7.460000000000000000e+02
7.910000000000000000e+02
7.230000000000000000e+02
6.910000000000000000e+02
6.390000000000000000e+02
6.490000000000000000e+02
6.960000000000000000e+02
6.680000000000000000e+02
6.970000000000000000e+02
6.840000000000000000e+02
6.800000000000000000e+02
7.340000000000000000e+02
7.370000000000000000e+02
7.150000000000000000e+02
7.920000000000000000e+02
8.100000000000000000e+02
8.010000000000000000e+02
8.350000000000000000e+02
8.500000000000000000e+02
9.590000000000000000e+02
9.750000000000000000e+02
9.300000000000000000e+02
1.035000000000000000e+03
1.071000000000000000e+03
1.138000000000000000e+03
1.097000000000000000e+03
1.138000000000000000e+03
1.178000000000000000e+03
1.203000000000000000e+03
1.318000000000000000e+03
1.324000000000000000e+03
1.414000000000000000e+03
1.592000000000000000e+03
1.650000000000000000e+03
1.804000000000000000e+03
1.887000000000000000e+03
2.048000000000000000e+03
2.078000000000000000e+03
2.159000000000000000e+03
2.255000000000000000e+03
2.268000000000000000e+03
2.289000000000000000e+03
2.246000000000000000e+03
2.198000000000000000e+03
2.208000000000000000e+03
1.988000000000000000e+03
2.074000000000000000e+03
1.968000000000000000e+03
1.872000000000000000e+03
1.743000000000000000e+03
1.693000000000000000e+03
1.620000000000000000e+03
1.490000000000000000e+03
1.427000000000000000e+03
1.319000000000000000e+03
1.275000000000000000e+03
1.160000000000000000e+03
1.159000000000000000e+03
1.044000000000000000e+03
1.076000000000000000e+03
1.100000000000000000e+03
1.257000000000000000e+03
1.168000000000000000e+03
1.154000000000000000e+03
1.154000000000000000e+03
1.260000000000000000e+03
1.078000000000000000e+03
1.091000000000000000e+03
8.020000000000000000e+02
7.590000000000000000e+02
6.820000000000000000e+02
6.470000000000000000e+02
5.850000000000000000e+02
6.280000000000000000e+02
6.030000000000000000e+02
5.340000000000000000e+02
5.650000000000000000e+02
5.300000000000000000e+02
5.410000000000000000e+02
5.240000000000000000e+02
5.550000000000000000e+02
5.170000000000000000e+02
6.170000000000000000e+02
5.750000000000000000e+02
6.570000000000000000e+02
5.620000000000000000e+02
7.260000000000000000e+02
5.990000000000000000e+02
6.560000000000000000e+02
7.200000000000000000e+02
6.800000000000000000e+02
6.710000000000000000e+02
6.180000000000000000e+02
6.490000000000000000e+02
7.190000000000000000e+02
8.700000000000000000e+02
7.430000000000000000e+02
7.560000000000000000e+02
7.350000000000000000e+02
6.690000000000000000e+02
6.860000000000000000e+02
6.360000000000000000e+02
6.840000000000000000e+02
6.850000000000000000e+02
8.510000000000000000e+02
8.780000000000000000e+02
9.280000000000000000e+02
8.010000000000000000e+02
7.740000000000000000e+02
7.310000000000000000e+02
7.620000000000000000e+02
6.750000000000000000e+02
6.510000000000000000e+02
6.620000000000000000e+02
6.150000000000000000e+02
5.830000000000000000e+02
5.350000000000000000e+02
5.100000000000000000e+02
5.350000000000000000e+02
5.110000000000000000e+02
5.070000000000000000e+02
5.960000000000000000e+02
7.340000000000000000e+02
7.490000000000000000e+02
5.200000000000000000e+02
4.680000000000000000e+02
4.430000000000000000e+02
4.210000000000000000e+02
3.530000000000000000e+02
4.290000000000000000e+02
4.160000000000000000e+02
3.680000000000000000e+02
3.500000000000000000e+02
5.040000000000000000e+02
9.110000000000000000e+02
9.070000000000000000e+02
7.120000000000000000e+02
1.256000000000000000e+03
1.465000000000000000e+03
9.940000000000000000e+02
1.163000000000000000e+03
1.064000000000000000e+03
1.125000000000000000e+03
1.059000000000000000e+03
1.083000000000000000e+03
1.025000000000000000e+03
1.020000000000000000e+03
9.290000000000000000e+02
8.840000000000000000e+02
8.210000000000000000e+02
8.660000000000000000e+02
1.055000000000000000e+03
1.051000000000000000e+03
1.689000000000000000e+03
1.086000000000000000e+03
9.430000000000000000e+02
1.193000000000000000e+03
8.950000000000000000e+02
8.390000000000000000e+02
8.480000000000000000e+02
8.470000000000000000e+02
1.177000000000000000e+03
1.190000000000000000e+03
9.930000000000000000e+02
1.072000000000000000e+03
1.193000000000000000e+03
1.064000000000000000e+03
1.082000000000000000e+03
1.238000000000000000e+03
1.354000000000000000e+03
1.044000000000000000e+03
1.147000000000000000e+03
1.315000000000000000e+03
1.198000000000000000e+03
1.269000000000000000e+03
1.179000000000000000e+03
1.432000000000000000e+03
1.417000000000000000e+03
1.661000000000000000e+03
1.642000000000000000e+03
1.541000000000000000e+03
1.572000000000000000e+03
1.538000000000000000e+03
1.613000000000000000e+03
1.608000000000000000e+03
1.481000000000000000e+03
1.526000000000000000e+03
1.268000000000000000e+03
1.107000000000000000e+03
1.238000000000000000e+03
1.340000000000000000e+03
1.247000000000000000e+03
1.006000000000000000e+03
1.090000000000000000e+03
1.212000000000000000e+03
1.294000000000000000e+03
9.710000000000000000e+02
1.091000000000000000e+03
9.170000000000000000e+02
8.830000000000000000e+02
7.530000000000000000e+02
6.450000000000000000e+02
9.170000000000000000e+02
8.190000000000000000e+02
8.740000000000000000e+02
8.780000000000000000e+02
9.740000000000000000e+02
9.910000000000000000e+02
9.410000000000000000e+02
9.610000000000000000e+02
1.016000000000000000e+03
1.106000000000000000e+03
1.175000000000000000e+03
1.452000000000000000e+03
1.836000000000000000e+03
2.472000000000000000e+03
3.335000000000000000e+03
4.321000000000000000e+03
5.645000000000000000e+03
7.107000000000000000e+03
6.505000000000000000e+03
1.112000000000000000e+04
