1.303500000000000000e+04
5.000000000000000000e+00
2.300000000000000000e+01
3.340000000000000000e+02
1.200000000000000000e+01
3.250000000000000000e+02
3.931000000000000000e+03
9.000000000000000000e+00
6.470000000000000000e+02
3.700000000000000000e+01
1.580000000000000000e+02
1.729000000000000000e+03
3.200000000000000000e+01
1.517000000000000000e+03
6.300000000000000000e+01
1.150000000000000000e+02
3.600000000000000000e+01
1.200000000000000000e+01
8.200000000000000000e+01
1.340000000000000000e+02
2.958000000000000000e+03
2.300000000000000000e+01
6.000000000000000000e+00
6.500000000000000000e+01
8.410000000000000000e+02
1.250000000000000000e+02
1.800000000000000000e+01
1.000000000000000000e+00
4.000000000000000000e+00
4.000000000000000000e+00
5.226000000000000000e+03
0.000000000000000000e+00
1.100000000000000000e+01
5.000000000000000000e+00
1.400000000000000000e+01
5.700000000000000000e+01
4.610000000000000000e+02
2.000000000000000000e+00
1.110000000000000000e+02
0.000000000000000000e+00
1.100000000000000000e+01
0.000000000000000000e+00
2.110000000000000000e+02
1.500000000000000000e+01
0.000000000000000000e+00
3.800000000000000000e+02
0.000000000000000000e+00
0.000000000000000000e+00
0.000000000000000000e+00
0.000000000000000000e+00
9.530000000000000000e+02
3.000000000000000000e+01
0.000000000000000000e+00
3.000000000000000000e+00
9.000000000000000000e+00
6.200000000000000000e+01
3.500000000000000000e+01
0.000000000000000000e+00
0.000000000000000000e+00
2.000000000000000000e+00
7.600000000000000000e+01
3.000000000000000000e+00
1.000000000000000000e+01
7.500000000000000000e+01
2.300000000000000000e+01
4.300000000000000000e+01
2.920000000000000000e+02
4.900000000000000000e+01
8.000000000000000000e+01
8.500000000000000000e+01
2.250000000000000000e+02
3.500000000000000000e+01
9.200000000000000000e+01
2.060000000000000000e+02
2.080000000000000000e+02
2.471000000000000000e+03
1.350000000000000000e+02
2.990000000000000000e+02
1.610000000000000000e+02
1.540000000000000000e+02
7.710000000000000000e+02
1.080000000000000000e+02
5.060000000000000000e+02
1.055000000000000000e+03
8.290000000000000000e+02
1.839000000000000000e+03
9.940000000000000000e+02
1.958000000000000000e+03
1.702000000000000000e+03
1.639000000000000000e+03
6.423000000000000000e+03
1.720000000000000000e+03
2.244000000000000000e+03
2.161000000000000000e+03
2.963000000000000000e+03
5.036000000000000000e+03
4.925000000000000000e+03
1.556000000000000000e+03
9.399000000000000000e+03
6.072000000000000000e+03
8.063000000000000000e+03
4.474100000000000000e+04
7.127800000000000000e+04
9.048800000000000000e+04
8.732800000000000000e+04
1.349320000000000000e+05
7.149300000000000000e+04
6.622100000000000000e+04
1.963200000000000000e+04
2.767700000000000000e+04
1.431600000000000000e+04
2.490200000000000000e+04
8.573000000000000000e+03
8.268000000000000000e+03
1.318300000000000000e+04
1.794000000000000000e+04
5.502000000000000000e+03
4.120000000000000000e+02
6.680000000000000000e+02
3.360000000000000000e+02
2.355900000000000000e+04
8.200000000000000000e+01
8.590000000000000000e+02
1.850000000000000000e+02
3.279000000000000000e+03
1.195100000000000000e+04
1.591100000000000000e+04
5.900000000000000000e+01
3.990000000000000000e+02
1.750000000000000000e+02
9.350000000000000000e+02
5.400000000000000000e+01
6.429000000000000000e+03
3.137000000000000000e+03
7.300000000000000000e+01
2.270000000000000000e+02
1.040000000000000000e+02
5.200000000000000000e+01
2.530000000000000000e+02
8.300000000000000000e+01
1.152000000000000000e+04
5.870000000000000000e+02
9.400000000000000000e+01
4.800000000000000000e+01
3.000000000000000000e+01
1.737000000000000000e+03
1.740000000000000000e+02
7.200000000000000000e+01
6.700000000000000000e+01
6.900000000000000000e+01
1.270000000000000000e+03
4.600000000000000000e+01
7.300000000000000000e+01
9.300000000000000000e+01
4.200000000000000000e+01
5.800000000000000000e+01
3.533000000000000000e+03
6.500000000000000000e+01
9.000000000000000000e+01
1.090000000000000000e+02
1.000000000000000000e+03
8.300000000000000000e+01
1.000000000000000000e+02
3.990000000000000000e+02
2.230000000000000000e+02
7.713000000000000000e+03
2.710000000000000000e+02
2.950000000000000000e+02
4.480000000000000000e+02
8.660000000000000000e+02
3.483000000000000000e+03
2.083000000000000000e+03
1.961000000000000000e+03
4.861000000000000000e+03
2.020000000000000000e+02
1.290000000000000000e+02
3.700000000000000000e+01
1.387000000000000000e+03
1.300000000000000000e+01
9.000000000000000000e+00
1.035000000000000000e+04
3.058000000000000000e+03
2.164700000000000000e+04
1.508400000000000000e+04
1.322100000000000000e+04
6.924000000000000000e+03
3.399100000000000000e+04
2.964700000000000000e+04
1.153400000000000000e+04
1.411800000000000000e+04
1.107700000000000000e+04
8.744000000000000000e+03
8.634000000000000000e+03
8.178000000000000000e+03
5.564000000000000000e+03
5.669000000000000000e+03
5.128000000000000000e+03
4.743000000000000000e+03
4.699000000000000000e+03
3.943000000000000000e+03
4.054000000000000000e+03
3.599000000000000000e+03
3.517000000000000000e+03
3.531000000000000000e+03
3.066000000000000000e+03
3.180000000000000000e+03
3.152000000000000000e+03
2.688000000000000000e+03
2.710000000000000000e+03
2.612000000000000000e+03
2.497000000000000000e+03
2.243000000000000000e+03
2.159000000000000000e+03
2.214000000000000000e+03
1.898000000000000000e+03
1.785000000000000000e+03
2.036000000000000000e+03
1.901000000000000000e+03
2.135000000000000000e+03
2.085000000000000000e+03
3.122000000000000000e+03
3.050000000000000000e+03
3.398000000000000000e+03
4.515000000000000000e+03
4.300000000000000000e+03
4.935000000000000000e+03
6.748000000000000000e+03
7.387000000000000000e+03
6.493000000000000000e+03
8.148000000000000000e+03
9.610000000000000000e+03
1.079000000000000000e+04
9.160000000000000000e+03
5.717000000000000000e+03
6.721000000000000000e+03
7.206000000000000000e+03
1.019100000000000000e+04
8.865000000000000000e+03
6.801000000000000000e+03
7.535000000000000000e+03
7.199000000000000000e+03
6.887000000000000000e+03
6.532000000000000000e+03
4.523000000000000000e+03
4.291000000000000000e+03
4.192000000000000000e+03
3.888000000000000000e+03
3.176000000000000000e+03
3.073000000000000000e+03
2.638000000000000000e+03
2.807000000000000000e+03
3.060000000000000000e+03
2.818000000000000000e+03
2.497000000000000000e+03
2.597000000000000000e+03
2.463000000000000000e+03
2.379000000000000000e+03
2.560000000000000000e+03
2.658000000000000000e+03
2.047000000000000000e+03
2.290000000000000000e+03
2.238000000000000000e+03
2.033000000000000000e+03
2.160000000000000000e+03
2.045000000000000000e+03
2.411000000000000000e+03
1.903000000000000000e+03
1.934000000000000000e+03
2.185000000000000000e+03
1.951000000000000000e+03
2.340000000000000000e+03
2.010000000000000000e+03
2.166000000000000000e+03
2.096000000000000000e+03
2.560000000000000000e+03
1.902000000000000000e+03
2.655000000000000000e+03
1.856000000000000000e+03
2.594000000000000000e+03
1.850000000000000000e+03
2.448000000000000000e+03
1.928000000000000000e+03
2.256000000000000000e+03
2.115000000000000000e+03
2.087000000000000000e+03
1.623000000000000000e+03
2.313000000000000000e+03
2.075000000000000000e+03
2.042000000000000000e+03
2.421000000000000000e+03
1.673000000000000000e+03
2.101000000000000000e+03
2.049000000000000000e+03
2.346000000000000000e+03
1.754000000000000000e+03
1.810000000000000000e+03
1.835000000000000000e+03
1.797000000000000000e+03
2.114000000000000000e+03
1.568000000000000000e+03
1.955000000000000000e+03
1.878000000000000000e+03
1.523000000000000000e+03
1.678000000000000000e+03
1.874000000000000000e+03
1.326000000000000000e+03
6.750000000000000000e+02
1.785000000000000000e+03
2.318000000000000000e+03
5.540000000000000000e+02
1.134000000000000000e+03
1.462000000000000000e+03
1.303000000000000000e+03
1.306000000000000000e+03
1.269000000000000000e+03
1.366000000000000000e+03
1.001000000000000000e+03
1.266000000000000000e+03
1.352000000000000000e+03
1.251000000000000000e+03
1.181000000000000000e+03
9.430000000000000000e+02
1.403000000000000000e+03
1.343000000000000000e+03
9.700000000000000000e+02
9.770000000000000000e+02
1.349000000000000000e+03
1.376000000000000000e+03
1.331000000000000000e+03
1.177000000000000000e+03
1.064000000000000000e+03
1.273000000000000000e+03
8.420000000000000000e+02
1.681000000000000000e+03
8.840000000000000000e+02
1.213000000000000000e+03
1.042000000000000000e+03
1.079000000000000000e+03
1.310000000000000000e+03
1.550000000000000000e+03
7.610000000000000000e+02
1.250000000000000000e+03
1.454000000000000000e+03
1.007000000000000000e+03
1.082000000000000000e+03
1.118000000000000000e+03
1.359000000000000000e+03
1.281000000000000000e+03
9.190000000000000000e+02
5.960000000000000000e+02
2.592000000000000000e+03
5.670000000000000000e+02
9.290000000000000000e+02
1.317000000000000000e+03
1.421000000000000000e+03
1.008000000000000000e+03
9.350000000000000000e+02
1.416000000000000000e+03
7.180000000000000000e+02
1.373000000000000000e+03
1.172000000000000000e+03
1.199000000000000000e+03
1.481000000000000000e+03
9.820000000000000000e+02
1.291000000000000000e+03
1.453000000000000000e+03
9.990000000000000000e+02
1.125000000000000000e+03
1.367000000000000000e+03
1.133000000000000000e+03
1.207000000000000000e+03
2.059000000000000000e+03
1.054000000000000000e+03
1.170000000000000000e+03
1.421000000000000000e+03
1.394000000000000000e+03
1.364000000000000000e+03
1.551000000000000000e+03
1.316000000000000000e+03
1.140000000000000000e+03
1.675000000000000000e+03
1.534000000000000000e+03
1.268000000000000000e+03
1.403000000000000000e+03
1.889000000000000000e+03
1.283000000000000000e+03
1.478000000000000000e+03
1.430000000000000000e+03
1.522000000000000000e+03
1.715000000000000000e+03
1.534000000000000000e+03
1.719000000000000000e+03
1.456000000000000000e+03
2.083000000000000000e+03
1.563000000000000000e+03
1.816000000000000000e+03
1.742000000000000000e+03
1.643000000000000000e+03
1.583000000000000000e+03
2.197000000000000000e+03
1.661000000000000000e+03
2.145000000000000000e+03
1.828000000000000000e+03
1.916000000000000000e+03
2.304000000000000000e+03
2.385000000000000000e+03
2.194000000000000000e+03
2.830000000000000000e+03
3.018000000000000000e+03
2.708000000000000000e+03
3.754000000000000000e+03
3.440000000000000000e+03
3.434000000000000000e+03
3.657000000000000000e+03
4.002000000000000000e+03
4.100000000000000000e+03
3.245000000000000000e+03
4.952000000000000000e+03
4.025000000000000000e+03
3.386000000000000000e+03
4.369000000000000000e+03
3.371000000000000000e+03
3.193000000000000000e+03
3.544000000000000000e+03
3.086000000000000000e+03
3.111000000000000000e+03
3.313000000000000000e+03
3.922000000000000000e+03
3.837000000000000000e+03
3.927000000000000000e+03
8.915000000000000000e+03
4.262000000000000000e+03
1.766100000000000000e+04
3.280900000000000000e+04
8.100000000000000000e+01
5.791100000000000000e+04
1.000000000000000000e+00
1.800000000000000000e+01
4.500000000000000000e+01
7.000000000000000000e+01
1.100000000000000000e+02
1.740000000000000000e+02
1.870000000000000000e+02
2.610000000000000000e+02
5.050000000000000000e+02
4.850000000000000000e+02
5.600000000000000000e+02
7.750000000000000000e+02
1.050000000000000000e+03
1.122000000000000000e+03
1.143000000000000000e+03
1.432000000000000000e+03
1.488000000000000000e+03
1.755000000000000000e+03
2.066000000000000000e+03
2.197000000000000000e+03
2.303000000000000000e+03
2.494000000000000000e+03
2.497000000000000000e+03
2.647000000000000000e+03
2.597000000000000000e+03
2.609000000000000000e+03
2.634000000000000000e+03
2.667000000000000000e+03
2.791000000000000000e+03
2.653000000000000000e+03
2.838000000000000000e+03
2.713000000000000000e+03
2.548000000000000000e+03
2.755000000000000000e+03
2.768000000000000000e+03
2.770000000000000000e+03
2.685000000000000000e+03
2.860000000000000000e+03
2.833000000000000000e+03
2.827000000000000000e+03
2.814000000000000000e+03
2.866000000000000000e+03
2.673000000000000000e+03
2.759000000000000000e+03
2.828000000000000000e+03
2.901000000000000000e+03
2.824000000000000000e+03
2.823000000000000000e+03
2.691000000000000000e+03
2.640000000000000000e+03
2.636000000000000000e+03
2.378000000000000000e+03
2.345000000000000000e+03
2.355000000000000000e+03
2.215000000000000000e+03
2.130000000000000000e+03
1.990000000000000000e+03
1.812000000000000000e+03
1.700000000000000000e+03
1.623000000000000000e+03
1.670000000000000000e+03
1.652000000000000000e+03
1.511000000000000000e+03
1.475000000000000000e+03
1.488000000000000000e+03
1.497000000000000000e+03
1.534000000000000000e+03
1.433000000000000000e+03
1.442000000000000000e+03
1.495000000000000000e+03
1.468000000000000000e+03
1.349000000000000000e+03
1.315000000000000000e+03
1.337000000000000000e+03
1.321000000000000000e+03
1.343000000000000000e+03
1.278000000000000000e+03
1.279000000000000000e+03
1.308000000000000000e+03
1.258000000000000000e+03
1.233000000000000000e+03
1.230000000000000000e+03
1.117000000000000000e+03
1.106000000000000000e+03
1.123000000000000000e+03
9.980000000000000000e+02
1.048000000000000000e+03
1.076000000000000000e+03
1.048000000000000000e+03
1.062000000000000000e+03
1.096000000000000000e+03
1.046000000000000000e+03
1.005000000000000000e+03
1.075000000000000000e+03
1.061000000000000000e+03
9.340000000000000000e+02
9.860000000000000000e+02
8.820000000000000000e+02
9.350000000000000000e+02
9.490000000000000000e+02
9.160000000000000000e+02
9.420000000000000000e+02
9.730000000000000000e+02
9.410000000000000000e+02
9.760000000000000000e+02
9.160000000000000000e+02
9.290000000000000000e+02
1.051000000000000000e+03
1.006000000000000000e+03
1.003000000000000000e+03
1.048000000000000000e+03
1.076000000000000000e+03
1.208000000000000000e+03
1.208000000000000000e+03
1.112000000000000000e+03
1.264000000000000000e+03
1.309000000000000000e+03
1.356000000000000000e+03
1.391000000000000000e+03
1.439000000000000000e+03
1.447000000000000000e+03
1.374000000000000000e+03
1.410000000000000000e+03
1.406000000000000000e+03
1.569000000000000000e+03
1.731000000000000000e+03
1.779000000000000000e+03
2.073000000000000000e+03
2.160000000000000000e+03
2.266000000000000000e+03
2.215000000000000000e+03
2.473000000000000000e+03
2.758000000000000000e+03
2.924000000000000000e+03
3.152000000000000000e+03
3.514000000000000000e+03
3.873000000000000000e+03
4.175000000000000000e+03
4.269000000000000000e+03
4.418000000000000000e+03
4.915000000000000000e+03
6.169000000000000000e+03
7.373000000000000000e+03
8.775000000000000000e+03
1.014000000000000000e+04
1.025100000000000000e+04
1.575200000000000000e+04
1.390800000000000000e+04
1.480400000000000000e+04
1.704800000000000000e+04
1.262700000000000000e+04
1.476900000000000000e+04
1.242700000000000000e+04
1.520400000000000000e+04
1.504400000000000000e+04
1.694000000000000000e+04
1.654000000000000000e+04
1.653800000000000000e+04
1.837900000000000000e+04
1.569300000000000000e+04
1.520100000000000000e+04
1.390000000000000000e+04
1.261800000000000000e+04
1.089100000000000000e+04
1.086600000000000000e+04
1.069000000000000000e+04
1.154000000000000000e+04
1.092800000000000000e+04
1.022000000000000000e+04
9.597000000000000000e+03
9.025000000000000000e+03
9.245000000000000000e+03
8.106000000000000000e+03
6.515000000000000000e+03
5.445000000000000000e+03
4.961000000000000000e+03
4.306000000000000000e+03
3.801000000000000000e+03
3.533000000000000000e+03
3.443000000000000000e+03
3.325000000000000000e+03
2.983000000000000000e+03
3.097000000000000000e+03
2.887000000000000000e+03
2.782000000000000000e+03
2.612000000000000000e+03
2.695000000000000000e+03
2.619000000000000000e+03
2.569000000000000000e+03
2.635000000000000000e+03
2.713000000000000000e+03
2.750000000000000000e+03
2.739000000000000000e+03
2.805000000000000000e+03
2.853000000000000000e+03
2.897000000000000000e+03
2.859000000000000000e+03
3.090000000000000000e+03
3.181000000000000000e+03
3.090000000000000000e+03
3.194000000000000000e+03
3.371000000000000000e+03
3.513000000000000000e+03
3.688000000000000000e+03
3.955000000000000000e+03
3.888000000000000000e+03
4.178000000000000000e+03
4.313000000000000000e+03
4.522000000000000000e+03
4.712000000000000000e+03
5.007000000000000000e+03
5.156000000000000000e+03
5.394000000000000000e+03
5.689000000000000000e+03
5.510000000000000000e+03
5.848000000000000000e+03
5.738000000000000000e+03
6.307000000000000000e+03
6.427000000000000000e+03
6.394000000000000000e+03
6.364000000000000000e+03
6.290000000000000000e+03
6.081000000000000000e+03
5.788000000000000000e+03
5.115000000000000000e+03
5.145000000000000000e+03
4.904000000000000000e+03
4.365000000000000000e+03
3.672000000000000000e+03
3.159000000000000000e+03
2.594000000000000000e+03
1.715000000000000000e+03
1.228000000000000000e+03
9.250000000000000000e+02
6.440000000000000000e+02
4.310000000000000000e+02
2.900000000000000000e+02
2.270000000000000000e+02
1.710000000000000000e+02
1.770000000000000000e+02
1.990000000000000000e+02
1.660000000000000000e+02
1.750000000000000000e+02
1.520000000000000000e+02
1.780000000000000000e+02
1.470000000000000000e+02
1.830000000000000000e+02
2.420000000000000000e+02
2.720000000000000000e+02
3.560000000000000000e+02
4.440000000000000000e+02
6.530000000000000000e+02
9.300000000000000000e+02
1.517000000000000000e+03
3.766000000000000000e+03
2.037400000000000000e+04
