4.839800000000000000e+04
2.618000000000000000e+03
3.585000000000000000e+03
4.513000000000000000e+03
3.584000000000000000e+03
1.040900000000000000e+04
1.243600000000000000e+04
6.429000000000000000e+03
1.456800000000000000e+04
1.188100000000000000e+04
1.837800000000000000e+04
7.793800000000000000e+04
1.391630000000000000e+05
1.076120000000000000e+05
1.023240000000000000e+05
1.508900000000000000e+05
1.115200000000000000e+05
5.499300000000000000e+04
1.738500000000000000e+04
6.209000000000000000e+03
7.092000000000000000e+03
2.718000000000000000e+03
2.232000000000000000e+03
6.360000000000000000e+02
2.040000000000000000e+03
8.490000000000000000e+02
1.248000000000000000e+03
1.050000000000000000e+02
2.280000000000000000e+02
1.600000000000000000e+02
3.014000000000000000e+03
0.000000000000000000e+00
3.570000000000000000e+02
9.000000000000000000e+01
2.860000000000000000e+02
6.050000000000000000e+02
6.110000000000000000e+02
4.300000000000000000e+01
2.020000000000000000e+02
7.500000000000000000e+01
1.470000000000000000e+02
1.600000000000000000e+01
2.860000000000000000e+02
1.650000000000000000e+02
2.000000000000000000e+00
1.130000000000000000e+02
5.000000000000000000e+00
2.000000000000000000e+00
4.700000000000000000e+01
0.000000000000000000e+00
7.860000000000000000e+02
7.300000000000000000e+01
2.500000000000000000e+01
2.300000000000000000e+01
1.400000000000000000e+01
1.450000000000000000e+02
3.400000000000000000e+01
9.000000000000000000e+00
0.000000000000000000e+00
0.000000000000000000e+00
6.210000000000000000e+02
0.000000000000000000e+00
5.000000000000000000e+00
1.000000000000000000e+01
5.000000000000000000e+00
2.100000000000000000e+01
2.550000000000000000e+02
6.000000000000000000e+00
2.500000000000000000e+01
1.700000000000000000e+01
1.000000000000000000e+02
9.000000000000000000e+00
9.000000000000000000e+00
5.000000000000000000e+01
2.200000000000000000e+01
1.764000000000000000e+03
1.700000000000000000e+01
2.800000000000000000e+01
2.300000000000000000e+01
1.500000000000000000e+01
2.800000000000000000e+02
2.000000000000000000e+00
3.000000000000000000e+00
5.720000000000000000e+02
3.800000000000000000e+01
3.700000000000000000e+01
1.600000000000000000e+01
1.590000000000000000e+02
1.100000000000000000e+01
5.000000000000000000e+00
3.440000000000000000e+02
7.000000000000000000e+00
2.400000000000000000e+01
7.900000000000000000e+01
1.800000000000000000e+01
1.910000000000000000e+02
8.370000000000000000e+02
3.600000000000000000e+01
4.020000000000000000e+02
1.560000000000000000e+02
2.080000000000000000e+02
1.027000000000000000e+03
7.850000000000000000e+02
3.006000000000000000e+03
2.626000000000000000e+03
1.582400000000000000e+04
2.271700000000000000e+04
6.074000000000000000e+03
8.540000000000000000e+02
1.978000000000000000e+03
2.547000000000000000e+03
4.177000000000000000e+03
1.143000000000000000e+03
1.341000000000000000e+03
2.088000000000000000e+03
1.577000000000000000e+03
1.098000000000000000e+03
1.640000000000000000e+02
1.340000000000000000e+02
1.010000000000000000e+02
8.271000000000000000e+03
2.200000000000000000e+01
2.580000000000000000e+02
8.100000000000000000e+01
5.690000000000000000e+02
1.508000000000000000e+03
1.414800000000000000e+04
8.900000000000000000e+01
3.670000000000000000e+02
1.510000000000000000e+02
3.430000000000000000e+02
3.200000000000000000e+01
1.324000000000000000e+03
8.870000000000000000e+02
2.800000000000000000e+01
2.930000000000000000e+02
1.430000000000000000e+02
1.100000000000000000e+01
4.820000000000000000e+02
3.200000000000000000e+01
2.787000000000000000e+03
4.990000000000000000e+02
2.840000000000000000e+02
9.100000000000000000e+01
1.370000000000000000e+02
6.600000000000000000e+02
5.160000000000000000e+02
2.590000000000000000e+02
1.020000000000000000e+02
1.300000000000000000e+01
6.900000000000000000e+02
4.000000000000000000e+00
1.760000000000000000e+02
3.680000000000000000e+02
1.200000000000000000e+01
2.570000000000000000e+02
2.066000000000000000e+03
2.520000000000000000e+02
4.440000000000000000e+02
3.830000000000000000e+02
7.900000000000000000e+02
1.220000000000000000e+02
1.380000000000000000e+02
7.180000000000000000e+02
8.630000000000000000e+02
8.177000000000000000e+03
2.380000000000000000e+02
2.310000000000000000e+02
5.200000000000000000e+01
7.990000000000000000e+02
3.184000000000000000e+03
1.670000000000000000e+02
2.160000000000000000e+02
3.587000000000000000e+03
8.520000000000000000e+02
8.820000000000000000e+02
4.510000000000000000e+02
3.361000000000000000e+03
8.940000000000000000e+02
7.850000000000000000e+02
3.919800000000000000e+04
6.000000000000000000e+00
2.180000000000000000e+02
2.630000000000000000e+02
2.090000000000000000e+02
3.690000000000000000e+02
3.400000000000000000e+02
3.910000000000000000e+02
3.700000000000000000e+02
3.800000000000000000e+02
4.590000000000000000e+02
4.820000000000000000e+02
5.200000000000000000e+02
5.980000000000000000e+02
5.940000000000000000e+02
7.360000000000000000e+02
8.550000000000000000e+02
9.190000000000000000e+02
9.830000000000000000e+02
9.050000000000000000e+02
1.057000000000000000e+03
9.360000000000000000e+02
8.950000000000000000e+02
8.020000000000000000e+02
8.720000000000000000e+02
5.680000000000000000e+02
9.110000000000000000e+02
8.640000000000000000e+02
1.001000000000000000e+03
6.420000000000000000e+02
1.020000000000000000e+03
7.080000000000000000e+02
1.293000000000000000e+03
7.010000000000000000e+02
1.418000000000000000e+03
6.850000000000000000e+02
1.528000000000000000e+03
4.120000000000000000e+02
8.270000000000000000e+02
1.297000000000000000e+03
7.660000000000000000e+02
7.770000000000000000e+02
5.930000000000000000e+02
1.663000000000000000e+03
1.165000000000000000e+03
8.270000000000000000e+02
2.429000000000000000e+03
2.187000000000000000e+03
9.400000000000000000e+02
3.303000000000000000e+03
9.130000000000000000e+02
4.203000000000000000e+03
9.480000000000000000e+02
3.209000000000000000e+03
1.094000000000000000e+03
2.837000000000000000e+03
8.840000000000000000e+02
2.478000000000000000e+03
2.220000000000000000e+03
1.743000000000000000e+03
1.846000000000000000e+03
2.651000000000000000e+03
2.177000000000000000e+03
1.526000000000000000e+03
3.886000000000000000e+03
1.839000000000000000e+03
1.423000000000000000e+03
2.135000000000000000e+03
1.965000000000000000e+03
1.774000000000000000e+03
2.500000000000000000e+03
2.587000000000000000e+03
2.506000000000000000e+03
4.308000000000000000e+03
2.754000000000000000e+03
3.277000000000000000e+03
3.014000000000000000e+03
4.306000000000000000e+03
3.856000000000000000e+03
3.151000000000000000e+03
3.814000000000000000e+03
3.241000000000000000e+03
3.243000000000000000e+03
3.801000000000000000e+03
4.238000000000000000e+03
7.757000000000000000e+03
3.929000000000000000e+03
3.864000000000000000e+03
4.148000000000000000e+03
3.687000000000000000e+03
3.962000000000000000e+03
4.222000000000000000e+03
3.899000000000000000e+03
4.500000000000000000e+03
4.957000000000000000e+03
5.088000000000000000e+03
6.868000000000000000e+03
6.132000000000000000e+03
7.672000000000000000e+03
6.689000000000000000e+03
7.793000000000000000e+03
7.831000000000000000e+03
1.136300000000000000e+04
8.533000000000000000e+03
8.858000000000000000e+03
9.256000000000000000e+03
1.063500000000000000e+04
1.026200000000000000e+04
1.037700000000000000e+04
1.271100000000000000e+04
1.054900000000000000e+04
1.166800000000000000e+04
1.266700000000000000e+04
1.456700000000000000e+04
1.340300000000000000e+04
1.381100000000000000e+04
1.580500000000000000e+04
1.536200000000000000e+04
1.608400000000000000e+04
1.743400000000000000e+04
1.692300000000000000e+04
1.698500000000000000e+04
1.817900000000000000e+04
1.745700000000000000e+04
1.693400000000000000e+04
1.814200000000000000e+04
1.527600000000000000e+04
1.418400000000000000e+04
2.148400000000000000e+04
1.436000000000000000e+04
1.409300000000000000e+04
1.357600000000000000e+04
1.272800000000000000e+04
1.201200000000000000e+04
1.172100000000000000e+04
1.095500000000000000e+04
1.048100000000000000e+04
9.594000000000000000e+03
8.954000000000000000e+03
8.031000000000000000e+03
8.308000000000000000e+03
6.985000000000000000e+03
7.465000000000000000e+03
6.065000000000000000e+03
5.719000000000000000e+03
4.991000000000000000e+03
5.633000000000000000e+03
4.704000000000000000e+03
5.885000000000000000e+03
4.050000000000000000e+03
3.461000000000000000e+03
4.023000000000000000e+03
2.967000000000000000e+03
4.543000000000000000e+03
2.430000000000000000e+03
2.397000000000000000e+03
2.703000000000000000e+03
2.020000000000000000e+03
2.354000000000000000e+03
3.060000000000000000e+03
1.383000000000000000e+03
1.601000000000000000e+03
1.509000000000000000e+03
1.223000000000000000e+03
1.437000000000000000e+03
1.817000000000000000e+03
1.726000000000000000e+03
1.165000000000000000e+03
1.004000000000000000e+03
9.380000000000000000e+02
3.276000000000000000e+03
8.680000000000000000e+02
9.040000000000000000e+02
1.198000000000000000e+03
1.628000000000000000e+03
1.266000000000000000e+03
1.171000000000000000e+03
1.462000000000000000e+03
1.106000000000000000e+03
1.572000000000000000e+03
1.369000000000000000e+03
1.440000000000000000e+03
2.689000000000000000e+03
1.328000000000000000e+03
1.467000000000000000e+03
1.821000000000000000e+03
1.471000000000000000e+03
1.650000000000000000e+03
1.568000000000000000e+03
1.487000000000000000e+03
1.543000000000000000e+03
3.336000000000000000e+03
1.808000000000000000e+03
1.762000000000000000e+03
1.965000000000000000e+03
2.038000000000000000e+03
2.617000000000000000e+03
2.216000000000000000e+03
2.380000000000000000e+03
1.917000000000000000e+03
2.146000000000000000e+03
1.894000000000000000e+03
2.177000000000000000e+03
2.491000000000000000e+03
3.682000000000000000e+03
3.450000000000000000e+03
3.673000000000000000e+03
4.065000000000000000e+03
3.798000000000000000e+03
4.877000000000000000e+03
4.748000000000000000e+03
4.645000000000000000e+03
6.014000000000000000e+03
6.990000000000000000e+03
6.715000000000000000e+03
5.584000000000000000e+03
5.653000000000000000e+03
5.361000000000000000e+03
5.060000000000000000e+03
4.794000000000000000e+03
3.625000000000000000e+03
2.795000000000000000e+03
2.383000000000000000e+03
2.337000000000000000e+03
1.994000000000000000e+03
1.985000000000000000e+03
1.646000000000000000e+03
1.746000000000000000e+03
1.359000000000000000e+03
1.304000000000000000e+03
1.562000000000000000e+03
1.534000000000000000e+03
1.647000000000000000e+03
1.256000000000000000e+03
1.240000000000000000e+03
1.008000000000000000e+03
7.850000000000000000e+02
7.770000000000000000e+02
5.720000000000000000e+02
6.100000000000000000e+02
5.160000000000000000e+02
4.470000000000000000e+02
5.100000000000000000e+02
3.640000000000000000e+02
3.250000000000000000e+02
2.530000000000000000e+02
2.850000000000000000e+02
2.450000000000000000e+02
2.760000000000000000e+02
2.030000000000000000e+02
1.770000000000000000e+02
1.620000000000000000e+02
1.350000000000000000e+02
1.220000000000000000e+02
2.600000000000000000e+01
1.799200000000000000e+04
5.830000000000000000e+02
1.202000000000000000e+03
2.573000000000000000e+03
5.106000000000000000e+03
9.312000000000000000e+03
1.104000000000000000e+04
8.311000000000000000e+03
8.284000000000000000e+03
6.997000000000000000e+03
6.520000000000000000e+03
6.538000000000000000e+03
4.810000000000000000e+03
4.638000000000000000e+03
3.996000000000000000e+03
3.930000000000000000e+03
4.052000000000000000e+03
3.376000000000000000e+03
3.459000000000000000e+03
3.461000000000000000e+03
4.383000000000000000e+03
3.353000000000000000e+03
3.863000000000000000e+03
4.409000000000000000e+03
4.121000000000000000e+03
4.787000000000000000e+03
5.151000000000000000e+03
4.605000000000000000e+03
3.802000000000000000e+03
3.101000000000000000e+03
2.519000000000000000e+03
2.212000000000000000e+03
2.078000000000000000e+03
1.887000000000000000e+03
1.769000000000000000e+03
1.715000000000000000e+03
1.593000000000000000e+03
1.574000000000000000e+03
1.490000000000000000e+03
1.444000000000000000e+03
1.448000000000000000e+03
1.475000000000000000e+03
1.351000000000000000e+03
1.424000000000000000e+03
1.385000000000000000e+03
1.359000000000000000e+03
1.431000000000000000e+03
1.395000000000000000e+03
1.410000000000000000e+03
1.455000000000000000e+03
1.404000000000000000e+03
1.385000000000000000e+03
1.460000000000000000e+03
1.376000000000000000e+03
1.395000000000000000e+03
1.397000000000000000e+03
1.419000000000000000e+03
1.441000000000000000e+03
1.458000000000000000e+03
1.413000000000000000e+03
1.444000000000000000e+03
1.512000000000000000e+03
1.534000000000000000e+03
1.648000000000000000e+03
1.748000000000000000e+03
1.686000000000000000e+03
1.736000000000000000e+03
1.721000000000000000e+03
1.791000000000000000e+03
1.786000000000000000e+03
1.796000000000000000e+03
1.876000000000000000e+03
1.939000000000000000e+03
2.050000000000000000e+03
2.099000000000000000e+03
1.992000000000000000e+03
2.190000000000000000e+03
2.173000000000000000e+03
2.221000000000000000e+03
2.215000000000000000e+03
2.170000000000000000e+03
2.237000000000000000e+03
2.335000000000000000e+03
2.208000000000000000e+03
2.309000000000000000e+03
2.316000000000000000e+03
2.208000000000000000e+03
2.186000000000000000e+03
2.325000000000000000e+03
2.253000000000000000e+03
2.243000000000000000e+03
2.170000000000000000e+03
2.153000000000000000e+03
2.106000000000000000e+03
2.124000000000000000e+03
2.155000000000000000e+03
2.181000000000000000e+03
2.108000000000000000e+03
2.101000000000000000e+03
1.978000000000000000e+03
1.968000000000000000e+03
1.917000000000000000e+03
1.912000000000000000e+03
1.878000000000000000e+03
1.873000000000000000e+03
1.789000000000000000e+03
1.819000000000000000e+03
1.821000000000000000e+03
1.791000000000000000e+03
1.723000000000000000e+03
1.686000000000000000e+03
1.723000000000000000e+03
1.667000000000000000e+03
1.590000000000000000e+03
1.559000000000000000e+03
1.575000000000000000e+03
1.436000000000000000e+03
1.497000000000000000e+03
1.414000000000000000e+03
1.448000000000000000e+03
1.391000000000000000e+03
1.369000000000000000e+03
1.329000000000000000e+03
1.301000000000000000e+03
1.292000000000000000e+03
1.280000000000000000e+03
1.228000000000000000e+03
1.256000000000000000e+03
1.216000000000000000e+03
1.153000000000000000e+03
1.184000000000000000e+03
1.140000000000000000e+03
1.097000000000000000e+03
1.168000000000000000e+03
1.180000000000000000e+03
1.102000000000000000e+03
1.210000000000000000e+03
1.204000000000000000e+03
1.219000000000000000e+03
1.247000000000000000e+03
1.212000000000000000e+03
1.273000000000000000e+03
1.366000000000000000e+03
1.318000000000000000e+03
1.513000000000000000e+03
1.559000000000000000e+03
1.592000000000000000e+03
1.728000000000000000e+03
1.765000000000000000e+03
2.004000000000000000e+03
2.099000000000000000e+03
2.201000000000000000e+03
2.186000000000000000e+03
2.503000000000000000e+03
2.558000000000000000e+03
2.775000000000000000e+03
2.975000000000000000e+03
3.122000000000000000e+03
3.386000000000000000e+03
3.633000000000000000e+03
3.788000000000000000e+03
4.067000000000000000e+03
4.284000000000000000e+03
4.627000000000000000e+03
4.953000000000000000e+03
5.277000000000000000e+03
5.541000000000000000e+03
5.896000000000000000e+03
6.012000000000000000e+03
6.485000000000000000e+03
6.560000000000000000e+03
6.723000000000000000e+03
6.995000000000000000e+03
6.661000000000000000e+03
7.176000000000000000e+03
7.081000000000000000e+03
6.923000000000000000e+03
6.902000000000000000e+03
6.747000000000000000e+03
6.799000000000000000e+03
6.883000000000000000e+03
7.023000000000000000e+03
6.859000000000000000e+03
6.691000000000000000e+03
6.870000000000000000e+03
6.969000000000000000e+03
6.896000000000000000e+03
6.590000000000000000e+03
6.991000000000000000e+03
6.952000000000000000e+03
6.460000000000000000e+03
5.624000000000000000e+03
5.396000000000000000e+03
5.285000000000000000e+03
5.103000000000000000e+03
4.965000000000000000e+03
4.541000000000000000e+03
4.288000000000000000e+03
4.143000000000000000e+03
4.072000000000000000e+03
3.936000000000000000e+03
3.791000000000000000e+03
3.871000000000000000e+03
3.770000000000000000e+03
3.728000000000000000e+03
3.611000000000000000e+03
3.501000000000000000e+03
3.336000000000000000e+03
3.258000000000000000e+03
3.266000000000000000e+03
3.244000000000000000e+03
3.358000000000000000e+03
3.346000000000000000e+03
3.411000000000000000e+03
3.575000000000000000e+03
3.794000000000000000e+03
3.920000000000000000e+03
3.934000000000000000e+03
3.969000000000000000e+03
4.271000000000000000e+03
4.462000000000000000e+03
4.402000000000000000e+03
4.545000000000000000e+03
4.718000000000000000e+03
4.978000000000000000e+03
5.220000000000000000e+03
5.214000000000000000e+03
5.488000000000000000e+03
5.793000000000000000e+03
6.268000000000000000e+03
6.772000000000000000e+03
7.178000000000000000e+03
7.653000000000000000e+03
8.197000000000000000e+03
8.614000000000000000e+03
9.007000000000000000e+03
9.446000000000000000e+03
9.895000000000000000e+03
9.965000000000000000e+03
1.025100000000000000e+04
1.052500000000000000e+04
1.046000000000000000e+04
9.878000000000000000e+03
9.520000000000000000e+03
9.086000000000000000e+03
8.814000000000000000e+03
8.548000000000000000e+03
8.407000000000000000e+03
8.467000000000000000e+03
8.422000000000000000e+03
8.366000000000000000e+03
8.233000000000000000e+03
8.829000000000000000e+03
1.083800000000000000e+04
1.945100000000000000e+04
3.174900000000000000e+04
7.313500000000000000e+04
