1.636684000000000000e+06
6.100000000000000000e+01
2.740000000000000000e+02
9.810000000000000000e+02
1.560000000000000000e+02
5.010000000000000000e+03
3.991100000000000000e+04
6.730000000000000000e+02
2.587000000000000000e+04
1.937000000000000000e+03
2.004000000000000000e+03
2.918500000000000000e+04
7.153000000000000000e+03
1.271070000000000000e+05
2.732100000000000000e+04
3.885500000000000000e+04
8.916000000000000000e+04
7.219400000000000000e+04
3.625700000000000000e+04
7.199000000000000000e+04
1.918950000000000000e+05
2.870300000000000000e+04
1.902300000000000000e+04
1.247600000000000000e+04
2.050870000000000000e+05
6.657800000000000000e+04
1.834500000000000000e+04
7.317000000000000000e+03
5.968000000000000000e+03
6.475000000000000000e+03
3.630120000000000000e+05
3.627000000000000000e+03
5.280000000000000000e+03
5.158000000000000000e+03
1.117700000000000000e+04
3.507900000000000000e+04
1.228690000000000000e+05
2.482000000000000000e+03
3.334000000000000000e+03
2.790000000000000000e+03
3.877000000000000000e+03
8.900000000000000000e+02
1.285000000000000000e+04
5.354000000000000000e+03
3.040000000000000000e+02
1.170000000000000000e+03
5.420000000000000000e+02
2.200000000000000000e+01
1.460000000000000000e+03
9.700000000000000000e+01
3.383000000000000000e+04
1.707000000000000000e+03
5.160000000000000000e+02
1.110000000000000000e+02
2.480000000000000000e+02
3.621000000000000000e+03
8.080000000000000000e+02
3.810000000000000000e+02
4.800000000000000000e+01
9.000000000000000000e+00
9.443000000000000000e+03
0.000000000000000000e+00
6.800000000000000000e+01
4.470000000000000000e+02
1.000000000000000000e+00
2.540000000000000000e+02
9.057000000000000000e+03
8.200000000000000000e+01
2.670000000000000000e+02
1.650000000000000000e+02
1.878000000000000000e+03
5.900000000000000000e+01
6.200000000000000000e+01
8.120000000000000000e+02
4.500000000000000000e+02
3.947980000000000000e+05
1.220000000000000000e+02
3.500000000000000000e+01
7.800000000000000000e+01
8.780000000000000000e+02
6.918000000000000000e+03
1.300000000000000000e+01
4.000000000000000000e+00
3.482900000000000000e+04
1.344000000000000000e+03
1.612000000000000000e+03
1.680000000000000000e+02
5.997000000000000000e+03
6.660000000000000000e+02
2.690000000000000000e+02
4.503000000000000000e+04
1.492000000000000000e+03
2.423900000000000000e+04
2.209500000000000000e+04
4.332000000000000000e+03
1.109000000000000000e+05
7.066400000000000000e+04
9.735000000000000000e+03
7.576300000000000000e+04
2.805000000000000000e+04
2.264200000000000000e+04
2.397990000000000000e+05
1.661350000000000000e+05
1.548421000000000000e+06
1.059146000000000000e+06
1.924419000000000000e+06
1.741573000000000000e+06
2.871720000000000000e+05
1.100520000000000000e+05
3.505320000000000000e+05
2.524910000000000000e+05
9.363700000000000000e+04
1.751300000000000000e+04
2.063800000000000000e+04
4.090000000000000000e+05
8.469100000000000000e+04
1.631400000000000000e+04
1.864000000000000000e+03
2.509000000000000000e+03
1.168000000000000000e+03
3.960090000000000000e+05
1.840000000000000000e+02
3.374000000000000000e+03
8.000000000000000000e+02
9.907000000000000000e+03
3.854300000000000000e+04
1.573640000000000000e+05
2.880000000000000000e+02
2.758000000000000000e+03
6.530000000000000000e+02
3.475000000000000000e+03
7.900000000000000000e+01
1.844100000000000000e+04
7.462000000000000000e+03
1.320000000000000000e+02
2.821000000000000000e+03
3.290000000000000000e+02
8.600000000000000000e+01
1.527000000000000000e+03
7.300000000000000000e+01
3.542000000000000000e+04
2.250000000000000000e+03
3.990000000000000000e+02
3.310000000000000000e+02
2.650000000000000000e+02
4.398000000000000000e+03
6.300000000000000000e+02
1.220000000000000000e+02
4.600000000000000000e+01
2.700000000000000000e+01
2.102000000000000000e+03
2.100000000000000000e+01
4.600000000000000000e+01
1.700000000000000000e+02
4.600000000000000000e+01
1.020000000000000000e+02
7.605000000000000000e+03
7.800000000000000000e+01
4.060000000000000000e+02
1.190000000000000000e+02
1.869000000000000000e+03
7.000000000000000000e+01
9.300000000000000000e+01
4.820000000000000000e+02
2.420000000000000000e+02
1.595070000000000000e+05
6.200000000000000000e+01
5.500000000000000000e+01
4.400000000000000000e+01
2.890000000000000000e+02
3.959000000000000000e+03
7.800000000000000000e+01
8.800000000000000000e+01
2.137600000000000000e+04
2.560000000000000000e+02
1.920000000000000000e+02
4.700000000000000000e+01
2.182000000000000000e+03
8.300000000000000000e+01
4.300000000000000000e+01
1.619801000000000000e+06
7.940000000000000000e+02
6.871000000000000000e+03
3.223200000000000000e+05
4.383360000000000000e+05
3.879820000000000000e+05
2.214800000000000000e+05
2.674890000000000000e+05
2.621090000000000000e+05
3.468560000000000000e+05
4.142540000000000000e+05
2.153640000000000000e+05
5.374250000000000000e+05
1.854840000000000000e+05
1.900150000000000000e+05
3.899880000000000000e+05
1.121050000000000000e+05
4.658320000000000000e+05
2.512430000000000000e+05
3.221620000000000000e+05
1.907900000000000000e+05
4.088110000000000000e+05
3.740120000000000000e+05
2.913390000000000000e+05
4.416480000000000000e+05
1.818350000000000000e+05
2.187790000000000000e+05
2.983830000000000000e+05
1.030520000000000000e+05
2.222540000000000000e+05
3.065800000000000000e+05
1.639670000000000000e+05
1.712280000000000000e+05
2.372260000000000000e+05
1.707510000000000000e+05
7.940300000000000000e+04
1.533470000000000000e+05
1.255050000000000000e+05
6.929100000000000000e+04
9.230700000000000000e+04
9.476200000000000000e+04
7.830700000000000000e+04
5.247200000000000000e+04
3.563600000000000000e+04
2.088400000000000000e+04
1.533400000000000000e+04
1.609400000000000000e+04
1.399700000000000000e+04
1.375500000000000000e+04
1.442500000000000000e+04
1.366300000000000000e+04
1.781400000000000000e+04
1.388900000000000000e+04
1.649800000000000000e+04
1.485700000000000000e+04
1.639500000000000000e+04
1.273200000000000000e+04
1.574400000000000000e+04
1.444900000000000000e+04
1.284200000000000000e+04
1.359500000000000000e+04
1.430900000000000000e+04
1.395300000000000000e+04
1.167500000000000000e+04
2.168500000000000000e+04
1.283300000000000000e+04
1.375100000000000000e+04
1.446400000000000000e+04
1.390600000000000000e+04
1.236900000000000000e+04
1.645900000000000000e+04
1.551900000000000000e+04
1.292400000000000000e+04
1.627900000000000000e+04
1.371300000000000000e+04
1.433400000000000000e+04
1.247600000000000000e+04
1.457900000000000000e+04
1.446800000000000000e+04
1.103000000000000000e+04
1.420700000000000000e+04
1.407900000000000000e+04
1.275800000000000000e+04
1.330300000000000000e+04
1.101900000000000000e+04
3.273600000000000000e+04
1.448400000000000000e+04
1.855200000000000000e+04
1.841100000000000000e+04
1.782800000000000000e+04
1.701700000000000000e+04
1.857100000000000000e+04
1.561100000000000000e+04
1.608100000000000000e+04
1.804400000000000000e+04
1.504500000000000000e+04
1.974900000000000000e+04
1.680300000000000000e+04
2.066600000000000000e+04
1.616100000000000000e+04
1.626900000000000000e+04
1.408500000000000000e+04
2.057300000000000000e+04
1.272900000000000000e+04
1.362500000000000000e+04
1.287300000000000000e+04
1.763000000000000000e+04
1.239200000000000000e+04
1.106800000000000000e+04
1.453000000000000000e+04
8.998000000000000000e+03
9.610000000000000000e+03
1.105900000000000000e+04
1.089600000000000000e+04
8.347000000000000000e+03
8.481000000000000000e+03
1.482600000000000000e+04
8.184000000000000000e+03
8.878000000000000000e+03
9.011000000000000000e+03
9.443000000000000000e+03
7.964000000000000000e+03
7.986000000000000000e+03
7.326000000000000000e+03
6.759000000000000000e+03
6.526000000000000000e+03
6.078000000000000000e+03
7.102000000000000000e+03
3.337500000000000000e+04
5.864000000000000000e+03
5.857000000000000000e+03
6.399000000000000000e+03
5.977000000000000000e+03
5.754000000000000000e+03
6.656000000000000000e+03
6.207000000000000000e+03
6.976000000000000000e+03
7.237000000000000000e+03
5.362000000000000000e+03
6.192000000000000000e+03
5.403000000000000000e+03
4.156000000000000000e+03
1.479900000000000000e+04
5.476000000000000000e+03
4.133000000000000000e+03
4.337000000000000000e+03
6.453000000000000000e+03
4.117000000000000000e+03
4.533000000000000000e+03
6.365000000000000000e+03
3.850000000000000000e+03
4.057000000000000000e+03
3.683000000000000000e+03
1.037000000000000000e+04
3.487000000000000000e+03
3.963000000000000000e+03
4.062000000000000000e+03
5.221000000000000000e+03
3.756000000000000000e+03
1.670000000000000000e+04
2.809000000000000000e+03
3.282000000000000000e+03
5.709000000000000000e+03
2.793000000000000000e+03
3.690000000000000000e+03
3.587000000000000000e+03
2.948000000000000000e+03
2.734000000000000000e+03
2.398000000000000000e+03
2.285000000000000000e+03
1.885400000000000000e+04
2.067000000000000000e+03
2.114000000000000000e+03
2.268000000000000000e+03
2.650000000000000000e+03
2.764000000000000000e+03
1.913000000000000000e+03
3.233000000000000000e+03
1.514000000000000000e+03
4.929000000000000000e+03
2.112000000000000000e+03
1.951000000000000000e+03
1.866700000000000000e+04
1.572000000000000000e+03
2.208000000000000000e+03
4.440000000000000000e+03
1.534000000000000000e+03
2.300000000000000000e+03
2.125000000000000000e+03
1.734000000000000000e+03
1.631000000000000000e+03
1.030600000000000000e+04
1.191000000000000000e+03
1.713000000000000000e+03
1.929000000000000000e+03
1.890000000000000000e+03
2.185000000000000000e+03
1.666000000000000000e+03
4.422000000000000000e+03
1.287000000000000000e+03
2.523000000000000000e+03
1.710000000000000000e+03
1.398000000000000000e+03
1.565000000000000000e+03
4.786000000000000000e+03
1.347000000000000000e+03
1.682000000000000000e+03
1.794000000000000000e+03
1.527000000000000000e+03
2.719000000000000000e+03
1.588000000000000000e+03
1.683000000000000000e+03
1.251000000000000000e+03
2.083000000000000000e+04
1.447000000000000000e+03
1.742000000000000000e+03
2.304000000000000000e+03
1.605000000000000000e+03
1.300000000000000000e+03
4.855000000000000000e+03
1.692000000000000000e+03
2.101000000000000000e+03
1.737000000000000000e+03
5.000000000000000000e+03
1.871000000000000000e+03
2.003000000000000000e+03
1.666000000000000000e+03
4.485000000000000000e+03
2.216000000000000000e+03
1.900000000000000000e+03
3.536000000000000000e+03
2.260000000000000000e+03
3.192000000000000000e+03
2.718000000000000000e+03
3.439000000000000000e+03
3.385000000000000000e+03
3.266000000000000000e+03
3.618000000000000000e+03
4.022000000000000000e+03
4.141000000000000000e+03
4.675000000000000000e+03
5.132000000000000000e+03
5.028000000000000000e+03
6.805000000000000000e+03
6.172000000000000000e+03
8.318000000000000000e+03
7.312000000000000000e+03
9.039000000000000000e+03
1.012400000000000000e+04
8.621000000000000000e+03
1.172300000000000000e+04
9.434000000000000000e+03
8.516000000000000000e+03
1.161000000000000000e+04
2.940000000000000000e+02
2.154510000000000000e+05
4.274000000000000000e+04
2.197200000000000000e+04
3.593600000000000000e+04
2.386500000000000000e+04
3.869600000000000000e+04
3.934500000000000000e+04
3.570900000000000000e+04
3.455600000000000000e+04
2.875000000000000000e+04
2.592900000000000000e+04
2.258000000000000000e+04
2.109400000000000000e+04
1.884300000000000000e+04
1.722700000000000000e+04
1.600700000000000000e+04
1.521200000000000000e+04
1.437700000000000000e+04
1.369800000000000000e+04
1.312600000000000000e+04
1.274200000000000000e+04
1.210600000000000000e+04
1.199600000000000000e+04
1.150700000000000000e+04
1.109900000000000000e+04
1.070800000000000000e+04
1.080700000000000000e+04
1.030500000000000000e+04
1.035500000000000000e+04
1.009600000000000000e+04
1.019100000000000000e+04
9.993000000000000000e+03
9.731000000000000000e+03
9.487000000000000000e+03
9.507000000000000000e+03
9.284000000000000000e+03
9.272000000000000000e+03
9.183000000000000000e+03
9.061000000000000000e+03
9.233000000000000000e+03
9.376000000000000000e+03
9.477000000000000000e+03
9.344000000000000000e+03
9.592000000000000000e+03
9.858000000000000000e+03
9.985000000000000000e+03
1.002000000000000000e+04
1.017200000000000000e+04
1.028500000000000000e+04
1.030600000000000000e+04
1.059900000000000000e+04
1.077100000000000000e+04
1.087800000000000000e+04
1.100100000000000000e+04
1.108400000000000000e+04
1.132600000000000000e+04
1.142900000000000000e+04
1.178200000000000000e+04
1.188200000000000000e+04
1.207800000000000000e+04
1.250900000000000000e+04
1.291700000000000000e+04
1.334900000000000000e+04
1.359900000000000000e+04
1.438500000000000000e+04
1.506600000000000000e+04
1.585000000000000000e+04
1.667300000000000000e+04
1.757600000000000000e+04
1.855800000000000000e+04
1.951500000000000000e+04
2.106600000000000000e+04
2.229600000000000000e+04
2.368100000000000000e+04
2.503900000000000000e+04
2.642900000000000000e+04
2.810600000000000000e+04
2.960100000000000000e+04
3.128800000000000000e+04
3.261000000000000000e+04
3.463000000000000000e+04
3.632300000000000000e+04
3.773200000000000000e+04
3.910200000000000000e+04
4.079100000000000000e+04
4.216800000000000000e+04
4.361600000000000000e+04
4.476000000000000000e+04
4.566300000000000000e+04
4.709200000000000000e+04
4.801000000000000000e+04
4.977300000000000000e+04
5.085800000000000000e+04
5.209200000000000000e+04
5.308100000000000000e+04
5.455300000000000000e+04
5.574100000000000000e+04
5.635800000000000000e+04
5.729200000000000000e+04
5.874600000000000000e+04
5.926400000000000000e+04
5.984700000000000000e+04
6.019700000000000000e+04
6.117600000000000000e+04
6.191500000000000000e+04
6.164500000000000000e+04
6.217500000000000000e+04
6.232800000000000000e+04
6.241000000000000000e+04
6.255400000000000000e+04
6.238800000000000000e+04
6.229700000000000000e+04
6.280600000000000000e+04
6.266100000000000000e+04
6.292400000000000000e+04
6.217600000000000000e+04
6.238000000000000000e+04
6.233700000000000000e+04
6.288300000000000000e+04
6.324300000000000000e+04
6.306300000000000000e+04
6.288100000000000000e+04
6.285300000000000000e+04
6.305100000000000000e+04
6.276700000000000000e+04
6.203200000000000000e+04
6.180600000000000000e+04
6.140800000000000000e+04
6.064200000000000000e+04
6.011600000000000000e+04
5.937400000000000000e+04
5.917200000000000000e+04
5.858700000000000000e+04
5.797900000000000000e+04
5.754800000000000000e+04
5.680100000000000000e+04
5.616500000000000000e+04
5.620300000000000000e+04
5.501400000000000000e+04
5.448300000000000000e+04
5.437900000000000000e+04
5.322300000000000000e+04
5.302500000000000000e+04
5.236600000000000000e+04
5.253600000000000000e+04
5.181200000000000000e+04
5.148200000000000000e+04
5.149500000000000000e+04
5.135000000000000000e+04
5.059000000000000000e+04
5.069800000000000000e+04
5.026300000000000000e+04
5.051500000000000000e+04
4.985500000000000000e+04
4.910000000000000000e+04
4.868500000000000000e+04
4.800800000000000000e+04
4.681300000000000000e+04
4.659000000000000000e+04
4.566200000000000000e+04
4.579500000000000000e+04
4.471900000000000000e+04
4.343100000000000000e+04
4.288400000000000000e+04
4.199000000000000000e+04
4.090200000000000000e+04
4.004800000000000000e+04
3.949500000000000000e+04
3.773300000000000000e+04
3.715400000000000000e+04
3.642500000000000000e+04
3.578200000000000000e+04
3.548000000000000000e+04
3.500400000000000000e+04
3.450100000000000000e+04
3.408800000000000000e+04
3.389800000000000000e+04
3.344700000000000000e+04
3.246100000000000000e+04
3.153800000000000000e+04
3.109800000000000000e+04
3.018600000000000000e+04
2.921100000000000000e+04
2.853600000000000000e+04
2.720600000000000000e+04
2.692200000000000000e+04
2.609700000000000000e+04
2.607100000000000000e+04
2.617900000000000000e+04
2.685500000000000000e+04
2.766300000000000000e+04
2.996800000000000000e+04
3.236500000000000000e+04
3.672000000000000000e+04
4.176500000000000000e+04
4.863300000000000000e+04
5.688400000000000000e+04
6.691800000000000000e+04
7.847300000000000000e+04
9.313200000000000000e+04
1.103530000000000000e+05
1.288620000000000000e+05
1.500660000000000000e+05
1.705910000000000000e+05
1.928550000000000000e+05
2.133850000000000000e+05
2.283130000000000000e+05
2.378220000000000000e+05
2.426400000000000000e+05
2.429630000000000000e+05
2.380190000000000000e+05
2.303760000000000000e+05
2.214740000000000000e+05
2.120450000000000000e+05
2.064730000000000000e+05
2.005820000000000000e+05
1.955330000000000000e+05
1.914900000000000000e+05
1.844100000000000000e+05
1.780020000000000000e+05
1.708240000000000000e+05
1.650120000000000000e+05
1.625540000000000000e+05
1.606290000000000000e+05
1.526440000000000000e+05
1.364280000000000000e+05
1.150660000000000000e+05
9.938600000000000000e+04
8.843800000000000000e+04
8.174000000000000000e+04
7.879900000000000000e+04
8.229400000000000000e+04
8.676900000000000000e+04
7.946200000000000000e+04
7.763700000000000000e+04
7.507900000000000000e+04
6.964100000000000000e+04
7.778500000000000000e+04
7.857500000000000000e+04
5.775500000000000000e+04
4.352900000000000000e+04
3.287300000000000000e+04
3.862800000000000000e+04
3.630100000000000000e+04
9.846000000000000000e+03
1.805000000000000000e+03
1.001000000000000000e+03
7.760000000000000000e+02
7.610000000000000000e+02
7.200000000000000000e+02
6.890000000000000000e+02
7.250000000000000000e+02
8.280000000000000000e+02
8.850000000000000000e+02
1.178000000000000000e+03
3.094000000000000000e+03
9.871000000000000000e+03
