6.161800000000000000e+04
2.670000000000000000e+02
4.510000000000000000e+02
1.013000000000000000e+03
2.970000000000000000e+02
3.799000000000000000e+03
9.704000000000000000e+03
6.180000000000000000e+02
7.114000000000000000e+03
3.837000000000000000e+03
5.526000000000000000e+03
2.252500000000000000e+04
1.844700000000000000e+04
5.280400000000000000e+04
3.304800000000000000e+04
5.788600000000000000e+04
5.278100000000000000e+04
5.572300000000000000e+04
3.220100000000000000e+04
4.172300000000000000e+04
4.678300000000000000e+04
3.299000000000000000e+04
3.374400000000000000e+04
2.500500000000000000e+04
3.772600000000000000e+04
2.456200000000000000e+04
3.744100000000000000e+04
2.500800000000000000e+04
2.244600000000000000e+04
3.144900000000000000e+04
5.754300000000000000e+04
2.433200000000000000e+04
3.218500000000000000e+04
2.275300000000000000e+04
3.704100000000000000e+04
5.755300000000000000e+04
5.409300000000000000e+04
2.527000000000000000e+04
4.620700000000000000e+04
3.499000000000000000e+04
4.423200000000000000e+04
3.436600000000000000e+04
4.509800000000000000e+04
3.653500000000000000e+04
2.113000000000000000e+04
1.431200000000000000e+04
1.513400000000000000e+04
8.392000000000000000e+03
1.639500000000000000e+04
6.889000000000000000e+03
3.728600000000000000e+04
1.223500000000000000e+04
5.102000000000000000e+03
3.585000000000000000e+03
3.727000000000000000e+03
1.519100000000000000e+04
6.291000000000000000e+03
2.921000000000000000e+03
1.148000000000000000e+03
3.520000000000000000e+02
1.076600000000000000e+04
1.180000000000000000e+02
9.300000000000000000e+02
3.109000000000000000e+03
1.200000000000000000e+01
1.504000000000000000e+03
3.179500000000000000e+04
8.630000000000000000e+02
2.647000000000000000e+03
1.542000000000000000e+03
1.869800000000000000e+04
6.230000000000000000e+02
4.220000000000000000e+02
8.426000000000000000e+03
6.694000000000000000e+03
4.708900000000000000e+04
1.553000000000000000e+03
3.130000000000000000e+02
1.000000000000000000e+00
8.248000000000000000e+03
5.544000000000000000e+04
2.980000000000000000e+02
1.100000000000000000e+02
4.904800000000000000e+04
4.407000000000000000e+03
5.415000000000000000e+03
3.830000000000000000e+02
3.625100000000000000e+04
2.472000000000000000e+03
5.600000000000000000e+02
8.209300000000000000e+04
2.317000000000000000e+03
7.847000000000000000e+03
2.074800000000000000e+04
2.296000000000000000e+03
5.362500000000000000e+04
1.065010000000000000e+05
4.425000000000000000e+03
6.032800000000000000e+04
1.656400000000000000e+04
1.522200000000000000e+04
1.492480000000000000e+05
8.081700000000000000e+04
5.090760000000000000e+05
3.182320000000000000e+05
3.636070000000000000e+05
1.779690000000000000e+05
5.573300000000000000e+04
1.563900000000000000e+04
4.490000000000000000e+04
7.230900000000000000e+04
3.447300000000000000e+04
4.465000000000000000e+03
7.287000000000000000e+03
3.733000000000000000e+04
1.603600000000000000e+04
2.367000000000000000e+03
1.330000000000000000e+02
1.340000000000000000e+02
5.000000000000000000e+01
3.640600000000000000e+04
2.000000000000000000e+00
3.220000000000000000e+02
6.600000000000000000e+01
2.087000000000000000e+03
6.988000000000000000e+03
1.393800000000000000e+04
7.600000000000000000e+01
3.990000000000000000e+02
1.430000000000000000e+02
7.680000000000000000e+02
2.000000000000000000e+01
4.070000000000000000e+03
2.072000000000000000e+03
3.200000000000000000e+01
1.830000000000000000e+02
1.270000000000000000e+02
1.100000000000000000e+01
5.460000000000000000e+02
3.700000000000000000e+01
8.413000000000000000e+03
7.990000000000000000e+02
2.510000000000000000e+02
7.100000000000000000e+01
1.760000000000000000e+02
1.291000000000000000e+03
4.660000000000000000e+02
2.840000000000000000e+02
2.020000000000000000e+02
1.000000000000000000e+02
7.250000000000000000e+02
4.600000000000000000e+01
3.170000000000000000e+02
5.190000000000000000e+02
8.300000000000000000e+01
3.110000000000000000e+02
3.287000000000000000e+03
6.480000000000000000e+02
3.310000000000000000e+02
9.630000000000000000e+02
1.258000000000000000e+03
6.340000000000000000e+02
9.220000000000000000e+02
1.320000000000000000e+03
1.701000000000000000e+03
1.509600000000000000e+04
2.029000000000000000e+03
2.749000000000000000e+03
3.149000000000000000e+03
2.828000000000000000e+03
8.382000000000000000e+03
8.626000000000000000e+03
1.365700000000000000e+04
1.710000000000000000e+04
1.935500000000000000e+04
1.477800000000000000e+04
6.708000000000000000e+03
3.089000000000000000e+03
4.800000000000000000e+02
2.470000000000000000e+02
5.807000000000000000e+04
2.000000000000000000e+00
1.275400000000000000e+04
3.788900000000000000e+04
3.277600000000000000e+04
3.907900000000000000e+04
4.563900000000000000e+04
4.741700000000000000e+04
6.499600000000000000e+04
7.044000000000000000e+04
9.229600000000000000e+04
6.564100000000000000e+04
8.669000000000000000e+04
7.401900000000000000e+04
6.080300000000000000e+04
7.363400000000000000e+04
5.506300000000000000e+04
6.462600000000000000e+04
5.606400000000000000e+04
5.483000000000000000e+04
4.694100000000000000e+04
5.484400000000000000e+04
5.016100000000000000e+04
4.964600000000000000e+04
5.318300000000000000e+04
3.322100000000000000e+04
3.615400000000000000e+04
2.987700000000000000e+04
3.372400000000000000e+04
4.064500000000000000e+04
3.394500000000000000e+04
3.505200000000000000e+04
3.154200000000000000e+04
3.970500000000000000e+04
3.485800000000000000e+04
3.215200000000000000e+04
3.201500000000000000e+04
2.452800000000000000e+04
3.262800000000000000e+04
3.207300000000000000e+04
3.630000000000000000e+04
4.073800000000000000e+04
4.853600000000000000e+04
4.145100000000000000e+04
3.270400000000000000e+04
3.017700000000000000e+04
2.666000000000000000e+04
2.364900000000000000e+04
2.506300000000000000e+04
2.385300000000000000e+04
2.627400000000000000e+04
2.368800000000000000e+04
2.787900000000000000e+04
2.633500000000000000e+04
2.426000000000000000e+04
2.419100000000000000e+04
2.073500000000000000e+04
2.341300000000000000e+04
2.088900000000000000e+04
2.080200000000000000e+04
1.979700000000000000e+04
1.993800000000000000e+04
1.956000000000000000e+04
1.805100000000000000e+04
2.236300000000000000e+04
2.032900000000000000e+04
1.790000000000000000e+04
2.111200000000000000e+04
2.258000000000000000e+04
1.913100000000000000e+04
2.244800000000000000e+04
2.158000000000000000e+04
2.121100000000000000e+04
1.915400000000000000e+04
2.152900000000000000e+04
2.017200000000000000e+04
1.840400000000000000e+04
2.039000000000000000e+04
2.148600000000000000e+04
1.773300000000000000e+04
1.885900000000000000e+04
2.175400000000000000e+04
1.888000000000000000e+04
2.181500000000000000e+04
2.145000000000000000e+04
2.065900000000000000e+04
1.989800000000000000e+04
2.174200000000000000e+04
1.988500000000000000e+04
1.994400000000000000e+04
1.998900000000000000e+04
1.909100000000000000e+04
1.863600000000000000e+04
1.927400000000000000e+04
1.809600000000000000e+04
1.774700000000000000e+04
2.005300000000000000e+04
1.684800000000000000e+04
1.979900000000000000e+04
1.841300000000000000e+04
1.966000000000000000e+04
1.845200000000000000e+04
1.799400000000000000e+04
1.829500000000000000e+04
1.796600000000000000e+04
1.583300000000000000e+04
1.783500000000000000e+04
1.566600000000000000e+04
1.562900000000000000e+04
1.679100000000000000e+04
1.568300000000000000e+04
1.562400000000000000e+04
1.431400000000000000e+04
1.684900000000000000e+04
1.575100000000000000e+04
1.443200000000000000e+04
1.552100000000000000e+04
1.511200000000000000e+04
1.524300000000000000e+04
1.449700000000000000e+04
1.580100000000000000e+04
1.466300000000000000e+04
1.377200000000000000e+04
1.336500000000000000e+04
1.286800000000000000e+04
1.292500000000000000e+04
1.354300000000000000e+04
1.074900000000000000e+04
1.098600000000000000e+04
1.274800000000000000e+04
1.181000000000000000e+04
1.134100000000000000e+04
1.059700000000000000e+04
1.119100000000000000e+04
1.110400000000000000e+04
1.116400000000000000e+04
1.022700000000000000e+04
1.042500000000000000e+04
1.014900000000000000e+04
9.778000000000000000e+03
1.007200000000000000e+04
9.293000000000000000e+03
8.946000000000000000e+03
9.698000000000000000e+03
8.128000000000000000e+03
7.790000000000000000e+03
8.653000000000000000e+03
7.538000000000000000e+03
7.734000000000000000e+03
7.808000000000000000e+03
6.403000000000000000e+03
7.033000000000000000e+03
7.386000000000000000e+03
5.487000000000000000e+03
6.502000000000000000e+03
6.260000000000000000e+03
6.098000000000000000e+03
5.259000000000000000e+03
5.598000000000000000e+03
6.291000000000000000e+03
4.458000000000000000e+03
5.061000000000000000e+03
4.943000000000000000e+03
4.816000000000000000e+03
4.796000000000000000e+03
5.043000000000000000e+03
4.636000000000000000e+03
4.431000000000000000e+03
4.094000000000000000e+03
3.483000000000000000e+03
6.780000000000000000e+03
3.471000000000000000e+03
3.352000000000000000e+03
4.307000000000000000e+03
4.380000000000000000e+03
3.613000000000000000e+03
3.420000000000000000e+03
4.505000000000000000e+03
2.974000000000000000e+03
4.169000000000000000e+03
3.525000000000000000e+03
3.486000000000000000e+03
4.177000000000000000e+03
3.199000000000000000e+03
3.568000000000000000e+03
3.988000000000000000e+03
2.754000000000000000e+03
3.304000000000000000e+03
3.884000000000000000e+03
2.972000000000000000e+03
3.080000000000000000e+03
4.204000000000000000e+03
1.993000000000000000e+03
3.136000000000000000e+03
2.879000000000000000e+03
2.895000000000000000e+03
3.219000000000000000e+03
2.743000000000000000e+03
2.893000000000000000e+03
2.332000000000000000e+03
3.303000000000000000e+03
2.484000000000000000e+03
2.561000000000000000e+03
2.496000000000000000e+03
3.395000000000000000e+03
2.266000000000000000e+03
2.869000000000000000e+03
2.614000000000000000e+03
2.157000000000000000e+03
2.771000000000000000e+03
2.212000000000000000e+03
2.471000000000000000e+03
1.696000000000000000e+03
3.685000000000000000e+03
2.099000000000000000e+03
2.297000000000000000e+03
2.527000000000000000e+03
2.053000000000000000e+03
1.570000000000000000e+03
3.082000000000000000e+03
2.332000000000000000e+03
2.401000000000000000e+03
2.007000000000000000e+03
2.102000000000000000e+03
1.975000000000000000e+03
1.882000000000000000e+03
1.579000000000000000e+03
2.746000000000000000e+03
2.098000000000000000e+03
1.521000000000000000e+03
2.486000000000000000e+03
1.796000000000000000e+03
2.534000000000000000e+03
1.861000000000000000e+03
2.329000000000000000e+03
1.901000000000000000e+03
1.619000000000000000e+03
2.193000000000000000e+03
1.766000000000000000e+03
1.808000000000000000e+03
1.848000000000000000e+03
1.808000000000000000e+03
2.326000000000000000e+03
1.892000000000000000e+03
1.666000000000000000e+03
2.288000000000000000e+03
2.188000000000000000e+03
1.509000000000000000e+03
2.455000000000000000e+03
2.602000000000000000e+03
2.616000000000000000e+03
1.657000000000000000e+03
4.226000000000000000e+03
1.143000000000000000e+03
0.000000000000000000e+00
7.203600000000000000e+04
6.000000000000000000e+00
2.400000000000000000e+01
6.900000000000000000e+01
1.350000000000000000e+02
2.730000000000000000e+02
7.530000000000000000e+02
1.251000000000000000e+03
1.349000000000000000e+03
1.748000000000000000e+03
3.256000000000000000e+03
3.876000000000000000e+03
3.549000000000000000e+03
3.434000000000000000e+03
3.141000000000000000e+03
3.131000000000000000e+03
3.340000000000000000e+03
3.447000000000000000e+03
3.618000000000000000e+03
3.784000000000000000e+03
3.678000000000000000e+03
3.741000000000000000e+03
3.905000000000000000e+03
3.930000000000000000e+03
4.125000000000000000e+03
4.523000000000000000e+03
4.982000000000000000e+03
5.536000000000000000e+03
6.139000000000000000e+03
6.534000000000000000e+03
7.127000000000000000e+03
7.872000000000000000e+03
8.182000000000000000e+03
8.845000000000000000e+03
9.416000000000000000e+03
9.995000000000000000e+03
1.074000000000000000e+04
1.134800000000000000e+04
1.210000000000000000e+04
1.277600000000000000e+04
1.314000000000000000e+04
1.412300000000000000e+04
1.447800000000000000e+04
1.534900000000000000e+04
1.578000000000000000e+04
1.651000000000000000e+04
1.685200000000000000e+04
1.747100000000000000e+04
1.769900000000000000e+04
1.799300000000000000e+04
1.847800000000000000e+04
1.883200000000000000e+04
1.900900000000000000e+04
1.960700000000000000e+04
1.949300000000000000e+04
1.962900000000000000e+04
2.006400000000000000e+04
2.013900000000000000e+04
2.074100000000000000e+04
2.055200000000000000e+04
2.083100000000000000e+04
2.100700000000000000e+04
2.142000000000000000e+04
2.177600000000000000e+04
2.160200000000000000e+04
2.186200000000000000e+04
2.176600000000000000e+04
2.213800000000000000e+04
2.251800000000000000e+04
2.235200000000000000e+04
2.258400000000000000e+04
2.283000000000000000e+04
2.296000000000000000e+04
2.334800000000000000e+04
2.400500000000000000e+04
2.373700000000000000e+04
2.427700000000000000e+04
2.494200000000000000e+04
2.537900000000000000e+04
2.570500000000000000e+04
2.571200000000000000e+04
2.559600000000000000e+04
2.621900000000000000e+04
2.635700000000000000e+04
2.649500000000000000e+04
2.659800000000000000e+04
2.711000000000000000e+04
2.710900000000000000e+04
2.718900000000000000e+04
2.765300000000000000e+04
2.722600000000000000e+04
2.780200000000000000e+04
2.788700000000000000e+04
2.819500000000000000e+04
2.806000000000000000e+04
2.782000000000000000e+04
2.783000000000000000e+04
2.769600000000000000e+04
2.770500000000000000e+04
2.712700000000000000e+04
2.706000000000000000e+04
2.637100000000000000e+04
2.573200000000000000e+04
2.525000000000000000e+04
2.455600000000000000e+04
2.343600000000000000e+04
2.273200000000000000e+04
2.239700000000000000e+04
2.166500000000000000e+04
2.118400000000000000e+04
2.053800000000000000e+04
2.010500000000000000e+04
1.947500000000000000e+04
1.923100000000000000e+04
1.874100000000000000e+04
1.873400000000000000e+04
1.850700000000000000e+04
1.821400000000000000e+04
1.811500000000000000e+04
1.800600000000000000e+04
1.757800000000000000e+04
1.776800000000000000e+04
1.751600000000000000e+04
1.729700000000000000e+04
1.736800000000000000e+04
1.736200000000000000e+04
1.727400000000000000e+04
1.703300000000000000e+04
1.702200000000000000e+04
1.693800000000000000e+04
1.703800000000000000e+04
1.702700000000000000e+04
1.725900000000000000e+04
1.681800000000000000e+04
1.703900000000000000e+04
1.703200000000000000e+04
1.674800000000000000e+04
1.722600000000000000e+04
1.728000000000000000e+04
1.751300000000000000e+04
1.743800000000000000e+04
1.761200000000000000e+04
1.795000000000000000e+04
1.816300000000000000e+04
1.859400000000000000e+04
1.903200000000000000e+04
1.997400000000000000e+04
2.031100000000000000e+04
2.077700000000000000e+04
2.115400000000000000e+04
2.162200000000000000e+04
2.153400000000000000e+04
2.171400000000000000e+04
2.124800000000000000e+04
2.122000000000000000e+04
2.094000000000000000e+04
2.060900000000000000e+04
2.001100000000000000e+04
1.979800000000000000e+04
1.972100000000000000e+04
1.899400000000000000e+04
1.852100000000000000e+04
1.818600000000000000e+04
1.775800000000000000e+04
1.752100000000000000e+04
1.729300000000000000e+04
1.737100000000000000e+04
1.749100000000000000e+04
1.769200000000000000e+04
1.781100000000000000e+04
1.812900000000000000e+04
1.833100000000000000e+04
1.866500000000000000e+04
1.928000000000000000e+04
1.991200000000000000e+04
2.042600000000000000e+04
2.084400000000000000e+04
2.118800000000000000e+04
2.148900000000000000e+04
2.206700000000000000e+04
2.191200000000000000e+04
2.208700000000000000e+04
2.215100000000000000e+04
2.186800000000000000e+04
2.205600000000000000e+04
2.225400000000000000e+04
2.209300000000000000e+04
2.286000000000000000e+04
2.320900000000000000e+04
2.420700000000000000e+04
2.485500000000000000e+04
2.543000000000000000e+04
2.560800000000000000e+04
2.609800000000000000e+04
2.627100000000000000e+04
2.664900000000000000e+04
2.685600000000000000e+04
2.680100000000000000e+04
2.663600000000000000e+04
2.639300000000000000e+04
2.605200000000000000e+04
2.534900000000000000e+04
2.476300000000000000e+04
2.362900000000000000e+04
2.265500000000000000e+04
2.152600000000000000e+04
2.036800000000000000e+04
2.025200000000000000e+04
2.035700000000000000e+04
2.068300000000000000e+04
2.139100000000000000e+04
2.169800000000000000e+04
2.269300000000000000e+04
2.329700000000000000e+04
2.383400000000000000e+04
2.342300000000000000e+04
2.264800000000000000e+04
2.088400000000000000e+04
1.943100000000000000e+04
1.774500000000000000e+04
1.639200000000000000e+04
1.517400000000000000e+04
1.436300000000000000e+04
1.387200000000000000e+04
1.357400000000000000e+04
1.261400000000000000e+04
1.170400000000000000e+04
1.141800000000000000e+04
1.054800000000000000e+04
9.832000000000000000e+03
9.035000000000000000e+03
8.344000000000000000e+03
8.004000000000000000e+03
7.137000000000000000e+03
6.452000000000000000e+03
6.113000000000000000e+03
5.498000000000000000e+03
5.444000000000000000e+03
5.032000000000000000e+03
4.923000000000000000e+03
5.039000000000000000e+03
5.880000000000000000e+03
5.733000000000000000e+03
4.987000000000000000e+03
4.242000000000000000e+03
3.440000000000000000e+03
2.979000000000000000e+03
2.950000000000000000e+03
3.093000000000000000e+03
4.898000000000000000e+03
4.236000000000000000e+03
5.584000000000000000e+03
1.615000000000000000e+03
2.600000000000000000e+01
3.300000000000000000e+01
2.500000000000000000e+01
1.930000000000000000e+02
