1.286960000000000000e+05
1.908900000000000000e+04
2.037000000000000000e+04
1.494900000000000000e+04
1.476400000000000000e+04
1.268200000000000000e+04
1.058600000000000000e+04
9.847000000000000000e+03
8.414000000000000000e+03
7.883000000000000000e+03
7.069000000000000000e+03
6.525000000000000000e+03
6.119000000000000000e+03
5.357000000000000000e+03
5.269000000000000000e+03
4.861000000000000000e+03
4.498000000000000000e+03
4.230000000000000000e+03
4.075000000000000000e+03
3.837000000000000000e+03
3.638000000000000000e+03
3.547000000000000000e+03
3.315000000000000000e+03
3.116000000000000000e+03
2.991000000000000000e+03
2.967000000000000000e+03
2.803000000000000000e+03
2.758000000000000000e+03
2.509000000000000000e+03
2.517000000000000000e+03
2.391000000000000000e+03
2.203000000000000000e+03
2.216000000000000000e+03
2.070000000000000000e+03
1.953000000000000000e+03
1.891000000000000000e+03
1.948000000000000000e+03
1.839000000000000000e+03
1.710000000000000000e+03
1.597000000000000000e+03
1.624000000000000000e+03
1.463000000000000000e+03
1.549000000000000000e+03
1.407000000000000000e+03
1.332000000000000000e+03
1.298000000000000000e+03
1.186000000000000000e+03
1.143000000000000000e+03
1.134000000000000000e+03
1.076000000000000000e+03
9.870000000000000000e+02
1.037000000000000000e+03
1.019000000000000000e+03
9.990000000000000000e+02
8.750000000000000000e+02
8.340000000000000000e+02
8.080000000000000000e+02
7.720000000000000000e+02
7.530000000000000000e+02
7.310000000000000000e+02
7.180000000000000000e+02
6.900000000000000000e+02
6.490000000000000000e+02
6.290000000000000000e+02
5.760000000000000000e+02
6.190000000000000000e+02
5.760000000000000000e+02
5.410000000000000000e+02
5.770000000000000000e+02
5.320000000000000000e+02
4.900000000000000000e+02
4.760000000000000000e+02
5.480000000000000000e+02
5.270000000000000000e+02
5.000000000000000000e+02
5.160000000000000000e+02
5.260000000000000000e+02
5.100000000000000000e+02
4.780000000000000000e+02
5.350000000000000000e+02
5.180000000000000000e+02
5.520000000000000000e+02
6.160000000000000000e+02
5.460000000000000000e+02
6.080000000000000000e+02
6.210000000000000000e+02
6.570000000000000000e+02
6.580000000000000000e+02
6.700000000000000000e+02
6.640000000000000000e+02
7.170000000000000000e+02
7.180000000000000000e+02
7.030000000000000000e+02
7.420000000000000000e+02
7.340000000000000000e+02
8.230000000000000000e+02
7.220000000000000000e+02
7.820000000000000000e+02
8.110000000000000000e+02
8.100000000000000000e+02
7.260000000000000000e+02
7.700000000000000000e+02
8.390000000000000000e+02
7.580000000000000000e+02
8.220000000000000000e+02
7.820000000000000000e+02
7.720000000000000000e+02
7.900000000000000000e+02
8.300000000000000000e+02
8.270000000000000000e+02
7.980000000000000000e+02
8.670000000000000000e+02
8.340000000000000000e+02
7.930000000000000000e+02
8.800000000000000000e+02
8.890000000000000000e+02
9.270000000000000000e+02
9.280000000000000000e+02
9.320000000000000000e+02
1.037000000000000000e+03
1.029000000000000000e+03
1.015000000000000000e+03
9.850000000000000000e+02
9.840000000000000000e+02
9.660000000000000000e+02
9.500000000000000000e+02
9.470000000000000000e+02
9.500000000000000000e+02
1.030000000000000000e+03
1.028000000000000000e+03
1.083000000000000000e+03
1.104000000000000000e+03
1.099000000000000000e+03
1.080000000000000000e+03
1.189000000000000000e+03
1.250000000000000000e+03
1.330000000000000000e+03
1.392000000000000000e+03
1.362000000000000000e+03
1.459000000000000000e+03
1.435000000000000000e+03
1.520000000000000000e+03
1.526000000000000000e+03
1.646000000000000000e+03
1.719000000000000000e+03
1.783000000000000000e+03
1.893000000000000000e+03
1.971000000000000000e+03
2.026000000000000000e+03
2.117000000000000000e+03
2.235000000000000000e+03
2.392000000000000000e+03
2.481000000000000000e+03
2.632000000000000000e+03
2.727000000000000000e+03
2.949000000000000000e+03
3.117000000000000000e+03
3.169000000000000000e+03
3.428000000000000000e+03
3.710000000000000000e+03
3.949000000000000000e+03
4.290000000000000000e+03
4.371000000000000000e+03
4.758000000000000000e+03
5.151000000000000000e+03
5.454000000000000000e+03
5.640000000000000000e+03
5.883000000000000000e+03
6.233000000000000000e+03
6.511000000000000000e+03
6.856000000000000000e+03
6.985000000000000000e+03
7.373000000000000000e+03
7.332000000000000000e+03
7.306000000000000000e+03
7.204000000000000000e+03
6.764000000000000000e+03
6.424000000000000000e+03
6.058000000000000000e+03
5.772000000000000000e+03
5.251000000000000000e+03
4.909000000000000000e+03
4.351000000000000000e+03
3.938000000000000000e+03
3.456000000000000000e+03
2.983000000000000000e+03
2.652000000000000000e+03
2.331000000000000000e+03
1.957000000000000000e+03
1.723000000000000000e+03
1.509000000000000000e+03
1.308000000000000000e+03
1.081000000000000000e+03
9.810000000000000000e+02
8.900000000000000000e+02
7.400000000000000000e+02
6.730000000000000000e+02
6.080000000000000000e+02
5.130000000000000000e+02
5.030000000000000000e+02
4.730000000000000000e+02
4.070000000000000000e+02
4.070000000000000000e+02
4.410000000000000000e+02
4.420000000000000000e+02
4.000000000000000000e+02
4.280000000000000000e+02
4.170000000000000000e+02
3.660000000000000000e+02
3.970000000000000000e+02
4.750000000000000000e+02
4.420000000000000000e+02
4.310000000000000000e+02
4.420000000000000000e+02
4.400000000000000000e+02
4.130000000000000000e+02
4.410000000000000000e+02
4.410000000000000000e+02
4.440000000000000000e+02
4.330000000000000000e+02
4.490000000000000000e+02
4.690000000000000000e+02
4.510000000000000000e+02
4.560000000000000000e+02
4.890000000000000000e+02
4.880000000000000000e+02
4.890000000000000000e+02
5.220000000000000000e+02
5.980000000000000000e+02
5.920000000000000000e+02
6.100000000000000000e+02
5.880000000000000000e+02
6.290000000000000000e+02
5.740000000000000000e+02
5.320000000000000000e+02
5.270000000000000000e+02
5.730000000000000000e+02
5.420000000000000000e+02
5.380000000000000000e+02
6.120000000000000000e+02
5.560000000000000000e+02
6.260000000000000000e+02
7.130000000000000000e+02
6.750000000000000000e+02
8.050000000000000000e+02
8.860000000000000000e+02
9.240000000000000000e+02
9.800000000000000000e+02
9.830000000000000000e+02
1.107000000000000000e+03
1.228000000000000000e+03
1.438000000000000000e+03
1.573000000000000000e+03
2.452000000000000000e+03
2.168000000000000000e+03
1.365900000000000000e+04
2.757100000000000000e+04
1.867000000000000000e+04
1.442500000000000000e+04
1.132200000000000000e+04
1.045800000000000000e+04
9.558000000000000000e+03
8.984000000000000000e+03
8.527000000000000000e+03
8.176000000000000000e+03
7.891000000000000000e+03
7.578000000000000000e+03
7.101000000000000000e+03
6.839000000000000000e+03
6.561000000000000000e+03
6.392000000000000000e+03
6.356000000000000000e+03
6.000000000000000000e+03
5.803000000000000000e+03
5.567000000000000000e+03
5.442000000000000000e+03
5.207000000000000000e+03
4.970000000000000000e+03
4.806000000000000000e+03
4.655000000000000000e+03
4.581000000000000000e+03
4.328000000000000000e+03
4.184000000000000000e+03
4.072000000000000000e+03
4.091000000000000000e+03
4.021000000000000000e+03
3.919000000000000000e+03
3.759000000000000000e+03
3.725000000000000000e+03
3.543000000000000000e+03
3.412000000000000000e+03
3.454000000000000000e+03
3.182000000000000000e+03
3.133000000000000000e+03
3.021000000000000000e+03
3.050000000000000000e+03
2.893000000000000000e+03
2.888000000000000000e+03
2.675000000000000000e+03
2.678000000000000000e+03
2.556000000000000000e+03
2.525000000000000000e+03
2.480000000000000000e+03
2.419000000000000000e+03
2.337000000000000000e+03
2.363000000000000000e+03
2.376000000000000000e+03
2.250000000000000000e+03
2.187000000000000000e+03
2.174000000000000000e+03
2.145000000000000000e+03
2.124000000000000000e+03
2.115000000000000000e+03
1.924000000000000000e+03
2.008000000000000000e+03
1.871000000000000000e+03
1.843000000000000000e+03
1.791000000000000000e+03
1.752000000000000000e+03
1.743000000000000000e+03
1.726000000000000000e+03
1.700000000000000000e+03
1.717000000000000000e+03
1.634000000000000000e+03
1.670000000000000000e+03
1.577000000000000000e+03
1.514000000000000000e+03
1.514000000000000000e+03
1.518000000000000000e+03
1.461000000000000000e+03
1.529000000000000000e+03
1.405000000000000000e+03
1.408000000000000000e+03
1.422000000000000000e+03
1.383000000000000000e+03
1.415000000000000000e+03
1.378000000000000000e+03
1.343000000000000000e+03
1.431000000000000000e+03
1.334000000000000000e+03
1.460000000000000000e+03
1.476000000000000000e+03
1.541000000000000000e+03
1.504000000000000000e+03
1.584000000000000000e+03
1.544000000000000000e+03
1.546000000000000000e+03
1.591000000000000000e+03
1.583000000000000000e+03
1.608000000000000000e+03
1.536000000000000000e+03
1.567000000000000000e+03
1.646000000000000000e+03
1.539000000000000000e+03
1.479000000000000000e+03
1.447000000000000000e+03
1.486000000000000000e+03
1.388000000000000000e+03
1.432000000000000000e+03
1.341000000000000000e+03
1.317000000000000000e+03
1.321000000000000000e+03
1.395000000000000000e+03
1.311000000000000000e+03
1.291000000000000000e+03
1.305000000000000000e+03
1.277000000000000000e+03
1.224000000000000000e+03
1.205000000000000000e+03
1.235000000000000000e+03
1.210000000000000000e+03
1.200000000000000000e+03
1.117000000000000000e+03
1.161000000000000000e+03
1.153000000000000000e+03
1.073000000000000000e+03
9.930000000000000000e+02
1.109000000000000000e+03
1.099000000000000000e+03
1.140000000000000000e+03
1.033000000000000000e+03
9.950000000000000000e+02
1.017000000000000000e+03
1.055000000000000000e+03
1.038000000000000000e+03
1.075000000000000000e+03
1.115000000000000000e+03
1.253000000000000000e+03
1.292000000000000000e+03
1.306000000000000000e+03
1.346000000000000000e+03
1.508000000000000000e+03
1.549000000000000000e+03
1.603000000000000000e+03
1.776000000000000000e+03
1.749000000000000000e+03
1.699000000000000000e+03
1.720000000000000000e+03
1.775000000000000000e+03
1.747000000000000000e+03
1.784000000000000000e+03
1.710000000000000000e+03
1.768000000000000000e+03
1.711000000000000000e+03
1.668000000000000000e+03
1.811000000000000000e+03
1.991000000000000000e+03
2.047000000000000000e+03
2.255000000000000000e+03
2.236000000000000000e+03
2.274000000000000000e+03
2.282000000000000000e+03
2.340000000000000000e+03
2.592000000000000000e+03
2.676000000000000000e+03
2.910000000000000000e+03
3.293000000000000000e+03
3.674000000000000000e+03
3.914000000000000000e+03
4.188000000000000000e+03
4.617000000000000000e+03
4.841000000000000000e+03
5.140000000000000000e+03
5.342000000000000000e+03
5.737000000000000000e+03
6.253000000000000000e+03
6.573000000000000000e+03
6.930000000000000000e+03
7.471000000000000000e+03
7.457000000000000000e+03
7.482000000000000000e+03
7.499000000000000000e+03
7.144000000000000000e+03
6.855000000000000000e+03
6.580000000000000000e+03
5.992000000000000000e+03
5.410000000000000000e+03
5.232000000000000000e+03
4.914000000000000000e+03
4.512000000000000000e+03
3.981000000000000000e+03
3.752000000000000000e+03
3.364000000000000000e+03
2.937000000000000000e+03
2.588000000000000000e+03
2.336000000000000000e+03
2.146000000000000000e+03
1.821000000000000000e+03
1.632000000000000000e+03
1.395000000000000000e+03
1.250000000000000000e+03
1.204000000000000000e+03
1.114000000000000000e+03
9.620000000000000000e+02
8.350000000000000000e+02
8.600000000000000000e+02
7.770000000000000000e+02
7.740000000000000000e+02
6.650000000000000000e+02
7.450000000000000000e+02
7.690000000000000000e+02
7.490000000000000000e+02
7.080000000000000000e+02
7.600000000000000000e+02
7.110000000000000000e+02
7.230000000000000000e+02
7.210000000000000000e+02
7.400000000000000000e+02
7.890000000000000000e+02
8.220000000000000000e+02
8.220000000000000000e+02
8.770000000000000000e+02
8.910000000000000000e+02
9.620000000000000000e+02
9.890000000000000000e+02
1.031000000000000000e+03
1.000000000000000000e+03
9.920000000000000000e+02
1.039000000000000000e+03
9.950000000000000000e+02
9.810000000000000000e+02
9.670000000000000000e+02
9.070000000000000000e+02
8.500000000000000000e+02
8.810000000000000000e+02
7.530000000000000000e+02
6.100000000000000000e+02
6.070000000000000000e+02
5.410000000000000000e+02
4.600000000000000000e+02
4.860000000000000000e+02
5.580000000000000000e+02
5.220000000000000000e+02
5.040000000000000000e+02
5.870000000000000000e+02
6.430000000000000000e+02
6.190000000000000000e+02
6.700000000000000000e+02
7.480000000000000000e+02
8.710000000000000000e+02
8.700000000000000000e+02
8.600000000000000000e+02
9.310000000000000000e+02
1.132000000000000000e+03
1.298000000000000000e+03
1.483000000000000000e+03
1.540000000000000000e+03
1.764000000000000000e+03
1.762000000000000000e+03
2.146000000000000000e+03
2.559000000000000000e+03
6.214000000000000000e+03
8.424400000000000000e+04
2.426500000000000000e+04
1.672700000000000000e+04
1.479600000000000000e+04
1.236800000000000000e+04
1.069700000000000000e+04
9.366000000000000000e+03
8.405000000000000000e+03
7.709000000000000000e+03
6.899000000000000000e+03
6.492000000000000000e+03
6.146000000000000000e+03
5.711000000000000000e+03
5.497000000000000000e+03
5.054000000000000000e+03
4.930000000000000000e+03
4.620000000000000000e+03
4.538000000000000000e+03
4.224000000000000000e+03
4.107000000000000000e+03
3.938000000000000000e+03
3.727000000000000000e+03
3.577000000000000000e+03
3.496000000000000000e+03
3.337000000000000000e+03
3.234000000000000000e+03
3.018000000000000000e+03
3.030000000000000000e+03
2.876000000000000000e+03
2.866000000000000000e+03
2.785000000000000000e+03
2.661000000000000000e+03
2.601000000000000000e+03
2.499000000000000000e+03
2.319000000000000000e+03
2.431000000000000000e+03
2.317000000000000000e+03
2.225000000000000000e+03
2.161000000000000000e+03
2.182000000000000000e+03
2.162000000000000000e+03
2.061000000000000000e+03
1.918000000000000000e+03
1.954000000000000000e+03
1.936000000000000000e+03
1.817000000000000000e+03
1.770000000000000000e+03
1.785000000000000000e+03
1.744000000000000000e+03
1.716000000000000000e+03
1.731000000000000000e+03
1.627000000000000000e+03
1.673000000000000000e+03
1.577000000000000000e+03
1.576000000000000000e+03
1.513000000000000000e+03
1.510000000000000000e+03
1.512000000000000000e+03
1.449000000000000000e+03
1.429000000000000000e+03
1.383000000000000000e+03
1.325000000000000000e+03
1.324000000000000000e+03
1.283000000000000000e+03
1.344000000000000000e+03
1.304000000000000000e+03
1.253000000000000000e+03
1.296000000000000000e+03
1.322000000000000000e+03
1.221000000000000000e+03
1.290000000000000000e+03
1.226000000000000000e+03
1.265000000000000000e+03
1.252000000000000000e+03
1.232000000000000000e+03
1.234000000000000000e+03
1.167000000000000000e+03
1.233000000000000000e+03
1.203000000000000000e+03
1.274000000000000000e+03
1.166000000000000000e+03
1.179000000000000000e+03
1.197000000000000000e+03
1.182000000000000000e+03
1.240000000000000000e+03
1.267000000000000000e+03
1.360000000000000000e+03
1.326000000000000000e+03
1.378000000000000000e+03
1.363000000000000000e+03
1.368000000000000000e+03
1.324000000000000000e+03
1.347000000000000000e+03
1.395000000000000000e+03
1.430000000000000000e+03
1.294000000000000000e+03
1.299000000000000000e+03
1.317000000000000000e+03
1.282000000000000000e+03
1.235000000000000000e+03
1.252000000000000000e+03
1.220000000000000000e+03
1.108000000000000000e+03
1.121000000000000000e+03
1.064000000000000000e+03
1.110000000000000000e+03
1.040000000000000000e+03
1.030000000000000000e+03
9.960000000000000000e+02
9.800000000000000000e+02
1.006000000000000000e+03
9.710000000000000000e+02
9.550000000000000000e+02
9.570000000000000000e+02
9.560000000000000000e+02
9.470000000000000000e+02
9.630000000000000000e+02
9.470000000000000000e+02
9.750000000000000000e+02
1.011000000000000000e+03
9.560000000000000000e+02
1.033000000000000000e+03
9.890000000000000000e+02
1.048000000000000000e+03
1.092000000000000000e+03
1.136000000000000000e+03
1.131000000000000000e+03
1.194000000000000000e+03
1.381000000000000000e+03
1.447000000000000000e+03
1.469000000000000000e+03
1.608000000000000000e+03
1.729000000000000000e+03
1.828000000000000000e+03
1.924000000000000000e+03
1.964000000000000000e+03
2.111000000000000000e+03
2.095000000000000000e+03
2.110000000000000000e+03
2.126000000000000000e+03
2.100000000000000000e+03
1.904000000000000000e+03
1.926000000000000000e+03
2.077000000000000000e+03
2.105000000000000000e+03
2.162000000000000000e+03
2.168000000000000000e+03
2.018000000000000000e+03
2.122000000000000000e+03
1.974000000000000000e+03
2.039000000000000000e+03
1.847000000000000000e+03
1.847000000000000000e+03
1.852000000000000000e+03
1.838000000000000000e+03
1.843000000000000000e+03
1.851000000000000000e+03
1.894000000000000000e+03
2.009000000000000000e+03
2.165000000000000000e+03
2.424000000000000000e+03
2.702000000000000000e+03
2.926000000000000000e+03
3.189000000000000000e+03
3.538000000000000000e+03
3.873000000000000000e+03
4.146000000000000000e+03
4.405000000000000000e+03
4.894000000000000000e+03
5.176000000000000000e+03
5.481000000000000000e+03
6.032000000000000000e+03
6.312000000000000000e+03
6.505000000000000000e+03
6.751000000000000000e+03
6.755000000000000000e+03
6.552000000000000000e+03
6.458000000000000000e+03
6.025000000000000000e+03
5.910000000000000000e+03
5.452000000000000000e+03
5.311000000000000000e+03
4.729000000000000000e+03
4.498000000000000000e+03
4.234000000000000000e+03
3.783000000000000000e+03
3.507000000000000000e+03
3.244000000000000000e+03
2.920000000000000000e+03
2.649000000000000000e+03
2.321000000000000000e+03
2.097000000000000000e+03
1.835000000000000000e+03
1.670000000000000000e+03
1.522000000000000000e+03
1.310000000000000000e+03
1.237000000000000000e+03
1.126000000000000000e+03
1.115000000000000000e+03
9.530000000000000000e+02
9.020000000000000000e+02
8.950000000000000000e+02
7.740000000000000000e+02
7.550000000000000000e+02
7.360000000000000000e+02
7.140000000000000000e+02
6.870000000000000000e+02
7.040000000000000000e+02
6.810000000000000000e+02
6.680000000000000000e+02
6.860000000000000000e+02
6.220000000000000000e+02
6.390000000000000000e+02
6.070000000000000000e+02
5.890000000000000000e+02
5.690000000000000000e+02
5.970000000000000000e+02
5.640000000000000000e+02
6.080000000000000000e+02
6.130000000000000000e+02
5.710000000000000000e+02
6.160000000000000000e+02
5.970000000000000000e+02
6.060000000000000000e+02
5.920000000000000000e+02
6.430000000000000000e+02
6.640000000000000000e+02
7.050000000000000000e+02
7.100000000000000000e+02
7.080000000000000000e+02
7.860000000000000000e+02
8.150000000000000000e+02
8.530000000000000000e+02
8.010000000000000000e+02
8.570000000000000000e+02
8.550000000000000000e+02
8.940000000000000000e+02
9.660000000000000000e+02
1.029000000000000000e+03
1.138000000000000000e+03
1.141000000000000000e+03
1.090000000000000000e+03
1.253000000000000000e+03
1.437000000000000000e+03
1.534000000000000000e+03
1.571000000000000000e+03
1.610000000000000000e+03
1.774000000000000000e+03
1.859000000000000000e+03
1.786000000000000000e+03
1.693000000000000000e+03
1.769000000000000000e+03
1.823000000000000000e+03
1.518000000000000000e+03
2.313000000000000000e+03
4.882000000000000000e+03
