1.542573000000000000e+06
1.434900000000000000e+04
4.201070000000000000e+05
6.624300000000000000e+04
2.027480000000000000e+05
3.977390000000000000e+05
1.565900000000000000e+05
2.534150000000000000e+05
2.197060000000000000e+05
1.290670000000000000e+05
8.408300000000000000e+04
8.162900000000000000e+04
1.000820000000000000e+05
7.001800000000000000e+04
7.168500000000000000e+04
4.672400000000000000e+04
5.177300000000000000e+04
4.307700000000000000e+04
4.519400000000000000e+04
5.914400000000000000e+04
5.737800000000000000e+04
6.692300000000000000e+04
7.580000000000000000e+04
8.801100000000000000e+04
7.804600000000000000e+04
7.044100000000000000e+04
6.683300000000000000e+04
6.662100000000000000e+04
6.997500000000000000e+04
6.987400000000000000e+04
6.950500000000000000e+04
6.985100000000000000e+04
7.167800000000000000e+04
7.542000000000000000e+04
7.171300000000000000e+04
6.895600000000000000e+04
6.908500000000000000e+04
7.056900000000000000e+04
7.141700000000000000e+04
7.060800000000000000e+04
7.314800000000000000e+04
7.305400000000000000e+04
6.935500000000000000e+04
6.273300000000000000e+04
5.655800000000000000e+04
5.018900000000000000e+04
4.623100000000000000e+04
4.486500000000000000e+04
4.250200000000000000e+04
4.161900000000000000e+04
4.154000000000000000e+04
3.996600000000000000e+04
3.960600000000000000e+04
4.276100000000000000e+04
4.216500000000000000e+04
4.100900000000000000e+04
3.765600000000000000e+04
3.501500000000000000e+04
3.245200000000000000e+04
3.277000000000000000e+04
3.381300000000000000e+04
3.432700000000000000e+04
3.281900000000000000e+04
3.415000000000000000e+04
3.704300000000000000e+04
3.677500000000000000e+04
3.589000000000000000e+04
3.420300000000000000e+04
3.205100000000000000e+04
3.184400000000000000e+04
3.139900000000000000e+04
3.132100000000000000e+04
2.918500000000000000e+04
2.704100000000000000e+04
2.472700000000000000e+04
2.028600000000000000e+04
1.756600000000000000e+04
1.822200000000000000e+04
1.736100000000000000e+04
1.534200000000000000e+04
1.457000000000000000e+04
1.422900000000000000e+04
1.402800000000000000e+04
1.366200000000000000e+04
1.308200000000000000e+04
1.304100000000000000e+04
1.316300000000000000e+04
1.278900000000000000e+04
1.273400000000000000e+04
1.329100000000000000e+04
1.348600000000000000e+04
1.364100000000000000e+04
1.327400000000000000e+04
1.336000000000000000e+04
1.371300000000000000e+04
1.358000000000000000e+04
1.262600000000000000e+04
1.206100000000000000e+04
1.220000000000000000e+04
1.252200000000000000e+04
1.261600000000000000e+04
1.276100000000000000e+04
1.275500000000000000e+04
1.209900000000000000e+04
1.181800000000000000e+04
1.154500000000000000e+04
1.113800000000000000e+04
1.061400000000000000e+04
1.022000000000000000e+04
9.857000000000000000e+03
9.947000000000000000e+03
9.568000000000000000e+03
1.013000000000000000e+04
1.027900000000000000e+04
1.032200000000000000e+04
1.086700000000000000e+04
1.137300000000000000e+04
1.201300000000000000e+04
1.277000000000000000e+04
1.292000000000000000e+04
1.263400000000000000e+04
1.259100000000000000e+04
1.213600000000000000e+04
1.158500000000000000e+04
1.091300000000000000e+04
1.057800000000000000e+04
1.081500000000000000e+04
1.062300000000000000e+04
1.064000000000000000e+04
1.097400000000000000e+04
1.136000000000000000e+04
1.123800000000000000e+04
1.147300000000000000e+04
1.124400000000000000e+04
1.100400000000000000e+04
1.035800000000000000e+04
9.990000000000000000e+03
9.394000000000000000e+03
8.837000000000000000e+03
8.180000000000000000e+03
7.796000000000000000e+03
7.726000000000000000e+03
7.669000000000000000e+03
7.687000000000000000e+03
7.674000000000000000e+03
7.622000000000000000e+03
7.588000000000000000e+03
7.534000000000000000e+03
7.436000000000000000e+03
7.244000000000000000e+03
6.792000000000000000e+03
6.262000000000000000e+03
5.963000000000000000e+03
5.654000000000000000e+03
5.452000000000000000e+03
5.350000000000000000e+03
5.288000000000000000e+03
5.195000000000000000e+03
5.205000000000000000e+03
5.054000000000000000e+03
5.104000000000000000e+03
4.970000000000000000e+03
4.861000000000000000e+03
4.855000000000000000e+03
4.803000000000000000e+03
4.607000000000000000e+03
4.396000000000000000e+03
4.224000000000000000e+03
4.037000000000000000e+03
4.013000000000000000e+03
3.945000000000000000e+03
3.938000000000000000e+03
3.875000000000000000e+03
3.844000000000000000e+03
3.851000000000000000e+03
3.991000000000000000e+03
4.016000000000000000e+03
4.192000000000000000e+03
4.215000000000000000e+03
4.307000000000000000e+03
4.400000000000000000e+03
4.379000000000000000e+03
4.530000000000000000e+03
4.566000000000000000e+03
4.554000000000000000e+03
4.607000000000000000e+03
4.741000000000000000e+03
4.807000000000000000e+03
5.050000000000000000e+03
5.183000000000000000e+03
4.982000000000000000e+03
5.018000000000000000e+03
4.930000000000000000e+03
5.075000000000000000e+03
5.045000000000000000e+03
5.262000000000000000e+03
5.454000000000000000e+03
5.547000000000000000e+03
5.842000000000000000e+03
5.885000000000000000e+03
6.047000000000000000e+03
6.196000000000000000e+03
6.159000000000000000e+03
5.877000000000000000e+03
5.912000000000000000e+03
5.875000000000000000e+03
6.180000000000000000e+03
6.138000000000000000e+03
6.237000000000000000e+03
6.432000000000000000e+03
6.681000000000000000e+03
6.759000000000000000e+03
6.912000000000000000e+03
6.875000000000000000e+03
7.889000000000000000e+03
7.557000000000000000e+03
7.117000000000000000e+03
6.765000000000000000e+03
6.905000000000000000e+03
6.619000000000000000e+03
7.159000000000000000e+03
7.447000000000000000e+03
7.831000000000000000e+03
7.726000000000000000e+03
7.339000000000000000e+03
7.229000000000000000e+03
7.152000000000000000e+03
6.177000000000000000e+03
5.256000000000000000e+03
5.000000000000000000e+03
5.336000000000000000e+03
5.748000000000000000e+03
6.308000000000000000e+03
6.526000000000000000e+03
8.422000000000000000e+03
1.059900000000000000e+04
8.022000000000000000e+03
5.996000000000000000e+03
2.746000000000000000e+03
1.866000000000000000e+03
1.500000000000000000e+03
1.438000000000000000e+03
9.870000000000000000e+02
8.290000000000000000e+02
8.890000000000000000e+02
8.730000000000000000e+02
8.250000000000000000e+02
8.130000000000000000e+02
6.670000000000000000e+02
6.280000000000000000e+02
5.080000000000000000e+02
4.570000000000000000e+02
3.900000000000000000e+02
4.280000000000000000e+02
3.830000000000000000e+02
1.236000000000000000e+03
2.482331000000000000e+06
2.146430000000000000e+05
2.255220000000000000e+05
1.207160000000000000e+05
1.407440000000000000e+05
2.366770000000000000e+05
1.040200000000000000e+05
1.265640000000000000e+05
7.856400000000000000e+04
7.385000000000000000e+04
8.335700000000000000e+04
6.954800000000000000e+04
9.095500000000000000e+04
8.227000000000000000e+04
6.576800000000000000e+04
6.530600000000000000e+04
7.009600000000000000e+04
6.726800000000000000e+04
5.897600000000000000e+04
5.845100000000000000e+04
6.667300000000000000e+04
6.797900000000000000e+04
6.164200000000000000e+04
6.884700000000000000e+04
6.883500000000000000e+04
7.155200000000000000e+04
7.791100000000000000e+04
8.504800000000000000e+04
8.334800000000000000e+04
7.449300000000000000e+04
6.861600000000000000e+04
6.914800000000000000e+04
7.387800000000000000e+04
7.414600000000000000e+04
6.782000000000000000e+04
6.282600000000000000e+04
5.683000000000000000e+04
4.981700000000000000e+04
4.537600000000000000e+04
4.332900000000000000e+04
4.369100000000000000e+04
4.154400000000000000e+04
3.840300000000000000e+04
3.496400000000000000e+04
3.268800000000000000e+04
3.349700000000000000e+04
3.355700000000000000e+04
3.418000000000000000e+04
3.200200000000000000e+04
3.190500000000000000e+04
3.587600000000000000e+04
4.124200000000000000e+04
4.561500000000000000e+04
4.667800000000000000e+04
4.172500000000000000e+04
3.892400000000000000e+04
3.515000000000000000e+04
3.136600000000000000e+04
3.138400000000000000e+04
3.447400000000000000e+04
3.787800000000000000e+04
3.819400000000000000e+04
3.549800000000000000e+04
3.374800000000000000e+04
3.406100000000000000e+04
2.969700000000000000e+04
2.592100000000000000e+04
2.408500000000000000e+04
2.468800000000000000e+04
2.560000000000000000e+04
2.462000000000000000e+04
2.345200000000000000e+04
2.349000000000000000e+04
1.924400000000000000e+04
1.520700000000000000e+04
1.362200000000000000e+04
1.269600000000000000e+04
1.276500000000000000e+04
1.317300000000000000e+04
1.315500000000000000e+04
1.296600000000000000e+04
1.327300000000000000e+04
1.342100000000000000e+04
1.392100000000000000e+04
1.448800000000000000e+04
1.450800000000000000e+04
1.407300000000000000e+04
1.308100000000000000e+04
1.246300000000000000e+04
1.205500000000000000e+04
1.154100000000000000e+04
1.109400000000000000e+04
1.078600000000000000e+04
1.112200000000000000e+04
1.178600000000000000e+04
1.211300000000000000e+04
1.222500000000000000e+04
1.200300000000000000e+04
1.128700000000000000e+04
1.146200000000000000e+04
1.172100000000000000e+04
1.143300000000000000e+04
1.133900000000000000e+04
1.122900000000000000e+04
1.125500000000000000e+04
1.109400000000000000e+04
1.054400000000000000e+04
9.921000000000000000e+03
9.441000000000000000e+03
8.991000000000000000e+03
9.262000000000000000e+03
9.510000000000000000e+03
9.507000000000000000e+03
1.016500000000000000e+04
1.072100000000000000e+04
1.104100000000000000e+04
1.165200000000000000e+04
1.201100000000000000e+04
1.184800000000000000e+04
1.140500000000000000e+04
1.147600000000000000e+04
1.163600000000000000e+04
1.146700000000000000e+04
1.095200000000000000e+04
1.045600000000000000e+04
1.031300000000000000e+04
9.991000000000000000e+03
9.685000000000000000e+03
9.770000000000000000e+03
1.018600000000000000e+04
1.066300000000000000e+04
1.067300000000000000e+04
1.027600000000000000e+04
1.062200000000000000e+04
1.028300000000000000e+04
1.007100000000000000e+04
9.191000000000000000e+03
8.303000000000000000e+03
7.866000000000000000e+03
7.478000000000000000e+03
7.148000000000000000e+03
6.807000000000000000e+03
6.742000000000000000e+03
6.806000000000000000e+03
6.912000000000000000e+03
7.326000000000000000e+03
7.243000000000000000e+03
6.762000000000000000e+03
6.414000000000000000e+03
5.758000000000000000e+03
5.617000000000000000e+03
5.380000000000000000e+03
5.223000000000000000e+03
5.166000000000000000e+03
5.066000000000000000e+03
4.874000000000000000e+03
4.829000000000000000e+03
4.772000000000000000e+03
4.670000000000000000e+03
4.538000000000000000e+03
4.518000000000000000e+03
4.550000000000000000e+03
4.510000000000000000e+03
4.378000000000000000e+03
4.330000000000000000e+03
4.177000000000000000e+03
4.348000000000000000e+03
4.181000000000000000e+03
4.217000000000000000e+03
4.151000000000000000e+03
4.261000000000000000e+03
4.197000000000000000e+03
4.020000000000000000e+03
3.834000000000000000e+03
3.975000000000000000e+03
4.004000000000000000e+03
4.086000000000000000e+03
4.142000000000000000e+03
4.160000000000000000e+03
4.267000000000000000e+03
4.280000000000000000e+03
4.475000000000000000e+03
4.718000000000000000e+03
4.940000000000000000e+03
4.897000000000000000e+03
4.826000000000000000e+03
4.885000000000000000e+03
4.864000000000000000e+03
5.053000000000000000e+03
5.068000000000000000e+03
5.299000000000000000e+03
5.363000000000000000e+03
5.608000000000000000e+03
5.572000000000000000e+03
5.511000000000000000e+03
5.528000000000000000e+03
5.910000000000000000e+03
6.135000000000000000e+03
6.265000000000000000e+03
6.386000000000000000e+03
6.174000000000000000e+03
6.148000000000000000e+03
6.103000000000000000e+03
5.932000000000000000e+03
5.953000000000000000e+03
5.900000000000000000e+03
6.153000000000000000e+03
6.476000000000000000e+03
6.562000000000000000e+03
6.652000000000000000e+03
6.261000000000000000e+03
6.097000000000000000e+03
6.187000000000000000e+03
6.297000000000000000e+03
6.463000000000000000e+03
7.284000000000000000e+03
8.206000000000000000e+03
7.919000000000000000e+03
8.400000000000000000e+03
8.754000000000000000e+03
9.365000000000000000e+03
8.600000000000000000e+03
7.577000000000000000e+03
6.775000000000000000e+03
6.373000000000000000e+03
6.281000000000000000e+03
6.795000000000000000e+03
6.765000000000000000e+03
7.245000000000000000e+03
6.113000000000000000e+03
4.893000000000000000e+03
4.288000000000000000e+03
6.427000000000000000e+03
8.023000000000000000e+03
5.945000000000000000e+03
1.990000000000000000e+03
1.074000000000000000e+03
8.660000000000000000e+02
8.070000000000000000e+02
8.360000000000000000e+02
8.940000000000000000e+02
9.710000000000000000e+02
7.810000000000000000e+02
6.450000000000000000e+02
6.310000000000000000e+02
5.730000000000000000e+02
4.370000000000000000e+02
4.200000000000000000e+02
3.710000000000000000e+02
3.210000000000000000e+02
2.520000000000000000e+02
2.080000000000000000e+02
1.580000000000000000e+02
1.830000000000000000e+02
1.100000000000000000e+02
2.900000000000000000e+01
3.020659000000000000e+06
8.071080000000000000e+05
1.675360000000000000e+05
8.595400000000000000e+04
6.286800000000000000e+04
6.027100000000000000e+04
5.451500000000000000e+04
5.423600000000000000e+04
5.462900000000000000e+04
5.648500000000000000e+04
4.688400000000000000e+04
4.232900000000000000e+04
4.075300000000000000e+04
3.471900000000000000e+04
3.162800000000000000e+04
3.156100000000000000e+04
2.933700000000000000e+04
2.783700000000000000e+04
2.697600000000000000e+04
2.494300000000000000e+04
2.376500000000000000e+04
2.390300000000000000e+04
2.547600000000000000e+04
2.898500000000000000e+04
3.292800000000000000e+04
3.475900000000000000e+04
3.725100000000000000e+04
4.229800000000000000e+04
4.567000000000000000e+04
4.283100000000000000e+04
3.820500000000000000e+04
3.850000000000000000e+04
4.297800000000000000e+04
4.866800000000000000e+04
5.314000000000000000e+04
5.557800000000000000e+04
5.511900000000000000e+04
5.495400000000000000e+04
5.379100000000000000e+04
5.335200000000000000e+04
5.642900000000000000e+04
5.718100000000000000e+04
5.819800000000000000e+04
5.445900000000000000e+04
5.272600000000000000e+04
5.092300000000000000e+04
5.101100000000000000e+04
5.127200000000000000e+04
4.966500000000000000e+04
4.692600000000000000e+04
4.544200000000000000e+04
4.668100000000000000e+04
4.873400000000000000e+04
5.144800000000000000e+04
4.676900000000000000e+04
4.468000000000000000e+04
4.203200000000000000e+04
3.835700000000000000e+04
3.612300000000000000e+04
3.578900000000000000e+04
3.848200000000000000e+04
4.000100000000000000e+04
3.862000000000000000e+04
3.540800000000000000e+04
3.455500000000000000e+04
2.939600000000000000e+04
2.528200000000000000e+04
2.436300000000000000e+04
2.475100000000000000e+04
2.570600000000000000e+04
2.540900000000000000e+04
2.412600000000000000e+04
2.227300000000000000e+04
1.976300000000000000e+04
1.728000000000000000e+04
1.466500000000000000e+04
1.335100000000000000e+04
1.297200000000000000e+04
1.270700000000000000e+04
1.273900000000000000e+04
1.304900000000000000e+04
1.304200000000000000e+04
1.381600000000000000e+04
1.386500000000000000e+04
1.519800000000000000e+04
1.686300000000000000e+04
1.640800000000000000e+04
1.459100000000000000e+04
1.341900000000000000e+04
1.202300000000000000e+04
1.127100000000000000e+04
1.082600000000000000e+04
1.045600000000000000e+04
1.065800000000000000e+04
1.123400000000000000e+04
1.171600000000000000e+04
1.241200000000000000e+04
1.242100000000000000e+04
1.217700000000000000e+04
1.195300000000000000e+04
1.164100000000000000e+04
1.126900000000000000e+04
1.118600000000000000e+04
1.144900000000000000e+04
1.132200000000000000e+04
1.096100000000000000e+04
1.101400000000000000e+04
1.037900000000000000e+04
1.001500000000000000e+04
9.570000000000000000e+03
9.861000000000000000e+03
9.797000000000000000e+03
1.008800000000000000e+04
1.063800000000000000e+04
1.120600000000000000e+04
1.142500000000000000e+04
1.175000000000000000e+04
1.152500000000000000e+04
1.142300000000000000e+04
1.137100000000000000e+04
1.145500000000000000e+04
1.135900000000000000e+04
1.133100000000000000e+04
1.072400000000000000e+04
9.986000000000000000e+03
9.881000000000000000e+03
9.621000000000000000e+03
9.359000000000000000e+03
9.187000000000000000e+03
9.594000000000000000e+03
1.035400000000000000e+04
1.030000000000000000e+04
1.031400000000000000e+04
9.979000000000000000e+03
1.000000000000000000e+04
9.793000000000000000e+03
9.104000000000000000e+03
8.393000000000000000e+03
7.778000000000000000e+03
7.379000000000000000e+03
7.238000000000000000e+03
6.726000000000000000e+03
6.742000000000000000e+03
6.517000000000000000e+03
6.487000000000000000e+03
6.585000000000000000e+03
6.893000000000000000e+03
6.822000000000000000e+03
6.559000000000000000e+03
6.181000000000000000e+03
5.919000000000000000e+03
5.556000000000000000e+03
5.573000000000000000e+03
5.262000000000000000e+03
5.228000000000000000e+03
5.033000000000000000e+03
4.998000000000000000e+03
4.827000000000000000e+03
4.876000000000000000e+03
4.722000000000000000e+03
4.504000000000000000e+03
4.423000000000000000e+03
4.531000000000000000e+03
4.405000000000000000e+03
4.468000000000000000e+03
4.310000000000000000e+03
4.193000000000000000e+03
4.090000000000000000e+03
4.125000000000000000e+03
4.112000000000000000e+03
4.044000000000000000e+03
4.138000000000000000e+03
4.189000000000000000e+03
4.210000000000000000e+03
4.143000000000000000e+03
4.123000000000000000e+03
4.247000000000000000e+03
4.284000000000000000e+03
4.363000000000000000e+03
4.555000000000000000e+03
4.607000000000000000e+03
4.528000000000000000e+03
4.704000000000000000e+03
4.798000000000000000e+03
4.935000000000000000e+03
5.076000000000000000e+03
4.964000000000000000e+03
4.991000000000000000e+03
5.052000000000000000e+03
4.891000000000000000e+03
5.037000000000000000e+03
5.009000000000000000e+03
5.233000000000000000e+03
5.266000000000000000e+03
5.406000000000000000e+03
5.369000000000000000e+03
5.268000000000000000e+03
5.402000000000000000e+03
5.626000000000000000e+03
5.978000000000000000e+03
5.975000000000000000e+03
6.177000000000000000e+03
5.865000000000000000e+03
5.876000000000000000e+03
5.648000000000000000e+03
5.602000000000000000e+03
5.712000000000000000e+03
5.855000000000000000e+03
5.985000000000000000e+03
6.422000000000000000e+03
6.276000000000000000e+03
6.273000000000000000e+03
5.985000000000000000e+03
6.056000000000000000e+03
6.065000000000000000e+03
5.942000000000000000e+03
5.652000000000000000e+03
6.069000000000000000e+03
5.910000000000000000e+03
6.642000000000000000e+03
7.770000000000000000e+03
7.942000000000000000e+03
7.252000000000000000e+03
6.704000000000000000e+03
6.420000000000000000e+03
6.252000000000000000e+03
6.500000000000000000e+03
6.088000000000000000e+03
5.247000000000000000e+03
5.605000000000000000e+03
6.116000000000000000e+03
6.684000000000000000e+03
6.753000000000000000e+03
8.060000000000000000e+03
9.952000000000000000e+03
8.470000000000000000e+03
5.822000000000000000e+03
2.637000000000000000e+03
3.671000000000000000e+03
2.984000000000000000e+03
2.721000000000000000e+03
2.458000000000000000e+03
1.857000000000000000e+03
1.658000000000000000e+03
1.251000000000000000e+03
1.233000000000000000e+03
1.119000000000000000e+03
9.700000000000000000e+02
9.080000000000000000e+02
7.740000000000000000e+02
7.520000000000000000e+02
6.350000000000000000e+02
5.190000000000000000e+02
4.730000000000000000e+02
4.560000000000000000e+02
2.107000000000000000e+03
