8.446000000000000000e+03
2.428000000000000000e+03
5.887000000000000000e+03
2.795000000000000000e+03
5.406000000000000000e+03
4.910000000000000000e+03
3.729000000000000000e+03
4.438000000000000000e+03
3.488000000000000000e+03
3.953000000000000000e+03
3.810000000000000000e+03
3.974000000000000000e+03
3.822000000000000000e+03
3.309000000000000000e+03
3.311000000000000000e+03
2.774000000000000000e+03
2.823000000000000000e+03
2.626000000000000000e+03
2.596000000000000000e+03
2.613000000000000000e+03
2.274000000000000000e+03
2.354000000000000000e+03
2.448000000000000000e+03
2.291000000000000000e+03
2.229000000000000000e+03
2.267000000000000000e+03
2.251000000000000000e+03
2.065000000000000000e+03
1.984000000000000000e+03
2.076000000000000000e+03
2.046000000000000000e+03
2.038000000000000000e+03
1.927000000000000000e+03
1.945000000000000000e+03
1.933000000000000000e+03
2.017000000000000000e+03
1.923000000000000000e+03
2.022000000000000000e+03
2.052000000000000000e+03
2.005000000000000000e+03
2.057000000000000000e+03
2.095000000000000000e+03
2.050000000000000000e+03
2.076000000000000000e+03
2.145000000000000000e+03
2.053000000000000000e+03
2.043000000000000000e+03
1.984000000000000000e+03
2.070000000000000000e+03
2.062000000000000000e+03
2.060000000000000000e+03
1.969000000000000000e+03
2.194000000000000000e+03
2.026000000000000000e+03
2.126000000000000000e+03
2.025000000000000000e+03
2.043000000000000000e+03
2.038000000000000000e+03
1.963000000000000000e+03
1.939000000000000000e+03
1.824000000000000000e+03
1.756000000000000000e+03
1.626000000000000000e+03
1.663000000000000000e+03
1.633000000000000000e+03
1.590000000000000000e+03
1.655000000000000000e+03
1.596000000000000000e+03
1.544000000000000000e+03
1.626000000000000000e+03
1.521000000000000000e+03
1.446000000000000000e+03
1.555000000000000000e+03
1.531000000000000000e+03
1.470000000000000000e+03
1.634000000000000000e+03
1.610000000000000000e+03
1.589000000000000000e+03
1.537000000000000000e+03
1.573000000000000000e+03
1.606000000000000000e+03
1.585000000000000000e+03
1.607000000000000000e+03
1.638000000000000000e+03
1.591000000000000000e+03
1.628000000000000000e+03
1.617000000000000000e+03
1.562000000000000000e+03
1.540000000000000000e+03
1.636000000000000000e+03
1.700000000000000000e+03
1.673000000000000000e+03
1.634000000000000000e+03
1.603000000000000000e+03
1.568000000000000000e+03
1.593000000000000000e+03
1.608000000000000000e+03
1.544000000000000000e+03
1.536000000000000000e+03
1.568000000000000000e+03
1.604000000000000000e+03
1.485000000000000000e+03
1.503000000000000000e+03
1.476000000000000000e+03
1.432000000000000000e+03
1.551000000000000000e+03
1.447000000000000000e+03
1.389000000000000000e+03
1.476000000000000000e+03
1.472000000000000000e+03
1.439000000000000000e+03
1.464000000000000000e+03
1.399000000000000000e+03
1.450000000000000000e+03
1.488000000000000000e+03
1.403000000000000000e+03
1.336000000000000000e+03
1.373000000000000000e+03
1.385000000000000000e+03
1.469000000000000000e+03
1.446000000000000000e+03
1.434000000000000000e+03
1.481000000000000000e+03
1.442000000000000000e+03
1.388000000000000000e+03
1.438000000000000000e+03
1.536000000000000000e+03
1.531000000000000000e+03
1.439000000000000000e+03
1.573000000000000000e+03
1.560000000000000000e+03
1.556000000000000000e+03
1.625000000000000000e+03
1.702000000000000000e+03
1.625000000000000000e+03
1.641000000000000000e+03
1.744000000000000000e+03
1.673000000000000000e+03
1.715000000000000000e+03
1.675000000000000000e+03
1.778000000000000000e+03
1.820000000000000000e+03
1.893000000000000000e+03
1.956000000000000000e+03
1.929000000000000000e+03
1.944000000000000000e+03
2.109000000000000000e+03
2.038000000000000000e+03
2.092000000000000000e+03
2.114000000000000000e+03
2.206000000000000000e+03
2.289000000000000000e+03
2.196000000000000000e+03
2.174000000000000000e+03
2.244000000000000000e+03
2.110000000000000000e+03
2.158000000000000000e+03
2.211000000000000000e+03
2.151000000000000000e+03
2.150000000000000000e+03
2.205000000000000000e+03
2.194000000000000000e+03
2.251000000000000000e+03
2.318000000000000000e+03
2.289000000000000000e+03
2.337000000000000000e+03
2.329000000000000000e+03
2.328000000000000000e+03
2.289000000000000000e+03
2.276000000000000000e+03
2.343000000000000000e+03
2.331000000000000000e+03
2.200000000000000000e+03
2.298000000000000000e+03
2.196000000000000000e+03
2.152000000000000000e+03
2.116000000000000000e+03
2.104000000000000000e+03
2.134000000000000000e+03
2.091000000000000000e+03
1.968000000000000000e+03
1.858000000000000000e+03
1.751000000000000000e+03
1.945000000000000000e+03
1.868000000000000000e+03
1.787000000000000000e+03
1.737000000000000000e+03
1.691000000000000000e+03
1.654000000000000000e+03
1.564000000000000000e+03
1.546000000000000000e+03
1.481000000000000000e+03
1.421000000000000000e+03
1.474000000000000000e+03
1.442000000000000000e+03
1.281000000000000000e+03
1.245000000000000000e+03
1.210000000000000000e+03
1.320000000000000000e+03
1.221000000000000000e+03
1.209000000000000000e+03
1.162000000000000000e+03
1.078000000000000000e+03
1.055000000000000000e+03
1.051000000000000000e+03
1.008000000000000000e+03
9.840000000000000000e+02
9.730000000000000000e+02
9.210000000000000000e+02
8.480000000000000000e+02
8.810000000000000000e+02
7.880000000000000000e+02
8.100000000000000000e+02
8.010000000000000000e+02
7.110000000000000000e+02
7.340000000000000000e+02
7.430000000000000000e+02
7.190000000000000000e+02
7.360000000000000000e+02
7.380000000000000000e+02
6.930000000000000000e+02
6.890000000000000000e+02
6.910000000000000000e+02
6.520000000000000000e+02
6.760000000000000000e+02
7.460000000000000000e+02
7.720000000000000000e+02
7.940000000000000000e+02
7.610000000000000000e+02
7.960000000000000000e+02
7.940000000000000000e+02
7.700000000000000000e+02
9.300000000000000000e+02
1.018000000000000000e+03
1.467000000000000000e+03
1.960000000000000000e+03
2.624000000000000000e+03
3.301000000000000000e+03
4.598000000000000000e+03
6.307000000000000000e+03
9.124000000000000000e+03
1.175100000000000000e+04
1.208700000000000000e+04
1.187900000000000000e+04
1.276700000000000000e+04
1.163000000000000000e+04
1.219700000000000000e+04
1.377700000000000000e+04
2.050100000000000000e+04
2.800400000000000000e+04
3.316400000000000000e+04
3.307700000000000000e+04
1.837300000000000000e+04
8.198000000000000000e+03
2.328000000000000000e+03
8.131000000000000000e+03
1.568100000000000000e+04
7.787000000000000000e+03
5.445000000000000000e+03
5.164000000000000000e+03
4.692000000000000000e+03
4.309000000000000000e+03
3.815000000000000000e+03
3.832000000000000000e+03
4.253000000000000000e+03
4.009000000000000000e+03
3.633000000000000000e+03
3.509000000000000000e+03
3.185000000000000000e+03
2.939000000000000000e+03
2.949000000000000000e+03
2.760000000000000000e+03
2.636000000000000000e+03
2.564000000000000000e+03
2.499000000000000000e+03
2.411000000000000000e+03
2.428000000000000000e+03
2.450000000000000000e+03
2.430000000000000000e+03
2.306000000000000000e+03
2.318000000000000000e+03
2.178000000000000000e+03
2.136000000000000000e+03
2.035000000000000000e+03
2.040000000000000000e+03
2.200000000000000000e+03
2.129000000000000000e+03
2.096000000000000000e+03
2.183000000000000000e+03
2.199000000000000000e+03
2.260000000000000000e+03
2.329000000000000000e+03
2.249000000000000000e+03
2.303000000000000000e+03
2.367000000000000000e+03
2.272000000000000000e+03
2.230000000000000000e+03
2.209000000000000000e+03
2.126000000000000000e+03
2.159000000000000000e+03
2.113000000000000000e+03
2.091000000000000000e+03
2.075000000000000000e+03
2.117000000000000000e+03
2.032000000000000000e+03
2.048000000000000000e+03
2.013000000000000000e+03
2.007000000000000000e+03
1.948000000000000000e+03
1.975000000000000000e+03
1.929000000000000000e+03
1.893000000000000000e+03
1.849000000000000000e+03
1.792000000000000000e+03
1.750000000000000000e+03
1.779000000000000000e+03
1.678000000000000000e+03
1.764000000000000000e+03
1.584000000000000000e+03
1.615000000000000000e+03
1.560000000000000000e+03
1.586000000000000000e+03
1.565000000000000000e+03
1.455000000000000000e+03
1.500000000000000000e+03
1.541000000000000000e+03
1.470000000000000000e+03
1.445000000000000000e+03
1.455000000000000000e+03
1.508000000000000000e+03
1.362000000000000000e+03
1.422000000000000000e+03
1.394000000000000000e+03
1.420000000000000000e+03
1.319000000000000000e+03
1.388000000000000000e+03
1.417000000000000000e+03
1.420000000000000000e+03
1.366000000000000000e+03
1.423000000000000000e+03
1.384000000000000000e+03
1.420000000000000000e+03
1.307000000000000000e+03
1.392000000000000000e+03
1.413000000000000000e+03
1.360000000000000000e+03
1.358000000000000000e+03
1.415000000000000000e+03
1.390000000000000000e+03
1.368000000000000000e+03
1.319000000000000000e+03
1.277000000000000000e+03
1.234000000000000000e+03
1.261000000000000000e+03
1.321000000000000000e+03
1.272000000000000000e+03
1.313000000000000000e+03
1.284000000000000000e+03
1.344000000000000000e+03
1.378000000000000000e+03
1.463000000000000000e+03
1.352000000000000000e+03
1.323000000000000000e+03
1.306000000000000000e+03
1.369000000000000000e+03
1.387000000000000000e+03
1.315000000000000000e+03
1.329000000000000000e+03
1.279000000000000000e+03
1.316000000000000000e+03
1.353000000000000000e+03
1.410000000000000000e+03
1.351000000000000000e+03
1.364000000000000000e+03
1.382000000000000000e+03
1.407000000000000000e+03
1.519000000000000000e+03
1.618000000000000000e+03
1.599000000000000000e+03
1.584000000000000000e+03
1.558000000000000000e+03
1.622000000000000000e+03
1.640000000000000000e+03
1.740000000000000000e+03
1.617000000000000000e+03
1.692000000000000000e+03
1.709000000000000000e+03
1.760000000000000000e+03
1.773000000000000000e+03
1.783000000000000000e+03
1.835000000000000000e+03
1.780000000000000000e+03
1.689000000000000000e+03
1.819000000000000000e+03
1.845000000000000000e+03
1.866000000000000000e+03
1.837000000000000000e+03
1.864000000000000000e+03
1.832000000000000000e+03
1.914000000000000000e+03
1.905000000000000000e+03
1.881000000000000000e+03
1.915000000000000000e+03
1.907000000000000000e+03
1.958000000000000000e+03
2.054000000000000000e+03
2.081000000000000000e+03
2.074000000000000000e+03
2.070000000000000000e+03
2.006000000000000000e+03
2.098000000000000000e+03
2.091000000000000000e+03
2.157000000000000000e+03
2.132000000000000000e+03
2.062000000000000000e+03
2.092000000000000000e+03
2.132000000000000000e+03
2.112000000000000000e+03
2.168000000000000000e+03
2.164000000000000000e+03
2.257000000000000000e+03
2.289000000000000000e+03
2.176000000000000000e+03
2.220000000000000000e+03
2.150000000000000000e+03
2.150000000000000000e+03
2.228000000000000000e+03
2.211000000000000000e+03
2.134000000000000000e+03
2.173000000000000000e+03
2.132000000000000000e+03
2.086000000000000000e+03
2.141000000000000000e+03
2.107000000000000000e+03
2.102000000000000000e+03
2.120000000000000000e+03
2.036000000000000000e+03
2.081000000000000000e+03
2.094000000000000000e+03
2.011000000000000000e+03
2.069000000000000000e+03
1.957000000000000000e+03
2.062000000000000000e+03
2.130000000000000000e+03
2.157000000000000000e+03
2.259000000000000000e+03
2.140000000000000000e+03
2.182000000000000000e+03
2.027000000000000000e+03
2.073000000000000000e+03
2.286000000000000000e+03
2.111000000000000000e+03
2.305000000000000000e+03
2.325000000000000000e+03
2.704000000000000000e+03
2.439000000000000000e+03
3.149000000000000000e+03
2.754000000000000000e+03
3.173000000000000000e+03
3.479000000000000000e+03
3.736000000000000000e+03
3.733000000000000000e+03
4.117000000000000000e+03
4.071000000000000000e+03
4.565000000000000000e+03
4.662000000000000000e+03
5.976000000000000000e+03
5.905000000000000000e+03
7.854000000000000000e+03
6.453000000000000000e+03
6.232000000000000000e+03
7.010000000000000000e+03
6.160000000000000000e+03
5.019000000000000000e+03
5.047000000000000000e+03
6.269000000000000000e+03
5.503000000000000000e+03
5.194000000000000000e+03
5.799000000000000000e+03
6.954000000000000000e+03
7.050000000000000000e+03
5.987000000000000000e+03
5.717000000000000000e+03
6.038000000000000000e+03
5.496000000000000000e+03
5.892000000000000000e+03
5.513000000000000000e+03
5.911000000000000000e+03
6.676000000000000000e+03
6.985000000000000000e+03
4.895000000000000000e+03
5.588000000000000000e+03
6.260000000000000000e+03
6.961000000000000000e+03
5.237000000000000000e+03
4.139000000000000000e+03
5.396000000000000000e+03
4.916000000000000000e+03
5.674000000000000000e+03
5.734000000000000000e+03
5.329000000000000000e+03
3.921000000000000000e+03
3.610000000000000000e+03
5.367000000000000000e+03
6.663000000000000000e+03
7.607000000000000000e+03
2.693000000000000000e+03
1.289000000000000000e+03
1.047000000000000000e+03
9.090000000000000000e+02
7.310000000000000000e+02
2.357000000000000000e+03
2.355900000000000000e+04
6.077000000000000000e+03
4.732000000000000000e+03
5.023000000000000000e+03
4.576000000000000000e+03
4.089000000000000000e+03
3.676000000000000000e+03
3.835000000000000000e+03
4.320000000000000000e+03
3.842000000000000000e+03
3.665000000000000000e+03
3.495000000000000000e+03
3.212000000000000000e+03
3.057000000000000000e+03
2.891000000000000000e+03
2.845000000000000000e+03
2.632000000000000000e+03
2.569000000000000000e+03
2.534000000000000000e+03
2.437000000000000000e+03
2.489000000000000000e+03
2.537000000000000000e+03
2.330000000000000000e+03
2.315000000000000000e+03
2.217000000000000000e+03
2.149000000000000000e+03
2.136000000000000000e+03
2.128000000000000000e+03
2.092000000000000000e+03
2.254000000000000000e+03
2.198000000000000000e+03
2.143000000000000000e+03
2.138000000000000000e+03
2.149000000000000000e+03
2.213000000000000000e+03
2.243000000000000000e+03
2.239000000000000000e+03
2.299000000000000000e+03
2.357000000000000000e+03
2.420000000000000000e+03
2.304000000000000000e+03
2.179000000000000000e+03
2.292000000000000000e+03
2.215000000000000000e+03
2.186000000000000000e+03
2.110000000000000000e+03
2.200000000000000000e+03
2.158000000000000000e+03
2.204000000000000000e+03
2.277000000000000000e+03
2.285000000000000000e+03
2.046000000000000000e+03
2.018000000000000000e+03
2.000000000000000000e+03
2.059000000000000000e+03
1.954000000000000000e+03
2.004000000000000000e+03
1.859000000000000000e+03
1.855000000000000000e+03
1.817000000000000000e+03
1.787000000000000000e+03
1.772000000000000000e+03
1.771000000000000000e+03
1.639000000000000000e+03
1.657000000000000000e+03
1.658000000000000000e+03
1.671000000000000000e+03
1.603000000000000000e+03
1.638000000000000000e+03
1.643000000000000000e+03
1.573000000000000000e+03
1.540000000000000000e+03
1.467000000000000000e+03
1.492000000000000000e+03
1.498000000000000000e+03
1.421000000000000000e+03
1.476000000000000000e+03
1.417000000000000000e+03
1.376000000000000000e+03
1.392000000000000000e+03
1.363000000000000000e+03
1.382000000000000000e+03
1.342000000000000000e+03
1.318000000000000000e+03
1.353000000000000000e+03
1.287000000000000000e+03
1.285000000000000000e+03
1.356000000000000000e+03
1.393000000000000000e+03
1.316000000000000000e+03
1.328000000000000000e+03
1.409000000000000000e+03
1.327000000000000000e+03
1.376000000000000000e+03
1.402000000000000000e+03
1.317000000000000000e+03
1.400000000000000000e+03
1.344000000000000000e+03
1.320000000000000000e+03
1.319000000000000000e+03
1.325000000000000000e+03
1.298000000000000000e+03
1.267000000000000000e+03
1.359000000000000000e+03
1.481000000000000000e+03
1.417000000000000000e+03
1.402000000000000000e+03
1.325000000000000000e+03
1.351000000000000000e+03
1.312000000000000000e+03
1.336000000000000000e+03
1.408000000000000000e+03
1.344000000000000000e+03
1.381000000000000000e+03
1.433000000000000000e+03
1.441000000000000000e+03
1.444000000000000000e+03
1.437000000000000000e+03
1.429000000000000000e+03
1.354000000000000000e+03
1.455000000000000000e+03
1.481000000000000000e+03
1.550000000000000000e+03
1.470000000000000000e+03
1.570000000000000000e+03
1.637000000000000000e+03
1.600000000000000000e+03
1.575000000000000000e+03
1.553000000000000000e+03
1.543000000000000000e+03
1.702000000000000000e+03
1.645000000000000000e+03
1.605000000000000000e+03
1.699000000000000000e+03
1.750000000000000000e+03
1.685000000000000000e+03
1.699000000000000000e+03
1.766000000000000000e+03
1.747000000000000000e+03
1.827000000000000000e+03
1.790000000000000000e+03
1.761000000000000000e+03
1.916000000000000000e+03
1.850000000000000000e+03
1.893000000000000000e+03
1.934000000000000000e+03
1.888000000000000000e+03
1.914000000000000000e+03
2.022000000000000000e+03
2.062000000000000000e+03
2.006000000000000000e+03
2.095000000000000000e+03
2.221000000000000000e+03
2.177000000000000000e+03
2.244000000000000000e+03
2.307000000000000000e+03
2.471000000000000000e+03
2.525000000000000000e+03
2.519000000000000000e+03
2.517000000000000000e+03
2.504000000000000000e+03
2.606000000000000000e+03
2.898000000000000000e+03
2.806000000000000000e+03
2.853000000000000000e+03
2.999000000000000000e+03
2.891000000000000000e+03
3.086000000000000000e+03
3.348000000000000000e+03
3.741000000000000000e+03
3.998000000000000000e+03
4.043000000000000000e+03
3.895000000000000000e+03
4.180000000000000000e+03
4.224000000000000000e+03
4.404000000000000000e+03
5.108000000000000000e+03
4.749000000000000000e+03
5.570000000000000000e+03
5.673000000000000000e+03
6.452000000000000000e+03
5.741000000000000000e+03
6.000000000000000000e+03
5.556000000000000000e+03
5.543000000000000000e+03
5.351000000000000000e+03
4.911000000000000000e+03
5.263000000000000000e+03
4.904000000000000000e+03
4.229000000000000000e+03
4.198000000000000000e+03
4.130000000000000000e+03
4.326000000000000000e+03
5.060000000000000000e+03
4.389000000000000000e+03
4.586000000000000000e+03
4.369000000000000000e+03
4.316000000000000000e+03
4.862000000000000000e+03
4.511000000000000000e+03
3.380000000000000000e+03
4.115000000000000000e+03
4.835000000000000000e+03
3.519000000000000000e+03
3.827000000000000000e+03
4.322000000000000000e+03
4.099000000000000000e+03
5.225000000000000000e+03
4.465000000000000000e+03
4.401000000000000000e+03
3.526000000000000000e+03
4.719000000000000000e+03
4.341000000000000000e+03
4.028000000000000000e+03
5.904000000000000000e+03
4.753000000000000000e+03
4.914000000000000000e+03
3.635000000000000000e+03
3.840000000000000000e+03
4.174000000000000000e+03
3.130000000000000000e+03
4.717000000000000000e+03
3.551000000000000000e+03
3.134000000000000000e+03
3.283000000000000000e+03
3.416000000000000000e+03
4.613000000000000000e+03
3.487000000000000000e+03
4.333000000000000000e+03
3.365000000000000000e+03
4.108000000000000000e+03
4.180000000000000000e+03
3.911000000000000000e+03
3.461000000000000000e+03
3.355000000000000000e+03
3.950000000000000000e+03
5.153000000000000000e+03
5.250000000000000000e+03
3.399000000000000000e+03
2.402000000000000000e+03
4.054000000000000000e+03
6.484000000000000000e+03
2.565000000000000000e+03
1.198000000000000000e+03
1.144000000000000000e+03
9.650000000000000000e+02
7.160000000000000000e+02
6.510000000000000000e+02
5.690000000000000000e+02
5.360000000000000000e+02
2.150000000000000000e+02
5.770000000000000000e+02
4.840000000000000000e+02
1.090000000000000000e+02
2.750000000000000000e+02
5.560000000000000000e+02
