5.344400000000000000e+04
6.770000000000000000e+02
4.870000000000000000e+02
3.140000000000000000e+02
3.320000000000000000e+02
3.510000000000000000e+02
3.490000000000000000e+02
3.900000000000000000e+02
4.580000000000000000e+02
5.800000000000000000e+02
6.210000000000000000e+02
8.610000000000000000e+02
9.880000000000000000e+02
1.034000000000000000e+03
1.264000000000000000e+03
1.458000000000000000e+03
1.582000000000000000e+03
1.842000000000000000e+03
2.202000000000000000e+03
2.496000000000000000e+03
3.075000000000000000e+03
3.136000000000000000e+03
2.837000000000000000e+03
2.587000000000000000e+03
2.915000000000000000e+03
3.026000000000000000e+03
2.854000000000000000e+03
2.129000000000000000e+03
1.915000000000000000e+03
1.679000000000000000e+03
1.727000000000000000e+03
1.509000000000000000e+03
1.353000000000000000e+03
1.329000000000000000e+03
1.298000000000000000e+03
1.363000000000000000e+03
1.484000000000000000e+03
1.504000000000000000e+03
1.555000000000000000e+03
1.636000000000000000e+03
1.891000000000000000e+03
2.055000000000000000e+03
2.015000000000000000e+03
2.113000000000000000e+03
2.415000000000000000e+03
2.696000000000000000e+03
2.878000000000000000e+03
3.090000000000000000e+03
3.439000000000000000e+03
3.517000000000000000e+03
3.125000000000000000e+03
3.293000000000000000e+03
3.767000000000000000e+03
3.587000000000000000e+03
3.618000000000000000e+03
3.519000000000000000e+03
3.495000000000000000e+03
3.546000000000000000e+03
3.410000000000000000e+03
3.429000000000000000e+03
3.414000000000000000e+03
3.351000000000000000e+03
3.187000000000000000e+03
3.199000000000000000e+03
3.033000000000000000e+03
3.008000000000000000e+03
2.825000000000000000e+03
2.736000000000000000e+03
2.646000000000000000e+03
2.630000000000000000e+03
2.445000000000000000e+03
2.375000000000000000e+03
2.326000000000000000e+03
2.231000000000000000e+03
2.270000000000000000e+03
2.159000000000000000e+03
2.103000000000000000e+03
1.996000000000000000e+03
2.003000000000000000e+03
1.919000000000000000e+03
1.900000000000000000e+03
1.772000000000000000e+03
1.769000000000000000e+03
1.681000000000000000e+03
1.696000000000000000e+03
1.651000000000000000e+03
1.617000000000000000e+03
1.580000000000000000e+03
1.529000000000000000e+03
1.525000000000000000e+03
1.414000000000000000e+03
1.341000000000000000e+03
1.251000000000000000e+03
1.173000000000000000e+03
1.127000000000000000e+03
1.230000000000000000e+03
1.139000000000000000e+03
1.002000000000000000e+03
1.023000000000000000e+03
1.054000000000000000e+03
9.880000000000000000e+02
9.980000000000000000e+02
1.013000000000000000e+03
9.450000000000000000e+02
9.020000000000000000e+02
8.880000000000000000e+02
8.200000000000000000e+02
7.830000000000000000e+02
7.940000000000000000e+02
6.980000000000000000e+02
6.890000000000000000e+02
7.060000000000000000e+02
7.230000000000000000e+02
6.860000000000000000e+02
6.420000000000000000e+02
6.730000000000000000e+02
6.450000000000000000e+02
6.380000000000000000e+02
6.390000000000000000e+02
6.450000000000000000e+02
7.260000000000000000e+02
6.880000000000000000e+02
7.690000000000000000e+02
7.650000000000000000e+02
7.940000000000000000e+02
7.750000000000000000e+02
7.390000000000000000e+02
7.440000000000000000e+02
8.190000000000000000e+02
1.114000000000000000e+03
1.437000000000000000e+03
1.437000000000000000e+03
1.382000000000000000e+03
1.223000000000000000e+03
8.270000000000000000e+02
6.320000000000000000e+02
6.200000000000000000e+02
5.600000000000000000e+02
5.340000000000000000e+02
4.920000000000000000e+02
5.030000000000000000e+02
3.890000000000000000e+02
3.810000000000000000e+02
4.320000000000000000e+02
3.770000000000000000e+02
4.330000000000000000e+02
4.520000000000000000e+02
5.380000000000000000e+02
5.460000000000000000e+02
5.700000000000000000e+02
6.470000000000000000e+02
7.100000000000000000e+02
7.340000000000000000e+02
8.350000000000000000e+02
8.600000000000000000e+02
8.330000000000000000e+02
8.730000000000000000e+02
7.950000000000000000e+02
7.460000000000000000e+02
6.760000000000000000e+02
6.680000000000000000e+02
6.690000000000000000e+02
5.620000000000000000e+02
5.040000000000000000e+02
4.620000000000000000e+02
4.750000000000000000e+02
3.880000000000000000e+02
3.590000000000000000e+02
3.450000000000000000e+02
3.070000000000000000e+02
3.280000000000000000e+02
3.440000000000000000e+02
2.740000000000000000e+02
3.630000000000000000e+02
4.230000000000000000e+02
3.640000000000000000e+02
4.530000000000000000e+02
3.620000000000000000e+02
3.510000000000000000e+02
3.530000000000000000e+02
3.460000000000000000e+02
3.010000000000000000e+02
3.280000000000000000e+02
3.210000000000000000e+02
3.250000000000000000e+02
2.740000000000000000e+02
3.300000000000000000e+02
3.130000000000000000e+02
3.540000000000000000e+02
3.260000000000000000e+02
4.040000000000000000e+02
3.910000000000000000e+02
3.920000000000000000e+02
4.310000000000000000e+02
4.500000000000000000e+02
5.260000000000000000e+02
5.640000000000000000e+02
5.080000000000000000e+02
5.840000000000000000e+02
8.440000000000000000e+02
1.057000000000000000e+03
1.255000000000000000e+03
1.513000000000000000e+03
1.472000000000000000e+03
1.656000000000000000e+03
1.416000000000000000e+03
1.793000000000000000e+03
1.469000000000000000e+03
1.437000000000000000e+03
1.533000000000000000e+03
1.392000000000000000e+03
1.442000000000000000e+03
1.651000000000000000e+03
1.713000000000000000e+03
1.817000000000000000e+03
2.501000000000000000e+03
2.806000000000000000e+03
3.121000000000000000e+03
3.051000000000000000e+03
3.108000000000000000e+03
3.247000000000000000e+03
2.308000000000000000e+03
2.788000000000000000e+03
2.961000000000000000e+03
2.946000000000000000e+03
2.913000000000000000e+03
2.656000000000000000e+03
3.238000000000000000e+03
3.473000000000000000e+03
3.128000000000000000e+03
2.954000000000000000e+03
2.261000000000000000e+03
2.214000000000000000e+03
1.714000000000000000e+03
1.732000000000000000e+03
2.106000000000000000e+03
1.620000000000000000e+03
1.820000000000000000e+03
1.877000000000000000e+03
2.035000000000000000e+03
1.835000000000000000e+03
2.047000000000000000e+03
2.358000000000000000e+03
2.558000000000000000e+03
3.085000000000000000e+03
3.180000000000000000e+03
3.890000000000000000e+03
4.574000000000000000e+03
4.519000000000000000e+03
4.530000000000000000e+03
6.641000000000000000e+03
1.020900000000000000e+04
9.587000000000000000e+03
9.132000000000000000e+03
5.288000000000000000e+03
3.916000000000000000e+03
5.258700000000000000e+04
9.150000000000000000e+02
4.440000000000000000e+02
4.350000000000000000e+02
3.850000000000000000e+02
4.300000000000000000e+02
5.020000000000000000e+02
6.740000000000000000e+02
8.020000000000000000e+02
1.089000000000000000e+03
1.317000000000000000e+03
1.656000000000000000e+03
2.209000000000000000e+03
3.523000000000000000e+03
3.725000000000000000e+03
4.077000000000000000e+03
3.603000000000000000e+03
3.295000000000000000e+03
3.533000000000000000e+03
2.834000000000000000e+03
2.531000000000000000e+03
2.101000000000000000e+03
1.825000000000000000e+03
1.732000000000000000e+03
1.572000000000000000e+03
1.612000000000000000e+03
1.447000000000000000e+03
1.255000000000000000e+03
1.328000000000000000e+03
1.220000000000000000e+03
1.191000000000000000e+03
1.216000000000000000e+03
1.334000000000000000e+03
1.405000000000000000e+03
1.756000000000000000e+03
1.977000000000000000e+03
2.120000000000000000e+03
2.347000000000000000e+03
2.227000000000000000e+03
2.474000000000000000e+03
2.347000000000000000e+03
2.448000000000000000e+03
2.671000000000000000e+03
2.821000000000000000e+03
2.609000000000000000e+03
2.530000000000000000e+03
2.615000000000000000e+03
2.979000000000000000e+03
2.792000000000000000e+03
2.631000000000000000e+03
2.569000000000000000e+03
2.709000000000000000e+03
3.008000000000000000e+03
2.961000000000000000e+03
2.972000000000000000e+03
3.090000000000000000e+03
2.901000000000000000e+03
3.066000000000000000e+03
3.056000000000000000e+03
3.118000000000000000e+03
3.095000000000000000e+03
2.977000000000000000e+03
2.983000000000000000e+03
3.014000000000000000e+03
2.879000000000000000e+03
2.878000000000000000e+03
2.734000000000000000e+03
2.630000000000000000e+03
2.432000000000000000e+03
2.331000000000000000e+03
2.186000000000000000e+03
2.103000000000000000e+03
2.055000000000000000e+03
1.918000000000000000e+03
1.987000000000000000e+03
1.860000000000000000e+03
1.915000000000000000e+03
1.853000000000000000e+03
1.858000000000000000e+03
1.853000000000000000e+03
1.791000000000000000e+03
1.677000000000000000e+03
1.635000000000000000e+03
1.576000000000000000e+03
1.541000000000000000e+03
1.587000000000000000e+03
1.555000000000000000e+03
1.529000000000000000e+03
1.477000000000000000e+03
1.422000000000000000e+03
1.349000000000000000e+03
1.345000000000000000e+03
1.241000000000000000e+03
1.106000000000000000e+03
1.132000000000000000e+03
1.156000000000000000e+03
1.122000000000000000e+03
9.970000000000000000e+02
1.043000000000000000e+03
1.052000000000000000e+03
9.830000000000000000e+02
1.020000000000000000e+03
9.960000000000000000e+02
9.600000000000000000e+02
9.620000000000000000e+02
8.600000000000000000e+02
8.520000000000000000e+02
7.890000000000000000e+02
7.840000000000000000e+02
7.620000000000000000e+02
6.860000000000000000e+02
7.190000000000000000e+02
7.330000000000000000e+02
7.140000000000000000e+02
6.280000000000000000e+02
6.510000000000000000e+02
6.170000000000000000e+02
6.250000000000000000e+02
5.880000000000000000e+02
6.330000000000000000e+02
6.390000000000000000e+02
6.400000000000000000e+02
7.360000000000000000e+02
7.790000000000000000e+02
7.110000000000000000e+02
7.440000000000000000e+02
7.860000000000000000e+02
7.780000000000000000e+02
7.820000000000000000e+02
7.820000000000000000e+02
8.560000000000000000e+02
1.370000000000000000e+03
1.329000000000000000e+03
1.332000000000000000e+03
1.177000000000000000e+03
8.480000000000000000e+02
7.390000000000000000e+02
5.730000000000000000e+02
5.350000000000000000e+02
5.260000000000000000e+02
4.930000000000000000e+02
4.780000000000000000e+02
5.520000000000000000e+02
4.650000000000000000e+02
3.840000000000000000e+02
3.580000000000000000e+02
3.890000000000000000e+02
4.200000000000000000e+02
4.110000000000000000e+02
4.690000000000000000e+02
5.400000000000000000e+02
5.560000000000000000e+02
5.960000000000000000e+02
6.330000000000000000e+02
6.760000000000000000e+02
7.280000000000000000e+02
7.690000000000000000e+02
7.830000000000000000e+02
8.820000000000000000e+02
8.350000000000000000e+02
8.000000000000000000e+02
6.940000000000000000e+02
6.210000000000000000e+02
5.990000000000000000e+02
5.730000000000000000e+02
5.780000000000000000e+02
5.610000000000000000e+02
4.900000000000000000e+02
4.260000000000000000e+02
3.640000000000000000e+02
2.960000000000000000e+02
2.620000000000000000e+02
2.420000000000000000e+02
2.460000000000000000e+02
2.640000000000000000e+02
2.880000000000000000e+02
2.780000000000000000e+02
2.450000000000000000e+02
2.880000000000000000e+02
2.450000000000000000e+02
2.760000000000000000e+02
2.660000000000000000e+02
2.890000000000000000e+02
2.750000000000000000e+02
2.590000000000000000e+02
2.460000000000000000e+02
2.830000000000000000e+02
2.670000000000000000e+02
3.030000000000000000e+02
3.780000000000000000e+02
3.400000000000000000e+02
4.680000000000000000e+02
4.120000000000000000e+02
4.500000000000000000e+02
3.640000000000000000e+02
3.700000000000000000e+02
3.670000000000000000e+02
3.220000000000000000e+02
3.940000000000000000e+02
3.670000000000000000e+02
4.000000000000000000e+02
4.970000000000000000e+02
4.780000000000000000e+02
5.220000000000000000e+02
4.670000000000000000e+02
8.640000000000000000e+02
7.070000000000000000e+02
8.930000000000000000e+02
9.290000000000000000e+02
1.088000000000000000e+03
1.584000000000000000e+03
2.299000000000000000e+03
2.013000000000000000e+03
1.689000000000000000e+03
1.530000000000000000e+03
1.625000000000000000e+03
1.782000000000000000e+03
1.820000000000000000e+03
2.585000000000000000e+03
2.427000000000000000e+03
2.783000000000000000e+03
3.506000000000000000e+03
3.305000000000000000e+03
3.442000000000000000e+03
3.101000000000000000e+03
3.889000000000000000e+03
3.247000000000000000e+03
2.937000000000000000e+03
3.333000000000000000e+03
3.242000000000000000e+03
3.252000000000000000e+03
3.847000000000000000e+03
3.620000000000000000e+03
3.343000000000000000e+03
2.897000000000000000e+03
2.263000000000000000e+03
2.264000000000000000e+03
2.352000000000000000e+03
2.206000000000000000e+03
2.229000000000000000e+03
2.123000000000000000e+03
2.425000000000000000e+03
2.247000000000000000e+03
2.297000000000000000e+03
2.685000000000000000e+03
2.680000000000000000e+03
3.428000000000000000e+03
3.697000000000000000e+03
4.392000000000000000e+03
6.328000000000000000e+03
7.854000000000000000e+03
9.725000000000000000e+03
9.755000000000000000e+03
8.754000000000000000e+03
6.280000000000000000e+03
5.904000000000000000e+03
5.262700000000000000e+04
9.560000000000000000e+02
4.740000000000000000e+02
4.870000000000000000e+02
3.850000000000000000e+02
4.650000000000000000e+02
4.970000000000000000e+02
6.160000000000000000e+02
7.490000000000000000e+02
1.022000000000000000e+03
1.248000000000000000e+03
1.539000000000000000e+03
1.908000000000000000e+03
2.257000000000000000e+03
2.679000000000000000e+03
4.207000000000000000e+03
4.838000000000000000e+03
4.305000000000000000e+03
4.268000000000000000e+03
3.119000000000000000e+03
2.752000000000000000e+03
2.222000000000000000e+03
1.910000000000000000e+03
1.786000000000000000e+03
1.559000000000000000e+03
1.508000000000000000e+03
1.338000000000000000e+03
1.202000000000000000e+03
1.242000000000000000e+03
1.194000000000000000e+03
1.215000000000000000e+03
1.170000000000000000e+03
1.301000000000000000e+03
1.257000000000000000e+03
1.522000000000000000e+03
1.874000000000000000e+03
2.131000000000000000e+03
2.312000000000000000e+03
2.139000000000000000e+03
2.177000000000000000e+03
2.476000000000000000e+03
2.434000000000000000e+03
2.665000000000000000e+03
2.361000000000000000e+03
2.793000000000000000e+03
2.611000000000000000e+03
2.476000000000000000e+03
2.646000000000000000e+03
2.936000000000000000e+03
2.850000000000000000e+03
2.690000000000000000e+03
2.651000000000000000e+03
2.964000000000000000e+03
2.885000000000000000e+03
2.907000000000000000e+03
3.143000000000000000e+03
2.954000000000000000e+03
3.096000000000000000e+03
3.067000000000000000e+03
3.036000000000000000e+03
2.994000000000000000e+03
3.071000000000000000e+03
3.077000000000000000e+03
3.009000000000000000e+03
2.924000000000000000e+03
2.882000000000000000e+03
2.745000000000000000e+03
2.642000000000000000e+03
2.482000000000000000e+03
2.292000000000000000e+03
2.219000000000000000e+03
2.104000000000000000e+03
2.088000000000000000e+03
1.942000000000000000e+03
1.985000000000000000e+03
1.822000000000000000e+03
1.922000000000000000e+03
1.838000000000000000e+03
1.804000000000000000e+03
1.826000000000000000e+03
1.828000000000000000e+03
1.665000000000000000e+03
1.649000000000000000e+03
1.630000000000000000e+03
1.576000000000000000e+03
1.546000000000000000e+03
1.460000000000000000e+03
1.468000000000000000e+03
1.417000000000000000e+03
1.498000000000000000e+03
1.289000000000000000e+03
1.347000000000000000e+03
1.234000000000000000e+03
1.187000000000000000e+03
1.153000000000000000e+03
1.143000000000000000e+03
1.153000000000000000e+03
1.055000000000000000e+03
9.770000000000000000e+02
9.980000000000000000e+02
9.420000000000000000e+02
9.820000000000000000e+02
1.009000000000000000e+03
9.420000000000000000e+02
9.540000000000000000e+02
8.460000000000000000e+02
8.700000000000000000e+02
8.150000000000000000e+02
8.160000000000000000e+02
7.760000000000000000e+02
6.970000000000000000e+02
6.650000000000000000e+02
6.750000000000000000e+02
6.910000000000000000e+02
6.160000000000000000e+02
5.870000000000000000e+02
5.660000000000000000e+02
5.910000000000000000e+02
5.730000000000000000e+02
5.760000000000000000e+02
5.470000000000000000e+02
6.090000000000000000e+02
5.680000000000000000e+02
6.620000000000000000e+02
6.790000000000000000e+02
6.570000000000000000e+02
7.050000000000000000e+02
7.610000000000000000e+02
7.560000000000000000e+02
7.630000000000000000e+02
7.930000000000000000e+02
8.060000000000000000e+02
9.240000000000000000e+02
8.190000000000000000e+02
9.300000000000000000e+02
1.258000000000000000e+03
1.121000000000000000e+03
1.032000000000000000e+03
9.470000000000000000e+02
7.350000000000000000e+02
6.330000000000000000e+02
5.690000000000000000e+02
5.700000000000000000e+02
5.430000000000000000e+02
5.520000000000000000e+02
5.180000000000000000e+02
5.770000000000000000e+02
5.300000000000000000e+02
4.700000000000000000e+02
4.690000000000000000e+02
4.820000000000000000e+02
5.360000000000000000e+02
5.490000000000000000e+02
6.260000000000000000e+02
6.640000000000000000e+02
7.730000000000000000e+02
8.160000000000000000e+02
7.730000000000000000e+02
8.870000000000000000e+02
8.040000000000000000e+02
8.720000000000000000e+02
7.310000000000000000e+02
6.450000000000000000e+02
6.610000000000000000e+02
5.960000000000000000e+02
6.310000000000000000e+02
5.360000000000000000e+02
5.320000000000000000e+02
4.300000000000000000e+02
3.740000000000000000e+02
3.340000000000000000e+02
2.540000000000000000e+02
2.480000000000000000e+02
2.470000000000000000e+02
2.040000000000000000e+02
2.370000000000000000e+02
2.420000000000000000e+02
2.860000000000000000e+02
2.900000000000000000e+02
3.220000000000000000e+02
2.990000000000000000e+02
3.640000000000000000e+02
4.900000000000000000e+02
4.500000000000000000e+02
4.990000000000000000e+02
4.030000000000000000e+02
3.780000000000000000e+02
3.080000000000000000e+02
3.230000000000000000e+02
2.560000000000000000e+02
2.990000000000000000e+02
2.880000000000000000e+02
3.030000000000000000e+02
2.990000000000000000e+02
2.770000000000000000e+02
3.400000000000000000e+02
3.110000000000000000e+02
3.070000000000000000e+02
3.780000000000000000e+02
3.660000000000000000e+02
4.510000000000000000e+02
4.340000000000000000e+02
4.030000000000000000e+02
4.460000000000000000e+02
4.440000000000000000e+02
4.760000000000000000e+02
4.890000000000000000e+02
5.540000000000000000e+02
6.440000000000000000e+02
8.960000000000000000e+02
1.167000000000000000e+03
1.500000000000000000e+03
1.631000000000000000e+03
1.315000000000000000e+03
1.594000000000000000e+03
1.435000000000000000e+03
1.674000000000000000e+03
1.905000000000000000e+03
1.816000000000000000e+03
2.430000000000000000e+03
3.327000000000000000e+03
3.143000000000000000e+03
2.906000000000000000e+03
3.018000000000000000e+03
2.447000000000000000e+03
3.097000000000000000e+03
3.004000000000000000e+03
3.566000000000000000e+03
3.772000000000000000e+03
3.762000000000000000e+03
3.860000000000000000e+03
3.765000000000000000e+03
4.057000000000000000e+03
4.137000000000000000e+03
3.944000000000000000e+03
3.331000000000000000e+03
2.276000000000000000e+03
2.433000000000000000e+03
2.367000000000000000e+03
2.259000000000000000e+03
2.341000000000000000e+03
2.318000000000000000e+03
2.690000000000000000e+03
2.498000000000000000e+03
2.885000000000000000e+03
2.870000000000000000e+03
3.538000000000000000e+03
3.759000000000000000e+03
4.426000000000000000e+03
6.408000000000000000e+03
7.823000000000000000e+03
9.743000000000000000e+03
9.759000000000000000e+03
8.828000000000000000e+03
6.368000000000000000e+03
5.320000000000000000e+03
