2.577000000000000000e+03
1.661000000000000000e+03
1.242000000000000000e+03
1.664000000000000000e+03
6.072000000000000000e+03
4.589000000000000000e+03
5.014000000000000000e+03
4.115000000000000000e+03
3.776000000000000000e+03
3.232000000000000000e+03
2.753000000000000000e+03
2.823000000000000000e+03
2.626000000000000000e+03
2.251000000000000000e+03
2.186000000000000000e+03
2.069000000000000000e+03
2.340000000000000000e+03
2.229000000000000000e+03
2.745000000000000000e+03
3.212000000000000000e+03
3.070000000000000000e+03
3.232000000000000000e+03
3.254000000000000000e+03
2.839000000000000000e+03
2.877000000000000000e+03
2.666000000000000000e+03
2.568000000000000000e+03
2.629000000000000000e+03
2.595000000000000000e+03
2.704000000000000000e+03
2.747000000000000000e+03
2.708000000000000000e+03
2.795000000000000000e+03
2.929000000000000000e+03
2.874000000000000000e+03
2.835000000000000000e+03
2.859000000000000000e+03
2.770000000000000000e+03
2.928000000000000000e+03
2.872000000000000000e+03
3.362000000000000000e+03
3.428000000000000000e+03
4.312000000000000000e+03
3.337000000000000000e+03
2.919000000000000000e+03
2.458000000000000000e+03
2.384000000000000000e+03
2.024000000000000000e+03
1.925000000000000000e+03
1.772000000000000000e+03
1.586000000000000000e+03
1.560000000000000000e+03
1.476000000000000000e+03
1.400000000000000000e+03
1.309000000000000000e+03
1.166000000000000000e+03
1.217000000000000000e+03
1.209000000000000000e+03
1.188000000000000000e+03
1.048000000000000000e+03
1.022000000000000000e+03
9.700000000000000000e+02
8.970000000000000000e+02
8.800000000000000000e+02
8.000000000000000000e+02
8.430000000000000000e+02
7.790000000000000000e+02
8.120000000000000000e+02
7.680000000000000000e+02
7.410000000000000000e+02
7.260000000000000000e+02
7.150000000000000000e+02
6.320000000000000000e+02
6.480000000000000000e+02
6.340000000000000000e+02
6.440000000000000000e+02
5.660000000000000000e+02
5.570000000000000000e+02
5.790000000000000000e+02
5.560000000000000000e+02
5.200000000000000000e+02
5.890000000000000000e+02
4.800000000000000000e+02
4.300000000000000000e+02
4.200000000000000000e+02
4.170000000000000000e+02
4.530000000000000000e+02
4.540000000000000000e+02
3.610000000000000000e+02
3.590000000000000000e+02
3.600000000000000000e+02
3.340000000000000000e+02
3.340000000000000000e+02
2.990000000000000000e+02
3.520000000000000000e+02
3.390000000000000000e+02
3.330000000000000000e+02
3.230000000000000000e+02
3.510000000000000000e+02
3.410000000000000000e+02
3.010000000000000000e+02
3.220000000000000000e+02
3.560000000000000000e+02
2.910000000000000000e+02
3.200000000000000000e+02
3.140000000000000000e+02
2.980000000000000000e+02
3.130000000000000000e+02
2.990000000000000000e+02
2.930000000000000000e+02
2.720000000000000000e+02
2.920000000000000000e+02
2.970000000000000000e+02
2.720000000000000000e+02
2.980000000000000000e+02
2.900000000000000000e+02
3.000000000000000000e+02
3.070000000000000000e+02
3.060000000000000000e+02
3.360000000000000000e+02
2.820000000000000000e+02
3.070000000000000000e+02
2.930000000000000000e+02
2.880000000000000000e+02
2.900000000000000000e+02
2.860000000000000000e+02
2.900000000000000000e+02
2.970000000000000000e+02
2.690000000000000000e+02
3.040000000000000000e+02
2.960000000000000000e+02
2.950000000000000000e+02
2.660000000000000000e+02
2.520000000000000000e+02
2.890000000000000000e+02
2.780000000000000000e+02
2.580000000000000000e+02
2.770000000000000000e+02
2.450000000000000000e+02
2.760000000000000000e+02
2.600000000000000000e+02
2.390000000000000000e+02
2.680000000000000000e+02
2.700000000000000000e+02
2.550000000000000000e+02
2.890000000000000000e+02
2.300000000000000000e+02
2.640000000000000000e+02
2.490000000000000000e+02
2.690000000000000000e+02
2.660000000000000000e+02
2.460000000000000000e+02
2.600000000000000000e+02
2.410000000000000000e+02
2.540000000000000000e+02
2.340000000000000000e+02
2.480000000000000000e+02
2.400000000000000000e+02
2.510000000000000000e+02
2.500000000000000000e+02
2.260000000000000000e+02
2.510000000000000000e+02
2.490000000000000000e+02
2.500000000000000000e+02
2.520000000000000000e+02
2.950000000000000000e+02
2.790000000000000000e+02
2.530000000000000000e+02
2.480000000000000000e+02
2.520000000000000000e+02
2.530000000000000000e+02
1.940000000000000000e+03
5.142000000000000000e+03
1.095600000000000000e+04
7.934000000000000000e+03
1.158600000000000000e+04
7.701000000000000000e+03
6.727000000000000000e+03
5.691000000000000000e+03
3.199000000000000000e+03
8.206000000000000000e+03
4.681000000000000000e+03
3.941000000000000000e+03
5.565000000000000000e+03
3.426000000000000000e+03
3.344000000000000000e+03
4.658000000000000000e+03
3.993000000000000000e+03
3.255000000000000000e+03
4.544000000000000000e+03
3.058000000000000000e+03
2.624000000000000000e+03
3.712000000000000000e+03
2.756000000000000000e+03
3.457000000000000000e+03
3.790000000000000000e+03
2.897000000000000000e+03
3.865000000000000000e+03
3.090000000000000000e+03
4.166000000000000000e+03
2.882000000000000000e+03
3.419000000000000000e+03
3.174000000000000000e+03
2.399000000000000000e+03
3.975000000000000000e+03
3.914000000000000000e+03
3.048000000000000000e+03
3.271000000000000000e+03
3.854000000000000000e+03
2.559000000000000000e+03
3.503000000000000000e+03
3.240000000000000000e+03
3.092000000000000000e+03
4.857000000000000000e+03
2.444000000000000000e+03
3.499000000000000000e+03
4.916000000000000000e+03
9.498000000000000000e+03
2.081700000000000000e+04
3.195200000000000000e+04
1.594500000000000000e+04
2.009300000000000000e+04
2.023400000000000000e+04
1.776200000000000000e+04
1.935400000000000000e+04
1.522900000000000000e+04
1.612700000000000000e+04
1.537200000000000000e+04
1.492300000000000000e+04
4.768200000000000000e+04
5.563500000000000000e+04
4.186000000000000000e+03
2.595000000000000000e+03
2.620000000000000000e+03
2.802000000000000000e+03
2.054000000000000000e+03
1.496000000000000000e+03
1.391000000000000000e+03
9.190000000000000000e+02
1.215000000000000000e+03
1.604000000000000000e+03
1.323000000000000000e+03
8.110000000000000000e+02
1.774000000000000000e+03
1.599000000000000000e+03
1.086000000000000000e+03
1.571000000000000000e+03
1.511000000000000000e+03
2.265000000000000000e+03
1.847000000000000000e+03
2.852000000000000000e+03
2.688000000000000000e+03
3.381000000000000000e+03
3.907000000000000000e+03
2.699000000000000000e+03
0.000000000000000000e+00
2.567000000000000000e+03
1.657000000000000000e+03
1.238000000000000000e+03
1.668000000000000000e+03
6.080000000000000000e+03
4.593000000000000000e+03
5.031000000000000000e+03
4.111000000000000000e+03
3.759000000000000000e+03
3.217000000000000000e+03
2.750000000000000000e+03
2.817000000000000000e+03
2.643000000000000000e+03
2.236000000000000000e+03
2.162000000000000000e+03
2.040000000000000000e+03
2.321000000000000000e+03
2.259000000000000000e+03
2.742000000000000000e+03
3.117000000000000000e+03
2.974000000000000000e+03
3.073000000000000000e+03
3.285000000000000000e+03
2.868000000000000000e+03
2.852000000000000000e+03
2.648000000000000000e+03
2.556000000000000000e+03
2.660000000000000000e+03
2.645000000000000000e+03
2.698000000000000000e+03
2.742000000000000000e+03
2.697000000000000000e+03
2.746000000000000000e+03
2.936000000000000000e+03
2.816000000000000000e+03
2.904000000000000000e+03
2.867000000000000000e+03
2.812000000000000000e+03
2.942000000000000000e+03
2.908000000000000000e+03
3.374000000000000000e+03
3.426000000000000000e+03
4.315000000000000000e+03
3.384000000000000000e+03
2.916000000000000000e+03
2.457000000000000000e+03
2.377000000000000000e+03
2.019000000000000000e+03
1.946000000000000000e+03
1.773000000000000000e+03
1.590000000000000000e+03
1.588000000000000000e+03
1.457000000000000000e+03
1.452000000000000000e+03
1.281000000000000000e+03
1.160000000000000000e+03
1.256000000000000000e+03
1.202000000000000000e+03
1.202000000000000000e+03
1.076000000000000000e+03
1.028000000000000000e+03
9.760000000000000000e+02
9.320000000000000000e+02
8.920000000000000000e+02
7.720000000000000000e+02
8.220000000000000000e+02
7.690000000000000000e+02
8.200000000000000000e+02
7.620000000000000000e+02
7.510000000000000000e+02
7.330000000000000000e+02
7.280000000000000000e+02
6.270000000000000000e+02
6.340000000000000000e+02
6.600000000000000000e+02
6.490000000000000000e+02
5.660000000000000000e+02
5.570000000000000000e+02
5.820000000000000000e+02
5.530000000000000000e+02
5.150000000000000000e+02
5.900000000000000000e+02
4.680000000000000000e+02
4.410000000000000000e+02
4.210000000000000000e+02
4.360000000000000000e+02
4.560000000000000000e+02
4.480000000000000000e+02
3.790000000000000000e+02
3.770000000000000000e+02
3.740000000000000000e+02
3.470000000000000000e+02
3.190000000000000000e+02
3.040000000000000000e+02
3.520000000000000000e+02
3.500000000000000000e+02
3.220000000000000000e+02
3.200000000000000000e+02
3.410000000000000000e+02
3.640000000000000000e+02
2.890000000000000000e+02
3.100000000000000000e+02
3.540000000000000000e+02
2.910000000000000000e+02
3.010000000000000000e+02
3.430000000000000000e+02
2.950000000000000000e+02
3.010000000000000000e+02
2.850000000000000000e+02
3.170000000000000000e+02
2.680000000000000000e+02
2.990000000000000000e+02
2.760000000000000000e+02
2.660000000000000000e+02
2.760000000000000000e+02
2.840000000000000000e+02
2.960000000000000000e+02
3.040000000000000000e+02
2.900000000000000000e+02
3.110000000000000000e+02
2.990000000000000000e+02
3.060000000000000000e+02
2.740000000000000000e+02
3.010000000000000000e+02
3.020000000000000000e+02
2.700000000000000000e+02
2.910000000000000000e+02
2.750000000000000000e+02
3.040000000000000000e+02
2.800000000000000000e+02
2.930000000000000000e+02
2.920000000000000000e+02
2.800000000000000000e+02
2.570000000000000000e+02
2.710000000000000000e+02
2.700000000000000000e+02
2.580000000000000000e+02
3.010000000000000000e+02
2.320000000000000000e+02
2.750000000000000000e+02
2.590000000000000000e+02
2.400000000000000000e+02
2.880000000000000000e+02
2.560000000000000000e+02
2.300000000000000000e+02
2.790000000000000000e+02
2.670000000000000000e+02
2.840000000000000000e+02
2.540000000000000000e+02
2.450000000000000000e+02
2.560000000000000000e+02
2.540000000000000000e+02
2.480000000000000000e+02
2.370000000000000000e+02
2.520000000000000000e+02
2.540000000000000000e+02
2.300000000000000000e+02
2.620000000000000000e+02
2.450000000000000000e+02
2.660000000000000000e+02
2.270000000000000000e+02
2.450000000000000000e+02
2.410000000000000000e+02
2.470000000000000000e+02
2.650000000000000000e+02
2.770000000000000000e+02
2.780000000000000000e+02
2.720000000000000000e+02
2.630000000000000000e+02
2.520000000000000000e+02
2.620000000000000000e+02
1.946000000000000000e+03
5.148000000000000000e+03
1.091400000000000000e+04
7.936000000000000000e+03
1.159000000000000000e+04
7.727000000000000000e+03
6.723000000000000000e+03
5.684000000000000000e+03
3.211000000000000000e+03
8.217000000000000000e+03
4.682000000000000000e+03
3.917000000000000000e+03
5.572000000000000000e+03
3.417000000000000000e+03
3.319000000000000000e+03
4.669000000000000000e+03
3.995000000000000000e+03
3.244000000000000000e+03
4.537000000000000000e+03
3.045000000000000000e+03
2.630000000000000000e+03
3.693000000000000000e+03
2.792000000000000000e+03
3.438000000000000000e+03
3.786000000000000000e+03
2.925000000000000000e+03
3.884000000000000000e+03
3.108000000000000000e+03
4.172000000000000000e+03
2.884000000000000000e+03
3.433000000000000000e+03
3.171000000000000000e+03
2.391000000000000000e+03
3.985000000000000000e+03
3.908000000000000000e+03
3.035000000000000000e+03
3.259000000000000000e+03
3.871000000000000000e+03
2.559000000000000000e+03
3.503000000000000000e+03
3.243000000000000000e+03
3.086000000000000000e+03
4.864000000000000000e+03
2.446000000000000000e+03
3.487000000000000000e+03
4.925000000000000000e+03
9.506000000000000000e+03
2.080800000000000000e+04
3.195800000000000000e+04
1.596200000000000000e+04
2.009800000000000000e+04
2.022600000000000000e+04
1.776500000000000000e+04
1.937000000000000000e+04
1.522200000000000000e+04
1.610600000000000000e+04
1.538700000000000000e+04
1.491200000000000000e+04
4.768600000000000000e+04
5.565900000000000000e+04
4.193000000000000000e+03
2.602000000000000000e+03
2.608000000000000000e+03
2.817000000000000000e+03
2.052000000000000000e+03
1.493000000000000000e+03
1.385000000000000000e+03
9.240000000000000000e+02
1.223000000000000000e+03
1.613000000000000000e+03
1.321000000000000000e+03
8.100000000000000000e+02
1.774000000000000000e+03
1.599000000000000000e+03
1.085000000000000000e+03
1.572000000000000000e+03
1.508000000000000000e+03
2.265000000000000000e+03
1.850000000000000000e+03
2.852000000000000000e+03
2.687000000000000000e+03
3.380000000000000000e+03
3.906000000000000000e+03
2.698000000000000000e+03
0.000000000000000000e+00
2.534000000000000000e+03
1.660000000000000000e+03
1.233000000000000000e+03
1.664000000000000000e+03
6.078000000000000000e+03
4.618000000000000000e+03
5.100000000000000000e+03
4.187000000000000000e+03
3.871000000000000000e+03
3.306000000000000000e+03
2.841000000000000000e+03
2.919000000000000000e+03
2.751000000000000000e+03
2.380000000000000000e+03
2.304000000000000000e+03
2.180000000000000000e+03
2.468000000000000000e+03
2.355000000000000000e+03
2.858000000000000000e+03
3.170000000000000000e+03
3.093000000000000000e+03
3.217000000000000000e+03
3.259000000000000000e+03
2.875000000000000000e+03
2.875000000000000000e+03
2.642000000000000000e+03
2.499000000000000000e+03
2.639000000000000000e+03
2.579000000000000000e+03
2.716000000000000000e+03
2.754000000000000000e+03
2.778000000000000000e+03
2.746000000000000000e+03
2.868000000000000000e+03
2.773000000000000000e+03
2.793000000000000000e+03
2.792000000000000000e+03
2.719000000000000000e+03
2.898000000000000000e+03
2.851000000000000000e+03
3.332000000000000000e+03
3.431000000000000000e+03
4.271000000000000000e+03
3.314000000000000000e+03
2.914000000000000000e+03
2.457000000000000000e+03
2.359000000000000000e+03
1.993000000000000000e+03
1.918000000000000000e+03
1.745000000000000000e+03
1.519000000000000000e+03
1.532000000000000000e+03
1.441000000000000000e+03
1.381000000000000000e+03
1.266000000000000000e+03
1.133000000000000000e+03
1.207000000000000000e+03
1.172000000000000000e+03
1.188000000000000000e+03
1.048000000000000000e+03
1.018000000000000000e+03
9.660000000000000000e+02
9.070000000000000000e+02
8.760000000000000000e+02
7.970000000000000000e+02
8.110000000000000000e+02
7.580000000000000000e+02
8.160000000000000000e+02
7.500000000000000000e+02
7.540000000000000000e+02
7.240000000000000000e+02
7.390000000000000000e+02
6.190000000000000000e+02
6.290000000000000000e+02
6.270000000000000000e+02
6.310000000000000000e+02
5.650000000000000000e+02
5.720000000000000000e+02
5.640000000000000000e+02
5.750000000000000000e+02
5.150000000000000000e+02
5.750000000000000000e+02
4.750000000000000000e+02
4.270000000000000000e+02
3.960000000000000000e+02
4.060000000000000000e+02
4.640000000000000000e+02
4.330000000000000000e+02
3.660000000000000000e+02
3.350000000000000000e+02
3.590000000000000000e+02
3.540000000000000000e+02
3.260000000000000000e+02
3.190000000000000000e+02
3.630000000000000000e+02
3.490000000000000000e+02
3.420000000000000000e+02
3.380000000000000000e+02
3.510000000000000000e+02
3.640000000000000000e+02
2.850000000000000000e+02
3.300000000000000000e+02
3.520000000000000000e+02
3.250000000000000000e+02
3.170000000000000000e+02
3.470000000000000000e+02
3.180000000000000000e+02
3.270000000000000000e+02
3.070000000000000000e+02
3.250000000000000000e+02
2.780000000000000000e+02
3.250000000000000000e+02
3.130000000000000000e+02
2.910000000000000000e+02
2.820000000000000000e+02
2.730000000000000000e+02
2.900000000000000000e+02
3.150000000000000000e+02
3.090000000000000000e+02
3.080000000000000000e+02
2.920000000000000000e+02
3.130000000000000000e+02
3.000000000000000000e+02
2.890000000000000000e+02
2.920000000000000000e+02
2.790000000000000000e+02
2.900000000000000000e+02
2.740000000000000000e+02
2.760000000000000000e+02
2.920000000000000000e+02
3.050000000000000000e+02
3.060000000000000000e+02
2.870000000000000000e+02
2.810000000000000000e+02
2.850000000000000000e+02
2.680000000000000000e+02
2.380000000000000000e+02
2.790000000000000000e+02
2.290000000000000000e+02
2.650000000000000000e+02
2.540000000000000000e+02
2.520000000000000000e+02
2.720000000000000000e+02
2.470000000000000000e+02
2.480000000000000000e+02
2.670000000000000000e+02
2.460000000000000000e+02
2.760000000000000000e+02
2.640000000000000000e+02
2.810000000000000000e+02
2.520000000000000000e+02
2.570000000000000000e+02
2.440000000000000000e+02
2.450000000000000000e+02
2.380000000000000000e+02
2.530000000000000000e+02
2.280000000000000000e+02
2.610000000000000000e+02
2.450000000000000000e+02
2.490000000000000000e+02
2.200000000000000000e+02
2.460000000000000000e+02
2.480000000000000000e+02
2.500000000000000000e+02
2.500000000000000000e+02
2.740000000000000000e+02
2.870000000000000000e+02
2.460000000000000000e+02
2.580000000000000000e+02
2.630000000000000000e+02
2.540000000000000000e+02
1.951000000000000000e+03
5.152000000000000000e+03
1.092500000000000000e+04
7.909000000000000000e+03
1.155600000000000000e+04
7.727000000000000000e+03
6.720000000000000000e+03
5.690000000000000000e+03
3.204000000000000000e+03
8.226000000000000000e+03
4.673000000000000000e+03
3.937000000000000000e+03
5.565000000000000000e+03
3.413000000000000000e+03
3.308000000000000000e+03
4.631000000000000000e+03
4.005000000000000000e+03
3.260000000000000000e+03
4.547000000000000000e+03
3.057000000000000000e+03
2.622000000000000000e+03
3.686000000000000000e+03
2.732000000000000000e+03
3.431000000000000000e+03
3.742000000000000000e+03
2.869000000000000000e+03
3.848000000000000000e+03
3.081000000000000000e+03
4.159000000000000000e+03
2.850000000000000000e+03
3.428000000000000000e+03
3.178000000000000000e+03
2.393000000000000000e+03
3.978000000000000000e+03
3.901000000000000000e+03
3.047000000000000000e+03
3.252000000000000000e+03
3.844000000000000000e+03
2.552000000000000000e+03
3.491000000000000000e+03
3.242000000000000000e+03
3.090000000000000000e+03
4.859000000000000000e+03
2.439000000000000000e+03
3.491000000000000000e+03
4.924000000000000000e+03
9.492000000000000000e+03
2.080300000000000000e+04
3.195300000000000000e+04
1.594000000000000000e+04
2.008300000000000000e+04
2.019800000000000000e+04
1.774000000000000000e+04
1.936600000000000000e+04
1.522600000000000000e+04
1.611200000000000000e+04
1.537300000000000000e+04
1.492200000000000000e+04
4.765300000000000000e+04
5.561200000000000000e+04
4.162000000000000000e+03
2.599000000000000000e+03
2.607000000000000000e+03
2.815000000000000000e+03
2.061000000000000000e+03
1.504000000000000000e+03
1.384000000000000000e+03
9.220000000000000000e+02
1.210000000000000000e+03
1.606000000000000000e+03
1.322000000000000000e+03
8.120000000000000000e+02
1.776000000000000000e+03
1.601000000000000000e+03
1.088000000000000000e+03
1.574000000000000000e+03
1.509000000000000000e+03
2.265000000000000000e+03
1.848000000000000000e+03
2.855000000000000000e+03
2.687000000000000000e+03
3.380000000000000000e+03
3.906000000000000000e+03
2.698000000000000000e+03
0.000000000000000000e+00
