9.478000000000000000e+03
1.780000000000000000e+03
4.661000000000000000e+03
3.078000000000000000e+03
4.799000000000000000e+03
5.730000000000000000e+03
5.305000000000000000e+03
6.017000000000000000e+03
6.167000000000000000e+03
6.927000000000000000e+03
7.574000000000000000e+03
9.103000000000000000e+03
1.000800000000000000e+04
1.034600000000000000e+04
1.096500000000000000e+04
1.101400000000000000e+04
1.122200000000000000e+04
1.047200000000000000e+04
9.715000000000000000e+03
9.572000000000000000e+03
9.882000000000000000e+03
9.774000000000000000e+03
9.445000000000000000e+03
9.336000000000000000e+03
9.202000000000000000e+03
8.959000000000000000e+03
9.573000000000000000e+03
9.867000000000000000e+03
1.011100000000000000e+04
1.050200000000000000e+04
1.077700000000000000e+04
1.125100000000000000e+04
1.121000000000000000e+04
1.134500000000000000e+04
1.128900000000000000e+04
1.148400000000000000e+04
1.116500000000000000e+04
1.124100000000000000e+04
1.142100000000000000e+04
1.125800000000000000e+04
1.042800000000000000e+04
9.975000000000000000e+03
9.602000000000000000e+03
9.815000000000000000e+03
9.647000000000000000e+03
9.385000000000000000e+03
9.324000000000000000e+03
8.962000000000000000e+03
8.449000000000000000e+03
7.850000000000000000e+03
7.596000000000000000e+03
7.275000000000000000e+03
7.193000000000000000e+03
6.907000000000000000e+03
6.473000000000000000e+03
6.521000000000000000e+03
6.375000000000000000e+03
6.230000000000000000e+03
6.268000000000000000e+03
6.070000000000000000e+03
5.991000000000000000e+03
5.951000000000000000e+03
5.709000000000000000e+03
5.866000000000000000e+03
5.537000000000000000e+03
5.735000000000000000e+03
5.862000000000000000e+03
5.813000000000000000e+03
5.658000000000000000e+03
5.400000000000000000e+03
5.366000000000000000e+03
5.347000000000000000e+03
5.414000000000000000e+03
5.215000000000000000e+03
5.083000000000000000e+03
5.146000000000000000e+03
5.019000000000000000e+03
4.898000000000000000e+03
4.899000000000000000e+03
5.042000000000000000e+03
4.946000000000000000e+03
5.182000000000000000e+03
5.337000000000000000e+03
5.240000000000000000e+03
5.387000000000000000e+03
5.448000000000000000e+03
5.473000000000000000e+03
5.650000000000000000e+03
5.706000000000000000e+03
5.744000000000000000e+03
5.595000000000000000e+03
5.836000000000000000e+03
6.000000000000000000e+03
6.084000000000000000e+03
5.989000000000000000e+03
6.104000000000000000e+03
6.257000000000000000e+03
6.364000000000000000e+03
6.613000000000000000e+03
6.880000000000000000e+03
7.186000000000000000e+03
7.185000000000000000e+03
7.741000000000000000e+03
8.058000000000000000e+03
8.186000000000000000e+03
7.844000000000000000e+03
8.207000000000000000e+03
8.212000000000000000e+03
8.254000000000000000e+03
7.926000000000000000e+03
7.809000000000000000e+03
7.661000000000000000e+03
7.515000000000000000e+03
7.667000000000000000e+03
7.680000000000000000e+03
7.691000000000000000e+03
7.679000000000000000e+03
7.948000000000000000e+03
8.182000000000000000e+03
8.242000000000000000e+03
8.307000000000000000e+03
8.739000000000000000e+03
8.840000000000000000e+03
8.870000000000000000e+03
8.789000000000000000e+03
8.793000000000000000e+03
8.921000000000000000e+03
9.240000000000000000e+03
9.029000000000000000e+03
9.335000000000000000e+03
9.203000000000000000e+03
9.678000000000000000e+03
9.809000000000000000e+03
1.027100000000000000e+04
1.062200000000000000e+04
1.069900000000000000e+04
1.038000000000000000e+04
1.185200000000000000e+04
1.150200000000000000e+04
1.133300000000000000e+04
1.201700000000000000e+04
1.285500000000000000e+04
1.222700000000000000e+04
1.196600000000000000e+04
1.132400000000000000e+04
1.078800000000000000e+04
1.101300000000000000e+04
1.130900000000000000e+04
1.070400000000000000e+04
1.032000000000000000e+04
1.044400000000000000e+04
1.108600000000000000e+04
1.142700000000000000e+04
1.183300000000000000e+04
1.233300000000000000e+04
1.332700000000000000e+04
1.304100000000000000e+04
1.172200000000000000e+04
1.141800000000000000e+04
1.122200000000000000e+04
1.138200000000000000e+04
1.119000000000000000e+04
1.020700000000000000e+04
9.431000000000000000e+03
9.094000000000000000e+03
8.869000000000000000e+03
8.507000000000000000e+03
8.203000000000000000e+03
7.862000000000000000e+03
7.815000000000000000e+03
7.522000000000000000e+03
7.173000000000000000e+03
6.617000000000000000e+03
6.570000000000000000e+03
6.283000000000000000e+03
6.017000000000000000e+03
6.348000000000000000e+03
6.129000000000000000e+03
6.196000000000000000e+03
6.583000000000000000e+03
8.034000000000000000e+03
8.305000000000000000e+03
8.308000000000000000e+03
6.375000000000000000e+03
6.160000000000000000e+03
5.714000000000000000e+03
6.522000000000000000e+03
8.069000000000000000e+03
5.879000000000000000e+03
5.660000000000000000e+03
5.034000000000000000e+03
5.302000000000000000e+03
4.548000000000000000e+03
4.671000000000000000e+03
5.458000000000000000e+03
5.195000000000000000e+03
5.211000000000000000e+03
5.884000000000000000e+03
5.250000000000000000e+03
4.918000000000000000e+03
4.882000000000000000e+03
4.719000000000000000e+03
4.686000000000000000e+03
4.759000000000000000e+03
4.688000000000000000e+03
4.724000000000000000e+03
4.484000000000000000e+03
3.961000000000000000e+03
3.795000000000000000e+03
3.522000000000000000e+03
3.334000000000000000e+03
3.007000000000000000e+03
2.826000000000000000e+03
2.563000000000000000e+03
2.675000000000000000e+03
2.391000000000000000e+03
2.182000000000000000e+03
2.352000000000000000e+03
2.057000000000000000e+03
1.675000000000000000e+03
1.479000000000000000e+03
1.407000000000000000e+03
1.283000000000000000e+03
1.087000000000000000e+03
1.097000000000000000e+03
9.500000000000000000e+02
8.520000000000000000e+02
9.000000000000000000e+02
8.260000000000000000e+02
7.940000000000000000e+02
7.480000000000000000e+02
7.210000000000000000e+02
7.220000000000000000e+02
6.760000000000000000e+02
6.310000000000000000e+02
6.610000000000000000e+02
6.050000000000000000e+02
5.570000000000000000e+02
5.200000000000000000e+02
5.180000000000000000e+02
5.030000000000000000e+02
4.830000000000000000e+02
4.430000000000000000e+02
4.500000000000000000e+02
4.030000000000000000e+02
4.560000000000000000e+02
4.560000000000000000e+02
4.420000000000000000e+02
5.180000000000000000e+02
4.920000000000000000e+02
8.340000000000000000e+02
8.320000000000000000e+02
3.420000000000000000e+02
7.900000000000000000e+02
1.910000000000000000e+02
1.537000000000000000e+03
1.763200000000000000e+04
6.120000000000000000e+03
5.711000000000000000e+03
5.738000000000000000e+03
5.984000000000000000e+03
6.721000000000000000e+03
7.549000000000000000e+03
7.360000000000000000e+03
7.102000000000000000e+03
7.029000000000000000e+03
7.332000000000000000e+03
7.709000000000000000e+03
8.070000000000000000e+03
7.992000000000000000e+03
9.089000000000000000e+03
1.047300000000000000e+04
9.360000000000000000e+03
8.945000000000000000e+03
9.192000000000000000e+03
9.377000000000000000e+03
1.042400000000000000e+04
1.098400000000000000e+04
1.091700000000000000e+04
1.024400000000000000e+04
9.607000000000000000e+03
8.923000000000000000e+03
8.486000000000000000e+03
7.348000000000000000e+03
6.351000000000000000e+03
5.693000000000000000e+03
5.930000000000000000e+03
5.790000000000000000e+03
5.835000000000000000e+03
6.042000000000000000e+03
6.012000000000000000e+03
5.969000000000000000e+03
6.045000000000000000e+03
6.153000000000000000e+03
6.231000000000000000e+03
6.479000000000000000e+03
6.613000000000000000e+03
6.844000000000000000e+03
7.277000000000000000e+03
7.304000000000000000e+03
7.738000000000000000e+03
7.724000000000000000e+03
7.499000000000000000e+03
7.479000000000000000e+03
7.446000000000000000e+03
7.284000000000000000e+03
7.332000000000000000e+03
7.033000000000000000e+03
6.828000000000000000e+03
6.748000000000000000e+03
6.448000000000000000e+03
6.410000000000000000e+03
6.356000000000000000e+03
6.240000000000000000e+03
6.115000000000000000e+03
6.331000000000000000e+03
6.422000000000000000e+03
6.429000000000000000e+03
6.479000000000000000e+03
6.211000000000000000e+03
6.239000000000000000e+03
6.123000000000000000e+03
5.914000000000000000e+03
5.813000000000000000e+03
5.899000000000000000e+03
5.866000000000000000e+03
5.774000000000000000e+03
5.651000000000000000e+03
5.604000000000000000e+03
5.773000000000000000e+03
5.578000000000000000e+03
5.588000000000000000e+03
5.328000000000000000e+03
5.193000000000000000e+03
5.261000000000000000e+03
5.110000000000000000e+03
5.058000000000000000e+03
5.098000000000000000e+03
5.072000000000000000e+03
5.054000000000000000e+03
5.031000000000000000e+03
5.170000000000000000e+03
5.050000000000000000e+03
5.057000000000000000e+03
5.081000000000000000e+03
5.100000000000000000e+03
5.204000000000000000e+03
5.579000000000000000e+03
5.542000000000000000e+03
5.772000000000000000e+03
5.714000000000000000e+03
5.867000000000000000e+03
5.996000000000000000e+03
6.132000000000000000e+03
6.390000000000000000e+03
6.505000000000000000e+03
6.521000000000000000e+03
6.644000000000000000e+03
6.394000000000000000e+03
6.188000000000000000e+03
6.300000000000000000e+03
6.438000000000000000e+03
6.439000000000000000e+03
6.699000000000000000e+03
6.548000000000000000e+03
6.626000000000000000e+03
6.802000000000000000e+03
6.931000000000000000e+03
6.974000000000000000e+03
6.912000000000000000e+03
6.899000000000000000e+03
6.983000000000000000e+03
6.920000000000000000e+03
6.877000000000000000e+03
6.731000000000000000e+03
6.845000000000000000e+03
6.774000000000000000e+03
6.811000000000000000e+03
6.442000000000000000e+03
6.336000000000000000e+03
6.602000000000000000e+03
7.224000000000000000e+03
7.784000000000000000e+03
8.821000000000000000e+03
9.084000000000000000e+03
1.040700000000000000e+04
1.146800000000000000e+04
1.206800000000000000e+04
1.238800000000000000e+04
1.178500000000000000e+04
1.078800000000000000e+04
1.092400000000000000e+04
1.073600000000000000e+04
1.051900000000000000e+04
1.076300000000000000e+04
1.059600000000000000e+04
1.046400000000000000e+04
1.047500000000000000e+04
1.104700000000000000e+04
1.183400000000000000e+04
1.113900000000000000e+04
1.154900000000000000e+04
1.174000000000000000e+04
1.220400000000000000e+04
1.367000000000000000e+04
1.423900000000000000e+04
1.473800000000000000e+04
1.415900000000000000e+04
1.322700000000000000e+04
1.291600000000000000e+04
1.149000000000000000e+04
1.158600000000000000e+04
1.153100000000000000e+04
1.157500000000000000e+04
1.239300000000000000e+04
1.254500000000000000e+04
1.252600000000000000e+04
1.154100000000000000e+04
1.135300000000000000e+04
1.067500000000000000e+04
1.045100000000000000e+04
1.109100000000000000e+04
1.108900000000000000e+04
1.092100000000000000e+04
1.086900000000000000e+04
1.176600000000000000e+04
1.093300000000000000e+04
1.033300000000000000e+04
1.015900000000000000e+04
1.008800000000000000e+04
1.055600000000000000e+04
1.172100000000000000e+04
1.457600000000000000e+04
1.557100000000000000e+04
1.436400000000000000e+04
1.309100000000000000e+04
1.142800000000000000e+04
1.106300000000000000e+04
1.007400000000000000e+04
9.244000000000000000e+03
8.648000000000000000e+03
8.109000000000000000e+03
7.953000000000000000e+03
7.599000000000000000e+03
7.825000000000000000e+03
7.414000000000000000e+03
7.769000000000000000e+03
6.829000000000000000e+03
5.839000000000000000e+03
5.577000000000000000e+03
5.118000000000000000e+03
5.418000000000000000e+03
5.243000000000000000e+03
5.157000000000000000e+03
5.197000000000000000e+03
4.749000000000000000e+03
4.911000000000000000e+03
4.718000000000000000e+03
4.216000000000000000e+03
3.839000000000000000e+03
3.512000000000000000e+03
3.366000000000000000e+03
3.116000000000000000e+03
2.945000000000000000e+03
2.610000000000000000e+03
2.510000000000000000e+03
2.401000000000000000e+03
2.221000000000000000e+03
2.054000000000000000e+03
2.083000000000000000e+03
1.802000000000000000e+03
1.765000000000000000e+03
1.910000000000000000e+03
1.834000000000000000e+03
1.589000000000000000e+03
1.407000000000000000e+03
1.237000000000000000e+03
1.297000000000000000e+03
1.173000000000000000e+03
1.008000000000000000e+03
9.380000000000000000e+02
9.310000000000000000e+02
8.820000000000000000e+02
7.700000000000000000e+02
7.960000000000000000e+02
7.490000000000000000e+02
6.740000000000000000e+02
6.840000000000000000e+02
6.830000000000000000e+02
6.640000000000000000e+02
6.350000000000000000e+02
5.780000000000000000e+02
5.660000000000000000e+02
5.830000000000000000e+02
5.730000000000000000e+02
4.990000000000000000e+02
5.080000000000000000e+02
4.570000000000000000e+02
4.260000000000000000e+02
4.520000000000000000e+02
4.250000000000000000e+02
4.310000000000000000e+02
3.650000000000000000e+02
4.370000000000000000e+02
4.240000000000000000e+02
4.380000000000000000e+02
4.400000000000000000e+02
4.950000000000000000e+02
6.080000000000000000e+02
7.090000000000000000e+02
1.314000000000000000e+03
1.779000000000000000e+03
9.764000000000000000e+03
6.870000000000000000e+03
4.236000000000000000e+03
5.548000000000000000e+03
5.263000000000000000e+03
5.223000000000000000e+03
6.295000000000000000e+03
6.512000000000000000e+03
6.130000000000000000e+03
5.724000000000000000e+03
5.796000000000000000e+03
6.110000000000000000e+03
6.778000000000000000e+03
7.345000000000000000e+03
7.013000000000000000e+03
6.869000000000000000e+03
7.453000000000000000e+03
7.213000000000000000e+03
7.479000000000000000e+03
9.228000000000000000e+03
8.797000000000000000e+03
8.569000000000000000e+03
9.115000000000000000e+03
9.336000000000000000e+03
9.649000000000000000e+03
9.967000000000000000e+03
9.045000000000000000e+03
8.419000000000000000e+03
7.514000000000000000e+03
6.830000000000000000e+03
6.009000000000000000e+03
5.575000000000000000e+03
5.282000000000000000e+03
5.030000000000000000e+03
4.883000000000000000e+03
4.910000000000000000e+03
4.710000000000000000e+03
5.021000000000000000e+03
5.032000000000000000e+03
5.271000000000000000e+03
5.149000000000000000e+03
5.295000000000000000e+03
5.630000000000000000e+03
5.661000000000000000e+03
5.689000000000000000e+03
5.674000000000000000e+03
5.879000000000000000e+03
6.400000000000000000e+03
6.428000000000000000e+03
6.657000000000000000e+03
6.769000000000000000e+03
6.842000000000000000e+03
6.966000000000000000e+03
6.829000000000000000e+03
6.852000000000000000e+03
6.601000000000000000e+03
6.516000000000000000e+03
6.667000000000000000e+03
6.519000000000000000e+03
6.366000000000000000e+03
6.627000000000000000e+03
6.464000000000000000e+03
6.199000000000000000e+03
6.251000000000000000e+03
6.240000000000000000e+03
6.119000000000000000e+03
6.081000000000000000e+03
5.879000000000000000e+03
5.921000000000000000e+03
6.034000000000000000e+03
6.256000000000000000e+03
6.331000000000000000e+03
6.250000000000000000e+03
6.248000000000000000e+03
6.090000000000000000e+03
6.024000000000000000e+03
5.873000000000000000e+03
5.875000000000000000e+03
5.652000000000000000e+03
5.895000000000000000e+03
5.888000000000000000e+03
5.805000000000000000e+03
5.982000000000000000e+03
6.099000000000000000e+03
5.857000000000000000e+03
5.787000000000000000e+03
5.795000000000000000e+03
5.882000000000000000e+03
6.056000000000000000e+03
6.072000000000000000e+03
6.158000000000000000e+03
6.004000000000000000e+03
5.907000000000000000e+03
5.922000000000000000e+03
5.955000000000000000e+03
5.980000000000000000e+03
5.815000000000000000e+03
5.779000000000000000e+03
5.916000000000000000e+03
5.842000000000000000e+03
5.552000000000000000e+03
5.759000000000000000e+03
5.954000000000000000e+03
5.847000000000000000e+03
5.793000000000000000e+03
5.518000000000000000e+03
5.462000000000000000e+03
5.387000000000000000e+03
5.382000000000000000e+03
5.374000000000000000e+03
5.274000000000000000e+03
5.161000000000000000e+03
5.141000000000000000e+03
5.041000000000000000e+03
5.133000000000000000e+03
5.066000000000000000e+03
5.047000000000000000e+03
5.027000000000000000e+03
4.865000000000000000e+03
4.943000000000000000e+03
5.207000000000000000e+03
5.345000000000000000e+03
5.283000000000000000e+03
5.579000000000000000e+03
6.111000000000000000e+03
7.113000000000000000e+03
8.543000000000000000e+03
9.144000000000000000e+03
9.816000000000000000e+03
1.045500000000000000e+04
1.118300000000000000e+04
1.082400000000000000e+04
1.065900000000000000e+04
1.019600000000000000e+04
1.003800000000000000e+04
1.081000000000000000e+04
1.082900000000000000e+04
1.097600000000000000e+04
1.156100000000000000e+04
1.205100000000000000e+04
1.251500000000000000e+04
1.400400000000000000e+04
1.257500000000000000e+04
1.222700000000000000e+04
1.227300000000000000e+04
1.283100000000000000e+04
1.268200000000000000e+04
1.264900000000000000e+04
1.248600000000000000e+04
1.213400000000000000e+04
1.232700000000000000e+04
1.220700000000000000e+04
1.210900000000000000e+04
1.132300000000000000e+04
1.070000000000000000e+04
9.997000000000000000e+03
9.181000000000000000e+03
8.946000000000000000e+03
9.064000000000000000e+03
8.639000000000000000e+03
8.288000000000000000e+03
7.700000000000000000e+03
7.447000000000000000e+03
8.091000000000000000e+03
8.408000000000000000e+03
8.700000000000000000e+03
8.293000000000000000e+03
8.722000000000000000e+03
1.083000000000000000e+04
1.088900000000000000e+04
9.837000000000000000e+03
9.463000000000000000e+03
9.750000000000000000e+03
9.352000000000000000e+03
8.738000000000000000e+03
8.362000000000000000e+03
7.841000000000000000e+03
7.682000000000000000e+03
7.914000000000000000e+03
7.794000000000000000e+03
7.717000000000000000e+03
7.433000000000000000e+03
6.969000000000000000e+03
7.060000000000000000e+03
6.950000000000000000e+03
6.696000000000000000e+03
7.065000000000000000e+03
7.409000000000000000e+03
7.378000000000000000e+03
7.595000000000000000e+03
7.602000000000000000e+03
7.616000000000000000e+03
7.754000000000000000e+03
7.600000000000000000e+03
7.618000000000000000e+03
7.643000000000000000e+03
7.749000000000000000e+03
7.640000000000000000e+03
7.555000000000000000e+03
8.001000000000000000e+03
8.148000000000000000e+03
8.174000000000000000e+03
8.116000000000000000e+03
8.084000000000000000e+03
8.040000000000000000e+03
7.702000000000000000e+03
7.433000000000000000e+03
7.329000000000000000e+03
7.328000000000000000e+03
7.260000000000000000e+03
7.179000000000000000e+03
6.918000000000000000e+03
6.638000000000000000e+03
6.353000000000000000e+03
6.028000000000000000e+03
5.944000000000000000e+03
5.621000000000000000e+03
5.006000000000000000e+03
5.003000000000000000e+03
4.349000000000000000e+03
3.912000000000000000e+03
3.366000000000000000e+03
2.921000000000000000e+03
2.792000000000000000e+03
2.481000000000000000e+03
2.172000000000000000e+03
1.919000000000000000e+03
1.725000000000000000e+03
1.591000000000000000e+03
1.603000000000000000e+03
1.498000000000000000e+03
1.452000000000000000e+03
1.404000000000000000e+03
1.392000000000000000e+03
1.389000000000000000e+03
1.367000000000000000e+03
1.298000000000000000e+03
1.261000000000000000e+03
1.294000000000000000e+03
1.170000000000000000e+03
1.211000000000000000e+03
1.145000000000000000e+03
1.227000000000000000e+03
1.168000000000000000e+03
1.175000000000000000e+03
1.287000000000000000e+03
1.192000000000000000e+03
1.369000000000000000e+03
1.477000000000000000e+03
1.419000000000000000e+03
1.447000000000000000e+03
1.821000000000000000e+03
2.618000000000000000e+03
4.474000000000000000e+03
7.314000000000000000e+03
2.011500000000000000e+04
