1.600000000000000000e+02
2.800000000000000000e+01
6.400000000000000000e+01
4.700000000000000000e+01
5.900000000000000000e+01
5.200000000000000000e+01
7.000000000000000000e+01
5.900000000000000000e+01
6.100000000000000000e+01
6.700000000000000000e+01
5.300000000000000000e+01
3.900000000000000000e+01
4.900000000000000000e+01
4.700000000000000000e+01
5.000000000000000000e+01
5.000000000000000000e+01
4.800000000000000000e+01
4.900000000000000000e+01
5.700000000000000000e+01
6.100000000000000000e+01
5.300000000000000000e+01
5.500000000000000000e+01
5.800000000000000000e+01
8.200000000000000000e+01
5.800000000000000000e+01
5.900000000000000000e+01
6.300000000000000000e+01
4.000000000000000000e+01
4.100000000000000000e+01
5.200000000000000000e+01
4.300000000000000000e+01
4.800000000000000000e+01
5.300000000000000000e+01
3.800000000000000000e+01
4.000000000000000000e+01
4.100000000000000000e+01
6.300000000000000000e+01
4.800000000000000000e+01
4.800000000000000000e+01
8.200000000000000000e+01
6.100000000000000000e+01
5.200000000000000000e+01
4.800000000000000000e+01
4.700000000000000000e+01
4.800000000000000000e+01
5.200000000000000000e+01
4.900000000000000000e+01
6.400000000000000000e+01
5.100000000000000000e+01
5.900000000000000000e+01
6.800000000000000000e+01
4.800000000000000000e+01
4.400000000000000000e+01
6.900000000000000000e+01
5.700000000000000000e+01
4.000000000000000000e+01
4.900000000000000000e+01
5.300000000000000000e+01
5.800000000000000000e+01
6.000000000000000000e+01
5.800000000000000000e+01
5.300000000000000000e+01
6.100000000000000000e+01
6.000000000000000000e+01
6.300000000000000000e+01
6.500000000000000000e+01
5.800000000000000000e+01
7.900000000000000000e+01
4.500000000000000000e+01
6.500000000000000000e+01
7.200000000000000000e+01
1.000000000000000000e+02
8.500000000000000000e+01
9.300000000000000000e+01
7.600000000000000000e+01
7.500000000000000000e+01
8.900000000000000000e+01
8.400000000000000000e+01
1.010000000000000000e+02
1.020000000000000000e+02
9.900000000000000000e+01
1.230000000000000000e+02
1.460000000000000000e+02
1.570000000000000000e+02
1.430000000000000000e+02
1.940000000000000000e+02
1.730000000000000000e+02
1.800000000000000000e+02
1.940000000000000000e+02
2.210000000000000000e+02
2.180000000000000000e+02
2.890000000000000000e+02
2.480000000000000000e+02
2.590000000000000000e+02
2.740000000000000000e+02
2.600000000000000000e+02
2.610000000000000000e+02
3.260000000000000000e+02
3.160000000000000000e+02
3.390000000000000000e+02
3.780000000000000000e+02
3.860000000000000000e+02
4.090000000000000000e+02
4.000000000000000000e+02
3.940000000000000000e+02
3.380000000000000000e+02
3.760000000000000000e+02
3.840000000000000000e+02
4.120000000000000000e+02
3.920000000000000000e+02
3.990000000000000000e+02
4.050000000000000000e+02
3.950000000000000000e+02
3.360000000000000000e+02
3.710000000000000000e+02
4.070000000000000000e+02
3.870000000000000000e+02
4.160000000000000000e+02
4.520000000000000000e+02
4.390000000000000000e+02
4.300000000000000000e+02
4.120000000000000000e+02
4.830000000000000000e+02
4.870000000000000000e+02
4.870000000000000000e+02
5.400000000000000000e+02
6.060000000000000000e+02
6.950000000000000000e+02
6.410000000000000000e+02
6.830000000000000000e+02
7.350000000000000000e+02
8.790000000000000000e+02
8.660000000000000000e+02
9.870000000000000000e+02
1.034000000000000000e+03
1.064000000000000000e+03
1.186000000000000000e+03
1.265000000000000000e+03
1.487000000000000000e+03
1.472000000000000000e+03
1.627000000000000000e+03
1.797000000000000000e+03
1.767000000000000000e+03
1.702000000000000000e+03
1.718000000000000000e+03
1.832000000000000000e+03
1.815000000000000000e+03
1.924000000000000000e+03
2.101000000000000000e+03
2.395000000000000000e+03
2.463000000000000000e+03
2.303000000000000000e+03
2.387000000000000000e+03
2.382000000000000000e+03
2.424000000000000000e+03
2.230000000000000000e+03
2.254000000000000000e+03
2.115000000000000000e+03
2.002000000000000000e+03
1.530000000000000000e+03
1.205000000000000000e+03
9.600000000000000000e+02
9.240000000000000000e+02
8.990000000000000000e+02
7.760000000000000000e+02
7.210000000000000000e+02
7.080000000000000000e+02
7.100000000000000000e+02
6.820000000000000000e+02
6.370000000000000000e+02
5.940000000000000000e+02
6.140000000000000000e+02
5.900000000000000000e+02
5.770000000000000000e+02
6.100000000000000000e+02
6.290000000000000000e+02
6.130000000000000000e+02
5.850000000000000000e+02
6.060000000000000000e+02
5.980000000000000000e+02
5.960000000000000000e+02
5.440000000000000000e+02
4.890000000000000000e+02
4.720000000000000000e+02
4.370000000000000000e+02
3.890000000000000000e+02
3.850000000000000000e+02
3.230000000000000000e+02
3.060000000000000000e+02
3.320000000000000000e+02
3.110000000000000000e+02
2.920000000000000000e+02
2.890000000000000000e+02
2.530000000000000000e+02
2.120000000000000000e+02
2.090000000000000000e+02
2.000000000000000000e+02
2.010000000000000000e+02
1.700000000000000000e+02
1.670000000000000000e+02
1.850000000000000000e+02
1.510000000000000000e+02
1.230000000000000000e+02
1.170000000000000000e+02
1.120000000000000000e+02
1.170000000000000000e+02
1.090000000000000000e+02
1.140000000000000000e+02
8.500000000000000000e+01
9.900000000000000000e+01
8.800000000000000000e+01
9.900000000000000000e+01
9.600000000000000000e+01
7.500000000000000000e+01
7.400000000000000000e+01
6.200000000000000000e+01
6.300000000000000000e+01
5.700000000000000000e+01
6.600000000000000000e+01
6.600000000000000000e+01
7.300000000000000000e+01
5.900000000000000000e+01
6.700000000000000000e+01
7.000000000000000000e+01
6.000000000000000000e+01
6.700000000000000000e+01
9.100000000000000000e+01
9.100000000000000000e+01
9.600000000000000000e+01
6.800000000000000000e+01
7.700000000000000000e+01
4.500000000000000000e+01
5.200000000000000000e+01
4.600000000000000000e+01
3.500000000000000000e+01
4.400000000000000000e+01
3.400000000000000000e+01
2.000000000000000000e+01
1.700000000000000000e+01
1.800000000000000000e+01
9.000000000000000000e+00
1.400000000000000000e+01
1.200000000000000000e+01
1.300000000000000000e+01
1.400000000000000000e+01
4.000000000000000000e+00
7.000000000000000000e+00
4.000000000000000000e+00
5.000000000000000000e+00
4.000000000000000000e+00
2.000000000000000000e+00
3.000000000000000000e+00
2.000000000000000000e+00
3.000000000000000000e+00
1.000000000000000000e+00
5.000000000000000000e+00
8.200000000000000000e+01
8.800000000000000000e+01
1.140000000000000000e+02
7.900000000000000000e+01
5.300000000000000000e+01
4.300000000000000000e+01
2.600000000000000000e+01
3.100000000000000000e+01
3.300000000000000000e+01
2.500000000000000000e+01
3.300000000000000000e+01
4.200000000000000000e+01
3.500000000000000000e+01
4.100000000000000000e+01
4.400000000000000000e+01
2.800000000000000000e+01
3.500000000000000000e+01
3.900000000000000000e+01
4.300000000000000000e+01
4.700000000000000000e+01
3.800000000000000000e+01
4.900000000000000000e+01
3.700000000000000000e+01
4.800000000000000000e+01
4.000000000000000000e+01
5.000000000000000000e+01
5.000000000000000000e+01
5.400000000000000000e+01
4.000000000000000000e+01
4.800000000000000000e+01
4.500000000000000000e+01
5.600000000000000000e+01
3.700000000000000000e+01
6.500000000000000000e+01
6.800000000000000000e+01
5.500000000000000000e+01
8.200000000000000000e+01
6.200000000000000000e+01
7.300000000000000000e+01
7.200000000000000000e+01
6.400000000000000000e+01
8.200000000000000000e+01
7.100000000000000000e+01
8.000000000000000000e+01
1.070000000000000000e+02
1.020000000000000000e+02
8.900000000000000000e+01
9.100000000000000000e+01
1.370000000000000000e+02
1.170000000000000000e+02
1.160000000000000000e+02
1.080000000000000000e+02
1.040000000000000000e+02
1.150000000000000000e+02
1.300000000000000000e+02
1.500000000000000000e+02
1.190000000000000000e+02
1.100000000000000000e+02
1.260000000000000000e+02
1.180000000000000000e+02
1.100000000000000000e+02
1.280000000000000000e+02
1.460000000000000000e+02
1.490000000000000000e+02
1.420000000000000000e+02
1.520000000000000000e+02
1.340000000000000000e+02
1.210000000000000000e+02
1.560000000000000000e+02
1.740000000000000000e+02
1.480000000000000000e+02
1.420000000000000000e+02
1.470000000000000000e+02
1.590000000000000000e+02
1.540000000000000000e+02
1.440000000000000000e+02
1.830000000000000000e+02
1.570000000000000000e+02
1.710000000000000000e+02
1.850000000000000000e+02
2.260000000000000000e+02
1.950000000000000000e+02
1.960000000000000000e+02
1.940000000000000000e+02
1.940000000000000000e+02
1.690000000000000000e+02
2.130000000000000000e+02
2.020000000000000000e+02
2.150000000000000000e+02
2.120000000000000000e+02
2.170000000000000000e+02
1.760000000000000000e+02
2.160000000000000000e+02
2.070000000000000000e+02
2.250000000000000000e+02
2.290000000000000000e+02
2.670000000000000000e+02
2.540000000000000000e+02
2.820000000000000000e+02
2.620000000000000000e+02
2.770000000000000000e+02
3.280000000000000000e+02
3.040000000000000000e+02
2.970000000000000000e+02
3.040000000000000000e+02
3.460000000000000000e+02
3.650000000000000000e+02
3.850000000000000000e+02
4.670000000000000000e+02
5.570000000000000000e+02
5.870000000000000000e+02
6.320000000000000000e+02
7.020000000000000000e+02
8.020000000000000000e+02
7.890000000000000000e+02
8.420000000000000000e+02
8.960000000000000000e+02
9.780000000000000000e+02
1.033000000000000000e+03
1.119000000000000000e+03
1.045000000000000000e+03
9.840000000000000000e+02
1.100000000000000000e+03
1.142000000000000000e+03
1.127000000000000000e+03
1.211000000000000000e+03
1.232000000000000000e+03
1.136000000000000000e+03
1.085000000000000000e+03
1.068000000000000000e+03
1.067000000000000000e+03
1.240000000000000000e+03
1.223000000000000000e+03
1.298000000000000000e+03
1.232000000000000000e+03
1.170000000000000000e+03
1.178000000000000000e+03
1.315000000000000000e+03
1.488000000000000000e+03
1.578000000000000000e+03
1.420000000000000000e+03
1.454000000000000000e+03
1.447000000000000000e+03
1.290000000000000000e+03
1.195000000000000000e+03
1.046000000000000000e+03
9.240000000000000000e+02
9.320000000000000000e+02
9.470000000000000000e+02
8.950000000000000000e+02
9.260000000000000000e+02
9.580000000000000000e+02
8.700000000000000000e+02
9.280000000000000000e+02
9.540000000000000000e+02
9.640000000000000000e+02
9.620000000000000000e+02
9.980000000000000000e+02
9.400000000000000000e+02
1.034000000000000000e+03
9.490000000000000000e+02
9.770000000000000000e+02
9.910000000000000000e+02
9.780000000000000000e+02
1.035000000000000000e+03
1.016000000000000000e+03
1.036000000000000000e+03
1.059000000000000000e+03
1.143000000000000000e+03
1.197000000000000000e+03
1.132000000000000000e+03
1.125000000000000000e+03
1.049000000000000000e+03
9.910000000000000000e+02
9.540000000000000000e+02
9.410000000000000000e+02
8.750000000000000000e+02
8.210000000000000000e+02
7.330000000000000000e+02
7.440000000000000000e+02
6.500000000000000000e+02
6.430000000000000000e+02
6.420000000000000000e+02
5.770000000000000000e+02
5.050000000000000000e+02
4.620000000000000000e+02
4.360000000000000000e+02
4.060000000000000000e+02
3.470000000000000000e+02
3.440000000000000000e+02
3.140000000000000000e+02
3.150000000000000000e+02
2.840000000000000000e+02
2.710000000000000000e+02
2.330000000000000000e+02
2.090000000000000000e+02
1.790000000000000000e+02
2.010000000000000000e+02
1.970000000000000000e+02
1.530000000000000000e+02
1.590000000000000000e+02
1.440000000000000000e+02
1.200000000000000000e+02
1.050000000000000000e+02
1.050000000000000000e+02
1.020000000000000000e+02
7.700000000000000000e+01
7.500000000000000000e+01
7.900000000000000000e+01
8.200000000000000000e+01
7.600000000000000000e+01
6.500000000000000000e+01
7.500000000000000000e+01
6.300000000000000000e+01
6.200000000000000000e+01
6.400000000000000000e+01
5.000000000000000000e+01
5.400000000000000000e+01
6.400000000000000000e+01
6.300000000000000000e+01
5.800000000000000000e+01
4.800000000000000000e+01
4.500000000000000000e+01
5.600000000000000000e+01
6.700000000000000000e+01
6.200000000000000000e+01
8.700000000000000000e+01
7.500000000000000000e+01
8.100000000000000000e+01
8.600000000000000000e+01
6.300000000000000000e+01
4.400000000000000000e+01
3.600000000000000000e+01
2.700000000000000000e+01
2.200000000000000000e+01
2.400000000000000000e+01
1.500000000000000000e+01
2.300000000000000000e+01
9.000000000000000000e+00
8.000000000000000000e+00
7.000000000000000000e+00
7.000000000000000000e+00
4.000000000000000000e+00
4.000000000000000000e+00
0.000000000000000000e+00
5.000000000000000000e+00
2.000000000000000000e+00
1.000000000000000000e+00
4.000000000000000000e+00
2.000000000000000000e+00
0.000000000000000000e+00
1.000000000000000000e+00
0.000000000000000000e+00
0.000000000000000000e+00
1.000000000000000000e+00
0.000000000000000000e+00
1.930000000000000000e+02
2.260000000000000000e+02
4.900000000000000000e+02
8.410000000000000000e+02
9.600000000000000000e+02
6.350000000000000000e+02
3.270000000000000000e+02
2.160000000000000000e+02
1.700000000000000000e+02
9.700000000000000000e+01
1.020000000000000000e+02
9.500000000000000000e+01
9.300000000000000000e+01
1.000000000000000000e+02
1.000000000000000000e+02
8.200000000000000000e+01
9.000000000000000000e+01
1.020000000000000000e+02
1.060000000000000000e+02
1.180000000000000000e+02
1.060000000000000000e+02
1.310000000000000000e+02
1.470000000000000000e+02
1.490000000000000000e+02
1.470000000000000000e+02
1.810000000000000000e+02
1.620000000000000000e+02
1.620000000000000000e+02
1.690000000000000000e+02
1.800000000000000000e+02
1.790000000000000000e+02
2.210000000000000000e+02
1.940000000000000000e+02
2.000000000000000000e+02
2.630000000000000000e+02
3.420000000000000000e+02
3.830000000000000000e+02
3.540000000000000000e+02
3.630000000000000000e+02
3.400000000000000000e+02
3.450000000000000000e+02
4.300000000000000000e+02
4.620000000000000000e+02
4.360000000000000000e+02
5.570000000000000000e+02
5.980000000000000000e+02
5.700000000000000000e+02
5.440000000000000000e+02
5.680000000000000000e+02
6.050000000000000000e+02
6.080000000000000000e+02
5.280000000000000000e+02
6.930000000000000000e+02
7.240000000000000000e+02
7.060000000000000000e+02
5.660000000000000000e+02
5.160000000000000000e+02
6.530000000000000000e+02
6.180000000000000000e+02
5.650000000000000000e+02
6.830000000000000000e+02
5.650000000000000000e+02
5.290000000000000000e+02
5.380000000000000000e+02
4.890000000000000000e+02
4.500000000000000000e+02
5.050000000000000000e+02
4.680000000000000000e+02
4.960000000000000000e+02
6.430000000000000000e+02
5.680000000000000000e+02
4.980000000000000000e+02
5.910000000000000000e+02
6.180000000000000000e+02
6.730000000000000000e+02
6.470000000000000000e+02
7.010000000000000000e+02
7.670000000000000000e+02
5.510000000000000000e+02
4.240000000000000000e+02
5.960000000000000000e+02
6.280000000000000000e+02
6.530000000000000000e+02
5.990000000000000000e+02
6.300000000000000000e+02
5.220000000000000000e+02
6.160000000000000000e+02
4.830000000000000000e+02
5.810000000000000000e+02
6.260000000000000000e+02
5.900000000000000000e+02
5.960000000000000000e+02
5.270000000000000000e+02
5.040000000000000000e+02
5.480000000000000000e+02
5.200000000000000000e+02
5.530000000000000000e+02
5.960000000000000000e+02
6.250000000000000000e+02
6.010000000000000000e+02
6.330000000000000000e+02
6.310000000000000000e+02
6.200000000000000000e+02
6.390000000000000000e+02
5.520000000000000000e+02
6.190000000000000000e+02
5.880000000000000000e+02
5.610000000000000000e+02
5.450000000000000000e+02
5.190000000000000000e+02
5.410000000000000000e+02
5.320000000000000000e+02
5.180000000000000000e+02
5.280000000000000000e+02
4.850000000000000000e+02
4.790000000000000000e+02
4.650000000000000000e+02
4.770000000000000000e+02
4.690000000000000000e+02
4.820000000000000000e+02
4.950000000000000000e+02
5.400000000000000000e+02
4.330000000000000000e+02
4.780000000000000000e+02
5.090000000000000000e+02
5.120000000000000000e+02
4.670000000000000000e+02
4.990000000000000000e+02
4.530000000000000000e+02
5.090000000000000000e+02
4.700000000000000000e+02
4.940000000000000000e+02
4.980000000000000000e+02
5.350000000000000000e+02
4.770000000000000000e+02
5.640000000000000000e+02
5.760000000000000000e+02
5.940000000000000000e+02
5.650000000000000000e+02
5.660000000000000000e+02
6.160000000000000000e+02
5.970000000000000000e+02
6.170000000000000000e+02
6.400000000000000000e+02
6.350000000000000000e+02
6.320000000000000000e+02
6.490000000000000000e+02
6.780000000000000000e+02
6.500000000000000000e+02
6.910000000000000000e+02
6.430000000000000000e+02
6.820000000000000000e+02
6.850000000000000000e+02
6.470000000000000000e+02
6.490000000000000000e+02
6.580000000000000000e+02
7.150000000000000000e+02
7.330000000000000000e+02
7.540000000000000000e+02
7.150000000000000000e+02
7.510000000000000000e+02
7.100000000000000000e+02
7.300000000000000000e+02
7.720000000000000000e+02
7.820000000000000000e+02
7.550000000000000000e+02
7.940000000000000000e+02
7.200000000000000000e+02
7.170000000000000000e+02
6.860000000000000000e+02
6.860000000000000000e+02
6.520000000000000000e+02
6.480000000000000000e+02
6.510000000000000000e+02
6.170000000000000000e+02
5.700000000000000000e+02
5.610000000000000000e+02
5.130000000000000000e+02
5.200000000000000000e+02
4.860000000000000000e+02
4.190000000000000000e+02
4.100000000000000000e+02
3.580000000000000000e+02
3.360000000000000000e+02
3.160000000000000000e+02
3.260000000000000000e+02
2.670000000000000000e+02
2.700000000000000000e+02
2.430000000000000000e+02
2.230000000000000000e+02
2.100000000000000000e+02
2.140000000000000000e+02
1.710000000000000000e+02
1.470000000000000000e+02
1.630000000000000000e+02
1.430000000000000000e+02
1.370000000000000000e+02
1.500000000000000000e+02
1.100000000000000000e+02
1.030000000000000000e+02
8.400000000000000000e+01
9.900000000000000000e+01
9.200000000000000000e+01
8.000000000000000000e+01
7.900000000000000000e+01
9.000000000000000000e+01
6.500000000000000000e+01
8.200000000000000000e+01
7.700000000000000000e+01
5.400000000000000000e+01
7.600000000000000000e+01
6.100000000000000000e+01
5.300000000000000000e+01
6.000000000000000000e+01
4.000000000000000000e+01
3.900000000000000000e+01
5.200000000000000000e+01
5.400000000000000000e+01
6.700000000000000000e+01
5.800000000000000000e+01
5.400000000000000000e+01
4.000000000000000000e+01
5.400000000000000000e+01
4.200000000000000000e+01
4.600000000000000000e+01
4.500000000000000000e+01
5.600000000000000000e+01
6.400000000000000000e+01
5.800000000000000000e+01
5.200000000000000000e+01
6.200000000000000000e+01
2.800000000000000000e+01
2.100000000000000000e+01
6.000000000000000000e+00
1.300000000000000000e+01
8.000000000000000000e+00
1.000000000000000000e+01
3.000000000000000000e+00
5.000000000000000000e+00
4.000000000000000000e+00
3.000000000000000000e+00
5.000000000000000000e+00
0.000000000000000000e+00
1.000000000000000000e+00
1.000000000000000000e+00
1.000000000000000000e+00
2.000000000000000000e+00
3.000000000000000000e+00
1.000000000000000000e+00
0.000000000000000000e+00
0.000000000000000000e+00
1.000000000000000000e+00
2.000000000000000000e+00
2.000000000000000000e+00
0.000000000000000000e+00
3.000000000000000000e+00
