8.960000000000000000e+02
1.460000000000000000e+02
2.520000000000000000e+02
3.450000000000000000e+02
4.130000000000000000e+02
7.400000000000000000e+02
7.450000000000000000e+02
8.340000000000000000e+02
7.360000000000000000e+02
1.055000000000000000e+03
1.074000000000000000e+03
9.720000000000000000e+02
8.620000000000000000e+02
8.750000000000000000e+02
1.038000000000000000e+03
1.297000000000000000e+03
1.365000000000000000e+03
1.256000000000000000e+03
1.292000000000000000e+03
1.299000000000000000e+03
1.347000000000000000e+03
1.418000000000000000e+03
1.575000000000000000e+03
1.428000000000000000e+03
1.371000000000000000e+03
1.364000000000000000e+03
1.336000000000000000e+03
1.327000000000000000e+03
1.378000000000000000e+03
1.536000000000000000e+03
1.485000000000000000e+03
1.455000000000000000e+03
1.431000000000000000e+03
1.300000000000000000e+03
1.390000000000000000e+03
1.381000000000000000e+03
1.440000000000000000e+03
1.346000000000000000e+03
1.477000000000000000e+03
1.465000000000000000e+03
1.499000000000000000e+03
1.430000000000000000e+03
1.369000000000000000e+03
1.467000000000000000e+03
1.459000000000000000e+03
1.459000000000000000e+03
1.426000000000000000e+03
1.451000000000000000e+03
1.543000000000000000e+03
1.497000000000000000e+03
1.551000000000000000e+03
1.541000000000000000e+03
1.782000000000000000e+03
1.606000000000000000e+03
1.706000000000000000e+03
1.707000000000000000e+03
1.776000000000000000e+03
1.625000000000000000e+03
1.695000000000000000e+03
1.607000000000000000e+03
1.602000000000000000e+03
1.638000000000000000e+03
1.576000000000000000e+03
1.580000000000000000e+03
1.562000000000000000e+03
1.536000000000000000e+03
1.578000000000000000e+03
1.526000000000000000e+03
1.511000000000000000e+03
1.523000000000000000e+03
1.534000000000000000e+03
1.559000000000000000e+03
1.505000000000000000e+03
1.525000000000000000e+03
1.457000000000000000e+03
1.400000000000000000e+03
1.413000000000000000e+03
1.516000000000000000e+03
1.395000000000000000e+03
1.409000000000000000e+03
1.464000000000000000e+03
1.388000000000000000e+03
1.449000000000000000e+03
1.411000000000000000e+03
1.370000000000000000e+03
1.328000000000000000e+03
1.395000000000000000e+03
1.383000000000000000e+03
1.292000000000000000e+03
1.309000000000000000e+03
1.258000000000000000e+03
1.246000000000000000e+03
1.254000000000000000e+03
1.251000000000000000e+03
1.342000000000000000e+03
1.295000000000000000e+03
1.213000000000000000e+03
1.232000000000000000e+03
1.161000000000000000e+03
1.196000000000000000e+03
1.172000000000000000e+03
1.160000000000000000e+03
1.095000000000000000e+03
1.074000000000000000e+03
1.015000000000000000e+03
1.134000000000000000e+03
1.169000000000000000e+03
1.157000000000000000e+03
1.046000000000000000e+03
1.089000000000000000e+03
9.130000000000000000e+02
9.710000000000000000e+02
9.130000000000000000e+02
8.420000000000000000e+02
8.780000000000000000e+02
8.100000000000000000e+02
8.830000000000000000e+02
7.820000000000000000e+02
8.670000000000000000e+02
7.830000000000000000e+02
7.730000000000000000e+02
8.440000000000000000e+02
8.200000000000000000e+02
7.600000000000000000e+02
7.350000000000000000e+02
6.830000000000000000e+02
7.230000000000000000e+02
7.400000000000000000e+02
7.840000000000000000e+02
7.660000000000000000e+02
7.540000000000000000e+02
7.690000000000000000e+02
7.570000000000000000e+02
7.600000000000000000e+02
7.950000000000000000e+02
7.980000000000000000e+02
8.280000000000000000e+02
8.200000000000000000e+02
8.530000000000000000e+02
9.560000000000000000e+02
8.870000000000000000e+02
8.450000000000000000e+02
7.660000000000000000e+02
7.650000000000000000e+02
7.160000000000000000e+02
6.940000000000000000e+02
6.610000000000000000e+02
6.810000000000000000e+02
6.320000000000000000e+02
6.730000000000000000e+02
6.120000000000000000e+02
6.790000000000000000e+02
7.130000000000000000e+02
6.840000000000000000e+02
6.600000000000000000e+02
7.000000000000000000e+02
6.840000000000000000e+02
6.730000000000000000e+02
6.530000000000000000e+02
6.480000000000000000e+02
5.850000000000000000e+02
6.340000000000000000e+02
6.550000000000000000e+02
6.260000000000000000e+02
5.630000000000000000e+02
5.820000000000000000e+02
5.570000000000000000e+02
6.000000000000000000e+02
6.720000000000000000e+02
6.830000000000000000e+02
6.410000000000000000e+02
6.920000000000000000e+02
7.320000000000000000e+02
6.990000000000000000e+02
7.120000000000000000e+02
7.350000000000000000e+02
7.360000000000000000e+02
7.860000000000000000e+02
7.680000000000000000e+02
8.040000000000000000e+02
8.200000000000000000e+02
8.710000000000000000e+02
9.280000000000000000e+02
9.750000000000000000e+02
1.016000000000000000e+03
1.054000000000000000e+03
1.132000000000000000e+03
1.274000000000000000e+03
1.303000000000000000e+03
1.319000000000000000e+03
1.349000000000000000e+03
1.348000000000000000e+03
1.496000000000000000e+03
1.471000000000000000e+03
1.485000000000000000e+03
1.562000000000000000e+03
1.566000000000000000e+03
1.610000000000000000e+03
1.658000000000000000e+03
1.743000000000000000e+03
1.870000000000000000e+03
2.025000000000000000e+03
2.187000000000000000e+03
2.359000000000000000e+03
2.459000000000000000e+03
2.658000000000000000e+03
2.767000000000000000e+03
3.108000000000000000e+03
3.231000000000000000e+03
3.326000000000000000e+03
3.354000000000000000e+03
3.470000000000000000e+03
3.356000000000000000e+03
3.230000000000000000e+03
3.052000000000000000e+03
2.830000000000000000e+03
2.349000000000000000e+03
2.072000000000000000e+03
1.829000000000000000e+03
1.562000000000000000e+03
1.368000000000000000e+03
1.263000000000000000e+03
1.086000000000000000e+03
1.065000000000000000e+03
1.080000000000000000e+03
1.147000000000000000e+03
1.183000000000000000e+03
1.261000000000000000e+03
1.199000000000000000e+03
1.276000000000000000e+03
1.361000000000000000e+03
1.370000000000000000e+03
1.531000000000000000e+03
1.715000000000000000e+03
1.977000000000000000e+03
2.317000000000000000e+03
3.558000000000000000e+03
5.519000000000000000e+03
7.981000000000000000e+03
9.337000000000000000e+03
1.035200000000000000e+04
8.104000000000000000e+03
7.439000000000000000e+03
7.308000000000000000e+03
7.236000000000000000e+03
7.349000000000000000e+03
7.443000000000000000e+03
7.656000000000000000e+03
8.837000000000000000e+03
8.189000000000000000e+03
5.856000000000000000e+03
3.467000000000000000e+03
2.396000000000000000e+03
1.635000000000000000e+03
1.255000000000000000e+03
7.198000000000000000e+03
1.765000000000000000e+03
1.064000000000000000e+03
1.045000000000000000e+03
1.175000000000000000e+03
1.534000000000000000e+03
1.784000000000000000e+03
2.025000000000000000e+03
1.630000000000000000e+03
1.509000000000000000e+03
1.448000000000000000e+03
1.468000000000000000e+03
1.687000000000000000e+03
1.782000000000000000e+03
2.026000000000000000e+03
1.759000000000000000e+03
1.743000000000000000e+03
1.578000000000000000e+03
1.688000000000000000e+03
1.668000000000000000e+03
1.633000000000000000e+03
1.724000000000000000e+03
1.673000000000000000e+03
1.714000000000000000e+03
1.754000000000000000e+03
1.733000000000000000e+03
1.866000000000000000e+03
1.868000000000000000e+03
1.882000000000000000e+03
1.971000000000000000e+03
2.094000000000000000e+03
2.018000000000000000e+03
2.004000000000000000e+03
1.991000000000000000e+03
2.055000000000000000e+03
2.091000000000000000e+03
2.089000000000000000e+03
2.191000000000000000e+03
2.272000000000000000e+03
2.310000000000000000e+03
2.336000000000000000e+03
2.571000000000000000e+03
2.294000000000000000e+03
2.175000000000000000e+03
2.172000000000000000e+03
2.142000000000000000e+03
2.138000000000000000e+03
2.229000000000000000e+03
2.091000000000000000e+03
2.059000000000000000e+03
2.046000000000000000e+03
2.023000000000000000e+03
1.844000000000000000e+03
1.920000000000000000e+03
1.783000000000000000e+03
1.806000000000000000e+03
1.774000000000000000e+03
1.732000000000000000e+03
1.772000000000000000e+03
1.626000000000000000e+03
1.711000000000000000e+03
1.563000000000000000e+03
1.541000000000000000e+03
1.533000000000000000e+03
1.483000000000000000e+03
1.461000000000000000e+03
1.462000000000000000e+03
1.460000000000000000e+03
1.544000000000000000e+03
1.486000000000000000e+03
1.574000000000000000e+03
1.494000000000000000e+03
1.523000000000000000e+03
1.474000000000000000e+03
1.394000000000000000e+03
1.439000000000000000e+03
1.380000000000000000e+03
1.349000000000000000e+03
1.364000000000000000e+03
1.272000000000000000e+03
1.321000000000000000e+03
1.301000000000000000e+03
1.264000000000000000e+03
1.333000000000000000e+03
1.375000000000000000e+03
1.375000000000000000e+03
1.313000000000000000e+03
1.238000000000000000e+03
1.331000000000000000e+03
1.235000000000000000e+03
1.311000000000000000e+03
1.123000000000000000e+03
1.081000000000000000e+03
1.047000000000000000e+03
9.510000000000000000e+02
9.130000000000000000e+02
9.040000000000000000e+02
8.800000000000000000e+02
8.540000000000000000e+02
8.170000000000000000e+02
8.400000000000000000e+02
8.750000000000000000e+02
9.230000000000000000e+02
9.380000000000000000e+02
8.820000000000000000e+02
8.730000000000000000e+02
8.790000000000000000e+02
9.420000000000000000e+02
9.290000000000000000e+02
1.009000000000000000e+03
9.290000000000000000e+02
9.190000000000000000e+02
9.270000000000000000e+02
1.008000000000000000e+03
9.800000000000000000e+02
1.009000000000000000e+03
9.730000000000000000e+02
1.006000000000000000e+03
9.660000000000000000e+02
1.019000000000000000e+03
9.820000000000000000e+02
9.950000000000000000e+02
1.010000000000000000e+03
9.750000000000000000e+02
9.950000000000000000e+02
1.101000000000000000e+03
1.000000000000000000e+03
1.032000000000000000e+03
1.063000000000000000e+03
1.101000000000000000e+03
1.032000000000000000e+03
1.036000000000000000e+03
9.780000000000000000e+02
1.032000000000000000e+03
1.009000000000000000e+03
9.370000000000000000e+02
9.630000000000000000e+02
9.730000000000000000e+02
9.910000000000000000e+02
1.028000000000000000e+03
9.740000000000000000e+02
9.920000000000000000e+02
9.570000000000000000e+02
9.570000000000000000e+02
9.160000000000000000e+02
8.800000000000000000e+02
8.970000000000000000e+02
8.440000000000000000e+02
8.400000000000000000e+02
8.760000000000000000e+02
8.520000000000000000e+02
8.140000000000000000e+02
8.480000000000000000e+02
7.840000000000000000e+02
7.420000000000000000e+02
7.220000000000000000e+02
7.380000000000000000e+02
7.480000000000000000e+02
7.830000000000000000e+02
7.950000000000000000e+02
8.490000000000000000e+02
8.710000000000000000e+02
7.590000000000000000e+02
7.110000000000000000e+02
7.270000000000000000e+02
7.240000000000000000e+02
7.300000000000000000e+02
7.380000000000000000e+02
7.130000000000000000e+02
7.490000000000000000e+02
7.800000000000000000e+02
8.380000000000000000e+02
7.950000000000000000e+02
7.910000000000000000e+02
7.920000000000000000e+02
7.790000000000000000e+02
7.820000000000000000e+02
8.280000000000000000e+02
7.890000000000000000e+02
8.470000000000000000e+02
7.740000000000000000e+02
8.120000000000000000e+02
8.130000000000000000e+02
8.550000000000000000e+02
9.110000000000000000e+02
9.170000000000000000e+02
9.710000000000000000e+02
1.033000000000000000e+03
1.042000000000000000e+03
1.142000000000000000e+03
1.246000000000000000e+03
1.360000000000000000e+03
1.430000000000000000e+03
1.453000000000000000e+03
1.640000000000000000e+03
1.874000000000000000e+03
1.930000000000000000e+03
2.120000000000000000e+03
2.292000000000000000e+03
2.470000000000000000e+03
2.603000000000000000e+03
2.749000000000000000e+03
2.963000000000000000e+03
3.103000000000000000e+03
3.190000000000000000e+03
3.307000000000000000e+03
3.415000000000000000e+03
3.452000000000000000e+03
3.484000000000000000e+03
3.409000000000000000e+03
3.304000000000000000e+03
2.976000000000000000e+03
2.663000000000000000e+03
2.364000000000000000e+03
1.989000000000000000e+03
1.952000000000000000e+03
1.918000000000000000e+03
2.200000000000000000e+03
1.997000000000000000e+03
2.086000000000000000e+03
2.058000000000000000e+03
2.403000000000000000e+03
2.885000000000000000e+03
3.499000000000000000e+03
4.266000000000000000e+03
4.553000000000000000e+03
3.497000000000000000e+03
2.556000000000000000e+03
2.452000000000000000e+03
2.463000000000000000e+03
2.313000000000000000e+03
2.318000000000000000e+03
3.329000000000000000e+03
2.544000000000000000e+03
2.525000000000000000e+03
2.391000000000000000e+03
1.986000000000000000e+03
1.747000000000000000e+03
1.930000000000000000e+03
1.952000000000000000e+03
2.252000000000000000e+03
2.566000000000000000e+03
2.825000000000000000e+03
2.670000000000000000e+03
3.064000000000000000e+03
3.607000000000000000e+03
4.615000000000000000e+03
6.689000000000000000e+03
6.734000000000000000e+03
6.709000000000000000e+03
5.942000000000000000e+03
3.103000000000000000e+03
1.523000000000000000e+03
9.140000000000000000e+02
6.080000000000000000e+02
4.860000000000000000e+02
1.756000000000000000e+03
2.184300000000000000e+04
6.425000000000000000e+03
5.628000000000000000e+03
5.488000000000000000e+03
4.530000000000000000e+03
4.193000000000000000e+03
3.627000000000000000e+03
3.450000000000000000e+03
3.339000000000000000e+03
3.241000000000000000e+03
3.482000000000000000e+03
3.002000000000000000e+03
2.839000000000000000e+03
2.817000000000000000e+03
2.634000000000000000e+03
2.667000000000000000e+03
2.638000000000000000e+03
2.471000000000000000e+03
2.279000000000000000e+03
2.432000000000000000e+03
2.282000000000000000e+03
2.244000000000000000e+03
2.151000000000000000e+03
2.242000000000000000e+03
2.279000000000000000e+03
2.164000000000000000e+03
2.093000000000000000e+03
2.072000000000000000e+03
2.172000000000000000e+03
2.195000000000000000e+03
2.152000000000000000e+03
2.279000000000000000e+03
2.278000000000000000e+03
2.255000000000000000e+03
2.413000000000000000e+03
2.178000000000000000e+03
2.453000000000000000e+03
2.147000000000000000e+03
2.157000000000000000e+03
2.127000000000000000e+03
2.032000000000000000e+03
1.867000000000000000e+03
2.030000000000000000e+03
1.982000000000000000e+03
1.864000000000000000e+03
1.742000000000000000e+03
1.744000000000000000e+03
1.732000000000000000e+03
1.735000000000000000e+03
1.800000000000000000e+03
1.707000000000000000e+03
1.587000000000000000e+03
1.643000000000000000e+03
1.641000000000000000e+03
1.518000000000000000e+03
1.499000000000000000e+03
1.458000000000000000e+03
1.481000000000000000e+03
1.416000000000000000e+03
1.437000000000000000e+03
1.317000000000000000e+03
1.332000000000000000e+03
1.332000000000000000e+03
1.348000000000000000e+03
1.351000000000000000e+03
1.318000000000000000e+03
1.249000000000000000e+03
1.189000000000000000e+03
1.289000000000000000e+03
1.218000000000000000e+03
1.135000000000000000e+03
1.121000000000000000e+03
1.092000000000000000e+03
1.110000000000000000e+03
1.083000000000000000e+03
1.092000000000000000e+03
1.039000000000000000e+03
1.114000000000000000e+03
1.030000000000000000e+03
1.046000000000000000e+03
1.026000000000000000e+03
1.072000000000000000e+03
1.089000000000000000e+03
1.070000000000000000e+03
1.034000000000000000e+03
1.025000000000000000e+03
9.770000000000000000e+02
1.008000000000000000e+03
9.950000000000000000e+02
9.460000000000000000e+02
9.260000000000000000e+02
8.800000000000000000e+02
9.680000000000000000e+02
9.450000000000000000e+02
9.510000000000000000e+02
9.590000000000000000e+02
8.750000000000000000e+02
8.920000000000000000e+02
8.780000000000000000e+02
8.860000000000000000e+02
8.120000000000000000e+02
7.890000000000000000e+02
7.810000000000000000e+02
8.420000000000000000e+02
8.590000000000000000e+02
7.760000000000000000e+02
7.640000000000000000e+02
7.660000000000000000e+02
7.860000000000000000e+02
7.400000000000000000e+02
7.010000000000000000e+02
7.580000000000000000e+02
7.600000000000000000e+02
7.160000000000000000e+02
7.040000000000000000e+02
6.730000000000000000e+02
6.860000000000000000e+02
6.570000000000000000e+02
6.490000000000000000e+02
6.900000000000000000e+02
6.240000000000000000e+02
6.170000000000000000e+02
6.130000000000000000e+02
5.940000000000000000e+02
6.610000000000000000e+02
5.420000000000000000e+02
6.080000000000000000e+02
5.960000000000000000e+02
6.130000000000000000e+02
6.090000000000000000e+02
6.110000000000000000e+02
6.350000000000000000e+02
6.800000000000000000e+02
6.850000000000000000e+02
6.550000000000000000e+02
7.650000000000000000e+02
9.090000000000000000e+02
8.040000000000000000e+02
7.790000000000000000e+02
7.810000000000000000e+02
9.410000000000000000e+02
8.920000000000000000e+02
1.023000000000000000e+03
1.066000000000000000e+03
1.068000000000000000e+03
9.480000000000000000e+02
8.840000000000000000e+02
8.690000000000000000e+02
1.087000000000000000e+03
1.031000000000000000e+03
9.940000000000000000e+02
9.280000000000000000e+02
1.091000000000000000e+03
1.211000000000000000e+03
1.067000000000000000e+03
1.144000000000000000e+03
1.099000000000000000e+03
1.031000000000000000e+03
9.450000000000000000e+02
9.220000000000000000e+02
9.220000000000000000e+02
9.530000000000000000e+02
1.174000000000000000e+03
1.090000000000000000e+03
8.700000000000000000e+02
1.252000000000000000e+03
1.025000000000000000e+03
1.098000000000000000e+03
1.108000000000000000e+03
1.208000000000000000e+03
1.260000000000000000e+03
1.130000000000000000e+03
1.103000000000000000e+03
9.700000000000000000e+02
1.020000000000000000e+03
1.203000000000000000e+03
1.148000000000000000e+03
1.281000000000000000e+03
1.296000000000000000e+03
1.634000000000000000e+03
1.599000000000000000e+03
1.431000000000000000e+03
1.261000000000000000e+03
1.259000000000000000e+03
1.223000000000000000e+03
1.243000000000000000e+03
1.248000000000000000e+03
1.465000000000000000e+03
1.609000000000000000e+03
1.840000000000000000e+03
2.092000000000000000e+03
2.561000000000000000e+03
2.691000000000000000e+03
2.840000000000000000e+03
3.961000000000000000e+03
3.434000000000000000e+03
3.528000000000000000e+03
3.453000000000000000e+03
3.626000000000000000e+03
3.764000000000000000e+03
4.048000000000000000e+03
3.894000000000000000e+03
3.982000000000000000e+03
3.919000000000000000e+03
3.921000000000000000e+03
3.748000000000000000e+03
3.483000000000000000e+03
3.274000000000000000e+03
2.879000000000000000e+03
2.553000000000000000e+03
2.493000000000000000e+03
2.030000000000000000e+03
1.914000000000000000e+03
1.641000000000000000e+03
1.482000000000000000e+03
1.732000000000000000e+03
1.628000000000000000e+03
1.230000000000000000e+03
1.257000000000000000e+03
1.481000000000000000e+03
1.444000000000000000e+03
1.277000000000000000e+03
1.300000000000000000e+03
1.262000000000000000e+03
1.207000000000000000e+03
1.267000000000000000e+03
1.472000000000000000e+03
1.669000000000000000e+03
1.496000000000000000e+03
1.093000000000000000e+03
1.075000000000000000e+03
1.018000000000000000e+03
1.182000000000000000e+03
1.190000000000000000e+03
1.275000000000000000e+03
1.124000000000000000e+03
1.229000000000000000e+03
1.360000000000000000e+03
1.342000000000000000e+03
1.187000000000000000e+03
1.341000000000000000e+03
1.431000000000000000e+03
1.705000000000000000e+03
1.641000000000000000e+03
1.662000000000000000e+03
1.657000000000000000e+03
1.572000000000000000e+03
1.804000000000000000e+03
2.582000000000000000e+03
2.599000000000000000e+03
8.610000000000000000e+02
3.530000000000000000e+02
3.040000000000000000e+02
1.430000000000000000e+02
1.160000000000000000e+02
1.540000000000000000e+02
