5.023250000000000000e+05
2.210000000000000000e+02
4.240000000000000000e+02
3.142000000000000000e+03
8.403000000000000000e+03
2.950000000000000000e+03
2.152000000000000000e+03
2.278000000000000000e+03
2.536000000000000000e+03
2.653000000000000000e+03
3.124000000000000000e+03
4.039000000000000000e+03
5.846000000000000000e+03
6.062000000000000000e+03
5.693000000000000000e+03
5.091000000000000000e+03
4.611000000000000000e+03
3.725000000000000000e+03
4.003000000000000000e+03
3.327000000000000000e+03
3.083000000000000000e+03
2.907000000000000000e+03
2.931000000000000000e+03
3.033000000000000000e+03
2.902000000000000000e+03
3.578000000000000000e+03
2.922000000000000000e+03
2.699000000000000000e+03
2.380000000000000000e+03
2.113000000000000000e+03
2.226000000000000000e+03
2.252000000000000000e+03
2.325000000000000000e+03
3.045000000000000000e+03
2.278000000000000000e+03
1.773000000000000000e+03
1.507000000000000000e+03
1.455000000000000000e+03
1.346000000000000000e+03
1.300000000000000000e+03
1.282000000000000000e+03
1.314000000000000000e+03
1.535000000000000000e+03
1.514000000000000000e+03
1.640000000000000000e+03
1.361000000000000000e+03
1.110000000000000000e+03
9.660000000000000000e+02
1.072000000000000000e+03
1.116000000000000000e+03
1.204000000000000000e+03
1.087000000000000000e+03
1.097000000000000000e+03
1.122000000000000000e+03
1.038000000000000000e+03
1.263000000000000000e+03
1.336000000000000000e+03
1.024000000000000000e+03
8.460000000000000000e+02
8.850000000000000000e+02
8.760000000000000000e+02
9.030000000000000000e+02
8.590000000000000000e+02
9.120000000000000000e+02
9.410000000000000000e+02
9.440000000000000000e+02
9.050000000000000000e+02
8.750000000000000000e+02
7.980000000000000000e+02
8.000000000000000000e+02
7.260000000000000000e+02
7.180000000000000000e+02
6.920000000000000000e+02
6.640000000000000000e+02
5.050000000000000000e+02
4.740000000000000000e+02
4.840000000000000000e+02
4.420000000000000000e+02
4.360000000000000000e+02
4.270000000000000000e+02
4.180000000000000000e+02
3.490000000000000000e+02
3.470000000000000000e+02
3.500000000000000000e+02
3.170000000000000000e+02
3.010000000000000000e+02
2.870000000000000000e+02
2.800000000000000000e+02
2.750000000000000000e+02
3.100000000000000000e+02
2.790000000000000000e+02
2.430000000000000000e+02
2.350000000000000000e+02
2.380000000000000000e+02
2.430000000000000000e+02
2.380000000000000000e+02
2.700000000000000000e+02
2.340000000000000000e+02
2.230000000000000000e+02
2.060000000000000000e+02
2.080000000000000000e+02
2.360000000000000000e+02
2.280000000000000000e+02
2.020000000000000000e+02
2.120000000000000000e+02
2.190000000000000000e+02
2.120000000000000000e+02
2.000000000000000000e+02
1.850000000000000000e+02
2.360000000000000000e+02
2.250000000000000000e+02
1.710000000000000000e+02
1.840000000000000000e+02
1.630000000000000000e+02
1.860000000000000000e+02
2.110000000000000000e+02
1.960000000000000000e+02
1.680000000000000000e+02
2.130000000000000000e+02
1.830000000000000000e+02
2.000000000000000000e+02
1.990000000000000000e+02
2.190000000000000000e+02
1.860000000000000000e+02
1.990000000000000000e+02
2.040000000000000000e+02
2.120000000000000000e+02
2.310000000000000000e+02
1.760000000000000000e+02
1.790000000000000000e+02
2.050000000000000000e+02
2.220000000000000000e+02
1.860000000000000000e+02
2.190000000000000000e+02
1.740000000000000000e+02
2.620000000000000000e+02
2.070000000000000000e+02
2.240000000000000000e+02
2.440000000000000000e+02
2.570000000000000000e+02
2.560000000000000000e+02
2.390000000000000000e+02
2.410000000000000000e+02
2.670000000000000000e+02
2.840000000000000000e+02
3.340000000000000000e+02
3.010000000000000000e+02
3.300000000000000000e+02
3.320000000000000000e+02
2.960000000000000000e+02
2.810000000000000000e+02
3.070000000000000000e+02
2.920000000000000000e+02
2.640000000000000000e+02
2.610000000000000000e+02
2.850000000000000000e+02
3.180000000000000000e+02
2.330000000000000000e+02
2.810000000000000000e+02
2.700000000000000000e+02
2.740000000000000000e+02
2.540000000000000000e+02
2.240000000000000000e+02
2.710000000000000000e+02
2.750000000000000000e+02
2.680000000000000000e+02
2.320000000000000000e+02
2.720000000000000000e+02
2.680000000000000000e+02
2.340000000000000000e+02
2.290000000000000000e+02
2.530000000000000000e+02
2.790000000000000000e+02
2.460000000000000000e+02
2.420000000000000000e+02
2.410000000000000000e+02
2.730000000000000000e+02
2.400000000000000000e+02
2.300000000000000000e+02
2.560000000000000000e+02
2.610000000000000000e+02
2.400000000000000000e+02
2.930000000000000000e+02
3.040000000000000000e+02
3.090000000000000000e+02
2.820000000000000000e+02
2.830000000000000000e+02
3.270000000000000000e+02
2.900000000000000000e+02
2.630000000000000000e+02
2.740000000000000000e+02
2.700000000000000000e+02
2.450000000000000000e+02
2.830000000000000000e+02
2.860000000000000000e+02
6.810000000000000000e+02
1.486000000000000000e+03
1.140000000000000000e+03
3.330000000000000000e+02
3.720000000000000000e+02
3.800000000000000000e+02
4.090000000000000000e+02
4.710000000000000000e+02
4.280000000000000000e+02
4.100000000000000000e+02
4.300000000000000000e+02
3.980000000000000000e+02
4.160000000000000000e+02
4.080000000000000000e+02
3.830000000000000000e+02
4.500000000000000000e+02
6.540000000000000000e+02
1.531000000000000000e+03
2.196000000000000000e+03
2.610000000000000000e+03
3.733000000000000000e+03
5.498000000000000000e+03
4.813000000000000000e+03
3.679000000000000000e+03
4.566000000000000000e+03
4.338000000000000000e+03
1.096300000000000000e+04
1.394500000000000000e+04
1.272700000000000000e+04
1.422900000000000000e+04
9.535000000000000000e+03
1.031200000000000000e+04
1.032400000000000000e+04
1.658800000000000000e+04
1.326200000000000000e+04
8.029000000000000000e+03
7.982000000000000000e+03
9.529000000000000000e+03
6.778000000000000000e+03
7.186000000000000000e+03
8.070000000000000000e+03
7.603000000000000000e+03
7.616000000000000000e+03
4.361000000000000000e+03
5.676000000000000000e+03
6.667000000000000000e+03
5.396000000000000000e+03
6.355000000000000000e+03
6.490000000000000000e+03
4.016000000000000000e+03
7.128000000000000000e+03
4.864000000000000000e+03
2.487000000000000000e+03
1.098000000000000000e+03
3.370000000000000000e+02
1.520000000000000000e+02
1.260000000000000000e+02
9.200000000000000000e+01
6.200000000000000000e+01
3.900000000000000000e+01
8.100000000000000000e+01
5.024370000000000000e+05
6.370000000000000000e+02
2.154000000000000000e+03
3.768000000000000000e+03
8.872000000000000000e+03
2.933000000000000000e+03
1.933000000000000000e+03
2.057000000000000000e+03
2.319000000000000000e+03
2.613000000000000000e+03
3.072000000000000000e+03
4.042000000000000000e+03
6.038000000000000000e+03
6.084000000000000000e+03
5.809000000000000000e+03
5.057000000000000000e+03
4.455000000000000000e+03
3.624000000000000000e+03
3.939000000000000000e+03
3.146000000000000000e+03
2.843000000000000000e+03
2.757000000000000000e+03
2.732000000000000000e+03
2.814000000000000000e+03
2.793000000000000000e+03
3.513000000000000000e+03
2.891000000000000000e+03
2.615000000000000000e+03
2.331000000000000000e+03
2.007000000000000000e+03
2.120000000000000000e+03
2.113000000000000000e+03
2.207000000000000000e+03
2.899000000000000000e+03
2.116000000000000000e+03
1.649000000000000000e+03
1.412000000000000000e+03
1.378000000000000000e+03
1.284000000000000000e+03
1.254000000000000000e+03
1.278000000000000000e+03
1.383000000000000000e+03
1.607000000000000000e+03
1.591000000000000000e+03
1.713000000000000000e+03
1.394000000000000000e+03
1.089000000000000000e+03
1.016000000000000000e+03
9.940000000000000000e+02
9.690000000000000000e+02
1.029000000000000000e+03
9.630000000000000000e+02
1.025000000000000000e+03
1.035000000000000000e+03
9.520000000000000000e+02
9.130000000000000000e+02
9.170000000000000000e+02
9.040000000000000000e+02
9.430000000000000000e+02
1.059000000000000000e+03
1.039000000000000000e+03
9.280000000000000000e+02
7.000000000000000000e+02
6.850000000000000000e+02
6.420000000000000000e+02
7.480000000000000000e+02
7.120000000000000000e+02
7.370000000000000000e+02
7.050000000000000000e+02
6.830000000000000000e+02
6.500000000000000000e+02
6.960000000000000000e+02
7.270000000000000000e+02
7.370000000000000000e+02
6.870000000000000000e+02
6.600000000000000000e+02
6.490000000000000000e+02
6.880000000000000000e+02
6.960000000000000000e+02
7.330000000000000000e+02
6.250000000000000000e+02
5.540000000000000000e+02
5.180000000000000000e+02
4.340000000000000000e+02
4.120000000000000000e+02
3.650000000000000000e+02
3.310000000000000000e+02
2.610000000000000000e+02
3.000000000000000000e+02
3.100000000000000000e+02
2.770000000000000000e+02
2.620000000000000000e+02
2.340000000000000000e+02
2.530000000000000000e+02
2.380000000000000000e+02
2.300000000000000000e+02
2.610000000000000000e+02
2.450000000000000000e+02
2.230000000000000000e+02
1.990000000000000000e+02
2.200000000000000000e+02
2.420000000000000000e+02
2.500000000000000000e+02
2.050000000000000000e+02
1.920000000000000000e+02
2.270000000000000000e+02
2.220000000000000000e+02
1.960000000000000000e+02
2.030000000000000000e+02
2.450000000000000000e+02
2.030000000000000000e+02
1.750000000000000000e+02
1.880000000000000000e+02
1.890000000000000000e+02
1.910000000000000000e+02
2.020000000000000000e+02
2.070000000000000000e+02
1.600000000000000000e+02
2.240000000000000000e+02
1.820000000000000000e+02
1.870000000000000000e+02
2.070000000000000000e+02
2.430000000000000000e+02
1.960000000000000000e+02
1.780000000000000000e+02
2.080000000000000000e+02
1.990000000000000000e+02
2.220000000000000000e+02
1.790000000000000000e+02
1.860000000000000000e+02
1.910000000000000000e+02
2.550000000000000000e+02
1.830000000000000000e+02
2.190000000000000000e+02
1.930000000000000000e+02
2.530000000000000000e+02
2.160000000000000000e+02
2.370000000000000000e+02
2.450000000000000000e+02
2.650000000000000000e+02
2.480000000000000000e+02
2.320000000000000000e+02
2.460000000000000000e+02
3.120000000000000000e+02
3.010000000000000000e+02
3.170000000000000000e+02
3.000000000000000000e+02
3.540000000000000000e+02
3.270000000000000000e+02
2.900000000000000000e+02
2.850000000000000000e+02
3.170000000000000000e+02
2.590000000000000000e+02
2.530000000000000000e+02
2.770000000000000000e+02
3.040000000000000000e+02
2.860000000000000000e+02
2.520000000000000000e+02
2.630000000000000000e+02
2.680000000000000000e+02
2.670000000000000000e+02
2.580000000000000000e+02
2.320000000000000000e+02
2.650000000000000000e+02
2.860000000000000000e+02
2.810000000000000000e+02
2.540000000000000000e+02
2.670000000000000000e+02
2.530000000000000000e+02
2.440000000000000000e+02
2.440000000000000000e+02
2.540000000000000000e+02
2.710000000000000000e+02
2.290000000000000000e+02
2.380000000000000000e+02
2.680000000000000000e+02
2.410000000000000000e+02
2.230000000000000000e+02
2.260000000000000000e+02
2.570000000000000000e+02
2.800000000000000000e+02
2.560000000000000000e+02
2.720000000000000000e+02
2.990000000000000000e+02
3.060000000000000000e+02
2.750000000000000000e+02
2.860000000000000000e+02
3.290000000000000000e+02
2.930000000000000000e+02
2.810000000000000000e+02
2.830000000000000000e+02
2.780000000000000000e+02
2.370000000000000000e+02
3.060000000000000000e+02
3.240000000000000000e+02
3.060000000000000000e+02
2.900000000000000000e+02
3.150000000000000000e+02
3.290000000000000000e+02
3.390000000000000000e+02
3.970000000000000000e+02
4.040000000000000000e+02
4.300000000000000000e+02
3.990000000000000000e+02
4.430000000000000000e+02
4.280000000000000000e+02
4.290000000000000000e+02
3.590000000000000000e+02
4.360000000000000000e+02
6.600000000000000000e+02
1.584000000000000000e+03
3.804000000000000000e+03
3.330000000000000000e+03
3.886000000000000000e+03
5.672000000000000000e+03
4.770000000000000000e+03
3.748000000000000000e+03
4.653000000000000000e+03
4.405000000000000000e+03
1.126900000000000000e+04
1.365000000000000000e+04
1.218300000000000000e+04
1.380500000000000000e+04
1.005600000000000000e+04
1.067400000000000000e+04
1.067000000000000000e+04
1.653500000000000000e+04
1.307500000000000000e+04
7.968000000000000000e+03
8.100000000000000000e+03
9.529000000000000000e+03
6.806000000000000000e+03
7.249000000000000000e+03
8.003000000000000000e+03
7.700000000000000000e+03
7.494000000000000000e+03
4.325000000000000000e+03
5.828000000000000000e+03
6.547000000000000000e+03
5.432000000000000000e+03
6.400000000000000000e+03
6.425000000000000000e+03
3.839000000000000000e+03
2.522000000000000000e+03
3.070000000000000000e+03
3.024000000000000000e+03
5.026000000000000000e+03
2.055000000000000000e+03
3.290000000000000000e+02
1.600000000000000000e+02
1.070000000000000000e+02
1.010000000000000000e+02
8.100000000000000000e+01
5.700000000000000000e+01
4.400000000000000000e+01
8.200000000000000000e+01
5.023260000000000000e+05
2.000000000000000000e+02
2.930000000000000000e+02
2.866000000000000000e+03
7.819000000000000000e+03
2.143000000000000000e+03
1.497000000000000000e+03
1.730000000000000000e+03
2.062000000000000000e+03
2.398000000000000000e+03
2.824000000000000000e+03
3.759000000000000000e+03
5.662000000000000000e+03
5.729000000000000000e+03
5.344000000000000000e+03
4.630000000000000000e+03
4.073000000000000000e+03
3.253000000000000000e+03
3.518000000000000000e+03
2.949000000000000000e+03
2.748000000000000000e+03
2.634000000000000000e+03
2.692000000000000000e+03
2.751000000000000000e+03
2.691000000000000000e+03
3.396000000000000000e+03
2.863000000000000000e+03
2.621000000000000000e+03
2.323000000000000000e+03
2.100000000000000000e+03
2.142000000000000000e+03
2.193000000000000000e+03
2.245000000000000000e+03
2.936000000000000000e+03
2.148000000000000000e+03
1.575000000000000000e+03
1.334000000000000000e+03
1.263000000000000000e+03
1.213000000000000000e+03
1.189000000000000000e+03
1.195000000000000000e+03
1.290000000000000000e+03
1.485000000000000000e+03
1.508000000000000000e+03
1.661000000000000000e+03
1.420000000000000000e+03
1.186000000000000000e+03
1.056000000000000000e+03
1.098000000000000000e+03
1.134000000000000000e+03
1.266000000000000000e+03
1.152000000000000000e+03
1.088000000000000000e+03
1.119000000000000000e+03
1.084000000000000000e+03
1.233000000000000000e+03
1.287000000000000000e+03
1.092000000000000000e+03
9.830000000000000000e+02
9.220000000000000000e+02
9.110000000000000000e+02
9.580000000000000000e+02
8.740000000000000000e+02
8.940000000000000000e+02
9.080000000000000000e+02
9.720000000000000000e+02
9.980000000000000000e+02
1.012000000000000000e+03
9.620000000000000000e+02
9.370000000000000000e+02
8.560000000000000000e+02
8.450000000000000000e+02
7.990000000000000000e+02
7.810000000000000000e+02
7.090000000000000000e+02
7.070000000000000000e+02
6.760000000000000000e+02
6.020000000000000000e+02
5.610000000000000000e+02
5.390000000000000000e+02
5.380000000000000000e+02
4.400000000000000000e+02
4.290000000000000000e+02
4.600000000000000000e+02
4.020000000000000000e+02
4.430000000000000000e+02
4.290000000000000000e+02
3.940000000000000000e+02
4.120000000000000000e+02
3.950000000000000000e+02
3.260000000000000000e+02
3.230000000000000000e+02
3.260000000000000000e+02
3.080000000000000000e+02
3.250000000000000000e+02
3.520000000000000000e+02
3.190000000000000000e+02
2.970000000000000000e+02
2.750000000000000000e+02
2.560000000000000000e+02
2.950000000000000000e+02
3.070000000000000000e+02
2.940000000000000000e+02
2.450000000000000000e+02
2.350000000000000000e+02
3.070000000000000000e+02
2.630000000000000000e+02
2.500000000000000000e+02
2.610000000000000000e+02
3.120000000000000000e+02
2.650000000000000000e+02
2.400000000000000000e+02
2.550000000000000000e+02
2.240000000000000000e+02
2.300000000000000000e+02
2.860000000000000000e+02
2.710000000000000000e+02
2.390000000000000000e+02
2.770000000000000000e+02
2.500000000000000000e+02
2.590000000000000000e+02
2.570000000000000000e+02
2.790000000000000000e+02
2.690000000000000000e+02
2.470000000000000000e+02
2.730000000000000000e+02
2.630000000000000000e+02
2.580000000000000000e+02
2.410000000000000000e+02
2.990000000000000000e+02
2.730000000000000000e+02
3.240000000000000000e+02
2.750000000000000000e+02
2.710000000000000000e+02
2.890000000000000000e+02
3.410000000000000000e+02
2.830000000000000000e+02
3.010000000000000000e+02
3.210000000000000000e+02
3.270000000000000000e+02
3.100000000000000000e+02
3.500000000000000000e+02
3.240000000000000000e+02
3.560000000000000000e+02
3.620000000000000000e+02
3.660000000000000000e+02
3.580000000000000000e+02
3.610000000000000000e+02
3.910000000000000000e+02
3.460000000000000000e+02
3.540000000000000000e+02
3.540000000000000000e+02
3.150000000000000000e+02
3.400000000000000000e+02
3.190000000000000000e+02
3.250000000000000000e+02
3.270000000000000000e+02
2.820000000000000000e+02
3.190000000000000000e+02
3.050000000000000000e+02
2.950000000000000000e+02
3.070000000000000000e+02
2.840000000000000000e+02
3.190000000000000000e+02
2.860000000000000000e+02
3.050000000000000000e+02
2.690000000000000000e+02
3.010000000000000000e+02
3.250000000000000000e+02
2.810000000000000000e+02
2.760000000000000000e+02
2.980000000000000000e+02
2.970000000000000000e+02
2.790000000000000000e+02
2.840000000000000000e+02
2.920000000000000000e+02
2.980000000000000000e+02
2.530000000000000000e+02
2.720000000000000000e+02
2.870000000000000000e+02
2.900000000000000000e+02
2.890000000000000000e+02
2.990000000000000000e+02
3.600000000000000000e+02
3.460000000000000000e+02
3.050000000000000000e+02
3.140000000000000000e+02
3.560000000000000000e+02
3.550000000000000000e+02
3.090000000000000000e+02
3.310000000000000000e+02
3.330000000000000000e+02
3.370000000000000000e+02
3.590000000000000000e+02
1.161000000000000000e+03
1.180000000000000000e+03
1.129000000000000000e+03
4.320000000000000000e+02
4.690000000000000000e+02
4.890000000000000000e+02
4.530000000000000000e+02
4.830000000000000000e+02
4.980000000000000000e+02
4.310000000000000000e+02
4.740000000000000000e+02
4.600000000000000000e+02
4.130000000000000000e+02
5.160000000000000000e+02
9.320000000000000000e+02
1.926000000000000000e+03
2.418000000000000000e+03
2.966000000000000000e+03
4.537000000000000000e+03
5.321000000000000000e+03
4.399000000000000000e+03
3.996000000000000000e+03
4.552000000000000000e+03
6.801000000000000000e+03
1.224600000000000000e+04
1.272800000000000000e+04
1.290100000000000000e+04
1.185500000000000000e+04
1.026200000000000000e+04
1.047900000000000000e+04
1.368800000000000000e+04
1.556600000000000000e+04
1.105800000000000000e+04
7.764000000000000000e+03
9.193000000000000000e+03
8.136000000000000000e+03
6.976000000000000000e+03
7.975000000000000000e+03
7.290000000000000000e+03
8.618000000000000000e+03
5.901000000000000000e+03
4.315000000000000000e+03
7.031000000000000000e+03
5.802000000000000000e+03
5.260000000000000000e+03
7.302000000000000000e+03
5.729000000000000000e+03
2.842000000000000000e+03
2.493000000000000000e+03
3.413000000000000000e+03
2.049000000000000000e+03
5.615000000000000000e+03
1.224000000000000000e+03
4.390000000000000000e+02
1.940000000000000000e+02
1.450000000000000000e+02
8.100000000000000000e+01
9.100000000000000000e+01
5.800000000000000000e+01
3.800000000000000000e+01
3.300000000000000000e+01
3.220000000000000000e+02
