1.882900000000000000e+04
3.491000000000000000e+03
6.781000000000000000e+03
6.706000000000000000e+03
8.081000000000000000e+03
7.914000000000000000e+03
8.709000000000000000e+03
9.841000000000000000e+03
9.735000000000000000e+03
9.658000000000000000e+03
7.414000000000000000e+03
7.820000000000000000e+03
7.223000000000000000e+03
7.559000000000000000e+03
1.057800000000000000e+04
8.135000000000000000e+03
7.375000000000000000e+03
6.654000000000000000e+03
6.488000000000000000e+03
6.002000000000000000e+03
5.942000000000000000e+03
6.249000000000000000e+03
5.848000000000000000e+03
5.276000000000000000e+03
5.309000000000000000e+03
5.080000000000000000e+03
5.061000000000000000e+03
4.953000000000000000e+03
4.789000000000000000e+03
4.724000000000000000e+03
4.654000000000000000e+03
4.872000000000000000e+03
4.599000000000000000e+03
4.481000000000000000e+03
4.318000000000000000e+03
4.147000000000000000e+03
4.048000000000000000e+03
4.075000000000000000e+03
3.941000000000000000e+03
3.677000000000000000e+03
3.506000000000000000e+03
3.558000000000000000e+03
3.347000000000000000e+03
3.344000000000000000e+03
3.238000000000000000e+03
3.081000000000000000e+03
3.050000000000000000e+03
3.293000000000000000e+03
3.202000000000000000e+03
3.035000000000000000e+03
3.182000000000000000e+03
3.126000000000000000e+03
3.165000000000000000e+03
3.171000000000000000e+03
3.178000000000000000e+03
3.493000000000000000e+03
3.578000000000000000e+03
3.812000000000000000e+03
4.223000000000000000e+03
4.107000000000000000e+03
4.043000000000000000e+03
4.165000000000000000e+03
4.397000000000000000e+03
4.308000000000000000e+03
4.383000000000000000e+03
4.605000000000000000e+03
4.369000000000000000e+03
5.957000000000000000e+03
4.200000000000000000e+03
6.792000000000000000e+03
4.288000000000000000e+03
7.572000000000000000e+03
8.573700000000000000e+04
5.874000000000000000e+03
8.514000000000000000e+03
5.280000000000000000e+03
7.366000000000000000e+03
5.332000000000000000e+03
5.906000000000000000e+03
5.258000000000000000e+03
4.772000000000000000e+03
4.758000000000000000e+03
4.648000000000000000e+03
4.538000000000000000e+03
4.727000000000000000e+03
4.562000000000000000e+03
4.466000000000000000e+03
4.649000000000000000e+03
4.377000000000000000e+03
4.244000000000000000e+03
4.181000000000000000e+03
3.991000000000000000e+03
4.047000000000000000e+03
4.044000000000000000e+03
3.951000000000000000e+03
3.791000000000000000e+03
3.745000000000000000e+03
3.588000000000000000e+03
3.420000000000000000e+03
3.346000000000000000e+03
3.555000000000000000e+03
3.361000000000000000e+03
3.278000000000000000e+03
3.288000000000000000e+03
3.404000000000000000e+03
3.443000000000000000e+03
3.415000000000000000e+03
3.527000000000000000e+03
3.553000000000000000e+03
3.481000000000000000e+03
3.445000000000000000e+03
3.696000000000000000e+03
3.628000000000000000e+03
3.537000000000000000e+03
3.456000000000000000e+03
3.627000000000000000e+03
3.731000000000000000e+03
3.892000000000000000e+03
3.705000000000000000e+03
3.885000000000000000e+03
3.879000000000000000e+03
3.779000000000000000e+03
4.088000000000000000e+03
3.890000000000000000e+03
3.621000000000000000e+03
3.789000000000000000e+03
3.602000000000000000e+03
3.583000000000000000e+03
3.440000000000000000e+03
3.456000000000000000e+03
3.404000000000000000e+03
3.415000000000000000e+03
3.549000000000000000e+03
3.559000000000000000e+03
3.566000000000000000e+03
3.737000000000000000e+03
3.731000000000000000e+03
3.681000000000000000e+03
3.961000000000000000e+03
3.833000000000000000e+03
3.927000000000000000e+03
3.955000000000000000e+03
4.306000000000000000e+03
4.368000000000000000e+03
4.488000000000000000e+03
4.626000000000000000e+03
4.432000000000000000e+03
4.967000000000000000e+03
4.752000000000000000e+03
4.955000000000000000e+03
4.905000000000000000e+03
4.754000000000000000e+03
4.867000000000000000e+03
4.927000000000000000e+03
4.847000000000000000e+03
4.719000000000000000e+03
4.720000000000000000e+03
4.792000000000000000e+03
5.080000000000000000e+03
5.153000000000000000e+03
5.121000000000000000e+03
5.080000000000000000e+03
5.295000000000000000e+03
5.612000000000000000e+03
5.354000000000000000e+03
5.657000000000000000e+03
5.973000000000000000e+03
6.365000000000000000e+03
6.386000000000000000e+03
6.681000000000000000e+03
7.052000000000000000e+03
7.334000000000000000e+03
7.414000000000000000e+03
7.247000000000000000e+03
7.293000000000000000e+03
7.097000000000000000e+03
7.230000000000000000e+03
7.530000000000000000e+03
7.273000000000000000e+03
7.940000000000000000e+03
6.912000000000000000e+03
6.618000000000000000e+03
6.355000000000000000e+03
5.864000000000000000e+03
5.458000000000000000e+03
4.958000000000000000e+03
4.669000000000000000e+03
4.616000000000000000e+03
4.077000000000000000e+03
3.992000000000000000e+03
3.811000000000000000e+03
3.937000000000000000e+03
3.887000000000000000e+03
3.940000000000000000e+03
3.815000000000000000e+03
3.912000000000000000e+03
3.842000000000000000e+03
3.774000000000000000e+03
3.913000000000000000e+03
3.754000000000000000e+03
3.594000000000000000e+03
3.612000000000000000e+03
3.374000000000000000e+03
3.303000000000000000e+03
3.210000000000000000e+03
3.018000000000000000e+03
2.739000000000000000e+03
2.687000000000000000e+03
2.591000000000000000e+03
2.578000000000000000e+03
2.473000000000000000e+03
2.439000000000000000e+03
2.564000000000000000e+03
2.446000000000000000e+03
2.584000000000000000e+03
2.466000000000000000e+03
2.520000000000000000e+03
2.346000000000000000e+03
2.454000000000000000e+03
2.408000000000000000e+03
2.348000000000000000e+03
2.460000000000000000e+03
2.568000000000000000e+03
2.538000000000000000e+03
2.568000000000000000e+03
2.549000000000000000e+03
2.751000000000000000e+03
2.826000000000000000e+03
2.637000000000000000e+03
2.938000000000000000e+03
2.810000000000000000e+03
2.604000000000000000e+03
2.776000000000000000e+03
2.364000000000000000e+03
2.871000000000000000e+03
3.492000000000000000e+03
2.950000000000000000e+03
2.658000000000000000e+03
2.748000000000000000e+03
2.525000000000000000e+03
4.160000000000000000e+03
2.881000000000000000e+03
3.116000000000000000e+03
2.966000000000000000e+03
3.117000000000000000e+03
2.733000000000000000e+03
2.823000000000000000e+03
2.968000000000000000e+03
2.889000000000000000e+03
3.209000000000000000e+03
3.450000000000000000e+03
3.632000000000000000e+03
3.615000000000000000e+03
6.228000000000000000e+03
4.112000000000000000e+03
1.955000000000000000e+04
1.005300000000000000e+04
4.068000000000000000e+03
6.110000000000000000e+03
6.971000000000000000e+03
8.633000000000000000e+03
8.046000000000000000e+03
9.676000000000000000e+03
1.022800000000000000e+04
8.558000000000000000e+03
8.451000000000000000e+03
7.014000000000000000e+03
6.624000000000000000e+03
7.404000000000000000e+03
9.670000000000000000e+03
8.242000000000000000e+03
7.112000000000000000e+03
6.164000000000000000e+03
6.202000000000000000e+03
5.427000000000000000e+03
5.606000000000000000e+03
5.140000000000000000e+03
5.304000000000000000e+03
5.449000000000000000e+03
4.873000000000000000e+03
4.752000000000000000e+03
4.625000000000000000e+03
4.527000000000000000e+03
4.480000000000000000e+03
4.333000000000000000e+03
4.213000000000000000e+03
4.244000000000000000e+03
4.140000000000000000e+03
4.390000000000000000e+03
4.204000000000000000e+03
3.870000000000000000e+03
3.897000000000000000e+03
3.735000000000000000e+03
3.580000000000000000e+03
3.553000000000000000e+03
3.652000000000000000e+03
3.562000000000000000e+03
3.518000000000000000e+03
3.385000000000000000e+03
3.376000000000000000e+03
3.354000000000000000e+03
3.443000000000000000e+03
3.897000000000000000e+03
4.030000000000000000e+03
4.292000000000000000e+03
6.245000000000000000e+03
1.032800000000000000e+04
8.826800000000000000e+04
8.789000000000000000e+03
4.693000000000000000e+03
4.394000000000000000e+03
4.051000000000000000e+03
3.863000000000000000e+03
3.784000000000000000e+03
3.946000000000000000e+03
3.833000000000000000e+03
3.821000000000000000e+03
3.944000000000000000e+03
4.061000000000000000e+03
4.134000000000000000e+03
4.417000000000000000e+03
4.574000000000000000e+03
4.330000000000000000e+03
4.243000000000000000e+03
4.351000000000000000e+03
4.190000000000000000e+03
4.240000000000000000e+03
4.130000000000000000e+03
4.230000000000000000e+03
4.305000000000000000e+03
4.471000000000000000e+03
4.481000000000000000e+03
4.517000000000000000e+03
4.451000000000000000e+03
4.392000000000000000e+03
4.694000000000000000e+03
4.578000000000000000e+03
4.613000000000000000e+03
4.384000000000000000e+03
4.462000000000000000e+03
4.324000000000000000e+03
4.220000000000000000e+03
4.333000000000000000e+03
4.143000000000000000e+03
4.144000000000000000e+03
4.171000000000000000e+03
4.387000000000000000e+03
4.437000000000000000e+03
4.184000000000000000e+03
4.145000000000000000e+03
4.093000000000000000e+03
4.120000000000000000e+03
4.087000000000000000e+03
4.005000000000000000e+03
3.984000000000000000e+03
3.898000000000000000e+03
3.835000000000000000e+03
3.860000000000000000e+03
3.655000000000000000e+03
3.801000000000000000e+03
3.629000000000000000e+03
3.543000000000000000e+03
3.659000000000000000e+03
3.469000000000000000e+03
3.356000000000000000e+03
3.370000000000000000e+03
3.517000000000000000e+03
3.783000000000000000e+03
3.751000000000000000e+03
3.675000000000000000e+03
3.746000000000000000e+03
4.039000000000000000e+03
3.917000000000000000e+03
3.814000000000000000e+03
3.799000000000000000e+03
3.716000000000000000e+03
3.678000000000000000e+03
3.758000000000000000e+03
3.609000000000000000e+03
3.592000000000000000e+03
3.658000000000000000e+03
4.054000000000000000e+03
3.866000000000000000e+03
4.134000000000000000e+03
4.024000000000000000e+03
3.886000000000000000e+03
3.962000000000000000e+03
4.011000000000000000e+03
3.866000000000000000e+03
3.876000000000000000e+03
3.924000000000000000e+03
3.921000000000000000e+03
3.792000000000000000e+03
3.890000000000000000e+03
3.877000000000000000e+03
3.996000000000000000e+03
4.089000000000000000e+03
4.077000000000000000e+03
4.267000000000000000e+03
4.281000000000000000e+03
4.600000000000000000e+03
4.478000000000000000e+03
4.518000000000000000e+03
4.642000000000000000e+03
4.528000000000000000e+03
4.676000000000000000e+03
4.717000000000000000e+03
4.892000000000000000e+03
5.105000000000000000e+03
5.254000000000000000e+03
5.378000000000000000e+03
5.486000000000000000e+03
5.299000000000000000e+03
5.624000000000000000e+03
5.637000000000000000e+03
5.620000000000000000e+03
5.862000000000000000e+03
5.953000000000000000e+03
5.923000000000000000e+03
6.187000000000000000e+03
6.011000000000000000e+03
6.008000000000000000e+03
5.954000000000000000e+03
6.234000000000000000e+03
6.686000000000000000e+03
6.859000000000000000e+03
6.912000000000000000e+03
7.413000000000000000e+03
7.773000000000000000e+03
7.837000000000000000e+03
7.585000000000000000e+03
7.201000000000000000e+03
7.579000000000000000e+03
7.434000000000000000e+03
7.836000000000000000e+03
7.902000000000000000e+03
7.697000000000000000e+03
8.099000000000000000e+03
7.367000000000000000e+03
7.058000000000000000e+03
6.230000000000000000e+03
5.421000000000000000e+03
5.150000000000000000e+03
4.830000000000000000e+03
4.333000000000000000e+03
4.230000000000000000e+03
3.920000000000000000e+03
3.864000000000000000e+03
3.837000000000000000e+03
3.870000000000000000e+03
3.792000000000000000e+03
3.665000000000000000e+03
3.628000000000000000e+03
3.681000000000000000e+03
3.723000000000000000e+03
3.452000000000000000e+03
3.320000000000000000e+03
3.473000000000000000e+03
3.213000000000000000e+03
2.831000000000000000e+03
2.994000000000000000e+03
2.758000000000000000e+03
2.491000000000000000e+03
2.461000000000000000e+03
2.259000000000000000e+03
2.329000000000000000e+03
2.282000000000000000e+03
2.257000000000000000e+03
2.203000000000000000e+03
2.217000000000000000e+03
2.303000000000000000e+03
2.281000000000000000e+03
2.414000000000000000e+03
2.298000000000000000e+03
2.392000000000000000e+03
2.298000000000000000e+03
2.303000000000000000e+03
2.219000000000000000e+03
2.284000000000000000e+03
2.167000000000000000e+03
2.104000000000000000e+03
2.207000000000000000e+03
2.118000000000000000e+03
2.082000000000000000e+03
2.051000000000000000e+03
2.215000000000000000e+03
2.266000000000000000e+03
2.270000000000000000e+03
2.470000000000000000e+03
2.365000000000000000e+03
2.845000000000000000e+03
2.833000000000000000e+03
2.859000000000000000e+03
2.567000000000000000e+03
2.853000000000000000e+03
2.779000000000000000e+03
3.030000000000000000e+03
3.575000000000000000e+03
3.511000000000000000e+03
3.696000000000000000e+03
3.512000000000000000e+03
4.540000000000000000e+03
4.435000000000000000e+03
3.979000000000000000e+03
3.565000000000000000e+03
3.663000000000000000e+03
3.519000000000000000e+03
4.459000000000000000e+03
4.473000000000000000e+03
5.822000000000000000e+03
7.102000000000000000e+03
1.455700000000000000e+04
7.957000000000000000e+03
3.707000000000000000e+03
4.785000000000000000e+03
6.352000000000000000e+03
6.822000000000000000e+03
6.349000000000000000e+03
1.028000000000000000e+04
9.652000000000000000e+03
9.213000000000000000e+03
1.089300000000000000e+04
8.641000000000000000e+03
7.192000000000000000e+03
6.594000000000000000e+03
6.375000000000000000e+03
5.628000000000000000e+03
5.608000000000000000e+03
4.943000000000000000e+03
5.037000000000000000e+03
4.834000000000000000e+03
4.858000000000000000e+03
5.180000000000000000e+03
5.649000000000000000e+03
5.283000000000000000e+03
4.649000000000000000e+03
4.346000000000000000e+03
4.283000000000000000e+03
4.953000000000000000e+03
4.924000000000000000e+03
4.236000000000000000e+03
4.492000000000000000e+03
4.368000000000000000e+03
4.172000000000000000e+03
4.205000000000000000e+03
4.011000000000000000e+03
3.768000000000000000e+03
3.630000000000000000e+03
3.491000000000000000e+03
3.428000000000000000e+03
3.302000000000000000e+03
3.280000000000000000e+03
3.064000000000000000e+03
3.226000000000000000e+03
3.254000000000000000e+03
3.384000000000000000e+03
3.454000000000000000e+03
3.441000000000000000e+03
3.731000000000000000e+03
4.283000000000000000e+03
3.961000000000000000e+03
8.463000000000000000e+03
8.817800000000000000e+04
4.968000000000000000e+03
1.011200000000000000e+04
4.851000000000000000e+03
4.610000000000000000e+03
4.333000000000000000e+03
4.147000000000000000e+03
4.116000000000000000e+03
4.098000000000000000e+03
3.887000000000000000e+03
3.622000000000000000e+03
3.563000000000000000e+03
3.370000000000000000e+03
3.325000000000000000e+03
3.322000000000000000e+03
3.267000000000000000e+03
3.268000000000000000e+03
3.269000000000000000e+03
3.290000000000000000e+03
3.340000000000000000e+03
3.540000000000000000e+03
3.372000000000000000e+03
3.463000000000000000e+03
3.457000000000000000e+03
3.629000000000000000e+03
3.573000000000000000e+03
3.492000000000000000e+03
3.744000000000000000e+03
3.630000000000000000e+03
3.829000000000000000e+03
3.919000000000000000e+03
3.976000000000000000e+03
4.081000000000000000e+03
4.037000000000000000e+03
4.100000000000000000e+03
4.518000000000000000e+03
4.443000000000000000e+03
4.515000000000000000e+03
4.407000000000000000e+03
4.369000000000000000e+03
4.498000000000000000e+03
4.251000000000000000e+03
4.353000000000000000e+03
4.344000000000000000e+03
4.197000000000000000e+03
4.306000000000000000e+03
4.265000000000000000e+03
4.336000000000000000e+03
4.645000000000000000e+03
4.689000000000000000e+03
4.968000000000000000e+03
4.980000000000000000e+03
4.980000000000000000e+03
4.664000000000000000e+03
4.648000000000000000e+03
4.643000000000000000e+03
4.628000000000000000e+03
4.647000000000000000e+03
4.577000000000000000e+03
4.416000000000000000e+03
4.415000000000000000e+03
4.273000000000000000e+03
4.272000000000000000e+03
3.985000000000000000e+03
4.155000000000000000e+03
4.122000000000000000e+03
4.046000000000000000e+03
4.211000000000000000e+03
4.147000000000000000e+03
3.985000000000000000e+03
4.223000000000000000e+03
4.280000000000000000e+03
4.457000000000000000e+03
4.493000000000000000e+03
4.252000000000000000e+03
4.272000000000000000e+03
4.470000000000000000e+03
4.308000000000000000e+03
4.347000000000000000e+03
4.215000000000000000e+03
4.251000000000000000e+03
4.391000000000000000e+03
4.363000000000000000e+03
4.338000000000000000e+03
4.397000000000000000e+03
4.409000000000000000e+03
4.746000000000000000e+03
4.441000000000000000e+03
4.269000000000000000e+03
4.208000000000000000e+03
4.263000000000000000e+03
4.292000000000000000e+03
4.101000000000000000e+03
3.963000000000000000e+03
4.448000000000000000e+03
4.369000000000000000e+03
4.401000000000000000e+03
4.529000000000000000e+03
4.509000000000000000e+03
4.766000000000000000e+03
4.585000000000000000e+03
4.666000000000000000e+03
4.737000000000000000e+03
4.814000000000000000e+03
4.850000000000000000e+03
4.989000000000000000e+03
4.929000000000000000e+03
5.323000000000000000e+03
5.557000000000000000e+03
5.450000000000000000e+03
5.522000000000000000e+03
5.807000000000000000e+03
5.832000000000000000e+03
6.128000000000000000e+03
5.950000000000000000e+03
6.231000000000000000e+03
6.558000000000000000e+03
6.635000000000000000e+03
6.983000000000000000e+03
6.777000000000000000e+03
7.194000000000000000e+03
7.421000000000000000e+03
8.228000000000000000e+03
8.599000000000000000e+03
8.129000000000000000e+03
7.989000000000000000e+03
8.075000000000000000e+03
7.999000000000000000e+03
8.172000000000000000e+03
8.320000000000000000e+03
8.059000000000000000e+03
8.332000000000000000e+03
7.518000000000000000e+03
6.873000000000000000e+03
6.585000000000000000e+03
5.778000000000000000e+03
5.399000000000000000e+03
5.185000000000000000e+03
4.718000000000000000e+03
4.440000000000000000e+03
4.213000000000000000e+03
4.134000000000000000e+03
4.064000000000000000e+03
3.742000000000000000e+03
3.770000000000000000e+03
3.765000000000000000e+03
3.777000000000000000e+03
3.706000000000000000e+03
3.712000000000000000e+03
3.445000000000000000e+03
3.250000000000000000e+03
3.299000000000000000e+03
3.232000000000000000e+03
2.846000000000000000e+03
2.951000000000000000e+03
2.769000000000000000e+03
2.597000000000000000e+03
2.565000000000000000e+03
2.349000000000000000e+03
2.281000000000000000e+03
2.249000000000000000e+03
2.181000000000000000e+03
2.108000000000000000e+03
2.055000000000000000e+03
2.054000000000000000e+03
2.039000000000000000e+03
1.960000000000000000e+03
1.914000000000000000e+03
1.749000000000000000e+03
1.758000000000000000e+03
1.706000000000000000e+03
1.698000000000000000e+03
1.805000000000000000e+03
1.794000000000000000e+03
1.753000000000000000e+03
1.924000000000000000e+03
1.804000000000000000e+03
1.920000000000000000e+03
1.768000000000000000e+03
1.842000000000000000e+03
1.936000000000000000e+03
1.859000000000000000e+03
1.808000000000000000e+03
1.815000000000000000e+03
1.709000000000000000e+03
1.757000000000000000e+03
1.748000000000000000e+03
1.931000000000000000e+03
1.963000000000000000e+03
2.098000000000000000e+03
2.214000000000000000e+03
2.561000000000000000e+03
2.603000000000000000e+03
3.102000000000000000e+03
3.131000000000000000e+03
3.790000000000000000e+03
4.251000000000000000e+03
4.785000000000000000e+03
5.618000000000000000e+03
5.117000000000000000e+03
5.464000000000000000e+03
6.247000000000000000e+03
7.678000000000000000e+03
7.087000000000000000e+03
1.000600000000000000e+04
2.056000000000000000e+04
