3.738000000000000000e+03
1.194000000000000000e+03
1.215000000000000000e+03
9.400000000000000000e+02
7.720000000000000000e+02
7.540000000000000000e+02
6.690000000000000000e+02
6.680000000000000000e+02
6.070000000000000000e+02
6.190000000000000000e+02
6.710000000000000000e+02
6.400000000000000000e+02
6.690000000000000000e+02
6.550000000000000000e+02
6.670000000000000000e+02
6.350000000000000000e+02
5.880000000000000000e+02
6.230000000000000000e+02
6.750000000000000000e+02
7.230000000000000000e+02
6.620000000000000000e+02
6.820000000000000000e+02
7.000000000000000000e+02
6.560000000000000000e+02
6.780000000000000000e+02
7.470000000000000000e+02
7.260000000000000000e+02
7.170000000000000000e+02
7.810000000000000000e+02
8.640000000000000000e+02
8.330000000000000000e+02
8.800000000000000000e+02
9.100000000000000000e+02
9.280000000000000000e+02
9.850000000000000000e+02
9.450000000000000000e+02
9.890000000000000000e+02
1.001000000000000000e+03
9.930000000000000000e+02
9.300000000000000000e+02
9.440000000000000000e+02
9.830000000000000000e+02
1.029000000000000000e+03
1.002000000000000000e+03
9.700000000000000000e+02
9.620000000000000000e+02
9.590000000000000000e+02
8.960000000000000000e+02
9.160000000000000000e+02
9.460000000000000000e+02
8.750000000000000000e+02
8.410000000000000000e+02
7.670000000000000000e+02
7.830000000000000000e+02
7.520000000000000000e+02
7.470000000000000000e+02
6.530000000000000000e+02
7.000000000000000000e+02
6.500000000000000000e+02
6.250000000000000000e+02
6.500000000000000000e+02
6.740000000000000000e+02
7.510000000000000000e+02
9.240000000000000000e+02
1.245000000000000000e+03
1.512000000000000000e+03
1.861000000000000000e+03
2.206000000000000000e+03
2.380000000000000000e+03
2.481000000000000000e+03
2.443000000000000000e+03
2.412000000000000000e+03
2.411000000000000000e+03
2.584000000000000000e+03
2.532000000000000000e+03
2.747000000000000000e+03
2.849000000000000000e+03
3.007000000000000000e+03
2.884000000000000000e+03
2.704000000000000000e+03
2.678000000000000000e+03
2.842000000000000000e+03
2.704000000000000000e+03
2.679000000000000000e+03
2.783000000000000000e+03
2.545000000000000000e+03
2.633000000000000000e+03
2.614000000000000000e+03
2.495000000000000000e+03
2.494000000000000000e+03
2.530000000000000000e+03
2.655000000000000000e+03
2.572000000000000000e+03
2.648000000000000000e+03
2.688000000000000000e+03
2.908000000000000000e+03
3.041000000000000000e+03
2.947000000000000000e+03
2.936000000000000000e+03
3.008000000000000000e+03
2.837000000000000000e+03
2.901000000000000000e+03
2.959000000000000000e+03
3.062000000000000000e+03
2.924000000000000000e+03
2.947000000000000000e+03
2.958000000000000000e+03
2.930000000000000000e+03
2.900000000000000000e+03
2.936000000000000000e+03
3.138000000000000000e+03
3.251000000000000000e+03
3.185000000000000000e+03
3.071000000000000000e+03
3.115000000000000000e+03
3.152000000000000000e+03
2.913000000000000000e+03
2.733000000000000000e+03
2.604000000000000000e+03
2.525000000000000000e+03
2.262000000000000000e+03
2.212000000000000000e+03
2.196000000000000000e+03
2.088000000000000000e+03
1.898000000000000000e+03
1.830000000000000000e+03
1.764000000000000000e+03
1.718000000000000000e+03
1.601000000000000000e+03
1.561000000000000000e+03
1.412000000000000000e+03
1.221000000000000000e+03
1.208000000000000000e+03
1.034000000000000000e+03
9.160000000000000000e+02
8.150000000000000000e+02
7.430000000000000000e+02
6.240000000000000000e+02
5.330000000000000000e+02
5.210000000000000000e+02
5.120000000000000000e+02
4.520000000000000000e+02
4.530000000000000000e+02
4.580000000000000000e+02
4.250000000000000000e+02
4.780000000000000000e+02
5.220000000000000000e+02
4.830000000000000000e+02
5.300000000000000000e+02
5.690000000000000000e+02
5.840000000000000000e+02
5.600000000000000000e+02
5.920000000000000000e+02
5.440000000000000000e+02
5.790000000000000000e+02
6.110000000000000000e+02
6.450000000000000000e+02
7.020000000000000000e+02
7.480000000000000000e+02
7.180000000000000000e+02
7.040000000000000000e+02
6.900000000000000000e+02
6.620000000000000000e+02
6.710000000000000000e+02
6.090000000000000000e+02
6.310000000000000000e+02
5.570000000000000000e+02
5.320000000000000000e+02
4.910000000000000000e+02
5.050000000000000000e+02
4.720000000000000000e+02
4.440000000000000000e+02
3.840000000000000000e+02
3.750000000000000000e+02
3.150000000000000000e+02
3.020000000000000000e+02
2.790000000000000000e+02
2.310000000000000000e+02
1.850000000000000000e+02
1.760000000000000000e+02
1.640000000000000000e+02
1.450000000000000000e+02
1.350000000000000000e+02
1.230000000000000000e+02
1.090000000000000000e+02
8.600000000000000000e+01
5.800000000000000000e+01
5.300000000000000000e+01
4.200000000000000000e+01
4.200000000000000000e+01
2.900000000000000000e+01
3.700000000000000000e+01
3.900000000000000000e+01
3.400000000000000000e+01
1.400000000000000000e+01
3.400000000000000000e+01
2.100000000000000000e+01
3.200000000000000000e+01
2.200000000000000000e+01
3.000000000000000000e+01
3.000000000000000000e+01
2.000000000000000000e+01
2.200000000000000000e+01
1.900000000000000000e+01
1.600000000000000000e+01
1.000000000000000000e+01
2.100000000000000000e+01
1.200000000000000000e+01
9.000000000000000000e+00
1.000000000000000000e+01
1.100000000000000000e+01
1.200000000000000000e+01
9.000000000000000000e+00
7.000000000000000000e+00
3.000000000000000000e+00
3.000000000000000000e+00
3.000000000000000000e+00
5.000000000000000000e+00
3.000000000000000000e+00
3.000000000000000000e+00
2.000000000000000000e+00
4.000000000000000000e+00
3.000000000000000000e+00
0.000000000000000000e+00
1.000000000000000000e+00
0.000000000000000000e+00
2.000000000000000000e+00
0.000000000000000000e+00
3.000000000000000000e+00
1.000000000000000000e+00
0.000000000000000000e+00
0.000000000000000000e+00
1.000000000000000000e+00
0.000000000000000000e+00
1.000000000000000000e+00
0.000000000000000000e+00
0.000000000000000000e+00
0.000000000000000000e+00
0.000000000000000000e+00
0.000000000000000000e+00
0.000000000000000000e+00
0.000000000000000000e+00
0.000000000000000000e+00
0.000000000000000000e+00
0.000000000000000000e+00
0.000000000000000000e+00
0.000000000000000000e+00
0.000000000000000000e+00
0.000000000000000000e+00
0.000000000000000000e+00
0.000000000000000000e+00
0.000000000000000000e+00
0.000000000000000000e+00
0.000000000000000000e+00
0.000000000000000000e+00
1.000000000000000000e+00
1.577000000000000000e+03
1.016000000000000000e+03
9.600000000000000000e+02
8.890000000000000000e+02
8.530000000000000000e+02
7.100000000000000000e+02
6.640000000000000000e+02
6.440000000000000000e+02
6.350000000000000000e+02
5.510000000000000000e+02
5.050000000000000000e+02
5.450000000000000000e+02
5.580000000000000000e+02
5.630000000000000000e+02
5.370000000000000000e+02
5.320000000000000000e+02
4.980000000000000000e+02
5.760000000000000000e+02
6.250000000000000000e+02
6.500000000000000000e+02
6.020000000000000000e+02
5.640000000000000000e+02
5.540000000000000000e+02
5.690000000000000000e+02
6.010000000000000000e+02
6.580000000000000000e+02
6.800000000000000000e+02
7.080000000000000000e+02
7.740000000000000000e+02
8.000000000000000000e+02
8.620000000000000000e+02
8.680000000000000000e+02
8.700000000000000000e+02
8.530000000000000000e+02
7.750000000000000000e+02
7.600000000000000000e+02
8.080000000000000000e+02
7.960000000000000000e+02
8.120000000000000000e+02
8.010000000000000000e+02
8.350000000000000000e+02
8.660000000000000000e+02
7.910000000000000000e+02
8.120000000000000000e+02
8.290000000000000000e+02
9.290000000000000000e+02
8.480000000000000000e+02
9.090000000000000000e+02
8.600000000000000000e+02
8.530000000000000000e+02
8.460000000000000000e+02
8.850000000000000000e+02
9.800000000000000000e+02
9.250000000000000000e+02
8.800000000000000000e+02
8.520000000000000000e+02
8.110000000000000000e+02
7.200000000000000000e+02
7.420000000000000000e+02
7.920000000000000000e+02
6.980000000000000000e+02
7.090000000000000000e+02
7.090000000000000000e+02
7.590000000000000000e+02
7.080000000000000000e+02
6.950000000000000000e+02
6.830000000000000000e+02
6.950000000000000000e+02
6.490000000000000000e+02
6.740000000000000000e+02
6.690000000000000000e+02
6.770000000000000000e+02
6.670000000000000000e+02
6.760000000000000000e+02
7.190000000000000000e+02
7.320000000000000000e+02
7.680000000000000000e+02
8.140000000000000000e+02
8.430000000000000000e+02
9.390000000000000000e+02
9.180000000000000000e+02
9.820000000000000000e+02
9.630000000000000000e+02
9.470000000000000000e+02
9.330000000000000000e+02
9.520000000000000000e+02
1.007000000000000000e+03
9.300000000000000000e+02
1.015000000000000000e+03
9.640000000000000000e+02
1.041000000000000000e+03
1.123000000000000000e+03
1.137000000000000000e+03
1.119000000000000000e+03
1.188000000000000000e+03
1.291000000000000000e+03
1.364000000000000000e+03
1.401000000000000000e+03
1.484000000000000000e+03
1.536000000000000000e+03
1.622000000000000000e+03
1.645000000000000000e+03
1.762000000000000000e+03
1.825000000000000000e+03
1.821000000000000000e+03
1.964000000000000000e+03
1.895000000000000000e+03
2.047000000000000000e+03
2.123000000000000000e+03
2.137000000000000000e+03
2.162000000000000000e+03
2.158000000000000000e+03
2.195000000000000000e+03
2.084000000000000000e+03
2.129000000000000000e+03
2.069000000000000000e+03
2.128000000000000000e+03
1.992000000000000000e+03
2.049000000000000000e+03
2.169000000000000000e+03
2.143000000000000000e+03
2.095000000000000000e+03
2.035000000000000000e+03
2.067000000000000000e+03
2.048000000000000000e+03
2.068000000000000000e+03
2.120000000000000000e+03
2.131000000000000000e+03
2.210000000000000000e+03
2.057000000000000000e+03
1.848000000000000000e+03
1.682000000000000000e+03
1.628000000000000000e+03
1.585000000000000000e+03
1.455000000000000000e+03
1.415000000000000000e+03
1.329000000000000000e+03
1.335000000000000000e+03
1.311000000000000000e+03
1.346000000000000000e+03
1.337000000000000000e+03
1.421000000000000000e+03
1.502000000000000000e+03
1.550000000000000000e+03
1.596000000000000000e+03
1.792000000000000000e+03
1.590000000000000000e+03
1.348000000000000000e+03
1.217000000000000000e+03
1.267000000000000000e+03
1.338000000000000000e+03
1.484000000000000000e+03
1.525000000000000000e+03
1.553000000000000000e+03
1.637000000000000000e+03
1.813000000000000000e+03
1.811000000000000000e+03
1.707000000000000000e+03
1.715000000000000000e+03
1.820000000000000000e+03
1.801000000000000000e+03
1.632000000000000000e+03
1.501000000000000000e+03
1.561000000000000000e+03
1.477000000000000000e+03
1.521000000000000000e+03
1.668000000000000000e+03
1.714000000000000000e+03
1.696000000000000000e+03
1.847000000000000000e+03
1.803000000000000000e+03
1.886000000000000000e+03
2.098000000000000000e+03
2.044000000000000000e+03
2.052000000000000000e+03
2.018000000000000000e+03
1.868000000000000000e+03
1.971000000000000000e+03
2.237000000000000000e+03
2.361000000000000000e+03
2.440000000000000000e+03
1.935000000000000000e+03
1.819000000000000000e+03
1.638000000000000000e+03
1.643000000000000000e+03
1.755000000000000000e+03
1.748000000000000000e+03
1.682000000000000000e+03
1.623000000000000000e+03
1.315000000000000000e+03
1.212000000000000000e+03
1.103000000000000000e+03
1.124000000000000000e+03
1.047000000000000000e+03
9.290000000000000000e+02
7.620000000000000000e+02
7.360000000000000000e+02
5.810000000000000000e+02
6.350000000000000000e+02
5.710000000000000000e+02
4.650000000000000000e+02
3.800000000000000000e+02
3.490000000000000000e+02
3.210000000000000000e+02
2.770000000000000000e+02
2.180000000000000000e+02
2.010000000000000000e+02
1.590000000000000000e+02
1.490000000000000000e+02
1.020000000000000000e+02
1.210000000000000000e+02
9.300000000000000000e+01
7.200000000000000000e+01
6.200000000000000000e+01
4.200000000000000000e+01
5.000000000000000000e+01
4.200000000000000000e+01
3.300000000000000000e+01
1.600000000000000000e+01
2.900000000000000000e+01
2.500000000000000000e+01
2.700000000000000000e+01
2.200000000000000000e+01
2.100000000000000000e+01
2.000000000000000000e+01
2.000000000000000000e+01
2.400000000000000000e+01
1.500000000000000000e+01
1.200000000000000000e+01
1.000000000000000000e+01
1.500000000000000000e+01
2.200000000000000000e+01
1.900000000000000000e+01
2.000000000000000000e+01
1.700000000000000000e+01
1.500000000000000000e+01
8.000000000000000000e+00
4.000000000000000000e+00
4.000000000000000000e+00
4.000000000000000000e+00
4.000000000000000000e+00
3.000000000000000000e+00
3.000000000000000000e+00
1.000000000000000000e+00
1.000000000000000000e+00
1.000000000000000000e+00
1.000000000000000000e+00
1.000000000000000000e+00
3.000000000000000000e+00
5.000000000000000000e+00
4.000000000000000000e+00
3.000000000000000000e+00
2.000000000000000000e+00
3.000000000000000000e+00
2.000000000000000000e+00
1.100000000000000000e+01
1.050000000000000000e+02
7.700000000000000000e+01
4.000000000000000000e+01
1.260000000000000000e+02
1.610000000000000000e+02
1.380000000000000000e+02
2.260000000000000000e+02
2.960000000000000000e+02
3.960000000000000000e+02
4.780000000000000000e+02
6.350000000000000000e+02
6.950000000000000000e+02
6.220000000000000000e+02
6.910000000000000000e+02
6.750000000000000000e+02
7.360000000000000000e+02
6.970000000000000000e+02
6.730000000000000000e+02
7.010000000000000000e+02
6.400000000000000000e+02
6.520000000000000000e+02
6.130000000000000000e+02
5.920000000000000000e+02
6.120000000000000000e+02
5.380000000000000000e+02
5.960000000000000000e+02
6.430000000000000000e+02
6.710000000000000000e+02
7.470000000000000000e+02
6.610000000000000000e+02
6.510000000000000000e+02
7.020000000000000000e+02
7.190000000000000000e+02
7.490000000000000000e+02
7.650000000000000000e+02
7.880000000000000000e+02
8.460000000000000000e+02
7.680000000000000000e+02
7.920000000000000000e+02
7.490000000000000000e+02
7.580000000000000000e+02
7.740000000000000000e+02
7.630000000000000000e+02
8.090000000000000000e+02
7.890000000000000000e+02
8.190000000000000000e+02
8.090000000000000000e+02
8.050000000000000000e+02
8.410000000000000000e+02
9.360000000000000000e+02
9.260000000000000000e+02
8.570000000000000000e+02
9.250000000000000000e+02
9.720000000000000000e+02
9.300000000000000000e+02
8.830000000000000000e+02
9.520000000000000000e+02
9.210000000000000000e+02
1.001000000000000000e+03
9.550000000000000000e+02
1.018000000000000000e+03
9.690000000000000000e+02
1.065000000000000000e+03
9.990000000000000000e+02
1.023000000000000000e+03
1.049000000000000000e+03
1.113000000000000000e+03
1.100000000000000000e+03
1.120000000000000000e+03
1.022000000000000000e+03
9.930000000000000000e+02
1.032000000000000000e+03
9.630000000000000000e+02
9.030000000000000000e+02
8.960000000000000000e+02
8.390000000000000000e+02
9.100000000000000000e+02
8.730000000000000000e+02
8.440000000000000000e+02
8.500000000000000000e+02
8.610000000000000000e+02
8.780000000000000000e+02
9.070000000000000000e+02
9.340000000000000000e+02
9.180000000000000000e+02
9.160000000000000000e+02
9.600000000000000000e+02
1.041000000000000000e+03
1.039000000000000000e+03
1.091000000000000000e+03
1.146000000000000000e+03
1.176000000000000000e+03
1.179000000000000000e+03
1.258000000000000000e+03
1.211000000000000000e+03
1.267000000000000000e+03
1.270000000000000000e+03
1.327000000000000000e+03
1.289000000000000000e+03
1.312000000000000000e+03
1.326000000000000000e+03
1.350000000000000000e+03
1.307000000000000000e+03
1.327000000000000000e+03
1.403000000000000000e+03
1.424000000000000000e+03
1.445000000000000000e+03
1.572000000000000000e+03
1.583000000000000000e+03
1.576000000000000000e+03
1.724000000000000000e+03
1.731000000000000000e+03
1.717000000000000000e+03
1.804000000000000000e+03
1.734000000000000000e+03
1.783000000000000000e+03
1.658000000000000000e+03
1.658000000000000000e+03
1.613000000000000000e+03
1.473000000000000000e+03
1.391000000000000000e+03
1.270000000000000000e+03
1.233000000000000000e+03
1.140000000000000000e+03
1.065000000000000000e+03
1.006000000000000000e+03
9.110000000000000000e+02
9.910000000000000000e+02
9.230000000000000000e+02
8.800000000000000000e+02
9.020000000000000000e+02
8.630000000000000000e+02
8.970000000000000000e+02
8.530000000000000000e+02
8.310000000000000000e+02
7.750000000000000000e+02
7.530000000000000000e+02
6.920000000000000000e+02
6.500000000000000000e+02
6.570000000000000000e+02
6.270000000000000000e+02
5.680000000000000000e+02
5.970000000000000000e+02
5.710000000000000000e+02
5.060000000000000000e+02
4.730000000000000000e+02
5.050000000000000000e+02
5.440000000000000000e+02
4.610000000000000000e+02
4.930000000000000000e+02
4.910000000000000000e+02
5.090000000000000000e+02
4.940000000000000000e+02
5.820000000000000000e+02
6.070000000000000000e+02
5.910000000000000000e+02
6.200000000000000000e+02
5.480000000000000000e+02
5.540000000000000000e+02
6.060000000000000000e+02
5.780000000000000000e+02
6.150000000000000000e+02
5.330000000000000000e+02
5.340000000000000000e+02
5.650000000000000000e+02
5.720000000000000000e+02
5.460000000000000000e+02
6.060000000000000000e+02
5.450000000000000000e+02
5.620000000000000000e+02
5.320000000000000000e+02
5.330000000000000000e+02
5.750000000000000000e+02
5.200000000000000000e+02
5.240000000000000000e+02
4.510000000000000000e+02
5.160000000000000000e+02
5.350000000000000000e+02
6.290000000000000000e+02
5.870000000000000000e+02
5.860000000000000000e+02
6.110000000000000000e+02
5.950000000000000000e+02
6.400000000000000000e+02
5.530000000000000000e+02
5.970000000000000000e+02
5.600000000000000000e+02
6.350000000000000000e+02
5.570000000000000000e+02
6.070000000000000000e+02
6.370000000000000000e+02
6.310000000000000000e+02
7.020000000000000000e+02
7.510000000000000000e+02
8.160000000000000000e+02
7.860000000000000000e+02
7.850000000000000000e+02
8.160000000000000000e+02
8.390000000000000000e+02
7.200000000000000000e+02
7.630000000000000000e+02
8.440000000000000000e+02
8.380000000000000000e+02
8.600000000000000000e+02
9.740000000000000000e+02
8.740000000000000000e+02
7.980000000000000000e+02
8.960000000000000000e+02
9.690000000000000000e+02
9.940000000000000000e+02
1.102000000000000000e+03
1.070000000000000000e+03
1.010000000000000000e+03
1.011000000000000000e+03
1.081000000000000000e+03
1.189000000000000000e+03
1.260000000000000000e+03
1.412000000000000000e+03
1.355000000000000000e+03
1.315000000000000000e+03
1.360000000000000000e+03
1.403000000000000000e+03
1.386000000000000000e+03
1.517000000000000000e+03
1.447000000000000000e+03
1.521000000000000000e+03
1.588000000000000000e+03
1.567000000000000000e+03
1.482000000000000000e+03
1.383000000000000000e+03
1.340000000000000000e+03
1.363000000000000000e+03
1.417000000000000000e+03
1.325000000000000000e+03
1.270000000000000000e+03
1.270000000000000000e+03
1.328000000000000000e+03
1.451000000000000000e+03
1.343000000000000000e+03
1.315000000000000000e+03
1.355000000000000000e+03
1.454000000000000000e+03
1.520000000000000000e+03
1.339000000000000000e+03
1.493000000000000000e+03
1.499000000000000000e+03
1.549000000000000000e+03
1.610000000000000000e+03
1.482000000000000000e+03
1.583000000000000000e+03
1.923000000000000000e+03
2.038000000000000000e+03
2.981000000000000000e+03
4.570000000000000000e+03
5.222000000000000000e+03
8.783000000000000000e+03
