1.684700000000000000e+04
9.962000000000000000e+03
8.420000000000000000e+03
6.036000000000000000e+03
5.059000000000000000e+03
4.905000000000000000e+03
5.127000000000000000e+03
6.476000000000000000e+03
6.961000000000000000e+03
8.187000000000000000e+03
9.670000000000000000e+03
1.135300000000000000e+04
1.303600000000000000e+04
1.341000000000000000e+04
1.358900000000000000e+04
1.245300000000000000e+04
1.099300000000000000e+04
1.042900000000000000e+04
9.863000000000000000e+03
9.548000000000000000e+03
9.729000000000000000e+03
9.952000000000000000e+03
1.028000000000000000e+04
1.042300000000000000e+04
1.087600000000000000e+04
1.116500000000000000e+04
1.138000000000000000e+04
1.193500000000000000e+04
1.238300000000000000e+04
1.293300000000000000e+04
1.319600000000000000e+04
1.323100000000000000e+04
1.330100000000000000e+04
1.358400000000000000e+04
1.391000000000000000e+04
1.422500000000000000e+04
1.475800000000000000e+04
1.449200000000000000e+04
1.478600000000000000e+04
1.491700000000000000e+04
1.484800000000000000e+04
1.484500000000000000e+04
1.472800000000000000e+04
1.469400000000000000e+04
1.443800000000000000e+04
1.398500000000000000e+04
1.368300000000000000e+04
1.337400000000000000e+04
1.321200000000000000e+04
1.306500000000000000e+04
1.265100000000000000e+04
1.239600000000000000e+04
1.225700000000000000e+04
1.193300000000000000e+04
1.173300000000000000e+04
1.159700000000000000e+04
1.136100000000000000e+04
1.097600000000000000e+04
1.091900000000000000e+04
1.086700000000000000e+04
1.055700000000000000e+04
1.077000000000000000e+04
1.087700000000000000e+04
1.066500000000000000e+04
1.064600000000000000e+04
1.042400000000000000e+04
1.034000000000000000e+04
1.020900000000000000e+04
1.025000000000000000e+04
1.013600000000000000e+04
1.027800000000000000e+04
1.001500000000000000e+04
1.025100000000000000e+04
9.968000000000000000e+03
1.025400000000000000e+04
1.022900000000000000e+04
1.019500000000000000e+04
1.047000000000000000e+04
1.056100000000000000e+04
1.079900000000000000e+04
1.060400000000000000e+04
1.107400000000000000e+04
1.114100000000000000e+04
1.088800000000000000e+04
1.097500000000000000e+04
1.088200000000000000e+04
1.052700000000000000e+04
1.036800000000000000e+04
9.990000000000000000e+03
9.833000000000000000e+03
9.756000000000000000e+03
9.401000000000000000e+03
9.117000000000000000e+03
8.928000000000000000e+03
8.501000000000000000e+03
8.390000000000000000e+03
8.199000000000000000e+03
7.786000000000000000e+03
7.281000000000000000e+03
6.979000000000000000e+03
6.755000000000000000e+03
6.267000000000000000e+03
6.118000000000000000e+03
5.957000000000000000e+03
5.522000000000000000e+03
5.266000000000000000e+03
5.028000000000000000e+03
4.824000000000000000e+03
4.782000000000000000e+03
4.459000000000000000e+03
4.283000000000000000e+03
4.246000000000000000e+03
4.254000000000000000e+03
4.311000000000000000e+03
4.453000000000000000e+03
4.887000000000000000e+03
4.678000000000000000e+03
4.402000000000000000e+03
4.249000000000000000e+03
4.185000000000000000e+03
4.103000000000000000e+03
3.968000000000000000e+03
3.849000000000000000e+03
3.708000000000000000e+03
3.601000000000000000e+03
3.731000000000000000e+03
3.510000000000000000e+03
3.334000000000000000e+03
3.388000000000000000e+03
3.304000000000000000e+03
3.273000000000000000e+03
3.125000000000000000e+03
3.130000000000000000e+03
3.092000000000000000e+03
3.033000000000000000e+03
2.862000000000000000e+03
2.958000000000000000e+03
3.009000000000000000e+03
3.020000000000000000e+03
2.926000000000000000e+03
3.045000000000000000e+03
3.046000000000000000e+03
3.159000000000000000e+03
3.134000000000000000e+03
3.096000000000000000e+03
3.309000000000000000e+03
3.579000000000000000e+03
3.694000000000000000e+03
3.833000000000000000e+03
4.075000000000000000e+03
4.271000000000000000e+03
4.436000000000000000e+03
4.692000000000000000e+03
4.734000000000000000e+03
4.612000000000000000e+03
4.712000000000000000e+03
4.634000000000000000e+03
4.513000000000000000e+03
4.286000000000000000e+03
4.053000000000000000e+03
3.741000000000000000e+03
3.466000000000000000e+03
3.321000000000000000e+03
3.203000000000000000e+03
3.196000000000000000e+03
3.172000000000000000e+03
3.028000000000000000e+03
2.996000000000000000e+03
3.088000000000000000e+03
3.146000000000000000e+03
3.087000000000000000e+03
3.168000000000000000e+03
3.089000000000000000e+03
3.172000000000000000e+03
3.095000000000000000e+03
3.025000000000000000e+03
2.882000000000000000e+03
2.767000000000000000e+03
2.716000000000000000e+03
2.548000000000000000e+03
2.522000000000000000e+03
2.428000000000000000e+03
2.269000000000000000e+03
2.225000000000000000e+03
2.238000000000000000e+03
2.251000000000000000e+03
2.248000000000000000e+03
2.139000000000000000e+03
2.120000000000000000e+03
2.057000000000000000e+03
2.257000000000000000e+03
2.094000000000000000e+03
2.098000000000000000e+03
2.003000000000000000e+03
2.066000000000000000e+03
2.076000000000000000e+03
2.029000000000000000e+03
2.048000000000000000e+03
2.026000000000000000e+03
2.000000000000000000e+03
2.040000000000000000e+03
1.945000000000000000e+03
1.837000000000000000e+03
1.823000000000000000e+03
1.738000000000000000e+03
1.746000000000000000e+03
1.637000000000000000e+03
1.692000000000000000e+03
1.570000000000000000e+03
1.449000000000000000e+03
1.420000000000000000e+03
1.362000000000000000e+03
1.303000000000000000e+03
1.238000000000000000e+03
1.159000000000000000e+03
1.094000000000000000e+03
1.020000000000000000e+03
9.650000000000000000e+02
8.320000000000000000e+02
7.590000000000000000e+02
7.430000000000000000e+02
6.770000000000000000e+02
6.150000000000000000e+02
5.710000000000000000e+02
4.820000000000000000e+02
4.590000000000000000e+02
4.230000000000000000e+02
3.560000000000000000e+02
3.690000000000000000e+02
3.280000000000000000e+02
2.990000000000000000e+02
2.790000000000000000e+02
2.790000000000000000e+02
2.740000000000000000e+02
2.840000000000000000e+02
2.760000000000000000e+02
2.720000000000000000e+02
2.450000000000000000e+02
2.510000000000000000e+02
2.370000000000000000e+02
2.620000000000000000e+02
2.440000000000000000e+02
2.570000000000000000e+02
2.750000000000000000e+02
2.870000000000000000e+02
2.920000000000000000e+02
3.630000000000000000e+02
3.780000000000000000e+02
3.590000000000000000e+02
3.720000000000000000e+02
4.100000000000000000e+02
3.570000000000000000e+02
3.970000000000000000e+02
6.030000000000000000e+02
7.810000000000000000e+02
8.296000000000000000e+03
2.939400000000000000e+04
1.059800000000000000e+04
6.524000000000000000e+03
4.705000000000000000e+03
3.900000000000000000e+03
3.810000000000000000e+03
3.919000000000000000e+03
4.416000000000000000e+03
3.994000000000000000e+03
3.135000000000000000e+03
2.729000000000000000e+03
2.763000000000000000e+03
3.252000000000000000e+03
3.908000000000000000e+03
4.284000000000000000e+03
5.134000000000000000e+03
6.001000000000000000e+03
6.953000000000000000e+03
7.266000000000000000e+03
7.509000000000000000e+03
7.847000000000000000e+03
7.845000000000000000e+03
8.377000000000000000e+03
8.653000000000000000e+03
8.836000000000000000e+03
9.229000000000000000e+03
9.362000000000000000e+03
9.561000000000000000e+03
9.958000000000000000e+03
1.029400000000000000e+04
1.041300000000000000e+04
1.055600000000000000e+04
1.069500000000000000e+04
1.089300000000000000e+04
1.095000000000000000e+04
1.142200000000000000e+04
1.165000000000000000e+04
1.172100000000000000e+04
1.157100000000000000e+04
1.149500000000000000e+04
1.169600000000000000e+04
1.177100000000000000e+04
1.213100000000000000e+04
1.175200000000000000e+04
1.214900000000000000e+04
1.201300000000000000e+04
1.205700000000000000e+04
1.194700000000000000e+04
1.205300000000000000e+04
1.220100000000000000e+04
1.203300000000000000e+04
1.158400000000000000e+04
1.165800000000000000e+04
1.159800000000000000e+04
1.131300000000000000e+04
1.121300000000000000e+04
1.093900000000000000e+04
1.064700000000000000e+04
1.057200000000000000e+04
1.048500000000000000e+04
1.028600000000000000e+04
1.002300000000000000e+04
9.625000000000000000e+03
9.490000000000000000e+03
9.166000000000000000e+03
9.152000000000000000e+03
8.849000000000000000e+03
8.977000000000000000e+03
8.642000000000000000e+03
8.618000000000000000e+03
8.298000000000000000e+03
8.077000000000000000e+03
8.169000000000000000e+03
7.992000000000000000e+03
7.809000000000000000e+03
7.839000000000000000e+03
8.171000000000000000e+03
8.220000000000000000e+03
8.115000000000000000e+03
7.924000000000000000e+03
7.598000000000000000e+03
7.726000000000000000e+03
7.647000000000000000e+03
7.272000000000000000e+03
7.420000000000000000e+03
7.284000000000000000e+03
7.268000000000000000e+03
7.136000000000000000e+03
7.164000000000000000e+03
7.175000000000000000e+03
7.302000000000000000e+03
7.169000000000000000e+03
7.092000000000000000e+03
6.979000000000000000e+03
7.019000000000000000e+03
6.791000000000000000e+03
6.943000000000000000e+03
6.635000000000000000e+03
6.779000000000000000e+03
6.628000000000000000e+03
6.669000000000000000e+03
6.662000000000000000e+03
6.516000000000000000e+03
6.745000000000000000e+03
6.734000000000000000e+03
6.718000000000000000e+03
6.550000000000000000e+03
6.527000000000000000e+03
6.669000000000000000e+03
6.529000000000000000e+03
6.558000000000000000e+03
6.566000000000000000e+03
6.548000000000000000e+03
6.544000000000000000e+03
6.498000000000000000e+03
6.633000000000000000e+03
6.699000000000000000e+03
6.565000000000000000e+03
6.513000000000000000e+03
6.502000000000000000e+03
6.665000000000000000e+03
6.692000000000000000e+03
6.598000000000000000e+03
6.701000000000000000e+03
6.824000000000000000e+03
6.765000000000000000e+03
6.724000000000000000e+03
6.736000000000000000e+03
6.775000000000000000e+03
6.736000000000000000e+03
6.712000000000000000e+03
6.800000000000000000e+03
6.673000000000000000e+03
6.587000000000000000e+03
6.680000000000000000e+03
6.671000000000000000e+03
6.726000000000000000e+03
6.910000000000000000e+03
6.725000000000000000e+03
6.794000000000000000e+03
6.691000000000000000e+03
6.754000000000000000e+03
6.781000000000000000e+03
6.453000000000000000e+03
6.534000000000000000e+03
6.535000000000000000e+03
6.224000000000000000e+03
6.011000000000000000e+03
6.046000000000000000e+03
5.944000000000000000e+03
5.771000000000000000e+03
5.569000000000000000e+03
5.407000000000000000e+03
5.268000000000000000e+03
5.162000000000000000e+03
5.108000000000000000e+03
5.074000000000000000e+03
4.944000000000000000e+03
4.700000000000000000e+03
4.633000000000000000e+03
4.446000000000000000e+03
4.456000000000000000e+03
4.144000000000000000e+03
4.068000000000000000e+03
3.937000000000000000e+03
3.748000000000000000e+03
3.694000000000000000e+03
3.707000000000000000e+03
3.703000000000000000e+03
3.593000000000000000e+03
3.508000000000000000e+03
3.415000000000000000e+03
3.450000000000000000e+03
3.443000000000000000e+03
3.428000000000000000e+03
3.440000000000000000e+03
3.337000000000000000e+03
3.300000000000000000e+03
3.454000000000000000e+03
3.377000000000000000e+03
3.396000000000000000e+03
3.328000000000000000e+03
3.573000000000000000e+03
3.662000000000000000e+03
3.755000000000000000e+03
3.877000000000000000e+03
3.929000000000000000e+03
4.108000000000000000e+03
4.384000000000000000e+03
4.497000000000000000e+03
4.822000000000000000e+03
4.924000000000000000e+03
4.899000000000000000e+03
4.866000000000000000e+03
4.717000000000000000e+03
4.389000000000000000e+03
3.992000000000000000e+03
3.577000000000000000e+03
3.250000000000000000e+03
2.993000000000000000e+03
2.964000000000000000e+03
2.765000000000000000e+03
2.703000000000000000e+03
2.722000000000000000e+03
2.655000000000000000e+03
2.722000000000000000e+03
2.690000000000000000e+03
2.685000000000000000e+03
2.755000000000000000e+03
2.695000000000000000e+03
2.667000000000000000e+03
2.685000000000000000e+03
2.596000000000000000e+03
2.594000000000000000e+03
2.523000000000000000e+03
2.504000000000000000e+03
2.496000000000000000e+03
2.462000000000000000e+03
2.356000000000000000e+03
2.279000000000000000e+03
2.285000000000000000e+03
2.199000000000000000e+03
2.141000000000000000e+03
2.195000000000000000e+03
2.036000000000000000e+03
1.958000000000000000e+03
1.936000000000000000e+03
1.785000000000000000e+03
1.810000000000000000e+03
2.011000000000000000e+03
1.914000000000000000e+03
4.125000000000000000e+03
3.394000000000000000e+03
1.283000000000000000e+03
9.260000000000000000e+02
6.600000000000000000e+02
5.470000000000000000e+02
4.890000000000000000e+02
3.640000000000000000e+02
2.610000000000000000e+02
2.370000000000000000e+02
1.920000000000000000e+02
1.590000000000000000e+02
1.220000000000000000e+02
1.270000000000000000e+02
1.160000000000000000e+02
1.130000000000000000e+02
1.150000000000000000e+02
1.540000000000000000e+02
1.940000000000000000e+02
2.000000000000000000e+02
2.600000000000000000e+02
2.110000000000000000e+02
1.690000000000000000e+02
1.810000000000000000e+02
1.760000000000000000e+02
9.980000000000000000e+02
9.070000000000000000e+02
3.640000000000000000e+02
5.860000000000000000e+02
5.960000000000000000e+02
5.550000000000000000e+02
1.023000000000000000e+03
2.011000000000000000e+03
1.834000000000000000e+03
1.107000000000000000e+03
1.003000000000000000e+03
1.034000000000000000e+03
1.525000000000000000e+03
2.099000000000000000e+03
2.545000000000000000e+03
3.221000000000000000e+03
3.992000000000000000e+03
4.371000000000000000e+03
4.909000000000000000e+03
5.439000000000000000e+03
5.292000000000000000e+03
5.218000000000000000e+03
6.082000000000000000e+03
6.709000000000000000e+03
7.346000000000000000e+03
7.670000000000000000e+03
7.888000000000000000e+03
8.081000000000000000e+03
8.233000000000000000e+03
8.653000000000000000e+03
8.616000000000000000e+03
8.730000000000000000e+03
9.249000000000000000e+03
9.745000000000000000e+03
1.010600000000000000e+04
9.783000000000000000e+03
9.982000000000000000e+03
1.003500000000000000e+04
1.002100000000000000e+04
9.895000000000000000e+03
9.800000000000000000e+03
1.007100000000000000e+04
9.930000000000000000e+03
9.776000000000000000e+03
1.009800000000000000e+04
1.028100000000000000e+04
1.019500000000000000e+04
1.016700000000000000e+04
1.014500000000000000e+04
1.021000000000000000e+04
1.005600000000000000e+04
9.975000000000000000e+03
9.852000000000000000e+03
9.818000000000000000e+03
9.979000000000000000e+03
9.793000000000000000e+03
9.731000000000000000e+03
9.512000000000000000e+03
9.492000000000000000e+03
9.432000000000000000e+03
9.392000000000000000e+03
9.217000000000000000e+03
9.062000000000000000e+03
8.830000000000000000e+03
8.685000000000000000e+03
8.722000000000000000e+03
8.652000000000000000e+03
8.658000000000000000e+03
8.398000000000000000e+03
8.401000000000000000e+03
8.101000000000000000e+03
8.184000000000000000e+03
7.947000000000000000e+03
7.720000000000000000e+03
7.714000000000000000e+03
7.487000000000000000e+03
7.284000000000000000e+03
7.590000000000000000e+03
7.556000000000000000e+03
7.308000000000000000e+03
7.274000000000000000e+03
7.170000000000000000e+03
6.991000000000000000e+03
7.125000000000000000e+03
7.133000000000000000e+03
7.092000000000000000e+03
6.909000000000000000e+03
7.038000000000000000e+03
7.126000000000000000e+03
6.911000000000000000e+03
6.879000000000000000e+03
6.973000000000000000e+03
7.149000000000000000e+03
7.010000000000000000e+03
6.864000000000000000e+03
6.945000000000000000e+03
7.097000000000000000e+03
7.007000000000000000e+03
7.002000000000000000e+03
7.060000000000000000e+03
7.151000000000000000e+03
7.068000000000000000e+03
7.129000000000000000e+03
7.030000000000000000e+03
7.046000000000000000e+03
7.063000000000000000e+03
7.001000000000000000e+03
7.119000000000000000e+03
7.141000000000000000e+03
7.183000000000000000e+03
7.093000000000000000e+03
7.074000000000000000e+03
6.928000000000000000e+03
6.952000000000000000e+03
7.236000000000000000e+03
7.250000000000000000e+03
7.129000000000000000e+03
7.201000000000000000e+03
7.224000000000000000e+03
7.410000000000000000e+03
7.669000000000000000e+03
7.449000000000000000e+03
7.587000000000000000e+03
7.834000000000000000e+03
8.203000000000000000e+03
8.145000000000000000e+03
8.103000000000000000e+03
7.386000000000000000e+03
7.470000000000000000e+03
7.546000000000000000e+03
7.389000000000000000e+03
6.837000000000000000e+03
7.357000000000000000e+03
6.994000000000000000e+03
7.001000000000000000e+03
6.867000000000000000e+03
6.585000000000000000e+03
6.362000000000000000e+03
6.548000000000000000e+03
6.501000000000000000e+03
6.489000000000000000e+03
6.307000000000000000e+03
6.576000000000000000e+03
6.413000000000000000e+03
6.755000000000000000e+03
6.355000000000000000e+03
6.034000000000000000e+03
5.873000000000000000e+03
5.719000000000000000e+03
5.569000000000000000e+03
5.434000000000000000e+03
5.031000000000000000e+03
4.900000000000000000e+03
4.760000000000000000e+03
4.443000000000000000e+03
4.283000000000000000e+03
4.193000000000000000e+03
4.106000000000000000e+03
3.887000000000000000e+03
3.889000000000000000e+03
3.906000000000000000e+03
3.643000000000000000e+03
3.732000000000000000e+03
3.715000000000000000e+03
3.807000000000000000e+03
3.592000000000000000e+03
3.502000000000000000e+03
3.454000000000000000e+03
3.423000000000000000e+03
3.412000000000000000e+03
3.305000000000000000e+03
3.376000000000000000e+03
3.745000000000000000e+03
3.551000000000000000e+03
3.718000000000000000e+03
3.518000000000000000e+03
3.529000000000000000e+03
3.426000000000000000e+03
3.716000000000000000e+03
3.659000000000000000e+03
3.783000000000000000e+03
3.577000000000000000e+03
3.774000000000000000e+03
3.830000000000000000e+03
4.045000000000000000e+03
4.054000000000000000e+03
4.068000000000000000e+03
4.065000000000000000e+03
4.264000000000000000e+03
4.229000000000000000e+03
4.286000000000000000e+03
4.422000000000000000e+03
4.527000000000000000e+03
4.735000000000000000e+03
4.956000000000000000e+03
5.172000000000000000e+03
5.061000000000000000e+03
5.172000000000000000e+03
5.383000000000000000e+03
5.453000000000000000e+03
5.436000000000000000e+03
5.533000000000000000e+03
5.637000000000000000e+03
5.747000000000000000e+03
5.493000000000000000e+03
5.232000000000000000e+03
5.096000000000000000e+03
5.008000000000000000e+03
4.883000000000000000e+03
4.761000000000000000e+03
4.867000000000000000e+03
4.730000000000000000e+03
4.844000000000000000e+03
7.146000000000000000e+03
6.503000000000000000e+03
4.783000000000000000e+03
4.284000000000000000e+03
4.327000000000000000e+03
4.121000000000000000e+03
3.912000000000000000e+03
3.752000000000000000e+03
3.740000000000000000e+03
3.685000000000000000e+03
3.541000000000000000e+03
3.582000000000000000e+03
3.498000000000000000e+03
3.418000000000000000e+03
3.384000000000000000e+03
3.326000000000000000e+03
3.302000000000000000e+03
3.084000000000000000e+03
3.120000000000000000e+03
3.097000000000000000e+03
3.212000000000000000e+03
3.116000000000000000e+03
2.991000000000000000e+03
2.982000000000000000e+03
3.054000000000000000e+03
2.974000000000000000e+03
2.854000000000000000e+03
2.730000000000000000e+03
2.706000000000000000e+03
2.766000000000000000e+03
2.772000000000000000e+03
2.735000000000000000e+03
2.878000000000000000e+03
2.871000000000000000e+03
3.013000000000000000e+03
3.077000000000000000e+03
3.124000000000000000e+03
3.371000000000000000e+03
3.333000000000000000e+03
3.581000000000000000e+03
4.534000000000000000e+03
6.298000000000000000e+03
1.486500000000000000e+04
