1.332000000000000000e+04
1.080300000000000000e+04
7.277000000000000000e+03
6.086000000000000000e+03
5.531000000000000000e+03
5.469000000000000000e+03
5.296000000000000000e+03
6.553000000000000000e+03
7.335000000000000000e+03
7.481000000000000000e+03
8.209000000000000000e+03
5.812000000000000000e+03
1.021600000000000000e+04
8.508000000000000000e+03
1.067600000000000000e+04
1.189500000000000000e+04
1.243100000000000000e+04
1.568700000000000000e+04
1.236200000000000000e+04
1.333500000000000000e+04
1.421800000000000000e+04
1.348200000000000000e+04
1.086700000000000000e+04
1.136400000000000000e+04
1.141300000000000000e+04
1.240300000000000000e+04
1.271600000000000000e+04
1.437800000000000000e+04
1.726800000000000000e+04
1.905200000000000000e+04
1.794000000000000000e+04
1.653900000000000000e+04
1.474200000000000000e+04
1.330000000000000000e+04
1.140000000000000000e+04
1.018600000000000000e+04
8.457000000000000000e+03
7.450000000000000000e+03
6.626000000000000000e+03
5.769000000000000000e+03
5.128000000000000000e+03
4.776000000000000000e+03
4.409000000000000000e+03
4.152000000000000000e+03
3.935000000000000000e+03
3.685000000000000000e+03
3.256000000000000000e+03
2.907000000000000000e+03
2.559000000000000000e+03
2.464000000000000000e+03
2.207000000000000000e+03
2.146000000000000000e+03
2.102000000000000000e+03
1.833000000000000000e+03
1.892000000000000000e+03
1.786000000000000000e+03
1.856000000000000000e+03
1.763000000000000000e+03
1.765000000000000000e+03
1.758000000000000000e+03
1.864000000000000000e+03
1.999000000000000000e+03
2.072000000000000000e+03
2.243000000000000000e+03
2.323000000000000000e+03
2.481000000000000000e+03
2.369000000000000000e+03
3.348000000000000000e+03
2.508000000000000000e+03
3.224000000000000000e+03
2.464000000000000000e+03
6.306000000000000000e+03
8.460100000000000000e+04
2.825000000000000000e+03
7.765000000000000000e+03
2.789000000000000000e+03
4.830000000000000000e+03
2.933000000000000000e+03
3.088000000000000000e+03
2.729000000000000000e+03
2.641000000000000000e+03
2.524000000000000000e+03
2.695000000000000000e+03
2.544000000000000000e+03
2.525000000000000000e+03
2.490000000000000000e+03
2.612000000000000000e+03
2.683000000000000000e+03
2.731000000000000000e+03
2.621000000000000000e+03
2.595000000000000000e+03
2.408000000000000000e+03
2.471000000000000000e+03
2.457000000000000000e+03
2.570000000000000000e+03
2.858000000000000000e+03
2.892000000000000000e+03
3.382000000000000000e+03
3.044000000000000000e+03
3.225000000000000000e+03
3.069000000000000000e+03
3.154000000000000000e+03
2.911000000000000000e+03
2.744000000000000000e+03
2.815000000000000000e+03
2.578000000000000000e+03
2.685000000000000000e+03
2.800000000000000000e+03
2.985000000000000000e+03
2.695000000000000000e+03
2.559000000000000000e+03
2.479000000000000000e+03
2.509000000000000000e+03
2.232000000000000000e+03
2.094000000000000000e+03
2.192000000000000000e+03
2.216000000000000000e+03
2.169000000000000000e+03
2.264000000000000000e+03
2.184000000000000000e+03
2.449000000000000000e+03
2.188000000000000000e+03
2.195000000000000000e+03
2.245000000000000000e+03
2.275000000000000000e+03
2.370000000000000000e+03
2.440000000000000000e+03
2.334000000000000000e+03
2.224000000000000000e+03
2.331000000000000000e+03
2.344000000000000000e+03
2.378000000000000000e+03
2.505000000000000000e+03
2.566000000000000000e+03
2.774000000000000000e+03
2.769000000000000000e+03
2.920000000000000000e+03
3.126000000000000000e+03
3.426000000000000000e+03
3.236000000000000000e+03
3.680000000000000000e+03
3.298000000000000000e+03
3.322000000000000000e+03
3.577000000000000000e+03
3.640000000000000000e+03
3.496000000000000000e+03
3.198000000000000000e+03
3.913000000000000000e+03
4.420000000000000000e+03
4.163000000000000000e+03
4.932000000000000000e+03
5.626000000000000000e+03
6.119000000000000000e+03
4.914000000000000000e+03
5.711000000000000000e+03
4.347000000000000000e+03
3.773000000000000000e+03
3.570000000000000000e+03
3.382000000000000000e+03
3.235000000000000000e+03
3.398000000000000000e+03
3.834000000000000000e+03
3.977000000000000000e+03
3.702000000000000000e+03
4.043000000000000000e+03
4.150000000000000000e+03
4.129000000000000000e+03
3.868000000000000000e+03
3.419000000000000000e+03
3.372000000000000000e+03
3.295000000000000000e+03
3.168000000000000000e+03
3.062000000000000000e+03
2.935000000000000000e+03
2.845000000000000000e+03
2.572000000000000000e+03
2.606000000000000000e+03
2.522000000000000000e+03
2.609000000000000000e+03
2.536000000000000000e+03
2.515000000000000000e+03
2.596000000000000000e+03
2.630000000000000000e+03
2.774000000000000000e+03
2.789000000000000000e+03
3.029000000000000000e+03
3.263000000000000000e+03
3.455000000000000000e+03
3.660000000000000000e+03
3.818000000000000000e+03
3.805000000000000000e+03
3.910000000000000000e+03
3.632000000000000000e+03
3.651000000000000000e+03
3.650000000000000000e+03
3.505000000000000000e+03
3.454000000000000000e+03
3.032000000000000000e+03
2.798000000000000000e+03
2.516000000000000000e+03
2.271000000000000000e+03
2.138000000000000000e+03
2.002000000000000000e+03
1.774000000000000000e+03
1.803000000000000000e+03
1.559000000000000000e+03
1.482000000000000000e+03
1.532000000000000000e+03
1.500000000000000000e+03
1.490000000000000000e+03
1.456000000000000000e+03
1.462000000000000000e+03
1.547000000000000000e+03
1.422000000000000000e+03
1.491000000000000000e+03
1.623000000000000000e+03
1.808000000000000000e+03
1.850000000000000000e+03
1.984000000000000000e+03
2.295000000000000000e+03
2.442000000000000000e+03
2.689000000000000000e+03
3.127000000000000000e+03
3.746000000000000000e+03
4.177000000000000000e+03
4.191000000000000000e+03
4.489000000000000000e+03
4.663000000000000000e+03
4.712000000000000000e+03
6.230000000000000000e+03
4.651000000000000000e+03
5.464000000000000000e+03
8.103000000000000000e+03
7.145000000000000000e+03
7.658000000000000000e+03
6.078000000000000000e+03
6.357000000000000000e+03
5.793000000000000000e+03
6.730000000000000000e+03
6.044000000000000000e+03
5.688000000000000000e+03
6.606000000000000000e+03
5.598000000000000000e+03
4.998000000000000000e+03
6.609000000000000000e+03
4.339000000000000000e+03
4.536000000000000000e+03
4.132000000000000000e+03
3.566000000000000000e+03
4.573000000000000000e+03
3.334000000000000000e+03
4.123000000000000000e+03
3.409000000000000000e+03
5.157000000000000000e+03
4.977000000000000000e+03
2.794800000000000000e+04
2.034800000000000000e+04
1.927700000000000000e+04
1.503300000000000000e+04
1.382400000000000000e+04
1.233100000000000000e+04
1.132600000000000000e+04
1.125400000000000000e+04
1.099500000000000000e+04
1.094900000000000000e+04
1.296300000000000000e+04
1.269200000000000000e+04
1.350400000000000000e+04
1.428900000000000000e+04
1.352800000000000000e+04
1.071300000000000000e+04
1.298100000000000000e+04
1.249800000000000000e+04
1.396000000000000000e+04
1.673000000000000000e+04
1.659400000000000000e+04
1.641000000000000000e+04
1.788500000000000000e+04
1.869400000000000000e+04
1.639300000000000000e+04
1.527800000000000000e+04
1.429100000000000000e+04
1.145600000000000000e+04
8.960000000000000000e+03
6.732000000000000000e+03
5.519000000000000000e+03
4.627000000000000000e+03
4.501000000000000000e+03
4.767000000000000000e+03
3.917000000000000000e+03
3.754000000000000000e+03
3.714000000000000000e+03
3.536000000000000000e+03
3.405000000000000000e+03
3.279000000000000000e+03
3.089000000000000000e+03
2.980000000000000000e+03
2.829000000000000000e+03
2.714000000000000000e+03
2.669000000000000000e+03
2.657000000000000000e+03
2.706000000000000000e+03
2.919000000000000000e+03
3.089000000000000000e+03
3.380000000000000000e+03
5.237000000000000000e+03
1.467700000000000000e+04
8.512700000000000000e+04
4.552000000000000000e+03
4.597000000000000000e+03
4.044000000000000000e+03
4.199000000000000000e+03
3.641000000000000000e+03
3.656000000000000000e+03
3.158000000000000000e+03
2.924000000000000000e+03
2.926000000000000000e+03
2.826000000000000000e+03
2.569000000000000000e+03
2.577000000000000000e+03
2.643000000000000000e+03
2.682000000000000000e+03
2.780000000000000000e+03
2.574000000000000000e+03
2.736000000000000000e+03
2.662000000000000000e+03
2.521000000000000000e+03
2.613000000000000000e+03
2.590000000000000000e+03
2.653000000000000000e+03
2.766000000000000000e+03
2.840000000000000000e+03
2.847000000000000000e+03
3.342000000000000000e+03
3.296000000000000000e+03
3.562000000000000000e+03
3.577000000000000000e+03
3.770000000000000000e+03
3.382000000000000000e+03
3.157000000000000000e+03
3.306000000000000000e+03
3.457000000000000000e+03
3.475000000000000000e+03
3.307000000000000000e+03
3.178000000000000000e+03
3.113000000000000000e+03
3.218000000000000000e+03
2.925000000000000000e+03
2.975000000000000000e+03
2.710000000000000000e+03
2.671000000000000000e+03
2.702000000000000000e+03
2.703000000000000000e+03
2.975000000000000000e+03
3.116000000000000000e+03
2.809000000000000000e+03
2.697000000000000000e+03
2.731000000000000000e+03
2.760000000000000000e+03
2.749000000000000000e+03
2.729000000000000000e+03
2.776000000000000000e+03
2.636000000000000000e+03
2.665000000000000000e+03
2.543000000000000000e+03
2.456000000000000000e+03
2.437000000000000000e+03
2.384000000000000000e+03
2.298000000000000000e+03
2.126000000000000000e+03
2.062000000000000000e+03
1.970000000000000000e+03
2.051000000000000000e+03
2.163000000000000000e+03
2.187000000000000000e+03
2.154000000000000000e+03
2.150000000000000000e+03
2.180000000000000000e+03
2.246000000000000000e+03
2.258000000000000000e+03
2.271000000000000000e+03
2.395000000000000000e+03
2.480000000000000000e+03
2.578000000000000000e+03
2.765000000000000000e+03
2.886000000000000000e+03
2.935000000000000000e+03
2.966000000000000000e+03
3.008000000000000000e+03
2.973000000000000000e+03
3.171000000000000000e+03
2.821000000000000000e+03
2.752000000000000000e+03
3.072000000000000000e+03
3.057000000000000000e+03
3.359000000000000000e+03
3.256000000000000000e+03
3.421000000000000000e+03
3.371000000000000000e+03
3.557000000000000000e+03
3.404000000000000000e+03
3.936000000000000000e+03
3.590000000000000000e+03
4.082000000000000000e+03
4.413000000000000000e+03
4.625000000000000000e+03
4.695000000000000000e+03
4.608000000000000000e+03
5.626000000000000000e+03
6.138000000000000000e+03
7.232000000000000000e+03
5.808000000000000000e+03
4.657000000000000000e+03
4.880000000000000000e+03
4.191000000000000000e+03
3.901000000000000000e+03
4.027000000000000000e+03
4.040000000000000000e+03
4.831000000000000000e+03
4.786000000000000000e+03
4.354000000000000000e+03
4.933000000000000000e+03
4.135000000000000000e+03
4.222000000000000000e+03
4.163000000000000000e+03
3.609000000000000000e+03
3.148000000000000000e+03
2.859000000000000000e+03
2.799000000000000000e+03
2.417000000000000000e+03
2.167000000000000000e+03
2.152000000000000000e+03
1.728000000000000000e+03
1.533000000000000000e+03
1.445000000000000000e+03
1.520000000000000000e+03
1.459000000000000000e+03
1.407000000000000000e+03
1.535000000000000000e+03
1.289000000000000000e+03
1.194000000000000000e+03
1.186000000000000000e+03
1.253000000000000000e+03
1.115000000000000000e+03
1.040000000000000000e+03
1.037000000000000000e+03
1.194000000000000000e+03
1.180000000000000000e+03
1.070000000000000000e+03
1.093000000000000000e+03
1.089000000000000000e+03
1.072000000000000000e+03
1.059000000000000000e+03
9.990000000000000000e+02
1.083000000000000000e+03
1.042000000000000000e+03
1.145000000000000000e+03
1.214000000000000000e+03
1.235000000000000000e+03
1.329000000000000000e+03
1.364000000000000000e+03
1.339000000000000000e+03
1.258000000000000000e+03
1.341000000000000000e+03
1.417000000000000000e+03
1.342000000000000000e+03
1.332000000000000000e+03
1.449000000000000000e+03
1.492000000000000000e+03
1.635000000000000000e+03
1.784000000000000000e+03
1.667000000000000000e+03
1.850000000000000000e+03
2.141000000000000000e+03
2.242000000000000000e+03
2.527000000000000000e+03
2.610000000000000000e+03
3.147000000000000000e+03
3.703000000000000000e+03
4.123000000000000000e+03
4.115000000000000000e+03
4.176000000000000000e+03
5.446000000000000000e+03
6.462000000000000000e+03
5.519000000000000000e+03
7.383000000000000000e+03
5.135000000000000000e+03
5.921000000000000000e+03
8.565000000000000000e+03
7.416000000000000000e+03
7.381000000000000000e+03
5.615000000000000000e+03
6.391000000000000000e+03
5.789000000000000000e+03
6.586000000000000000e+03
6.069000000000000000e+03
4.976000000000000000e+03
6.557000000000000000e+03
5.871000000000000000e+03
4.986000000000000000e+03
6.382000000000000000e+03
4.431000000000000000e+03
3.871000000000000000e+03
4.947000000000000000e+03
3.752000000000000000e+03
4.085000000000000000e+03
3.066000000000000000e+03
3.617000000000000000e+03
3.618000000000000000e+03
4.826000000000000000e+03
6.001000000000000000e+03
2.232500000000000000e+04
1.135800000000000000e+04
1.149300000000000000e+04
5.227000000000000000e+03
5.455000000000000000e+03
5.012000000000000000e+03
4.283000000000000000e+03
4.488000000000000000e+03
4.928000000000000000e+03
4.660000000000000000e+03
4.681000000000000000e+03
4.625000000000000000e+03
4.599000000000000000e+03
4.482000000000000000e+03
4.384000000000000000e+03
4.234000000000000000e+03
4.331000000000000000e+03
4.657000000000000000e+03
4.420000000000000000e+03
4.793000000000000000e+03
6.524000000000000000e+03
5.561000000000000000e+03
6.725000000000000000e+03
5.947000000000000000e+03
7.090000000000000000e+03
6.544000000000000000e+03
4.959000000000000000e+03
4.086000000000000000e+03
4.998000000000000000e+03
4.461000000000000000e+03
4.755000000000000000e+03
4.623000000000000000e+03
4.925000000000000000e+03
5.392000000000000000e+03
5.112000000000000000e+03
4.702000000000000000e+03
4.542000000000000000e+03
4.990000000000000000e+03
4.962000000000000000e+03
4.289000000000000000e+03
4.240000000000000000e+03
3.609000000000000000e+03
3.929000000000000000e+03
4.517000000000000000e+03
4.700000000000000000e+03
5.947000000000000000e+03
5.067000000000000000e+03
5.863000000000000000e+03
6.072000000000000000e+03
6.883000000000000000e+03
7.855000000000000000e+03
8.746700000000000000e+04
6.958000000000000000e+03
1.802900000000000000e+04
6.748000000000000000e+03
7.269000000000000000e+03
6.021000000000000000e+03
7.775000000000000000e+03
6.046000000000000000e+03
6.321000000000000000e+03
6.308000000000000000e+03
6.671000000000000000e+03
6.917000000000000000e+03
5.571000000000000000e+03
5.619000000000000000e+03
5.023000000000000000e+03
5.222000000000000000e+03
5.272000000000000000e+03
5.255000000000000000e+03
6.239000000000000000e+03
5.898000000000000000e+03
5.561000000000000000e+03
5.670000000000000000e+03
5.336000000000000000e+03
5.739000000000000000e+03
5.411000000000000000e+03
4.666000000000000000e+03
4.232000000000000000e+03
4.275000000000000000e+03
4.146000000000000000e+03
3.894000000000000000e+03
4.110000000000000000e+03
4.201000000000000000e+03
3.900000000000000000e+03
3.880000000000000000e+03
4.004000000000000000e+03
4.177000000000000000e+03
4.157000000000000000e+03
4.405000000000000000e+03
4.492000000000000000e+03
4.735000000000000000e+03
4.423000000000000000e+03
4.325000000000000000e+03
3.992000000000000000e+03
4.038000000000000000e+03
3.480000000000000000e+03
3.500000000000000000e+03
3.492000000000000000e+03
3.239000000000000000e+03
3.240000000000000000e+03
3.198000000000000000e+03
3.088000000000000000e+03
3.257000000000000000e+03
3.139000000000000000e+03
2.983000000000000000e+03
3.195000000000000000e+03
3.144000000000000000e+03
3.048000000000000000e+03
2.927000000000000000e+03
3.259000000000000000e+03
3.169000000000000000e+03
3.355000000000000000e+03
3.301000000000000000e+03
3.131000000000000000e+03
3.028000000000000000e+03
3.137000000000000000e+03
3.159000000000000000e+03
3.111000000000000000e+03
3.164000000000000000e+03
3.153000000000000000e+03
2.947000000000000000e+03
3.009000000000000000e+03
2.953000000000000000e+03
2.850000000000000000e+03
2.978000000000000000e+03
2.786000000000000000e+03
2.965000000000000000e+03
3.129000000000000000e+03
3.052000000000000000e+03
3.327000000000000000e+03
3.054000000000000000e+03
3.014000000000000000e+03
3.006000000000000000e+03
2.951000000000000000e+03
3.128000000000000000e+03
3.169000000000000000e+03
2.972000000000000000e+03
3.436000000000000000e+03
3.242000000000000000e+03
3.454000000000000000e+03
3.449000000000000000e+03
3.625000000000000000e+03
3.602000000000000000e+03
3.954000000000000000e+03
3.771000000000000000e+03
4.303000000000000000e+03
3.619000000000000000e+03
3.715000000000000000e+03
4.433000000000000000e+03
4.619000000000000000e+03
4.508000000000000000e+03
4.242000000000000000e+03
5.166000000000000000e+03
5.562000000000000000e+03
6.963000000000000000e+03
6.383000000000000000e+03
4.859000000000000000e+03
4.650000000000000000e+03
3.976000000000000000e+03
3.546000000000000000e+03
3.502000000000000000e+03
3.869000000000000000e+03
3.944000000000000000e+03
4.138000000000000000e+03
4.366000000000000000e+03
4.390000000000000000e+03
4.203000000000000000e+03
4.233000000000000000e+03
3.953000000000000000e+03
3.689000000000000000e+03
3.514000000000000000e+03
3.288000000000000000e+03
3.390000000000000000e+03
3.264000000000000000e+03
3.298000000000000000e+03
3.025000000000000000e+03
3.033000000000000000e+03
3.134000000000000000e+03
3.238000000000000000e+03
2.960000000000000000e+03
2.825000000000000000e+03
2.856000000000000000e+03
2.732000000000000000e+03
2.698000000000000000e+03
2.686000000000000000e+03
3.025000000000000000e+03
3.210000000000000000e+03
3.039000000000000000e+03
2.969000000000000000e+03
2.794000000000000000e+03
3.221000000000000000e+03
3.464000000000000000e+03
3.555000000000000000e+03
3.469000000000000000e+03
3.161000000000000000e+03
3.013000000000000000e+03
2.670000000000000000e+03
2.695000000000000000e+03
2.314000000000000000e+03
2.307000000000000000e+03
2.531000000000000000e+03
2.413000000000000000e+03
2.363000000000000000e+03
2.116000000000000000e+03
2.253000000000000000e+03
2.314000000000000000e+03
2.186000000000000000e+03
2.146000000000000000e+03
2.019000000000000000e+03
2.218000000000000000e+03
2.446000000000000000e+03
2.528000000000000000e+03
2.848000000000000000e+03
2.546000000000000000e+03
2.879000000000000000e+03
2.934000000000000000e+03
2.874000000000000000e+03
3.003000000000000000e+03
3.417000000000000000e+03
3.485000000000000000e+03
3.677000000000000000e+03
4.645000000000000000e+03
4.259000000000000000e+03
4.655000000000000000e+03
4.959000000000000000e+03
5.036000000000000000e+03
5.748000000000000000e+03
6.305000000000000000e+03
6.459000000000000000e+03
6.622000000000000000e+03
8.313000000000000000e+03
6.144000000000000000e+03
7.100000000000000000e+03
9.262000000000000000e+03
8.351000000000000000e+03
8.109000000000000000e+03
6.238000000000000000e+03
7.125000000000000000e+03
6.585000000000000000e+03
7.476000000000000000e+03
6.113000000000000000e+03
5.758000000000000000e+03
7.323000000000000000e+03
5.952000000000000000e+03
5.793000000000000000e+03
6.551000000000000000e+03
4.665000000000000000e+03
5.505000000000000000e+03
4.797000000000000000e+03
4.858000000000000000e+03
4.137000000000000000e+03
4.320000000000000000e+03
3.866000000000000000e+03
4.439000000000000000e+03
4.667000000000000000e+03
7.523000000000000000e+03
2.617100000000000000e+04
