1.790000000000000000e+02
9.600000000000000000e+01
1.670000000000000000e+02
1.880000000000000000e+02
3.070000000000000000e+02
4.020000000000000000e+02
6.090000000000000000e+02
8.130000000000000000e+02
9.810000000000000000e+02
1.255000000000000000e+03
1.394000000000000000e+03
1.755000000000000000e+03
2.091000000000000000e+03
2.632000000000000000e+03
2.539000000000000000e+03
2.759000000000000000e+03
3.865000000000000000e+03
2.953000000000000000e+03
2.971000000000000000e+03
2.839000000000000000e+03
2.436000000000000000e+03
2.476000000000000000e+03
2.671000000000000000e+03
2.558000000000000000e+03
2.434000000000000000e+03
2.583000000000000000e+03
2.491000000000000000e+03
2.690000000000000000e+03
2.491000000000000000e+03
2.711000000000000000e+03
2.660000000000000000e+03
2.335000000000000000e+03
2.475000000000000000e+03
2.363000000000000000e+03
2.498000000000000000e+03
2.567000000000000000e+03
2.522000000000000000e+03
2.622000000000000000e+03
2.528000000000000000e+03
3.199000000000000000e+03
2.715000000000000000e+03
2.507000000000000000e+03
2.473000000000000000e+03
2.244000000000000000e+03
2.226000000000000000e+03
2.146000000000000000e+03
2.105000000000000000e+03
2.094000000000000000e+03
1.930000000000000000e+03
1.882000000000000000e+03
1.824000000000000000e+03
1.750000000000000000e+03
1.731000000000000000e+03
1.729000000000000000e+03
1.619000000000000000e+03
1.690000000000000000e+03
1.548000000000000000e+03
1.677000000000000000e+03
1.543000000000000000e+03
1.522000000000000000e+03
1.591000000000000000e+03
1.368000000000000000e+03
1.418000000000000000e+03
1.470000000000000000e+03
1.454000000000000000e+03
1.477000000000000000e+03
1.466000000000000000e+03
1.451000000000000000e+03
1.363000000000000000e+03
1.389000000000000000e+03
1.407000000000000000e+03
1.429000000000000000e+03
1.323000000000000000e+03
1.359000000000000000e+03
1.471000000000000000e+03
1.336000000000000000e+03
1.461000000000000000e+03
1.391000000000000000e+03
1.478000000000000000e+03
1.384000000000000000e+03
1.366000000000000000e+03
1.269000000000000000e+03
1.297000000000000000e+03
1.384000000000000000e+03
1.244000000000000000e+03
1.298000000000000000e+03
1.288000000000000000e+03
1.311000000000000000e+03
1.294000000000000000e+03
1.266000000000000000e+03
1.249000000000000000e+03
1.284000000000000000e+03
1.366000000000000000e+03
1.246000000000000000e+03
1.304000000000000000e+03
1.373000000000000000e+03
1.434000000000000000e+03
1.536000000000000000e+03
1.517000000000000000e+03
1.585000000000000000e+03
1.613000000000000000e+03
1.697000000000000000e+03
1.770000000000000000e+03
1.771000000000000000e+03
1.902000000000000000e+03
1.856000000000000000e+03
1.974000000000000000e+03
1.984000000000000000e+03
2.081000000000000000e+03
1.937000000000000000e+03
2.071000000000000000e+03
1.919000000000000000e+03
1.995000000000000000e+03
1.838000000000000000e+03
1.877000000000000000e+03
1.879000000000000000e+03
1.912000000000000000e+03
1.921000000000000000e+03
2.212000000000000000e+03
1.815000000000000000e+03
2.072000000000000000e+03
1.911000000000000000e+03
1.974000000000000000e+03
1.961000000000000000e+03
1.798000000000000000e+03
1.913000000000000000e+03
1.803000000000000000e+03
1.940000000000000000e+03
1.690000000000000000e+03
1.656000000000000000e+03
1.633000000000000000e+03
1.755000000000000000e+03
1.692000000000000000e+03
1.717000000000000000e+03
1.632000000000000000e+03
1.704000000000000000e+03
1.758000000000000000e+03
1.858000000000000000e+03
1.812000000000000000e+03
1.942000000000000000e+03
2.003000000000000000e+03
2.174000000000000000e+03
2.253000000000000000e+03
2.614000000000000000e+03
2.743000000000000000e+03
3.030000000000000000e+03
3.091000000000000000e+03
3.327000000000000000e+03
3.619000000000000000e+03
3.268000000000000000e+03
2.928000000000000000e+03
2.802000000000000000e+03
2.444000000000000000e+03
2.278000000000000000e+03
2.069000000000000000e+03
1.838000000000000000e+03
1.882000000000000000e+03
1.576000000000000000e+03
1.587000000000000000e+03
1.484000000000000000e+03
1.448000000000000000e+03
1.531000000000000000e+03
1.555000000000000000e+03
1.474000000000000000e+03
1.419000000000000000e+03
1.389000000000000000e+03
1.524000000000000000e+03
1.377000000000000000e+03
1.337000000000000000e+03
1.497000000000000000e+03
1.631000000000000000e+03
1.446000000000000000e+03
1.963000000000000000e+03
1.636000000000000000e+03
1.638000000000000000e+03
1.893000000000000000e+03
1.367000000000000000e+03
1.369000000000000000e+03
1.346000000000000000e+03
1.386000000000000000e+03
1.190000000000000000e+03
1.162000000000000000e+03
1.104000000000000000e+03
1.138000000000000000e+03
1.101000000000000000e+03
1.121000000000000000e+03
1.109000000000000000e+03
1.129000000000000000e+03
1.113000000000000000e+03
1.072000000000000000e+03
1.033000000000000000e+03
1.065000000000000000e+03
1.010000000000000000e+03
9.510000000000000000e+02
1.021000000000000000e+03
9.940000000000000000e+02
9.780000000000000000e+02
9.300000000000000000e+02
1.105000000000000000e+03
1.023000000000000000e+03
1.075000000000000000e+03
1.128000000000000000e+03
1.165000000000000000e+03
1.072000000000000000e+03
1.162000000000000000e+03
1.005000000000000000e+03
1.119000000000000000e+03
1.072000000000000000e+03
1.177000000000000000e+03
1.056000000000000000e+03
1.097000000000000000e+03
1.130000000000000000e+03
1.073000000000000000e+03
1.034000000000000000e+03
1.083000000000000000e+03
1.017000000000000000e+03
9.740000000000000000e+02
9.520000000000000000e+02
9.790000000000000000e+02
8.820000000000000000e+02
8.800000000000000000e+02
8.610000000000000000e+02
8.060000000000000000e+02
8.140000000000000000e+02
8.650000000000000000e+02
1.022000000000000000e+03
9.950000000000000000e+02
1.153000000000000000e+03
1.168000000000000000e+03
1.365000000000000000e+03
1.146000000000000000e+03
1.027000000000000000e+03
1.116000000000000000e+03
1.035000000000000000e+03
1.044000000000000000e+03
1.057000000000000000e+03
1.007000000000000000e+03
1.142000000000000000e+03
1.016000000000000000e+03
1.052000000000000000e+03
1.093000000000000000e+03
1.115000000000000000e+03
1.215000000000000000e+03
1.367000000000000000e+03
1.438000000000000000e+03
1.480000000000000000e+03
1.659000000000000000e+03
1.535000000000000000e+03
1.885000000000000000e+03
1.511000000000000000e+03
1.582000000000000000e+03
2.203000000000000000e+03
1.107000000000000000e+03
2.168000000000000000e+03
1.310000000000000000e+03
1.062200000000000000e+04
9.700000000000000000e+01
3.800000000000000000e+01
8.400000000000000000e+01
1.050000000000000000e+02
1.760000000000000000e+02
3.700000000000000000e+02
5.290000000000000000e+02
8.460000000000000000e+02
1.334000000000000000e+03
1.432000000000000000e+03
1.645000000000000000e+03
1.820000000000000000e+03
2.054000000000000000e+03
2.429000000000000000e+03
2.160000000000000000e+03
2.684000000000000000e+03
3.444000000000000000e+03
3.429000000000000000e+03
3.614000000000000000e+03
3.544000000000000000e+03
3.536000000000000000e+03
3.017000000000000000e+03
2.923000000000000000e+03
2.790000000000000000e+03
2.815000000000000000e+03
2.726000000000000000e+03
2.727000000000000000e+03
2.693000000000000000e+03
2.656000000000000000e+03
2.978000000000000000e+03
2.715000000000000000e+03
2.799000000000000000e+03
2.575000000000000000e+03
2.807000000000000000e+03
2.725000000000000000e+03
2.914000000000000000e+03
2.764000000000000000e+03
3.455000000000000000e+03
2.770000000000000000e+03
2.727000000000000000e+03
2.505000000000000000e+03
2.457000000000000000e+03
2.200000000000000000e+03
2.349000000000000000e+03
2.181000000000000000e+03
2.102000000000000000e+03
2.072000000000000000e+03
2.068000000000000000e+03
1.965000000000000000e+03
1.969000000000000000e+03
1.797000000000000000e+03
1.709000000000000000e+03
1.668000000000000000e+03
1.628000000000000000e+03
1.534000000000000000e+03
1.651000000000000000e+03
1.575000000000000000e+03
1.524000000000000000e+03
1.424000000000000000e+03
1.399000000000000000e+03
1.433000000000000000e+03
1.339000000000000000e+03
1.339000000000000000e+03
1.285000000000000000e+03
1.264000000000000000e+03
1.201000000000000000e+03
1.237000000000000000e+03
1.177000000000000000e+03
1.173000000000000000e+03
1.150000000000000000e+03
1.169000000000000000e+03
1.068000000000000000e+03
1.154000000000000000e+03
1.076000000000000000e+03
1.119000000000000000e+03
1.206000000000000000e+03
1.183000000000000000e+03
1.226000000000000000e+03
1.227000000000000000e+03
1.206000000000000000e+03
1.165000000000000000e+03
1.198000000000000000e+03
1.180000000000000000e+03
1.236000000000000000e+03
1.218000000000000000e+03
1.170000000000000000e+03
1.104000000000000000e+03
1.169000000000000000e+03
1.196000000000000000e+03
1.180000000000000000e+03
1.224000000000000000e+03
1.166000000000000000e+03
1.240000000000000000e+03
1.153000000000000000e+03
1.253000000000000000e+03
1.166000000000000000e+03
1.218000000000000000e+03
1.175000000000000000e+03
1.137000000000000000e+03
1.193000000000000000e+03
1.213000000000000000e+03
1.247000000000000000e+03
1.303000000000000000e+03
1.268000000000000000e+03
1.471000000000000000e+03
1.440000000000000000e+03
1.416000000000000000e+03
1.474000000000000000e+03
1.577000000000000000e+03
1.535000000000000000e+03
1.584000000000000000e+03
1.540000000000000000e+03
1.650000000000000000e+03
1.670000000000000000e+03
1.687000000000000000e+03
1.847000000000000000e+03
2.023000000000000000e+03
2.062000000000000000e+03
2.203000000000000000e+03
2.090000000000000000e+03
2.129000000000000000e+03
2.166000000000000000e+03
2.025000000000000000e+03
1.741000000000000000e+03
1.732000000000000000e+03
1.974000000000000000e+03
1.794000000000000000e+03
1.781000000000000000e+03
1.752000000000000000e+03
2.083000000000000000e+03
1.717000000000000000e+03
1.793000000000000000e+03
1.743000000000000000e+03
1.699000000000000000e+03
1.620000000000000000e+03
1.562000000000000000e+03
1.505000000000000000e+03
1.599000000000000000e+03
1.544000000000000000e+03
1.655000000000000000e+03
1.823000000000000000e+03
1.609000000000000000e+03
1.645000000000000000e+03
1.510000000000000000e+03
1.662000000000000000e+03
1.425000000000000000e+03
1.399000000000000000e+03
1.362000000000000000e+03
1.309000000000000000e+03
1.321000000000000000e+03
1.360000000000000000e+03
1.368000000000000000e+03
1.331000000000000000e+03
1.408000000000000000e+03
1.368000000000000000e+03
1.564000000000000000e+03
1.620000000000000000e+03
1.588000000000000000e+03
1.668000000000000000e+03
1.844000000000000000e+03
2.168000000000000000e+03
2.347000000000000000e+03
2.690000000000000000e+03
2.953000000000000000e+03
3.194000000000000000e+03
3.566000000000000000e+03
3.223000000000000000e+03
2.783000000000000000e+03
2.680000000000000000e+03
2.318000000000000000e+03
2.413000000000000000e+03
2.258000000000000000e+03
1.865000000000000000e+03
1.845000000000000000e+03
1.698000000000000000e+03
1.545000000000000000e+03
1.530000000000000000e+03
1.417000000000000000e+03
1.326000000000000000e+03
1.377000000000000000e+03
1.360000000000000000e+03
1.345000000000000000e+03
1.419000000000000000e+03
1.453000000000000000e+03
1.470000000000000000e+03
1.772000000000000000e+03
1.714000000000000000e+03
1.756000000000000000e+03
1.916000000000000000e+03
1.376000000000000000e+03
1.608000000000000000e+03
1.453000000000000000e+03
1.578000000000000000e+03
1.390000000000000000e+03
1.392000000000000000e+03
1.349000000000000000e+03
1.279000000000000000e+03
1.361000000000000000e+03
1.277000000000000000e+03
1.215000000000000000e+03
1.193000000000000000e+03
1.240000000000000000e+03
1.166000000000000000e+03
1.312000000000000000e+03
1.348000000000000000e+03
1.298000000000000000e+03
1.329000000000000000e+03
1.495000000000000000e+03
1.470000000000000000e+03
1.460000000000000000e+03
1.613000000000000000e+03
1.771000000000000000e+03
1.727000000000000000e+03
1.873000000000000000e+03
1.874000000000000000e+03
2.272000000000000000e+03
1.938000000000000000e+03
1.732000000000000000e+03
1.688000000000000000e+03
1.635000000000000000e+03
1.665000000000000000e+03
1.634000000000000000e+03
1.575000000000000000e+03
1.535000000000000000e+03
1.453000000000000000e+03
1.292000000000000000e+03
1.387000000000000000e+03
1.418000000000000000e+03
1.433000000000000000e+03
1.202000000000000000e+03
1.199000000000000000e+03
1.172000000000000000e+03
1.252000000000000000e+03
1.170000000000000000e+03
1.035000000000000000e+03
1.024000000000000000e+03
9.750000000000000000e+02
9.680000000000000000e+02
8.150000000000000000e+02
7.090000000000000000e+02
7.430000000000000000e+02
5.940000000000000000e+02
7.070000000000000000e+02
5.450000000000000000e+02
4.760000000000000000e+02
4.530000000000000000e+02
5.350000000000000000e+02
5.840000000000000000e+02
7.050000000000000000e+02
8.400000000000000000e+02
9.770000000000000000e+02
1.030000000000000000e+03
1.191000000000000000e+03
1.592000000000000000e+03
1.672000000000000000e+03
9.936000000000000000e+03
5.000000000000000000e+00
9.000000000000000000e+00
6.000000000000000000e+00
1.100000000000000000e+01
2.100000000000000000e+01
2.600000000000000000e+01
2.900000000000000000e+01
7.600000000000000000e+01
1.430000000000000000e+02
1.220000000000000000e+02
2.540000000000000000e+02
3.150000000000000000e+02
4.270000000000000000e+02
8.520000000000000000e+02
8.500000000000000000e+02
9.650000000000000000e+02
1.934000000000000000e+03
1.302000000000000000e+03
1.259000000000000000e+03
1.525000000000000000e+03
1.329000000000000000e+03
1.296000000000000000e+03
1.505000000000000000e+03
1.368000000000000000e+03
1.305000000000000000e+03
1.252000000000000000e+03
1.221000000000000000e+03
1.225000000000000000e+03
1.218000000000000000e+03
1.312000000000000000e+03
1.217000000000000000e+03
1.041000000000000000e+03
1.086000000000000000e+03
1.142000000000000000e+03
1.070000000000000000e+03
9.920000000000000000e+02
9.150000000000000000e+02
9.110000000000000000e+02
8.230000000000000000e+02
9.380000000000000000e+02
9.890000000000000000e+02
9.710000000000000000e+02
1.005000000000000000e+03
1.093000000000000000e+03
1.032000000000000000e+03
1.100000000000000000e+03
9.150000000000000000e+02
9.490000000000000000e+02
8.360000000000000000e+02
9.240000000000000000e+02
9.270000000000000000e+02
8.060000000000000000e+02
7.690000000000000000e+02
8.760000000000000000e+02
7.390000000000000000e+02
8.030000000000000000e+02
7.740000000000000000e+02
8.400000000000000000e+02
7.490000000000000000e+02
7.570000000000000000e+02
8.410000000000000000e+02
7.000000000000000000e+02
7.570000000000000000e+02
6.990000000000000000e+02
7.150000000000000000e+02
6.980000000000000000e+02
7.640000000000000000e+02
7.490000000000000000e+02
7.680000000000000000e+02
7.740000000000000000e+02
7.800000000000000000e+02
8.010000000000000000e+02
8.500000000000000000e+02
8.610000000000000000e+02
1.029000000000000000e+03
1.038000000000000000e+03
1.138000000000000000e+03
1.222000000000000000e+03
1.283000000000000000e+03
1.362000000000000000e+03
1.378000000000000000e+03
1.418000000000000000e+03
1.543000000000000000e+03
1.765000000000000000e+03
1.602000000000000000e+03
2.006000000000000000e+03
1.964000000000000000e+03
2.046000000000000000e+03
2.070000000000000000e+03
2.168000000000000000e+03
2.009000000000000000e+03
2.157000000000000000e+03
2.194000000000000000e+03
2.221000000000000000e+03
2.250000000000000000e+03
2.351000000000000000e+03
2.352000000000000000e+03
2.468000000000000000e+03
2.582000000000000000e+03
2.785000000000000000e+03
2.635000000000000000e+03
2.899000000000000000e+03
2.798000000000000000e+03
3.683000000000000000e+03
2.998000000000000000e+03
3.151000000000000000e+03
2.925000000000000000e+03
2.751000000000000000e+03
2.853000000000000000e+03
2.538000000000000000e+03
2.476000000000000000e+03
2.375000000000000000e+03
2.316000000000000000e+03
2.232000000000000000e+03
2.153000000000000000e+03
2.205000000000000000e+03
2.151000000000000000e+03
2.289000000000000000e+03
2.069000000000000000e+03
2.169000000000000000e+03
2.187000000000000000e+03
2.105000000000000000e+03
2.130000000000000000e+03
2.141000000000000000e+03
2.048000000000000000e+03
2.065000000000000000e+03
2.123000000000000000e+03
2.058000000000000000e+03
2.066000000000000000e+03
2.034000000000000000e+03
1.931000000000000000e+03
1.799000000000000000e+03
1.846000000000000000e+03
1.849000000000000000e+03
1.854000000000000000e+03
1.780000000000000000e+03
1.788000000000000000e+03
1.929000000000000000e+03
1.930000000000000000e+03
1.899000000000000000e+03
1.906000000000000000e+03
1.880000000000000000e+03
1.849000000000000000e+03
1.872000000000000000e+03
1.865000000000000000e+03
1.906000000000000000e+03
1.839000000000000000e+03
1.953000000000000000e+03
1.926000000000000000e+03
1.795000000000000000e+03
1.915000000000000000e+03
1.858000000000000000e+03
1.787000000000000000e+03
1.936000000000000000e+03
1.852000000000000000e+03
1.893000000000000000e+03
2.053000000000000000e+03
1.685000000000000000e+03
1.927000000000000000e+03
1.800000000000000000e+03
1.875000000000000000e+03
1.989000000000000000e+03
1.799000000000000000e+03
1.801000000000000000e+03
1.770000000000000000e+03
1.850000000000000000e+03
1.734000000000000000e+03
1.724000000000000000e+03
1.594000000000000000e+03
1.603000000000000000e+03
1.678000000000000000e+03
1.732000000000000000e+03
1.892000000000000000e+03
1.861000000000000000e+03
2.046000000000000000e+03
2.181000000000000000e+03
2.228000000000000000e+03
2.485000000000000000e+03
2.635000000000000000e+03
2.862000000000000000e+03
3.137000000000000000e+03
3.524000000000000000e+03
3.676000000000000000e+03
4.106000000000000000e+03
4.331000000000000000e+03
4.033000000000000000e+03
3.512000000000000000e+03
3.500000000000000000e+03
3.042000000000000000e+03
2.889000000000000000e+03
2.646000000000000000e+03
2.468000000000000000e+03
2.386000000000000000e+03
2.289000000000000000e+03
2.295000000000000000e+03
2.241000000000000000e+03
2.247000000000000000e+03
2.131000000000000000e+03
2.096000000000000000e+03
2.268000000000000000e+03
2.295000000000000000e+03
2.844000000000000000e+03
2.525000000000000000e+03
3.209000000000000000e+03
3.230000000000000000e+03
2.930000000000000000e+03
2.980000000000000000e+03
2.644000000000000000e+03
2.549000000000000000e+03
2.257000000000000000e+03
2.119000000000000000e+03
2.109000000000000000e+03
2.073000000000000000e+03
1.969000000000000000e+03
2.033000000000000000e+03
1.949000000000000000e+03
2.060000000000000000e+03
2.083000000000000000e+03
1.873000000000000000e+03
1.816000000000000000e+03
1.940000000000000000e+03
1.674000000000000000e+03
1.659000000000000000e+03
1.579000000000000000e+03
1.492000000000000000e+03
1.476000000000000000e+03
1.311000000000000000e+03
1.085000000000000000e+03
1.069000000000000000e+03
1.084000000000000000e+03
9.020000000000000000e+02
8.480000000000000000e+02
7.550000000000000000e+02
6.600000000000000000e+02
7.590000000000000000e+02
6.040000000000000000e+02
5.520000000000000000e+02
5.530000000000000000e+02
4.820000000000000000e+02
4.990000000000000000e+02
4.410000000000000000e+02
4.350000000000000000e+02
4.080000000000000000e+02
4.400000000000000000e+02
4.560000000000000000e+02
4.840000000000000000e+02
4.990000000000000000e+02
6.170000000000000000e+02
6.460000000000000000e+02
7.210000000000000000e+02
7.040000000000000000e+02
9.970000000000000000e+02
1.422000000000000000e+03
1.309000000000000000e+03
1.798000000000000000e+03
9.303000000000000000e+03
