8.570000000000000000e+02
1.090000000000000000e+02
1.710000000000000000e+02
1.620000000000000000e+02
2.450000000000000000e+02
2.790000000000000000e+02
3.100000000000000000e+02
4.050000000000000000e+02
4.460000000000000000e+02
7.190000000000000000e+02
7.770000000000000000e+02
1.238000000000000000e+03
1.235000000000000000e+03
1.656000000000000000e+03
1.902000000000000000e+03
2.127000000000000000e+03
3.469000000000000000e+03
2.441000000000000000e+03
3.811000000000000000e+03
2.682000000000000000e+03
1.463000000000000000e+03
1.361000000000000000e+03
1.661000000000000000e+03
1.140000000000000000e+03
1.591000000000000000e+03
1.149000000000000000e+03
1.846000000000000000e+03
1.995000000000000000e+03
8.890000000000000000e+02
1.005000000000000000e+03
1.797000000000000000e+03
3.501000000000000000e+03
9.930000000000000000e+02
4.992000000000000000e+03
1.867000000000000000e+03
5.509000000000000000e+03
7.150000000000000000e+02
2.081000000000000000e+03
8.370000000000000000e+02
2.715000000000000000e+03
1.084000000000000000e+03
6.220000000000000000e+02
6.020000000000000000e+02
5.670000000000000000e+02
5.860000000000000000e+02
5.150000000000000000e+02
5.080000000000000000e+02
5.190000000000000000e+02
5.950000000000000000e+02
6.350000000000000000e+02
4.780000000000000000e+02
6.270000000000000000e+02
4.880000000000000000e+02
8.000000000000000000e+02
5.720000000000000000e+02
6.320000000000000000e+02
4.960000000000000000e+02
4.490000000000000000e+02
5.060000000000000000e+02
4.900000000000000000e+02
4.840000000000000000e+02
4.480000000000000000e+02
4.450000000000000000e+02
4.570000000000000000e+02
4.980000000000000000e+02
4.820000000000000000e+02
5.470000000000000000e+02
6.470000000000000000e+02
5.270000000000000000e+02
6.180000000000000000e+02
4.630000000000000000e+02
4.840000000000000000e+02
4.770000000000000000e+02
4.590000000000000000e+02
4.040000000000000000e+02
5.030000000000000000e+02
5.030000000000000000e+02
5.250000000000000000e+02
5.380000000000000000e+02
4.870000000000000000e+02
8.760000000000000000e+02
5.460000000000000000e+02
5.290000000000000000e+02
5.290000000000000000e+02
5.380000000000000000e+02
4.510000000000000000e+02
5.070000000000000000e+02
4.820000000000000000e+02
4.490000000000000000e+02
4.290000000000000000e+02
4.450000000000000000e+02
4.230000000000000000e+02
4.300000000000000000e+02
5.370000000000000000e+02
3.800000000000000000e+02
3.890000000000000000e+02
3.830000000000000000e+02
4.250000000000000000e+02
3.590000000000000000e+02
3.820000000000000000e+02
3.840000000000000000e+02
3.800000000000000000e+02
3.800000000000000000e+02
3.900000000000000000e+02
3.660000000000000000e+02
4.140000000000000000e+02
3.690000000000000000e+02
3.740000000000000000e+02
3.760000000000000000e+02
3.550000000000000000e+02
3.710000000000000000e+02
3.390000000000000000e+02
3.580000000000000000e+02
3.610000000000000000e+02
3.370000000000000000e+02
3.410000000000000000e+02
3.270000000000000000e+02
2.940000000000000000e+02
3.520000000000000000e+02
3.380000000000000000e+02
4.100000000000000000e+02
3.150000000000000000e+02
3.810000000000000000e+02
4.000000000000000000e+02
4.670000000000000000e+02
4.150000000000000000e+02
3.790000000000000000e+02
5.880000000000000000e+02
3.570000000000000000e+02
3.350000000000000000e+02
4.920000000000000000e+02
3.440000000000000000e+02
3.650000000000000000e+02
3.770000000000000000e+02
3.730000000000000000e+02
3.970000000000000000e+02
4.390000000000000000e+02
4.070000000000000000e+02
4.510000000000000000e+02
3.000000000000000000e+02
3.330000000000000000e+02
3.490000000000000000e+02
3.450000000000000000e+02
3.460000000000000000e+02
4.070000000000000000e+02
3.680000000000000000e+02
4.510000000000000000e+02
3.290000000000000000e+02
3.700000000000000000e+02
3.650000000000000000e+02
3.270000000000000000e+02
3.450000000000000000e+02
3.480000000000000000e+02
3.360000000000000000e+02
3.740000000000000000e+02
3.030000000000000000e+02
3.660000000000000000e+02
3.450000000000000000e+02
3.040000000000000000e+02
2.820000000000000000e+02
3.150000000000000000e+02
3.120000000000000000e+02
2.730000000000000000e+02
2.670000000000000000e+02
2.870000000000000000e+02
2.790000000000000000e+02
3.160000000000000000e+02
2.900000000000000000e+02
2.780000000000000000e+02
2.550000000000000000e+02
2.270000000000000000e+02
2.090000000000000000e+02
1.990000000000000000e+02
2.100000000000000000e+02
2.050000000000000000e+02
1.900000000000000000e+02
2.120000000000000000e+02
1.860000000000000000e+02
1.940000000000000000e+02
1.530000000000000000e+02
1.720000000000000000e+02
1.710000000000000000e+02
1.550000000000000000e+02
1.630000000000000000e+02
1.450000000000000000e+02
1.650000000000000000e+02
1.650000000000000000e+02
1.560000000000000000e+02
2.090000000000000000e+02
1.940000000000000000e+02
1.480000000000000000e+02
1.680000000000000000e+02
2.310000000000000000e+02
1.650000000000000000e+02
2.040000000000000000e+02
2.080000000000000000e+02
2.110000000000000000e+02
5.190000000000000000e+02
2.700000000000000000e+02
7.400000000000000000e+02
3.810000000000000000e+02
4.340000000000000000e+02
7.090000000000000000e+02
1.739000000000000000e+03
4.780000000000000000e+02
1.605000000000000000e+03
1.107000000000000000e+03
8.990000000000000000e+02
1.419000000000000000e+03
5.860000000000000000e+02
1.303000000000000000e+03
4.230000000000000000e+02
9.100000000000000000e+02
5.970000000000000000e+02
1.034000000000000000e+03
5.560000000000000000e+02
1.171000000000000000e+03
1.236000000000000000e+03
8.730000000000000000e+02
7.090000000000000000e+02
1.368000000000000000e+03
8.420000000000000000e+02
1.022000000000000000e+03
5.750000000000000000e+02
8.270000000000000000e+02
6.120000000000000000e+02
7.240000000000000000e+02
5.980000000000000000e+02
6.030000000000000000e+02
6.950000000000000000e+02
1.069000000000000000e+03
3.530000000000000000e+02
5.570000000000000000e+02
4.590000000000000000e+02
7.580000000000000000e+02
8.000000000000000000e+02
4.760000000000000000e+02
6.810000000000000000e+02
6.580000000000000000e+02
1.281000000000000000e+03
8.270000000000000000e+02
9.610000000000000000e+02
9.110000000000000000e+02
1.222000000000000000e+03
1.404000000000000000e+03
6.950000000000000000e+02
1.470000000000000000e+03
8.950000000000000000e+02
5.990000000000000000e+02
5.520000000000000000e+02
4.310000000000000000e+02
3.090000000000000000e+02
1.710000000000000000e+02
2.090000000000000000e+02
1.410000000000000000e+02
1.865000000000000000e+03
5.580000000000000000e+02
3.570000000000000000e+02
1.930000000000000000e+02
1.960000000000000000e+02
2.040000000000000000e+02
2.160000000000000000e+02
2.510000000000000000e+02
3.230000000000000000e+02
4.490000000000000000e+02
5.750000000000000000e+02
7.700000000000000000e+02
1.042000000000000000e+03
1.131000000000000000e+03
1.626000000000000000e+03
1.677000000000000000e+03
1.902000000000000000e+03
3.699000000000000000e+03
2.262000000000000000e+03
3.962000000000000000e+03
3.024000000000000000e+03
2.363000000000000000e+03
1.791000000000000000e+03
1.673000000000000000e+03
1.410000000000000000e+03
1.792000000000000000e+03
1.244000000000000000e+03
2.056000000000000000e+03
2.226000000000000000e+03
1.165000000000000000e+03
1.043000000000000000e+03
1.314000000000000000e+03
1.844000000000000000e+03
4.529000000000000000e+03
5.184000000000000000e+03
5.178000000000000000e+03
4.171000000000000000e+03
1.964000000000000000e+03
2.514000000000000000e+03
2.424000000000000000e+03
1.284000000000000000e+03
1.119000000000000000e+03
1.159000000000000000e+03
9.780000000000000000e+02
1.119000000000000000e+03
1.033000000000000000e+03
9.250000000000000000e+02
9.200000000000000000e+02
9.840000000000000000e+02
9.710000000000000000e+02
8.960000000000000000e+02
9.550000000000000000e+02
9.860000000000000000e+02
9.260000000000000000e+02
7.840000000000000000e+02
9.550000000000000000e+02
8.450000000000000000e+02
9.960000000000000000e+02
9.240000000000000000e+02
7.210000000000000000e+02
8.290000000000000000e+02
6.540000000000000000e+02
7.360000000000000000e+02
6.650000000000000000e+02
6.310000000000000000e+02
6.950000000000000000e+02
6.310000000000000000e+02
6.550000000000000000e+02
6.100000000000000000e+02
6.560000000000000000e+02
6.070000000000000000e+02
5.750000000000000000e+02
6.050000000000000000e+02
6.100000000000000000e+02
6.120000000000000000e+02
5.160000000000000000e+02
5.760000000000000000e+02
5.440000000000000000e+02
6.020000000000000000e+02
6.280000000000000000e+02
5.780000000000000000e+02
6.040000000000000000e+02
6.460000000000000000e+02
7.200000000000000000e+02
7.820000000000000000e+02
5.450000000000000000e+02
5.450000000000000000e+02
7.450000000000000000e+02
6.210000000000000000e+02
7.420000000000000000e+02
5.280000000000000000e+02
5.790000000000000000e+02
5.390000000000000000e+02
6.140000000000000000e+02
5.400000000000000000e+02
5.250000000000000000e+02
6.090000000000000000e+02
5.510000000000000000e+02
5.220000000000000000e+02
4.850000000000000000e+02
4.170000000000000000e+02
4.740000000000000000e+02
4.480000000000000000e+02
4.290000000000000000e+02
3.810000000000000000e+02
3.680000000000000000e+02
3.710000000000000000e+02
3.610000000000000000e+02
3.010000000000000000e+02
2.670000000000000000e+02
2.700000000000000000e+02
2.510000000000000000e+02
2.610000000000000000e+02
2.580000000000000000e+02
2.520000000000000000e+02
2.100000000000000000e+02
2.320000000000000000e+02
2.370000000000000000e+02
2.500000000000000000e+02
2.180000000000000000e+02
2.170000000000000000e+02
2.040000000000000000e+02
1.690000000000000000e+02
1.880000000000000000e+02
1.770000000000000000e+02
1.860000000000000000e+02
1.690000000000000000e+02
1.700000000000000000e+02
1.700000000000000000e+02
1.670000000000000000e+02
1.570000000000000000e+02
1.430000000000000000e+02
1.240000000000000000e+02
1.260000000000000000e+02
1.330000000000000000e+02
1.310000000000000000e+02
1.360000000000000000e+02
1.430000000000000000e+02
1.540000000000000000e+02
1.440000000000000000e+02
1.230000000000000000e+02
1.120000000000000000e+02
1.260000000000000000e+02
1.240000000000000000e+02
9.600000000000000000e+01
1.150000000000000000e+02
9.700000000000000000e+01
1.090000000000000000e+02
8.100000000000000000e+01
1.030000000000000000e+02
1.090000000000000000e+02
8.700000000000000000e+01
9.200000000000000000e+01
8.900000000000000000e+01
8.900000000000000000e+01
6.400000000000000000e+01
7.600000000000000000e+01
6.300000000000000000e+01
8.000000000000000000e+01
8.400000000000000000e+01
9.600000000000000000e+01
6.800000000000000000e+01
7.600000000000000000e+01
6.100000000000000000e+01
7.100000000000000000e+01
7.200000000000000000e+01
7.600000000000000000e+01
7.600000000000000000e+01
6.300000000000000000e+01
5.100000000000000000e+01
5.900000000000000000e+01
6.100000000000000000e+01
6.100000000000000000e+01
6.400000000000000000e+01
6.900000000000000000e+01
6.800000000000000000e+01
7.400000000000000000e+01
9.600000000000000000e+01
7.300000000000000000e+01
6.200000000000000000e+01
8.900000000000000000e+01
7.500000000000000000e+01
6.700000000000000000e+01
7.800000000000000000e+01
6.900000000000000000e+01
7.300000000000000000e+01
7.500000000000000000e+01
7.500000000000000000e+01
5.700000000000000000e+01
6.200000000000000000e+01
7.200000000000000000e+01
5.700000000000000000e+01
6.300000000000000000e+01
6.600000000000000000e+01
8.700000000000000000e+01
9.000000000000000000e+01
5.400000000000000000e+01
7.000000000000000000e+01
6.400000000000000000e+01
7.900000000000000000e+01
7.100000000000000000e+01
7.900000000000000000e+01
1.150000000000000000e+02
1.020000000000000000e+02
1.500000000000000000e+02
1.290000000000000000e+02
1.470000000000000000e+02
1.630000000000000000e+02
2.330000000000000000e+02
1.980000000000000000e+02
1.900000000000000000e+02
2.890000000000000000e+02
3.610000000000000000e+02
7.320000000000000000e+02
7.360000000000000000e+02
2.377000000000000000e+03
7.550000000000000000e+02
1.997000000000000000e+03
2.190000000000000000e+03
9.050000000000000000e+02
1.749000000000000000e+03
6.930000000000000000e+02
1.569000000000000000e+03
1.381000000000000000e+03
1.106000000000000000e+03
8.620000000000000000e+02
1.607000000000000000e+03
8.370000000000000000e+02
1.286000000000000000e+03
7.110000000000000000e+02
8.450000000000000000e+02
1.144000000000000000e+03
8.540000000000000000e+02
5.920000000000000000e+02
8.550000000000000000e+02
8.340000000000000000e+02
9.970000000000000000e+02
1.361000000000000000e+03
6.150000000000000000e+02
1.132000000000000000e+03
7.070000000000000000e+02
1.285000000000000000e+03
1.576000000000000000e+03
6.730000000000000000e+02
1.935000000000000000e+03
1.351000000000000000e+03
4.820000000000000000e+02
6.580000000000000000e+02
4.230000000000000000e+02
2.950000000000000000e+02
1.910000000000000000e+02
2.110000000000000000e+02
2.500000000000000000e+02
1.460000000000000000e+02
1.750000000000000000e+02
2.040000000000000000e+02
6.480000000000000000e+02
1.371000000000000000e+03
2.060000000000000000e+02
1.840000000000000000e+02
2.430000000000000000e+02
2.850000000000000000e+02
2.990000000000000000e+02
3.660000000000000000e+02
4.990000000000000000e+02
6.800000000000000000e+02
8.350000000000000000e+02
1.075000000000000000e+03
1.391000000000000000e+03
1.228000000000000000e+03
1.675000000000000000e+03
1.464000000000000000e+03
1.548000000000000000e+03
3.385000000000000000e+03
1.774000000000000000e+03
3.729000000000000000e+03
3.284000000000000000e+03
1.930000000000000000e+03
2.590000000000000000e+03
2.607000000000000000e+03
2.164000000000000000e+03
2.976000000000000000e+03
2.093000000000000000e+03
2.805000000000000000e+03
2.800000000000000000e+03
1.734000000000000000e+03
1.610000000000000000e+03
1.556000000000000000e+03
1.474000000000000000e+03
1.454000000000000000e+03
1.485000000000000000e+03
1.295000000000000000e+03
1.278000000000000000e+03
1.433000000000000000e+03
1.662000000000000000e+03
2.886000000000000000e+03
3.709000000000000000e+03
1.367000000000000000e+03
2.865000000000000000e+03
4.309000000000000000e+03
2.314000000000000000e+03
4.421000000000000000e+03
1.135000000000000000e+03
1.480000000000000000e+03
1.497000000000000000e+03
7.930000000000000000e+02
2.260000000000000000e+03
8.410000000000000000e+02
7.310000000000000000e+02
6.450000000000000000e+02
7.710000000000000000e+02
6.600000000000000000e+02
6.650000000000000000e+02
7.830000000000000000e+02
6.940000000000000000e+02
8.420000000000000000e+02
7.790000000000000000e+02
1.169000000000000000e+03
1.046000000000000000e+03
9.790000000000000000e+02
1.042000000000000000e+03
1.223000000000000000e+03
9.000000000000000000e+02
8.820000000000000000e+02
9.090000000000000000e+02
8.220000000000000000e+02
8.730000000000000000e+02
7.330000000000000000e+02
7.920000000000000000e+02
7.200000000000000000e+02
6.390000000000000000e+02
6.500000000000000000e+02
6.600000000000000000e+02
6.420000000000000000e+02
5.560000000000000000e+02
4.810000000000000000e+02
4.630000000000000000e+02
5.850000000000000000e+02
4.570000000000000000e+02
4.790000000000000000e+02
3.940000000000000000e+02
3.690000000000000000e+02
3.180000000000000000e+02
3.490000000000000000e+02
3.600000000000000000e+02
3.800000000000000000e+02
3.480000000000000000e+02
3.400000000000000000e+02
3.010000000000000000e+02
2.830000000000000000e+02
2.630000000000000000e+02
2.450000000000000000e+02
2.560000000000000000e+02
2.360000000000000000e+02
2.100000000000000000e+02
2.250000000000000000e+02
2.320000000000000000e+02
2.030000000000000000e+02
2.110000000000000000e+02
1.850000000000000000e+02
1.770000000000000000e+02
1.700000000000000000e+02
1.680000000000000000e+02
1.760000000000000000e+02
1.370000000000000000e+02
1.570000000000000000e+02
1.450000000000000000e+02
1.420000000000000000e+02
1.550000000000000000e+02
1.510000000000000000e+02
1.300000000000000000e+02
1.190000000000000000e+02
1.380000000000000000e+02
1.500000000000000000e+02
1.100000000000000000e+02
1.150000000000000000e+02
1.140000000000000000e+02
1.360000000000000000e+02
1.310000000000000000e+02
1.140000000000000000e+02
1.100000000000000000e+02
1.240000000000000000e+02
1.320000000000000000e+02
1.010000000000000000e+02
1.210000000000000000e+02
1.170000000000000000e+02
1.190000000000000000e+02
1.030000000000000000e+02
9.300000000000000000e+01
1.240000000000000000e+02
9.600000000000000000e+01
1.010000000000000000e+02
1.110000000000000000e+02
1.090000000000000000e+02
1.110000000000000000e+02
1.270000000000000000e+02
1.150000000000000000e+02
1.230000000000000000e+02
1.210000000000000000e+02
9.900000000000000000e+01
1.030000000000000000e+02
9.700000000000000000e+01
8.800000000000000000e+01
1.180000000000000000e+02
9.300000000000000000e+01
1.070000000000000000e+02
7.900000000000000000e+01
7.800000000000000000e+01
8.600000000000000000e+01
7.500000000000000000e+01
6.400000000000000000e+01
6.700000000000000000e+01
6.700000000000000000e+01
5.800000000000000000e+01
7.000000000000000000e+01
7.100000000000000000e+01
7.700000000000000000e+01
6.100000000000000000e+01
5.500000000000000000e+01
6.000000000000000000e+01
7.300000000000000000e+01
5.900000000000000000e+01
6.000000000000000000e+01
6.200000000000000000e+01
5.000000000000000000e+01
4.900000000000000000e+01
7.400000000000000000e+01
5.100000000000000000e+01
5.000000000000000000e+01
6.100000000000000000e+01
5.800000000000000000e+01
6.400000000000000000e+01
5.400000000000000000e+01
5.500000000000000000e+01
5.000000000000000000e+01
5.400000000000000000e+01
4.500000000000000000e+01
4.600000000000000000e+01
7.300000000000000000e+01
6.300000000000000000e+01
7.100000000000000000e+01
5.900000000000000000e+01
4.700000000000000000e+01
5.300000000000000000e+01
6.200000000000000000e+01
6.300000000000000000e+01
6.500000000000000000e+01
5.400000000000000000e+01
6.300000000000000000e+01
7.100000000000000000e+01
6.400000000000000000e+01
6.100000000000000000e+01
6.400000000000000000e+01
6.000000000000000000e+01
6.900000000000000000e+01
6.600000000000000000e+01
6.800000000000000000e+01
7.300000000000000000e+01
9.900000000000000000e+01
8.200000000000000000e+01
8.100000000000000000e+01
1.210000000000000000e+02
1.010000000000000000e+02
1.660000000000000000e+02
1.610000000000000000e+02
1.510000000000000000e+02
1.740000000000000000e+02
2.500000000000000000e+02
2.730000000000000000e+02
2.510000000000000000e+02
3.740000000000000000e+02
3.460000000000000000e+02
8.040000000000000000e+02
5.710000000000000000e+02
1.456000000000000000e+03
2.174000000000000000e+03
8.730000000000000000e+02
3.158000000000000000e+03
1.627000000000000000e+03
2.434000000000000000e+03
9.660000000000000000e+02
2.920000000000000000e+03
1.282000000000000000e+03
1.374000000000000000e+03
1.055000000000000000e+03
6.580000000000000000e+02
1.440000000000000000e+03
1.283000000000000000e+03
8.900000000000000000e+02
1.690000000000000000e+03
7.550000000000000000e+02
1.636000000000000000e+03
7.920000000000000000e+02
1.325000000000000000e+03
1.625000000000000000e+03
7.260000000000000000e+02
1.859000000000000000e+03
1.474000000000000000e+03
5.220000000000000000e+02
7.010000000000000000e+02
4.460000000000000000e+02
3.070000000000000000e+02
2.400000000000000000e+02
2.100000000000000000e+02
1.470000000000000000e+02
1.360000000000000000e+02
2.410000000000000000e+02
1.790000000000000000e+02
1.080000000000000000e+02
2.850000000000000000e+02
4.400000000000000000e+01
7.400000000000000000e+01
4.090000000000000000e+02
