3.077000000000000000e+03
7.280000000000000000e+02
1.353000000000000000e+03
1.437000000000000000e+03
1.675000000000000000e+03
1.678000000000000000e+03
1.586000000000000000e+03
1.602000000000000000e+03
1.499000000000000000e+03
1.488000000000000000e+03
1.328000000000000000e+03
1.376000000000000000e+03
1.401000000000000000e+03
1.236000000000000000e+03
1.268000000000000000e+03
1.181000000000000000e+03
1.180000000000000000e+03
1.068000000000000000e+03
1.025000000000000000e+03
1.061000000000000000e+03
9.970000000000000000e+02
9.060000000000000000e+02
9.590000000000000000e+02
9.310000000000000000e+02
9.960000000000000000e+02
9.470000000000000000e+02
1.015000000000000000e+03
1.009000000000000000e+03
1.081000000000000000e+03
9.920000000000000000e+02
1.107000000000000000e+03
1.135000000000000000e+03
1.124000000000000000e+03
1.203000000000000000e+03
1.261000000000000000e+03
1.257000000000000000e+03
1.240000000000000000e+03
1.317000000000000000e+03
1.364000000000000000e+03
1.398000000000000000e+03
1.444000000000000000e+03
1.570000000000000000e+03
1.619000000000000000e+03
1.600000000000000000e+03
1.677000000000000000e+03
1.736000000000000000e+03
1.779000000000000000e+03
1.819000000000000000e+03
1.886000000000000000e+03
1.906000000000000000e+03
2.018000000000000000e+03
2.006000000000000000e+03
2.088000000000000000e+03
2.141000000000000000e+03
2.192000000000000000e+03
2.292000000000000000e+03
2.430000000000000000e+03
2.403000000000000000e+03
2.489000000000000000e+03
2.571000000000000000e+03
2.536000000000000000e+03
2.542000000000000000e+03
2.706000000000000000e+03
2.597000000000000000e+03
2.554000000000000000e+03
2.593000000000000000e+03
2.684000000000000000e+03
2.611000000000000000e+03
2.589000000000000000e+03
2.560000000000000000e+03
2.552000000000000000e+03
2.564000000000000000e+03
2.535000000000000000e+03
2.447000000000000000e+03
2.478000000000000000e+03
2.517000000000000000e+03
2.389000000000000000e+03
2.278000000000000000e+03
2.410000000000000000e+03
2.339000000000000000e+03
2.522000000000000000e+03
2.493000000000000000e+03
2.432000000000000000e+03
2.363000000000000000e+03
2.441000000000000000e+03
2.368000000000000000e+03
2.488000000000000000e+03
2.472000000000000000e+03
2.361000000000000000e+03
2.240000000000000000e+03
2.322000000000000000e+03
2.272000000000000000e+03
2.235000000000000000e+03
2.387000000000000000e+03
2.291000000000000000e+03
2.390000000000000000e+03
2.287000000000000000e+03
2.386000000000000000e+03
2.389000000000000000e+03
2.295000000000000000e+03
2.269000000000000000e+03
2.204000000000000000e+03
2.194000000000000000e+03
2.190000000000000000e+03
2.223000000000000000e+03
2.170000000000000000e+03
2.027000000000000000e+03
2.168000000000000000e+03
2.056000000000000000e+03
2.149000000000000000e+03
2.161000000000000000e+03
1.982000000000000000e+03
1.936000000000000000e+03
1.834000000000000000e+03
1.782000000000000000e+03
1.638000000000000000e+03
1.577000000000000000e+03
1.558000000000000000e+03
1.549000000000000000e+03
1.426000000000000000e+03
1.446000000000000000e+03
1.406000000000000000e+03
1.423000000000000000e+03
1.442000000000000000e+03
1.347000000000000000e+03
1.528000000000000000e+03
1.359000000000000000e+03
1.459000000000000000e+03
1.427000000000000000e+03
1.453000000000000000e+03
1.383000000000000000e+03
1.478000000000000000e+03
1.513000000000000000e+03
1.448000000000000000e+03
1.420000000000000000e+03
1.427000000000000000e+03
1.338000000000000000e+03
1.536000000000000000e+03
1.399000000000000000e+03
1.384000000000000000e+03
1.412000000000000000e+03
1.425000000000000000e+03
1.542000000000000000e+03
1.442000000000000000e+03
1.472000000000000000e+03
1.546000000000000000e+03
1.534000000000000000e+03
1.554000000000000000e+03
1.554000000000000000e+03
1.624000000000000000e+03
1.638000000000000000e+03
1.619000000000000000e+03
1.702000000000000000e+03
1.737000000000000000e+03
1.844000000000000000e+03
1.837000000000000000e+03
1.883000000000000000e+03
2.051000000000000000e+03
2.135000000000000000e+03
2.192000000000000000e+03
2.274000000000000000e+03
2.360000000000000000e+03
2.347000000000000000e+03
2.546000000000000000e+03
2.679000000000000000e+03
2.692000000000000000e+03
2.934000000000000000e+03
3.061000000000000000e+03
3.159000000000000000e+03
3.209000000000000000e+03
3.693000000000000000e+03
3.799000000000000000e+03
4.045000000000000000e+03
4.214000000000000000e+03
4.612000000000000000e+03
4.864000000000000000e+03
5.595000000000000000e+03
6.401000000000000000e+03
7.337000000000000000e+03
8.752000000000000000e+03
9.936000000000000000e+03
1.103800000000000000e+04
1.123000000000000000e+04
1.109500000000000000e+04
1.046000000000000000e+04
9.315000000000000000e+03
8.137000000000000000e+03
7.031000000000000000e+03
6.088000000000000000e+03
4.588000000000000000e+03
3.915000000000000000e+03
3.306000000000000000e+03
2.476000000000000000e+03
1.839000000000000000e+03
1.429000000000000000e+03
1.248000000000000000e+03
1.135000000000000000e+03
1.172000000000000000e+03
1.104000000000000000e+03
1.069000000000000000e+03
9.690000000000000000e+02
9.510000000000000000e+02
8.570000000000000000e+02
7.570000000000000000e+02
7.680000000000000000e+02
7.030000000000000000e+02
6.690000000000000000e+02
6.430000000000000000e+02
6.370000000000000000e+02
5.680000000000000000e+02
4.920000000000000000e+02
5.590000000000000000e+02
4.620000000000000000e+02
4.020000000000000000e+02
3.610000000000000000e+02
3.340000000000000000e+02
3.280000000000000000e+02
2.840000000000000000e+02
2.310000000000000000e+02
2.050000000000000000e+02
1.560000000000000000e+02
1.430000000000000000e+02
1.280000000000000000e+02
1.190000000000000000e+02
9.500000000000000000e+01
9.000000000000000000e+01
6.800000000000000000e+01
4.900000000000000000e+01
4.400000000000000000e+01
3.400000000000000000e+01
3.500000000000000000e+01
2.100000000000000000e+01
3.100000000000000000e+01
1.900000000000000000e+01
1.200000000000000000e+01
1.500000000000000000e+01
1.100000000000000000e+01
1.100000000000000000e+01
6.000000000000000000e+00
1.200000000000000000e+01
4.000000000000000000e+00
1.000000000000000000e+00
2.000000000000000000e+00
2.000000000000000000e+00
1.000000000000000000e+00
1.000000000000000000e+00
0.000000000000000000e+00
1.000000000000000000e+00
0.000000000000000000e+00
1.000000000000000000e+00
1.000000000000000000e+00
2.000000000000000000e+00
0.000000000000000000e+00
0.000000000000000000e+00
1.000000000000000000e+00
1.000000000000000000e+00
1.144000000000000000e+03
8.130000000000000000e+02
1.169000000000000000e+03
1.581000000000000000e+03
1.721000000000000000e+03
1.847000000000000000e+03
1.906000000000000000e+03
1.700000000000000000e+03
1.567000000000000000e+03
1.469000000000000000e+03
1.409000000000000000e+03
1.246000000000000000e+03
1.223000000000000000e+03
1.218000000000000000e+03
1.165000000000000000e+03
1.144000000000000000e+03
1.102000000000000000e+03
1.007000000000000000e+03
9.720000000000000000e+02
8.880000000000000000e+02
9.180000000000000000e+02
8.720000000000000000e+02
8.330000000000000000e+02
7.770000000000000000e+02
8.210000000000000000e+02
8.220000000000000000e+02
7.950000000000000000e+02
8.530000000000000000e+02
9.300000000000000000e+02
8.740000000000000000e+02
9.470000000000000000e+02
1.082000000000000000e+03
1.125000000000000000e+03
1.131000000000000000e+03
1.209000000000000000e+03
1.457000000000000000e+03
1.423000000000000000e+03
1.463000000000000000e+03
1.518000000000000000e+03
1.604000000000000000e+03
1.585000000000000000e+03
1.538000000000000000e+03
1.604000000000000000e+03
1.714000000000000000e+03
1.735000000000000000e+03
1.883000000000000000e+03
1.927000000000000000e+03
1.990000000000000000e+03
2.252000000000000000e+03
2.409000000000000000e+03
2.404000000000000000e+03
2.319000000000000000e+03
2.364000000000000000e+03
2.442000000000000000e+03
2.472000000000000000e+03
2.482000000000000000e+03
2.681000000000000000e+03
2.701000000000000000e+03
2.741000000000000000e+03
2.767000000000000000e+03
2.922000000000000000e+03
2.863000000000000000e+03
2.777000000000000000e+03
2.836000000000000000e+03
2.801000000000000000e+03
2.866000000000000000e+03
2.935000000000000000e+03
2.877000000000000000e+03
2.838000000000000000e+03
2.843000000000000000e+03
2.945000000000000000e+03
2.746000000000000000e+03
2.833000000000000000e+03
2.860000000000000000e+03
2.879000000000000000e+03
2.787000000000000000e+03
2.805000000000000000e+03
2.613000000000000000e+03
2.689000000000000000e+03
2.702000000000000000e+03
2.630000000000000000e+03
2.620000000000000000e+03
2.509000000000000000e+03
2.533000000000000000e+03
2.527000000000000000e+03
2.519000000000000000e+03
2.422000000000000000e+03
2.358000000000000000e+03
2.293000000000000000e+03
2.347000000000000000e+03
2.183000000000000000e+03
2.099000000000000000e+03
2.249000000000000000e+03
2.131000000000000000e+03
2.044000000000000000e+03
2.025000000000000000e+03
1.932000000000000000e+03
1.974000000000000000e+03
1.950000000000000000e+03
1.879000000000000000e+03
1.762000000000000000e+03
1.720000000000000000e+03
1.749000000000000000e+03
1.732000000000000000e+03
1.614000000000000000e+03
1.668000000000000000e+03
1.688000000000000000e+03
1.650000000000000000e+03
1.617000000000000000e+03
1.512000000000000000e+03
1.546000000000000000e+03
1.503000000000000000e+03
1.483000000000000000e+03
1.432000000000000000e+03
1.422000000000000000e+03
1.472000000000000000e+03
1.316000000000000000e+03
1.387000000000000000e+03
1.346000000000000000e+03
1.315000000000000000e+03
1.320000000000000000e+03
1.339000000000000000e+03
1.266000000000000000e+03
1.288000000000000000e+03
1.247000000000000000e+03
1.332000000000000000e+03
1.246000000000000000e+03
1.226000000000000000e+03
1.258000000000000000e+03
1.242000000000000000e+03
1.284000000000000000e+03
1.380000000000000000e+03
1.322000000000000000e+03
1.357000000000000000e+03
1.308000000000000000e+03
1.301000000000000000e+03
1.363000000000000000e+03
1.359000000000000000e+03
1.411000000000000000e+03
1.388000000000000000e+03
1.472000000000000000e+03
1.464000000000000000e+03
1.447000000000000000e+03
1.458000000000000000e+03
1.514000000000000000e+03
1.473000000000000000e+03
1.572000000000000000e+03
1.479000000000000000e+03
1.541000000000000000e+03
1.506000000000000000e+03
1.541000000000000000e+03
1.531000000000000000e+03
1.680000000000000000e+03
1.635000000000000000e+03
1.616000000000000000e+03
1.759000000000000000e+03
1.762000000000000000e+03
1.783000000000000000e+03
1.854000000000000000e+03
1.920000000000000000e+03
1.918000000000000000e+03
2.167000000000000000e+03
2.128000000000000000e+03
2.129000000000000000e+03
2.265000000000000000e+03
2.414000000000000000e+03
2.619000000000000000e+03
2.798000000000000000e+03
2.931000000000000000e+03
3.162000000000000000e+03
3.294000000000000000e+03
3.545000000000000000e+03
3.575000000000000000e+03
3.767000000000000000e+03
4.123000000000000000e+03
4.423000000000000000e+03
4.592000000000000000e+03
5.046000000000000000e+03
5.839000000000000000e+03
6.469000000000000000e+03
7.556000000000000000e+03
8.420000000000000000e+03
9.418000000000000000e+03
1.065400000000000000e+04
1.123300000000000000e+04
1.190300000000000000e+04
1.190600000000000000e+04
1.137300000000000000e+04
1.082200000000000000e+04
9.203000000000000000e+03
7.611000000000000000e+03
5.440000000000000000e+03
4.224000000000000000e+03
3.118000000000000000e+03
2.200000000000000000e+03
1.555000000000000000e+03
1.004000000000000000e+03
8.260000000000000000e+02
7.500000000000000000e+02
6.630000000000000000e+02
5.940000000000000000e+02
6.270000000000000000e+02
5.850000000000000000e+02
5.540000000000000000e+02
5.150000000000000000e+02
4.450000000000000000e+02
4.350000000000000000e+02
4.530000000000000000e+02
3.910000000000000000e+02
3.680000000000000000e+02
3.720000000000000000e+02
4.180000000000000000e+02
3.470000000000000000e+02
3.860000000000000000e+02
3.090000000000000000e+02
2.910000000000000000e+02
2.850000000000000000e+02
2.150000000000000000e+02
1.830000000000000000e+02
1.270000000000000000e+02
9.600000000000000000e+01
7.200000000000000000e+01
6.300000000000000000e+01
4.300000000000000000e+01
4.700000000000000000e+01
1.800000000000000000e+01
3.200000000000000000e+01
1.600000000000000000e+01
1.200000000000000000e+01
8.000000000000000000e+00
6.000000000000000000e+00
2.000000000000000000e+00
8.000000000000000000e+00
4.000000000000000000e+00
5.000000000000000000e+00
2.000000000000000000e+00
4.000000000000000000e+00
2.000000000000000000e+00
0.000000000000000000e+00
0.000000000000000000e+00
1.000000000000000000e+00
0.000000000000000000e+00
1.000000000000000000e+00
1.000000000000000000e+00
0.000000000000000000e+00
0.000000000000000000e+00
0.000000000000000000e+00
0.000000000000000000e+00
0.000000000000000000e+00
0.000000000000000000e+00
0.000000000000000000e+00
0.000000000000000000e+00
0.000000000000000000e+00
0.000000000000000000e+00
0.000000000000000000e+00
0.000000000000000000e+00
1.661900000000000000e+04
4.672000000000000000e+03
4.339000000000000000e+03
3.851000000000000000e+03
3.153000000000000000e+03
2.777000000000000000e+03
2.443000000000000000e+03
2.235000000000000000e+03
2.035000000000000000e+03
1.913000000000000000e+03
1.810000000000000000e+03
1.866000000000000000e+03
1.689000000000000000e+03
1.766000000000000000e+03
1.627000000000000000e+03
1.626000000000000000e+03
1.447000000000000000e+03
1.353000000000000000e+03
1.295000000000000000e+03
1.243000000000000000e+03
1.275000000000000000e+03
1.217000000000000000e+03
1.155000000000000000e+03
1.167000000000000000e+03
1.168000000000000000e+03
1.085000000000000000e+03
1.039000000000000000e+03
1.007000000000000000e+03
9.500000000000000000e+02
9.630000000000000000e+02
9.600000000000000000e+02
9.360000000000000000e+02
9.510000000000000000e+02
9.530000000000000000e+02
9.870000000000000000e+02
9.750000000000000000e+02
9.240000000000000000e+02
9.700000000000000000e+02
9.810000000000000000e+02
1.103000000000000000e+03
9.990000000000000000e+02
1.044000000000000000e+03
1.034000000000000000e+03
1.069000000000000000e+03
1.133000000000000000e+03
1.051000000000000000e+03
1.027000000000000000e+03
1.097000000000000000e+03
1.028000000000000000e+03
1.109000000000000000e+03
1.192000000000000000e+03
1.218000000000000000e+03
1.186000000000000000e+03
1.277000000000000000e+03
1.306000000000000000e+03
1.155000000000000000e+03
1.206000000000000000e+03
1.258000000000000000e+03
1.157000000000000000e+03
1.205000000000000000e+03
1.183000000000000000e+03
1.180000000000000000e+03
1.186000000000000000e+03
1.211000000000000000e+03
1.145000000000000000e+03
1.217000000000000000e+03
1.183000000000000000e+03
1.300000000000000000e+03
1.335000000000000000e+03
1.368000000000000000e+03
1.428000000000000000e+03
1.460000000000000000e+03
1.437000000000000000e+03
1.577000000000000000e+03
1.514000000000000000e+03
1.508000000000000000e+03
1.571000000000000000e+03
1.616000000000000000e+03
1.698000000000000000e+03
1.654000000000000000e+03
1.670000000000000000e+03
1.676000000000000000e+03
1.807000000000000000e+03
1.827000000000000000e+03
1.831000000000000000e+03
1.860000000000000000e+03
1.880000000000000000e+03
1.904000000000000000e+03
1.973000000000000000e+03
1.921000000000000000e+03
1.985000000000000000e+03
1.943000000000000000e+03
1.980000000000000000e+03
1.985000000000000000e+03
1.993000000000000000e+03
2.068000000000000000e+03
2.000000000000000000e+03
1.978000000000000000e+03
2.024000000000000000e+03
2.009000000000000000e+03
2.121000000000000000e+03
1.947000000000000000e+03
2.053000000000000000e+03
1.934000000000000000e+03
2.003000000000000000e+03
1.919000000000000000e+03
1.997000000000000000e+03
2.025000000000000000e+03
1.917000000000000000e+03
1.894000000000000000e+03
1.832000000000000000e+03
1.957000000000000000e+03
1.888000000000000000e+03
1.805000000000000000e+03
1.813000000000000000e+03
1.851000000000000000e+03
1.695000000000000000e+03
1.712000000000000000e+03
1.682000000000000000e+03
1.585000000000000000e+03
1.724000000000000000e+03
1.679000000000000000e+03
1.596000000000000000e+03
1.531000000000000000e+03
1.531000000000000000e+03
1.583000000000000000e+03
1.559000000000000000e+03
1.585000000000000000e+03
1.537000000000000000e+03
1.538000000000000000e+03
1.604000000000000000e+03
1.574000000000000000e+03
1.497000000000000000e+03
1.551000000000000000e+03
1.486000000000000000e+03
1.503000000000000000e+03
1.560000000000000000e+03
1.533000000000000000e+03
1.422000000000000000e+03
1.529000000000000000e+03
1.531000000000000000e+03
1.499000000000000000e+03
1.390000000000000000e+03
1.522000000000000000e+03
1.516000000000000000e+03
1.423000000000000000e+03
1.473000000000000000e+03
1.469000000000000000e+03
1.496000000000000000e+03
1.392000000000000000e+03
1.456000000000000000e+03
1.333000000000000000e+03
1.463000000000000000e+03
1.380000000000000000e+03
1.373000000000000000e+03
1.310000000000000000e+03
1.390000000000000000e+03
1.355000000000000000e+03
1.335000000000000000e+03
1.427000000000000000e+03
1.330000000000000000e+03
1.418000000000000000e+03
1.432000000000000000e+03
1.489000000000000000e+03
1.523000000000000000e+03
1.596000000000000000e+03
1.556000000000000000e+03
1.604000000000000000e+03
1.617000000000000000e+03
1.737000000000000000e+03
1.711000000000000000e+03
1.783000000000000000e+03
1.964000000000000000e+03
1.991000000000000000e+03
2.062000000000000000e+03
2.132000000000000000e+03
2.271000000000000000e+03
2.475000000000000000e+03
2.515000000000000000e+03
2.620000000000000000e+03
2.835000000000000000e+03
2.984000000000000000e+03
3.320000000000000000e+03
3.556000000000000000e+03
3.692000000000000000e+03
4.196000000000000000e+03
4.617000000000000000e+03
5.021000000000000000e+03
5.492000000000000000e+03
6.439000000000000000e+03
7.170000000000000000e+03
8.300000000000000000e+03
9.245000000000000000e+03
1.005600000000000000e+04
1.110500000000000000e+04
1.171000000000000000e+04
1.196900000000000000e+04
1.223200000000000000e+04
1.168500000000000000e+04
1.053600000000000000e+04
8.837000000000000000e+03
6.700000000000000000e+03
5.098000000000000000e+03
3.889000000000000000e+03
2.831000000000000000e+03
2.204000000000000000e+03
1.426000000000000000e+03
1.058000000000000000e+03
8.290000000000000000e+02
7.000000000000000000e+02
6.330000000000000000e+02
5.880000000000000000e+02
5.630000000000000000e+02
4.980000000000000000e+02
5.490000000000000000e+02
4.900000000000000000e+02
4.500000000000000000e+02
4.460000000000000000e+02
3.330000000000000000e+02
3.110000000000000000e+02
3.260000000000000000e+02
2.620000000000000000e+02
1.850000000000000000e+02
1.780000000000000000e+02
1.490000000000000000e+02
1.170000000000000000e+02
1.150000000000000000e+02
8.600000000000000000e+01
8.700000000000000000e+01
5.900000000000000000e+01
4.800000000000000000e+01
4.500000000000000000e+01
2.700000000000000000e+01
3.800000000000000000e+01
3.000000000000000000e+01
1.300000000000000000e+01
2.800000000000000000e+01
2.500000000000000000e+01
1.800000000000000000e+01
1.000000000000000000e+01
8.000000000000000000e+00
1.100000000000000000e+01
1.300000000000000000e+01
1.200000000000000000e+01
7.000000000000000000e+00
7.000000000000000000e+00
7.000000000000000000e+00
7.000000000000000000e+00
7.000000000000000000e+00
1.000000000000000000e+00
0.000000000000000000e+00
1.000000000000000000e+00
2.000000000000000000e+00
0.000000000000000000e+00
0.000000000000000000e+00
6.000000000000000000e+00
