2.110900000000000000e+04
1.167700000000000000e+04
2.314800000000000000e+04
1.950500000000000000e+04
1.918000000000000000e+04
1.547400000000000000e+04
1.165500000000000000e+04
9.052000000000000000e+03
7.887000000000000000e+03
7.367000000000000000e+03
6.994000000000000000e+03
6.207000000000000000e+03
6.311000000000000000e+03
5.962000000000000000e+03
5.485000000000000000e+03
5.255000000000000000e+03
4.932000000000000000e+03
4.528000000000000000e+03
4.528000000000000000e+03
4.434000000000000000e+03
4.072000000000000000e+03
3.803000000000000000e+03
3.588000000000000000e+03
3.364000000000000000e+03
3.575000000000000000e+03
3.348000000000000000e+03
3.219000000000000000e+03
3.370000000000000000e+03
3.192000000000000000e+03
3.383000000000000000e+03
3.311000000000000000e+03
3.289000000000000000e+03
2.943000000000000000e+03
3.124000000000000000e+03
3.000000000000000000e+03
2.875000000000000000e+03
2.763000000000000000e+03
2.639000000000000000e+03
2.589000000000000000e+03
2.501000000000000000e+03
2.360000000000000000e+03
2.460000000000000000e+03
2.523000000000000000e+03
2.479000000000000000e+03
2.568000000000000000e+03
2.651000000000000000e+03
2.615000000000000000e+03
2.603000000000000000e+03
2.482000000000000000e+03
2.803000000000000000e+03
2.698000000000000000e+03
2.842000000000000000e+03
2.913000000000000000e+03
2.714000000000000000e+03
2.590000000000000000e+03
2.520000000000000000e+03
2.433000000000000000e+03
2.322000000000000000e+03
2.264000000000000000e+03
2.158000000000000000e+03
2.109000000000000000e+03
2.149000000000000000e+03
2.038000000000000000e+03
2.115000000000000000e+03
2.187000000000000000e+03
2.249000000000000000e+03
2.250000000000000000e+03
2.406000000000000000e+03
2.519000000000000000e+03
2.758000000000000000e+03
2.870000000000000000e+03
2.983000000000000000e+03
3.014000000000000000e+03
3.403000000000000000e+03
3.522000000000000000e+03
3.253000000000000000e+03
3.319000000000000000e+03
3.295000000000000000e+03
3.203000000000000000e+03
3.301000000000000000e+03
3.201000000000000000e+03
3.223000000000000000e+03
3.185000000000000000e+03
3.205000000000000000e+03
3.196000000000000000e+03
3.119000000000000000e+03
3.179000000000000000e+03
3.198000000000000000e+03
3.487000000000000000e+03
4.174000000000000000e+03
4.539000000000000000e+03
5.234000000000000000e+03
6.012000000000000000e+03
6.344000000000000000e+03
5.873000000000000000e+03
6.197000000000000000e+03
6.866000000000000000e+03
7.482000000000000000e+03
7.960000000000000000e+03
9.123000000000000000e+03
9.885000000000000000e+03
1.044900000000000000e+04
1.137100000000000000e+04
1.233300000000000000e+04
1.300800000000000000e+04
1.242200000000000000e+04
1.264800000000000000e+04
1.134300000000000000e+04
1.078100000000000000e+04
1.063800000000000000e+04
1.014400000000000000e+04
1.001300000000000000e+04
8.016000000000000000e+03
7.465000000000000000e+03
7.096000000000000000e+03
6.796000000000000000e+03
7.136000000000000000e+03
6.770000000000000000e+03
6.715000000000000000e+03
6.568000000000000000e+03
6.460000000000000000e+03
7.020000000000000000e+03
6.807000000000000000e+03
6.790000000000000000e+03
6.800000000000000000e+03
6.771000000000000000e+03
6.463000000000000000e+03
6.278000000000000000e+03
6.162000000000000000e+03
6.150000000000000000e+03
6.241000000000000000e+03
6.471000000000000000e+03
6.796000000000000000e+03
6.972000000000000000e+03
7.047000000000000000e+03
6.926000000000000000e+03
6.923000000000000000e+03
6.670000000000000000e+03
6.153000000000000000e+03
5.800000000000000000e+03
6.383000000000000000e+03
6.349000000000000000e+03
7.410000000000000000e+03
7.314000000000000000e+03
8.504000000000000000e+03
8.094000000000000000e+03
7.587000000000000000e+03
7.603000000000000000e+03
7.347000000000000000e+03
6.545000000000000000e+03
6.012000000000000000e+03
6.065000000000000000e+03
6.317000000000000000e+03
6.054000000000000000e+03
6.119000000000000000e+03
6.223000000000000000e+03
7.401000000000000000e+03
6.505000000000000000e+03
6.015000000000000000e+03
4.748000000000000000e+03
4.518000000000000000e+03
4.271000000000000000e+03
4.172000000000000000e+03
3.667000000000000000e+03
3.854000000000000000e+03
3.839000000000000000e+03
3.989000000000000000e+03
4.240000000000000000e+03
4.066000000000000000e+03
4.201000000000000000e+03
4.506000000000000000e+03
5.169000000000000000e+03
6.822000000000000000e+03
7.242000000000000000e+03
7.613000000000000000e+03
7.560000000000000000e+03
7.206000000000000000e+03
6.614000000000000000e+03
6.197000000000000000e+03
5.714000000000000000e+03
5.358000000000000000e+03
4.677000000000000000e+03
3.912000000000000000e+03
3.234000000000000000e+03
2.807000000000000000e+03
2.483000000000000000e+03
2.390000000000000000e+03
2.291000000000000000e+03
2.316000000000000000e+03
2.377000000000000000e+03
2.562000000000000000e+03
2.521000000000000000e+03
2.469000000000000000e+03
2.685000000000000000e+03
2.785000000000000000e+03
2.778000000000000000e+03
3.029000000000000000e+03
3.471000000000000000e+03
3.686000000000000000e+03
3.829000000000000000e+03
3.975000000000000000e+03
4.254000000000000000e+03
4.468000000000000000e+03
4.969000000000000000e+03
5.356000000000000000e+03
5.485000000000000000e+03
5.478000000000000000e+03
6.647000000000000000e+03
5.905000000000000000e+03
7.555000000000000000e+03
9.230000000000000000e+03
8.966000000000000000e+03
5.256000000000000000e+03
4.689000000000000000e+03
4.008000000000000000e+03
4.767000000000000000e+03
5.075000000000000000e+03
4.796000000000000000e+03
4.762000000000000000e+03
4.388000000000000000e+03
4.945000000000000000e+03
4.383000000000000000e+03
3.592000000000000000e+03
6.818000000000000000e+03
7.407000000000000000e+03
6.227000000000000000e+03
7.245000000000000000e+03
7.795000000000000000e+03
1.147700000000000000e+04
7.752000000000000000e+03
6.080000000000000000e+03
6.263000000000000000e+03
1.372300000000000000e+04
5.872000000000000000e+03
6.536000000000000000e+03
4.300000000000000000e+03
7.756000000000000000e+03
7.105000000000000000e+03
1.194800000000000000e+04
1.422700000000000000e+04
1.280900000000000000e+04
1.299500000000000000e+04
1.069700000000000000e+04
2.075600000000000000e+04
1.138300000000000000e+04
3.037200000000000000e+04
7.485000000000000000e+03
1.555500000000000000e+04
9.798000000000000000e+03
7.441000000000000000e+03
9.390000000000000000e+03
6.612000000000000000e+03
2.513600000000000000e+04
3.450500000000000000e+04
3.380040000000000000e+05
1.119400000000000000e+04
3.166700000000000000e+04
2.247700000000000000e+04
2.301700000000000000e+04
1.841100000000000000e+04
1.452000000000000000e+04
1.171300000000000000e+04
9.708000000000000000e+03
7.840000000000000000e+03
7.060000000000000000e+03
6.487000000000000000e+03
6.117000000000000000e+03
5.779000000000000000e+03
5.603000000000000000e+03
5.416000000000000000e+03
4.932000000000000000e+03
4.579000000000000000e+03
4.357000000000000000e+03
4.259000000000000000e+03
4.496000000000000000e+03
4.655000000000000000e+03
4.540000000000000000e+03
4.390000000000000000e+03
4.187000000000000000e+03
3.737000000000000000e+03
3.825000000000000000e+03
3.707000000000000000e+03
3.484000000000000000e+03
3.245000000000000000e+03
3.151000000000000000e+03
3.171000000000000000e+03
3.133000000000000000e+03
2.926000000000000000e+03
2.910000000000000000e+03
2.703000000000000000e+03
2.616000000000000000e+03
2.637000000000000000e+03
2.564000000000000000e+03
2.359000000000000000e+03
2.198000000000000000e+03
2.226000000000000000e+03
2.176000000000000000e+03
2.163000000000000000e+03
2.180000000000000000e+03
2.092000000000000000e+03
2.022000000000000000e+03
2.118000000000000000e+03
2.129000000000000000e+03
2.149000000000000000e+03
2.116000000000000000e+03
2.153000000000000000e+03
2.237000000000000000e+03
2.259000000000000000e+03
2.406000000000000000e+03
2.426000000000000000e+03
2.566000000000000000e+03
2.854000000000000000e+03
3.027000000000000000e+03
3.084000000000000000e+03
2.973000000000000000e+03
2.925000000000000000e+03
2.892000000000000000e+03
2.974000000000000000e+03
3.069000000000000000e+03
3.045000000000000000e+03
3.160000000000000000e+03
3.062000000000000000e+03
2.783000000000000000e+03
2.900000000000000000e+03
3.151000000000000000e+03
3.176000000000000000e+03
2.922000000000000000e+03
2.929000000000000000e+03
3.093000000000000000e+03
3.043000000000000000e+03
3.299000000000000000e+03
3.227000000000000000e+03
3.067000000000000000e+03
3.060000000000000000e+03
3.039000000000000000e+03
3.128000000000000000e+03
3.116000000000000000e+03
3.283000000000000000e+03
3.598000000000000000e+03
3.891000000000000000e+03
3.756000000000000000e+03
4.376000000000000000e+03
5.008000000000000000e+03
5.067000000000000000e+03
5.417000000000000000e+03
5.486000000000000000e+03
5.813000000000000000e+03
6.118000000000000000e+03
6.818000000000000000e+03
7.522000000000000000e+03
7.805000000000000000e+03
7.817000000000000000e+03
8.370000000000000000e+03
8.206000000000000000e+03
8.464000000000000000e+03
9.859000000000000000e+03
1.039500000000000000e+04
1.084500000000000000e+04
1.093100000000000000e+04
1.175300000000000000e+04
1.253400000000000000e+04
1.183000000000000000e+04
1.169200000000000000e+04
1.048800000000000000e+04
8.654000000000000000e+03
7.795000000000000000e+03
7.452000000000000000e+03
6.806000000000000000e+03
6.889000000000000000e+03
6.601000000000000000e+03
5.977000000000000000e+03
5.193000000000000000e+03
4.895000000000000000e+03
4.784000000000000000e+03
4.874000000000000000e+03
5.133000000000000000e+03
5.104000000000000000e+03
5.273000000000000000e+03
5.038000000000000000e+03
4.966000000000000000e+03
4.463000000000000000e+03
4.179000000000000000e+03
3.788000000000000000e+03
3.633000000000000000e+03
3.318000000000000000e+03
3.090000000000000000e+03
2.929000000000000000e+03
2.925000000000000000e+03
2.924000000000000000e+03
2.812000000000000000e+03
2.828000000000000000e+03
2.712000000000000000e+03
2.627000000000000000e+03
2.608000000000000000e+03
2.616000000000000000e+03
2.676000000000000000e+03
2.623000000000000000e+03
2.890000000000000000e+03
2.697000000000000000e+03
2.781000000000000000e+03
2.801000000000000000e+03
3.003000000000000000e+03
2.968000000000000000e+03
2.998000000000000000e+03
2.950000000000000000e+03
3.253000000000000000e+03
3.460000000000000000e+03
3.929000000000000000e+03
4.563000000000000000e+03
5.328000000000000000e+03
5.844000000000000000e+03
5.978000000000000000e+03
6.689000000000000000e+03
7.749000000000000000e+03
9.006000000000000000e+03
9.940000000000000000e+03
1.150700000000000000e+04
1.211600000000000000e+04
1.258500000000000000e+04
1.235700000000000000e+04
1.127900000000000000e+04
9.789000000000000000e+03
8.560000000000000000e+03
7.228000000000000000e+03
5.882000000000000000e+03
5.078000000000000000e+03
4.384000000000000000e+03
4.750000000000000000e+03
5.871000000000000000e+03
4.802000000000000000e+03
4.736000000000000000e+03
4.491000000000000000e+03
4.499000000000000000e+03
4.270000000000000000e+03
4.094000000000000000e+03
3.585000000000000000e+03
3.389000000000000000e+03
3.363000000000000000e+03
3.510000000000000000e+03
4.045000000000000000e+03
3.750000000000000000e+03
4.098000000000000000e+03
3.915000000000000000e+03
4.265000000000000000e+03
4.989000000000000000e+03
5.910000000000000000e+03
7.239000000000000000e+03
7.723000000000000000e+03
8.523000000000000000e+03
7.843000000000000000e+03
8.172000000000000000e+03
7.430000000000000000e+03
7.401000000000000000e+03
6.861000000000000000e+03
6.512000000000000000e+03
6.194000000000000000e+03
5.732000000000000000e+03
5.333000000000000000e+03
4.715000000000000000e+03
4.429000000000000000e+03
3.965000000000000000e+03
3.749000000000000000e+03
3.903000000000000000e+03
4.250000000000000000e+03
5.076000000000000000e+03
5.514000000000000000e+03
6.615000000000000000e+03
6.883000000000000000e+03
7.378000000000000000e+03
6.965000000000000000e+03
9.008000000000000000e+03
9.949000000000000000e+03
1.011000000000000000e+04
7.181000000000000000e+03
6.987000000000000000e+03
5.503000000000000000e+03
5.482000000000000000e+03
4.464000000000000000e+03
4.887000000000000000e+03
7.201000000000000000e+03
5.945000000000000000e+03
5.343000000000000000e+03
6.652000000000000000e+03
7.663000000000000000e+03
1.036500000000000000e+04
7.206000000000000000e+03
7.099000000000000000e+03
5.730000000000000000e+03
4.905000000000000000e+03
2.969000000000000000e+03
4.497000000000000000e+03
7.893000000000000000e+03
1.032200000000000000e+04
1.390000000000000000e+04
1.259800000000000000e+04
1.803300000000000000e+04
1.564600000000000000e+04
1.878400000000000000e+04
1.824200000000000000e+04
1.013800000000000000e+04
1.505400000000000000e+04
3.282600000000000000e+04
1.000300000000000000e+04
9.086000000000000000e+03
5.273000000000000000e+03
8.129000000000000000e+03
2.114400000000000000e+04
2.757500000000000000e+04
1.549200000000000000e+04
1.888100000000000000e+04
3.353490000000000000e+05
1.838000000000000000e+03
3.080300000000000000e+04
2.283700000000000000e+04
2.298000000000000000e+04
1.854200000000000000e+04
1.452300000000000000e+04
1.178000000000000000e+04
9.909000000000000000e+03
8.220000000000000000e+03
7.437000000000000000e+03
6.768000000000000000e+03
6.303000000000000000e+03
5.817000000000000000e+03
5.506000000000000000e+03
5.223000000000000000e+03
4.989000000000000000e+03
4.353000000000000000e+03
4.438000000000000000e+03
4.241000000000000000e+03
4.682000000000000000e+03
4.833000000000000000e+03
4.620000000000000000e+03
4.593000000000000000e+03
4.134000000000000000e+03
4.159000000000000000e+03
4.189000000000000000e+03
3.933000000000000000e+03
3.860000000000000000e+03
3.674000000000000000e+03
3.553000000000000000e+03
3.208000000000000000e+03
2.964000000000000000e+03
2.705000000000000000e+03
2.619000000000000000e+03
2.453000000000000000e+03
2.470000000000000000e+03
2.223000000000000000e+03
2.261000000000000000e+03
2.086000000000000000e+03
2.007000000000000000e+03
2.044000000000000000e+03
2.070000000000000000e+03
2.112000000000000000e+03
1.937000000000000000e+03
1.973000000000000000e+03
1.985000000000000000e+03
2.066000000000000000e+03
2.107000000000000000e+03
1.998000000000000000e+03
2.137000000000000000e+03
2.182000000000000000e+03
2.281000000000000000e+03
2.294000000000000000e+03
2.294000000000000000e+03
2.445000000000000000e+03
2.489000000000000000e+03
2.552000000000000000e+03
2.591000000000000000e+03
2.930000000000000000e+03
2.830000000000000000e+03
2.867000000000000000e+03
2.694000000000000000e+03
2.811000000000000000e+03
2.801000000000000000e+03
2.942000000000000000e+03
3.281000000000000000e+03
3.020000000000000000e+03
2.989000000000000000e+03
2.945000000000000000e+03
3.126000000000000000e+03
3.591000000000000000e+03
3.634000000000000000e+03
3.407000000000000000e+03
3.211000000000000000e+03
3.497000000000000000e+03
3.610000000000000000e+03
3.634000000000000000e+03
3.641000000000000000e+03
3.780000000000000000e+03
4.056000000000000000e+03
4.904000000000000000e+03
5.983000000000000000e+03
6.358000000000000000e+03
7.732000000000000000e+03
7.929000000000000000e+03
7.679000000000000000e+03
8.477000000000000000e+03
8.119000000000000000e+03
9.545000000000000000e+03
1.068500000000000000e+04
1.183800000000000000e+04
1.115800000000000000e+04
1.058900000000000000e+04
1.078200000000000000e+04
9.562000000000000000e+03
1.005000000000000000e+04
9.635000000000000000e+03
9.621000000000000000e+03
9.323000000000000000e+03
8.975000000000000000e+03
7.949000000000000000e+03
7.551000000000000000e+03
7.187000000000000000e+03
6.866000000000000000e+03
6.282000000000000000e+03
5.983000000000000000e+03
5.577000000000000000e+03
5.692000000000000000e+03
5.577000000000000000e+03
5.434000000000000000e+03
5.581000000000000000e+03
5.234000000000000000e+03
4.934000000000000000e+03
4.721000000000000000e+03
4.793000000000000000e+03
4.430000000000000000e+03
4.410000000000000000e+03
4.203000000000000000e+03
4.015000000000000000e+03
4.201000000000000000e+03
4.258000000000000000e+03
4.328000000000000000e+03
3.991000000000000000e+03
4.241000000000000000e+03
4.088000000000000000e+03
3.409000000000000000e+03
3.314000000000000000e+03
3.230000000000000000e+03
3.098000000000000000e+03
3.000000000000000000e+03
2.946000000000000000e+03
2.873000000000000000e+03
2.884000000000000000e+03
2.940000000000000000e+03
2.962000000000000000e+03
3.074000000000000000e+03
3.014000000000000000e+03
2.838000000000000000e+03
3.082000000000000000e+03
3.380000000000000000e+03
3.612000000000000000e+03
3.882000000000000000e+03
4.050000000000000000e+03
4.115000000000000000e+03
4.036000000000000000e+03
3.658000000000000000e+03
3.427000000000000000e+03
2.901000000000000000e+03
2.710000000000000000e+03
2.589000000000000000e+03
2.644000000000000000e+03
2.711000000000000000e+03
2.615000000000000000e+03
2.787000000000000000e+03
2.700000000000000000e+03
2.872000000000000000e+03
2.785000000000000000e+03
2.972000000000000000e+03
3.035000000000000000e+03
2.938000000000000000e+03
3.155000000000000000e+03
3.396000000000000000e+03
3.633000000000000000e+03
4.124000000000000000e+03
4.495000000000000000e+03
4.776000000000000000e+03
5.598000000000000000e+03
6.664000000000000000e+03
8.443000000000000000e+03
9.510000000000000000e+03
1.052400000000000000e+04
1.071100000000000000e+04
1.092600000000000000e+04
1.026600000000000000e+04
9.802000000000000000e+03
8.875000000000000000e+03
7.921000000000000000e+03
6.266000000000000000e+03
5.306000000000000000e+03
5.017000000000000000e+03
6.009000000000000000e+03
4.856000000000000000e+03
4.671000000000000000e+03
4.983000000000000000e+03
5.009000000000000000e+03
4.774000000000000000e+03
4.666000000000000000e+03
3.973000000000000000e+03
3.929000000000000000e+03
3.944000000000000000e+03
4.067000000000000000e+03
4.461000000000000000e+03
4.680000000000000000e+03
4.590000000000000000e+03
4.838000000000000000e+03
4.817000000000000000e+03
5.200000000000000000e+03
5.853000000000000000e+03
7.162000000000000000e+03
8.258000000000000000e+03
9.285000000000000000e+03
9.129000000000000000e+03
9.239000000000000000e+03
8.970000000000000000e+03
8.376000000000000000e+03
7.908000000000000000e+03
7.046000000000000000e+03
6.476000000000000000e+03
6.067000000000000000e+03
6.156000000000000000e+03
6.074000000000000000e+03
5.926000000000000000e+03
6.583000000000000000e+03
6.021000000000000000e+03
7.472000000000000000e+03
8.200000000000000000e+03
9.101000000000000000e+03
8.919000000000000000e+03
1.001100000000000000e+04
9.511000000000000000e+03
9.127000000000000000e+03
5.944000000000000000e+03
4.990000000000000000e+03
5.145000000000000000e+03
7.397000000000000000e+03
5.927000000000000000e+03
5.187000000000000000e+03
6.826000000000000000e+03
7.441000000000000000e+03
1.044400000000000000e+04
7.319000000000000000e+03
7.524000000000000000e+03
6.227000000000000000e+03
5.238000000000000000e+03
4.832000000000000000e+03
5.604000000000000000e+03
7.865000000000000000e+03
1.290600000000000000e+04
7.889000000000000000e+03
1.484100000000000000e+04
1.545300000000000000e+04
1.394100000000000000e+04
1.248100000000000000e+04
5.736000000000000000e+03
1.384800000000000000e+04
2.391300000000000000e+04
3.514300000000000000e+04
1.456100000000000000e+04
9.463000000000000000e+03
5.349000000000000000e+03
8.108000000000000000e+03
2.119700000000000000e+04
2.755100000000000000e+04
1.550000000000000000e+04
1.872000000000000000e+04
3.351550000000000000e+05
2.288000000000000000e+03
