8.426000000000000000e+03
1.371000000000000000e+03
2.204000000000000000e+03
1.856000000000000000e+03
4.063000000000000000e+03
3.459000000000000000e+03
3.119000000000000000e+03
4.148000000000000000e+03
3.632000000000000000e+03
3.896000000000000000e+03
3.740000000000000000e+03
3.896000000000000000e+03
3.934000000000000000e+03
3.921000000000000000e+03
4.141000000000000000e+03
4.075000000000000000e+03
4.138000000000000000e+03
3.949000000000000000e+03
4.172000000000000000e+03
4.168000000000000000e+03
4.033000000000000000e+03
4.064000000000000000e+03
3.999000000000000000e+03
3.863000000000000000e+03
3.797000000000000000e+03
3.760000000000000000e+03
3.515000000000000000e+03
3.512000000000000000e+03
3.507000000000000000e+03
3.275000000000000000e+03
3.319000000000000000e+03
3.219000000000000000e+03
3.194000000000000000e+03
3.301000000000000000e+03
3.069000000000000000e+03
3.060000000000000000e+03
2.907000000000000000e+03
2.885000000000000000e+03
2.915000000000000000e+03
3.008000000000000000e+03
2.889000000000000000e+03
2.963000000000000000e+03
3.000000000000000000e+03
3.025000000000000000e+03
3.099000000000000000e+03
3.083000000000000000e+03
3.213000000000000000e+03
3.195000000000000000e+03
3.034000000000000000e+03
3.057000000000000000e+03
3.247000000000000000e+03
3.229000000000000000e+03
3.405000000000000000e+03
3.407000000000000000e+03
3.455000000000000000e+03
3.704000000000000000e+03
3.654000000000000000e+03
3.515000000000000000e+03
3.496000000000000000e+03
3.649000000000000000e+03
3.580000000000000000e+03
3.646000000000000000e+03
3.746000000000000000e+03
3.802000000000000000e+03
3.890000000000000000e+03
3.976000000000000000e+03
4.226000000000000000e+03
4.283000000000000000e+03
4.179000000000000000e+03
4.135000000000000000e+03
3.862000000000000000e+03
3.818000000000000000e+03
3.774000000000000000e+03
3.851000000000000000e+03
3.711000000000000000e+03
3.552000000000000000e+03
3.483000000000000000e+03
3.404000000000000000e+03
3.122000000000000000e+03
3.113000000000000000e+03
3.048000000000000000e+03
2.986000000000000000e+03
2.954000000000000000e+03
2.816000000000000000e+03
2.873000000000000000e+03
2.756000000000000000e+03
2.873000000000000000e+03
2.740000000000000000e+03
2.695000000000000000e+03
2.791000000000000000e+03
2.654000000000000000e+03
2.808000000000000000e+03
2.858000000000000000e+03
2.792000000000000000e+03
3.017000000000000000e+03
3.057000000000000000e+03
3.196000000000000000e+03
3.172000000000000000e+03
3.362000000000000000e+03
3.126000000000000000e+03
3.151000000000000000e+03
3.236000000000000000e+03
3.223000000000000000e+03
3.363000000000000000e+03
3.361000000000000000e+03
3.205000000000000000e+03
3.368000000000000000e+03
3.301000000000000000e+03
3.438000000000000000e+03
3.415000000000000000e+03
3.362000000000000000e+03
3.416000000000000000e+03
3.382000000000000000e+03
3.388000000000000000e+03
3.612000000000000000e+03
3.876000000000000000e+03
3.847000000000000000e+03
4.206000000000000000e+03
4.230000000000000000e+03
4.343000000000000000e+03
4.448000000000000000e+03
4.544000000000000000e+03
4.570000000000000000e+03
4.815000000000000000e+03
4.778000000000000000e+03
5.267000000000000000e+03
5.176000000000000000e+03
5.019000000000000000e+03
5.494000000000000000e+03
5.259000000000000000e+03
5.408000000000000000e+03
5.756000000000000000e+03
5.644000000000000000e+03
5.880000000000000000e+03
6.149000000000000000e+03
6.001000000000000000e+03
6.374000000000000000e+03
6.077000000000000000e+03
6.300000000000000000e+03
6.117000000000000000e+03
5.745000000000000000e+03
5.741000000000000000e+03
5.272000000000000000e+03
5.059000000000000000e+03
4.713000000000000000e+03
4.545000000000000000e+03
4.229000000000000000e+03
4.217000000000000000e+03
3.692000000000000000e+03
4.302000000000000000e+03
3.086000000000000000e+03
2.769000000000000000e+03
2.890000000000000000e+03
2.474000000000000000e+03
2.183000000000000000e+03
1.894000000000000000e+03
1.912000000000000000e+03
1.947000000000000000e+03
1.784000000000000000e+03
1.849000000000000000e+03
1.875000000000000000e+03
1.934000000000000000e+03
1.734000000000000000e+03
1.814000000000000000e+03
1.636000000000000000e+03
1.706000000000000000e+03
1.658000000000000000e+03
1.446000000000000000e+03
1.388000000000000000e+03
1.373000000000000000e+03
1.861000000000000000e+03
1.429000000000000000e+03
1.338000000000000000e+03
1.314000000000000000e+03
1.135000000000000000e+03
1.139000000000000000e+03
1.038000000000000000e+03
1.244000000000000000e+03
1.038000000000000000e+03
9.910000000000000000e+02
1.065000000000000000e+03
1.020000000000000000e+03
1.059000000000000000e+03
1.059000000000000000e+03
1.024000000000000000e+03
9.680000000000000000e+02
9.340000000000000000e+02
8.540000000000000000e+02
8.250000000000000000e+02
8.000000000000000000e+02
6.640000000000000000e+02
6.910000000000000000e+02
6.000000000000000000e+02
5.810000000000000000e+02
5.530000000000000000e+02
5.490000000000000000e+02
5.170000000000000000e+02
4.490000000000000000e+02
3.410000000000000000e+02
3.720000000000000000e+02
3.560000000000000000e+02
3.130000000000000000e+02
2.470000000000000000e+02
2.860000000000000000e+02
2.530000000000000000e+02
2.150000000000000000e+02
2.190000000000000000e+02
2.160000000000000000e+02
2.430000000000000000e+02
2.600000000000000000e+02
2.660000000000000000e+02
3.960000000000000000e+02
5.990000000000000000e+02
1.546000000000000000e+03
1.836000000000000000e+03
3.132000000000000000e+03
3.528000000000000000e+03
5.198000000000000000e+03
2.314000000000000000e+03
5.805000000000000000e+03
2.314000000000000000e+03
5.207000000000000000e+03
4.828000000000000000e+03
2.199000000000000000e+03
2.642000000000000000e+03
2.639000000000000000e+03
9.760000000000000000e+02
1.266000000000000000e+03
1.766000000000000000e+03
8.180000000000000000e+02
1.402000000000000000e+03
6.340000000000000000e+02
1.394000000000000000e+03
1.041000000000000000e+03
7.490000000000000000e+02
1.291000000000000000e+03
6.950000000000000000e+02
7.020000000000000000e+02
6.010000000000000000e+02
2.460000000000000000e+02
2.160000000000000000e+02
1.910000000000000000e+02
1.320000000000000000e+02
1.220000000000000000e+02
9.800000000000000000e+01
5.500000000000000000e+01
5.400000000000000000e+01
5.700000000000000000e+01
2.900000000000000000e+01
3.000000000000000000e+01
2.200000000000000000e+01
1.600000000000000000e+01
1.600000000000000000e+01
1.200000000000000000e+01
6.000000000000000000e+00
2.400000000000000000e+01
9.530000000000000000e+03
3.605000000000000000e+03
2.792000000000000000e+03
2.685000000000000000e+03
2.703000000000000000e+03
2.698000000000000000e+03
2.522000000000000000e+03
2.681000000000000000e+03
2.786000000000000000e+03
2.831000000000000000e+03
2.840000000000000000e+03
3.026000000000000000e+03
2.980000000000000000e+03
3.056000000000000000e+03
3.442000000000000000e+03
3.239000000000000000e+03
3.300000000000000000e+03
3.291000000000000000e+03
3.263000000000000000e+03
3.301000000000000000e+03
3.325000000000000000e+03
3.454000000000000000e+03
3.492000000000000000e+03
3.682000000000000000e+03
3.710000000000000000e+03
3.523000000000000000e+03
3.728000000000000000e+03
3.864000000000000000e+03
3.751000000000000000e+03
3.943000000000000000e+03
3.959000000000000000e+03
3.968000000000000000e+03
3.895000000000000000e+03
3.944000000000000000e+03
3.864000000000000000e+03
3.980000000000000000e+03
3.990000000000000000e+03
3.851000000000000000e+03
3.906000000000000000e+03
3.935000000000000000e+03
3.699000000000000000e+03
3.723000000000000000e+03
3.573000000000000000e+03
3.600000000000000000e+03
3.560000000000000000e+03
3.744000000000000000e+03
3.610000000000000000e+03
3.803000000000000000e+03
3.674000000000000000e+03
3.831000000000000000e+03
3.843000000000000000e+03
3.723000000000000000e+03
3.696000000000000000e+03
3.854000000000000000e+03
3.925000000000000000e+03
3.919000000000000000e+03
3.980000000000000000e+03
3.876000000000000000e+03
4.114000000000000000e+03
4.087000000000000000e+03
4.058000000000000000e+03
4.189000000000000000e+03
4.251000000000000000e+03
4.120000000000000000e+03
4.043000000000000000e+03
3.927000000000000000e+03
3.899000000000000000e+03
4.052000000000000000e+03
4.072000000000000000e+03
3.966000000000000000e+03
3.611000000000000000e+03
3.522000000000000000e+03
3.292000000000000000e+03
2.993000000000000000e+03
2.933000000000000000e+03
2.943000000000000000e+03
2.826000000000000000e+03
2.708000000000000000e+03
2.585000000000000000e+03
2.522000000000000000e+03
2.594000000000000000e+03
2.553000000000000000e+03
2.738000000000000000e+03
2.662000000000000000e+03
2.694000000000000000e+03
3.079000000000000000e+03
2.800000000000000000e+03
3.076000000000000000e+03
2.977000000000000000e+03
3.000000000000000000e+03
2.922000000000000000e+03
3.260000000000000000e+03
3.155000000000000000e+03
2.894000000000000000e+03
2.900000000000000000e+03
2.666000000000000000e+03
2.978000000000000000e+03
2.703000000000000000e+03
2.772000000000000000e+03
2.714000000000000000e+03
2.571000000000000000e+03
2.439000000000000000e+03
2.434000000000000000e+03
2.734000000000000000e+03
2.587000000000000000e+03
2.593000000000000000e+03
2.808000000000000000e+03
2.326000000000000000e+03
2.790000000000000000e+03
2.582000000000000000e+03
2.358000000000000000e+03
2.236000000000000000e+03
2.138000000000000000e+03
2.353000000000000000e+03
2.470000000000000000e+03
2.835000000000000000e+03
2.724000000000000000e+03
3.475000000000000000e+03
2.862000000000000000e+03
3.005000000000000000e+03
3.382000000000000000e+03
3.233000000000000000e+03
3.105000000000000000e+03
3.179000000000000000e+03
3.331000000000000000e+03
3.520000000000000000e+03
3.499000000000000000e+03
3.739000000000000000e+03
3.726000000000000000e+03
3.813000000000000000e+03
3.860000000000000000e+03
3.938000000000000000e+03
4.086000000000000000e+03
4.313000000000000000e+03
4.477000000000000000e+03
4.934000000000000000e+03
5.049000000000000000e+03
5.112000000000000000e+03
5.217000000000000000e+03
5.307000000000000000e+03
5.358000000000000000e+03
5.443000000000000000e+03
5.608000000000000000e+03
5.542000000000000000e+03
5.756000000000000000e+03
5.623000000000000000e+03
5.717000000000000000e+03
5.587000000000000000e+03
5.465000000000000000e+03
5.442000000000000000e+03
5.307000000000000000e+03
4.983000000000000000e+03
4.839000000000000000e+03
4.672000000000000000e+03
4.737000000000000000e+03
4.440000000000000000e+03
4.306000000000000000e+03
3.982000000000000000e+03
3.903000000000000000e+03
3.668000000000000000e+03
3.601000000000000000e+03
3.578000000000000000e+03
3.219000000000000000e+03
3.017000000000000000e+03
2.890000000000000000e+03
2.613000000000000000e+03
2.402000000000000000e+03
2.209000000000000000e+03
2.049000000000000000e+03
1.776000000000000000e+03
1.669000000000000000e+03
1.567000000000000000e+03
1.399000000000000000e+03
1.371000000000000000e+03
1.196000000000000000e+03
1.156000000000000000e+03
1.011000000000000000e+03
9.590000000000000000e+02
8.870000000000000000e+02
8.750000000000000000e+02
8.380000000000000000e+02
7.440000000000000000e+02
6.460000000000000000e+02
6.560000000000000000e+02
6.660000000000000000e+02
6.310000000000000000e+02
6.160000000000000000e+02
5.730000000000000000e+02
6.250000000000000000e+02
2.018000000000000000e+03
1.631000000000000000e+03
4.105000000000000000e+03
3.575000000000000000e+03
3.802000000000000000e+03
4.091000000000000000e+03
3.913000000000000000e+03
2.897000000000000000e+03
3.667000000000000000e+03
2.079000000000000000e+03
2.407000000000000000e+03
1.985000000000000000e+03
3.067000000000000000e+03
1.485000000000000000e+03
2.894000000000000000e+03
2.460000000000000000e+03
1.821000000000000000e+03
2.902000000000000000e+03
1.913000000000000000e+03
2.601000000000000000e+03
2.078000000000000000e+03
1.367000000000000000e+03
1.413000000000000000e+03
9.740000000000000000e+02
1.151000000000000000e+03
1.056000000000000000e+03
1.057000000000000000e+03
1.193000000000000000e+03
1.105000000000000000e+03
9.850000000000000000e+02
8.530000000000000000e+02
7.590000000000000000e+02
5.500000000000000000e+02
4.650000000000000000e+02
4.560000000000000000e+02
3.390000000000000000e+02
2.900000000000000000e+02
2.620000000000000000e+02
2.250000000000000000e+02
1.940000000000000000e+02
2.380000000000000000e+02
1.950000000000000000e+02
1.750000000000000000e+02
1.950000000000000000e+02
1.500000000000000000e+02
1.350000000000000000e+02
1.380000000000000000e+02
1.060000000000000000e+02
9.500000000000000000e+01
9.900000000000000000e+01
7.100000000000000000e+01
7.100000000000000000e+01
8.200000000000000000e+01
6.600000000000000000e+01
7.000000000000000000e+01
7.200000000000000000e+01
6.500000000000000000e+01
5.300000000000000000e+01
6.300000000000000000e+01
4.900000000000000000e+01
5.600000000000000000e+01
4.100000000000000000e+01
4.300000000000000000e+01
4.900000000000000000e+01
5.500000000000000000e+01
4.100000000000000000e+01
5.900000000000000000e+01
1.086100000000000000e+04
2.640000000000000000e+03
2.085000000000000000e+03
2.281000000000000000e+03
2.335000000000000000e+03
2.167000000000000000e+03
2.386000000000000000e+03
2.627000000000000000e+03
2.525000000000000000e+03
2.439000000000000000e+03
2.480000000000000000e+03
2.310000000000000000e+03
2.326000000000000000e+03
2.384000000000000000e+03
2.271000000000000000e+03
2.272000000000000000e+03
2.258000000000000000e+03
2.459000000000000000e+03
2.424000000000000000e+03
2.423000000000000000e+03
2.655000000000000000e+03
2.670000000000000000e+03
2.690000000000000000e+03
2.887000000000000000e+03
2.951000000000000000e+03
3.119000000000000000e+03
3.381000000000000000e+03
3.149000000000000000e+03
3.310000000000000000e+03
3.334000000000000000e+03
3.412000000000000000e+03
3.424000000000000000e+03
3.407000000000000000e+03
3.568000000000000000e+03
3.687000000000000000e+03
3.524000000000000000e+03
3.561000000000000000e+03
3.828000000000000000e+03
3.779000000000000000e+03
3.902000000000000000e+03
4.250000000000000000e+03
3.938000000000000000e+03
3.967000000000000000e+03
3.986000000000000000e+03
4.033000000000000000e+03
3.964000000000000000e+03
3.961000000000000000e+03
3.954000000000000000e+03
4.131000000000000000e+03
4.197000000000000000e+03
4.315000000000000000e+03
4.396000000000000000e+03
4.497000000000000000e+03
4.350000000000000000e+03
4.543000000000000000e+03
4.383000000000000000e+03
4.212000000000000000e+03
4.150000000000000000e+03
4.120000000000000000e+03
3.941000000000000000e+03
3.984000000000000000e+03
3.851000000000000000e+03
4.192000000000000000e+03
4.189000000000000000e+03
4.274000000000000000e+03
4.559000000000000000e+03
4.460000000000000000e+03
4.634000000000000000e+03
4.383000000000000000e+03
4.348000000000000000e+03
4.347000000000000000e+03
4.087000000000000000e+03
4.579000000000000000e+03
4.141000000000000000e+03
3.741000000000000000e+03
4.433000000000000000e+03
3.330000000000000000e+03
3.767000000000000000e+03
3.156000000000000000e+03
2.900000000000000000e+03
3.058000000000000000e+03
2.707000000000000000e+03
2.781000000000000000e+03
3.154000000000000000e+03
2.510000000000000000e+03
2.560000000000000000e+03
2.375000000000000000e+03
2.362000000000000000e+03
2.703000000000000000e+03
2.274000000000000000e+03
2.515000000000000000e+03
2.603000000000000000e+03
2.408000000000000000e+03
2.495000000000000000e+03
2.432000000000000000e+03
2.465000000000000000e+03
2.814000000000000000e+03
2.703000000000000000e+03
3.499000000000000000e+03
2.794000000000000000e+03
2.921000000000000000e+03
3.175000000000000000e+03
2.703000000000000000e+03
2.881000000000000000e+03
2.765000000000000000e+03
2.812000000000000000e+03
2.933000000000000000e+03
2.699000000000000000e+03
2.493000000000000000e+03
2.839000000000000000e+03
2.629000000000000000e+03
2.641000000000000000e+03
2.544000000000000000e+03
2.546000000000000000e+03
2.542000000000000000e+03
2.556000000000000000e+03
2.358000000000000000e+03
2.457000000000000000e+03
2.287000000000000000e+03
2.380000000000000000e+03
2.323000000000000000e+03
2.344000000000000000e+03
2.346000000000000000e+03
2.382000000000000000e+03
2.426000000000000000e+03
2.371000000000000000e+03
2.542000000000000000e+03
2.691000000000000000e+03
2.720000000000000000e+03
2.777000000000000000e+03
3.018000000000000000e+03
3.172000000000000000e+03
3.219000000000000000e+03
3.339000000000000000e+03
3.511000000000000000e+03
3.758000000000000000e+03
3.716000000000000000e+03
3.929000000000000000e+03
4.091000000000000000e+03
4.127000000000000000e+03
4.121000000000000000e+03
4.315000000000000000e+03
4.192000000000000000e+03
4.439000000000000000e+03
4.296000000000000000e+03
4.418000000000000000e+03
4.347000000000000000e+03
4.264000000000000000e+03
4.139000000000000000e+03
4.069000000000000000e+03
3.985000000000000000e+03
3.888000000000000000e+03
3.762000000000000000e+03
3.746000000000000000e+03
3.720000000000000000e+03
3.697000000000000000e+03
4.431000000000000000e+03
3.529000000000000000e+03
5.990000000000000000e+03
4.603000000000000000e+03
4.805000000000000000e+03
6.489000000000000000e+03
4.407000000000000000e+03
6.613000000000000000e+03
5.174000000000000000e+03
5.390000000000000000e+03
5.416000000000000000e+03
4.228000000000000000e+03
5.648000000000000000e+03
4.356000000000000000e+03
3.372000000000000000e+03
4.975000000000000000e+03
3.144000000000000000e+03
3.208000000000000000e+03
2.886000000000000000e+03
2.481000000000000000e+03
4.240000000000000000e+03
2.318000000000000000e+03
2.803000000000000000e+03
3.499000000000000000e+03
2.497000000000000000e+03
3.293000000000000000e+03
2.396000000000000000e+03
2.709000000000000000e+03
2.535000000000000000e+03
1.878000000000000000e+03
3.085000000000000000e+03
2.551000000000000000e+03
1.901000000000000000e+03
2.124000000000000000e+03
1.507000000000000000e+03
1.610000000000000000e+03
1.580000000000000000e+03
1.476000000000000000e+03
1.413000000000000000e+03
1.379000000000000000e+03
1.434000000000000000e+03
1.374000000000000000e+03
1.308000000000000000e+03
1.209000000000000000e+03
1.061000000000000000e+03
9.590000000000000000e+02
9.090000000000000000e+02
8.770000000000000000e+02
8.030000000000000000e+02
8.040000000000000000e+02
7.410000000000000000e+02
7.540000000000000000e+02
7.560000000000000000e+02
7.720000000000000000e+02
7.320000000000000000e+02
7.220000000000000000e+02
7.890000000000000000e+02
1.170000000000000000e+03
6.860000000000000000e+02
6.770000000000000000e+02
6.430000000000000000e+02
6.470000000000000000e+02
6.490000000000000000e+02
5.670000000000000000e+02
5.780000000000000000e+02
5.770000000000000000e+02
6.020000000000000000e+02
6.170000000000000000e+02
5.380000000000000000e+02
5.920000000000000000e+02
5.640000000000000000e+02
5.320000000000000000e+02
6.060000000000000000e+02
4.880000000000000000e+02
5.710000000000000000e+02
5.250000000000000000e+02
5.300000000000000000e+02
5.520000000000000000e+02
5.770000000000000000e+02
5.830000000000000000e+02
5.430000000000000000e+02
5.360000000000000000e+02
5.500000000000000000e+02
5.020000000000000000e+02
5.760000000000000000e+02
5.910000000000000000e+02
5.600000000000000000e+02
5.640000000000000000e+02
5.490000000000000000e+02
5.310000000000000000e+02
5.270000000000000000e+02
5.470000000000000000e+02
5.470000000000000000e+02
5.020000000000000000e+02
4.910000000000000000e+02
4.470000000000000000e+02
4.270000000000000000e+02
3.950000000000000000e+02
3.210000000000000000e+02
2.265000000000000000e+03
