2.638700000000000000e+04
8.411000000000000000e+03
1.822500000000000000e+04
1.461900000000000000e+04
1.659200000000000000e+04
1.536300000000000000e+04
1.768700000000000000e+04
1.531800000000000000e+04
1.345400000000000000e+04
1.249800000000000000e+04
1.237100000000000000e+04
1.200800000000000000e+04
1.048500000000000000e+04
8.897000000000000000e+03
9.661000000000000000e+03
8.916000000000000000e+03
9.488000000000000000e+03
8.807000000000000000e+03
9.050000000000000000e+03
9.166000000000000000e+03
9.466000000000000000e+03
9.898000000000000000e+03
1.038500000000000000e+04
1.051800000000000000e+04
8.841000000000000000e+03
9.640000000000000000e+03
8.763000000000000000e+03
7.922000000000000000e+03
8.262000000000000000e+03
7.799000000000000000e+03
7.826000000000000000e+03
7.694000000000000000e+03
7.461000000000000000e+03
7.333000000000000000e+03
7.137000000000000000e+03
7.041000000000000000e+03
6.806000000000000000e+03
6.726000000000000000e+03
6.040000000000000000e+03
5.642000000000000000e+03
5.518000000000000000e+03
5.505000000000000000e+03
5.507000000000000000e+03
6.029000000000000000e+03
5.635000000000000000e+03
5.407000000000000000e+03
5.513000000000000000e+03
5.671000000000000000e+03
5.543000000000000000e+03
5.317000000000000000e+03
5.290000000000000000e+03
5.359000000000000000e+03
5.364000000000000000e+03
5.953000000000000000e+03
6.279000000000000000e+03
8.012000000000000000e+03
9.017000000000000000e+03
7.149000000000000000e+03
6.763000000000000000e+03
6.649000000000000000e+03
5.816000000000000000e+03
4.894000000000000000e+03
4.693000000000000000e+03
4.428000000000000000e+03
5.613000000000000000e+03
4.662000000000000000e+03
4.263000000000000000e+03
3.420000000000000000e+03
3.415000000000000000e+03
3.467000000000000000e+03
3.876000000000000000e+03
3.884000000000000000e+03
3.490000000000000000e+03
3.206000000000000000e+03
3.113000000000000000e+03
2.964000000000000000e+03
2.617000000000000000e+03
2.762000000000000000e+03
2.538000000000000000e+03
2.358000000000000000e+03
2.427000000000000000e+03
2.466000000000000000e+03
2.399000000000000000e+03
2.515000000000000000e+03
2.404000000000000000e+03
2.483000000000000000e+03
2.625000000000000000e+03
2.536000000000000000e+03
2.500000000000000000e+03
2.501000000000000000e+03
2.483000000000000000e+03
2.568000000000000000e+03
2.693000000000000000e+03
2.716000000000000000e+03
2.635000000000000000e+03
2.781000000000000000e+03
3.037000000000000000e+03
3.025000000000000000e+03
3.110000000000000000e+03
3.315000000000000000e+03
3.491000000000000000e+03
3.509000000000000000e+03
3.657000000000000000e+03
3.731000000000000000e+03
3.888000000000000000e+03
3.949000000000000000e+03
4.199000000000000000e+03
4.457000000000000000e+03
4.567000000000000000e+03
4.712000000000000000e+03
4.873000000000000000e+03
4.984000000000000000e+03
5.251000000000000000e+03
5.461000000000000000e+03
5.519000000000000000e+03
5.626000000000000000e+03
5.971000000000000000e+03
6.015000000000000000e+03
6.251000000000000000e+03
6.329000000000000000e+03
6.558000000000000000e+03
6.772000000000000000e+03
7.073000000000000000e+03
7.155000000000000000e+03
7.345000000000000000e+03
7.731000000000000000e+03
7.864000000000000000e+03
8.125000000000000000e+03
8.414000000000000000e+03
8.376000000000000000e+03
8.754000000000000000e+03
8.792000000000000000e+03
9.041000000000000000e+03
9.104000000000000000e+03
9.368000000000000000e+03
9.395000000000000000e+03
9.517000000000000000e+03
9.559000000000000000e+03
9.482000000000000000e+03
9.541000000000000000e+03
9.428000000000000000e+03
9.343000000000000000e+03
9.409000000000000000e+03
9.326000000000000000e+03
9.174000000000000000e+03
9.037000000000000000e+03
8.914000000000000000e+03
8.743000000000000000e+03
8.367000000000000000e+03
8.217000000000000000e+03
7.914000000000000000e+03
7.500000000000000000e+03
7.354000000000000000e+03
7.185000000000000000e+03
6.847000000000000000e+03
6.427000000000000000e+03
6.138000000000000000e+03
5.821000000000000000e+03
5.492000000000000000e+03
5.291000000000000000e+03
4.956000000000000000e+03
4.727000000000000000e+03
4.396000000000000000e+03
4.195000000000000000e+03
4.064000000000000000e+03
3.747000000000000000e+03
3.717000000000000000e+03
3.426000000000000000e+03
3.029000000000000000e+03
2.941000000000000000e+03
2.806000000000000000e+03
2.625000000000000000e+03
2.467000000000000000e+03
2.280000000000000000e+03
2.273000000000000000e+03
2.139000000000000000e+03
1.958000000000000000e+03
2.048000000000000000e+03
1.905000000000000000e+03
1.868000000000000000e+03
1.829000000000000000e+03
1.946000000000000000e+03
1.944000000000000000e+03
2.071000000000000000e+03
2.205000000000000000e+03
2.374000000000000000e+03
2.808000000000000000e+03
2.832000000000000000e+03
2.806000000000000000e+03
2.810000000000000000e+03
2.884000000000000000e+03
3.005000000000000000e+03
3.013000000000000000e+03
3.480000000000000000e+03
3.928000000000000000e+03
4.244000000000000000e+03
4.737000000000000000e+03
4.873000000000000000e+03
5.131000000000000000e+03
5.785000000000000000e+03
5.905000000000000000e+03
6.012000000000000000e+03
6.137000000000000000e+03
6.661000000000000000e+03
5.847000000000000000e+03
5.641000000000000000e+03
6.163000000000000000e+03
6.353000000000000000e+03
6.397000000000000000e+03
6.611000000000000000e+03
8.036000000000000000e+03
8.919000000000000000e+03
1.094700000000000000e+04
1.351300000000000000e+04
1.322700000000000000e+04
1.201700000000000000e+04
1.154400000000000000e+04
1.368300000000000000e+04
1.576200000000000000e+04
1.238100000000000000e+04
1.239600000000000000e+04
1.192600000000000000e+04
1.207600000000000000e+04
1.066600000000000000e+04
1.112300000000000000e+04
1.159300000000000000e+04
1.284300000000000000e+04
1.256500000000000000e+04
1.474800000000000000e+04
1.502200000000000000e+04
1.689100000000000000e+04
1.868500000000000000e+04
1.661500000000000000e+04
2.112500000000000000e+04
2.682100000000000000e+04
2.381300000000000000e+04
2.363500000000000000e+04
1.859600000000000000e+04
1.211100000000000000e+04
8.729000000000000000e+03
6.739000000000000000e+03
5.615000000000000000e+03
5.303000000000000000e+03
3.832000000000000000e+03
3.587000000000000000e+03
2.996000000000000000e+03
2.461000000000000000e+03
1.970000000000000000e+03
1.744000000000000000e+03
1.520000000000000000e+03
1.327000000000000000e+03
1.271000000000000000e+03
1.190000000000000000e+03
1.197000000000000000e+03
9.400000000000000000e+02
1.187000000000000000e+03
3.754300000000000000e+04
2.300300000000000000e+04
2.629100000000000000e+04
2.177900000000000000e+04
1.601400000000000000e+04
1.372900000000000000e+04
1.342800000000000000e+04
1.427500000000000000e+04
1.702900000000000000e+04
1.843300000000000000e+04
1.760100000000000000e+04
1.247700000000000000e+04
1.029700000000000000e+04
9.476000000000000000e+03
9.452000000000000000e+03
9.042000000000000000e+03
9.178000000000000000e+03
9.177000000000000000e+03
9.577000000000000000e+03
9.071000000000000000e+03
8.851000000000000000e+03
7.900000000000000000e+03
7.705000000000000000e+03
7.856000000000000000e+03
7.641000000000000000e+03
7.838000000000000000e+03
7.436000000000000000e+03
7.403000000000000000e+03
7.417000000000000000e+03
7.639000000000000000e+03
7.746000000000000000e+03
7.449000000000000000e+03
7.094000000000000000e+03
6.849000000000000000e+03
6.580000000000000000e+03
6.407000000000000000e+03
6.404000000000000000e+03
6.418000000000000000e+03
6.788000000000000000e+03
6.927000000000000000e+03
8.147000000000000000e+03
7.619000000000000000e+03
6.545000000000000000e+03
6.524000000000000000e+03
8.002000000000000000e+03
7.510000000000000000e+03
7.375000000000000000e+03
7.440000000000000000e+03
6.594000000000000000e+03
6.389000000000000000e+03
7.872000000000000000e+03
6.320000000000000000e+03
5.952000000000000000e+03
5.102000000000000000e+03
4.586000000000000000e+03
4.585000000000000000e+03
4.504000000000000000e+03
4.556000000000000000e+03
4.022000000000000000e+03
3.507000000000000000e+03
3.413000000000000000e+03
2.924000000000000000e+03
2.685000000000000000e+03
2.370000000000000000e+03
2.154000000000000000e+03
2.132000000000000000e+03
2.005000000000000000e+03
1.942000000000000000e+03
1.946000000000000000e+03
1.819000000000000000e+03
1.849000000000000000e+03
1.762000000000000000e+03
1.688000000000000000e+03
1.665000000000000000e+03
1.670000000000000000e+03
1.650000000000000000e+03
1.803000000000000000e+03
1.792000000000000000e+03
1.844000000000000000e+03
1.941000000000000000e+03
1.996000000000000000e+03
1.890000000000000000e+03
1.950000000000000000e+03
1.998000000000000000e+03
2.069000000000000000e+03
2.174000000000000000e+03
2.057000000000000000e+03
2.054000000000000000e+03
2.106000000000000000e+03
2.154000000000000000e+03
2.148000000000000000e+03
2.227000000000000000e+03
2.161000000000000000e+03
2.016000000000000000e+03
2.165000000000000000e+03
2.218000000000000000e+03
2.283000000000000000e+03
2.438000000000000000e+03
2.375000000000000000e+03
2.426000000000000000e+03
2.361000000000000000e+03
2.429000000000000000e+03
2.571000000000000000e+03
2.493000000000000000e+03
2.564000000000000000e+03
2.542000000000000000e+03
2.440000000000000000e+03
2.440000000000000000e+03
2.497000000000000000e+03
2.563000000000000000e+03
2.549000000000000000e+03
2.450000000000000000e+03
2.556000000000000000e+03
2.706000000000000000e+03
2.667000000000000000e+03
2.747000000000000000e+03
2.747000000000000000e+03
2.894000000000000000e+03
3.044000000000000000e+03
3.157000000000000000e+03
3.246000000000000000e+03
3.418000000000000000e+03
3.463000000000000000e+03
3.681000000000000000e+03
3.905000000000000000e+03
3.954000000000000000e+03
4.198000000000000000e+03
4.273000000000000000e+03
4.388000000000000000e+03
4.602000000000000000e+03
4.911000000000000000e+03
4.939000000000000000e+03
5.128000000000000000e+03
5.388000000000000000e+03
5.591000000000000000e+03
5.868000000000000000e+03
6.004000000000000000e+03
6.205000000000000000e+03
6.424000000000000000e+03
6.609000000000000000e+03
6.814000000000000000e+03
7.097000000000000000e+03
7.173000000000000000e+03
7.573000000000000000e+03
7.876000000000000000e+03
7.921000000000000000e+03
8.052000000000000000e+03
8.452000000000000000e+03
8.600000000000000000e+03
8.618000000000000000e+03
9.045000000000000000e+03
9.028000000000000000e+03
9.108000000000000000e+03
9.329000000000000000e+03
9.310000000000000000e+03
9.414000000000000000e+03
9.351000000000000000e+03
9.245000000000000000e+03
9.406000000000000000e+03
9.201000000000000000e+03
9.109000000000000000e+03
9.092000000000000000e+03
8.684000000000000000e+03
8.507000000000000000e+03
8.359000000000000000e+03
8.094000000000000000e+03
7.845000000000000000e+03
7.560000000000000000e+03
7.333000000000000000e+03
6.974000000000000000e+03
6.798000000000000000e+03
6.563000000000000000e+03
6.177000000000000000e+03
6.102000000000000000e+03
5.857000000000000000e+03
5.778000000000000000e+03
5.783000000000000000e+03
5.570000000000000000e+03
5.491000000000000000e+03
5.405000000000000000e+03
5.907000000000000000e+03
5.894000000000000000e+03
5.431000000000000000e+03
5.210000000000000000e+03
5.051000000000000000e+03
4.652000000000000000e+03
4.562000000000000000e+03
4.755000000000000000e+03
5.046000000000000000e+03
5.291000000000000000e+03
5.259000000000000000e+03
5.454000000000000000e+03
5.248000000000000000e+03
5.626000000000000000e+03
5.670000000000000000e+03
5.590000000000000000e+03
5.843000000000000000e+03
6.167000000000000000e+03
5.649000000000000000e+03
5.917000000000000000e+03
5.833000000000000000e+03
5.907000000000000000e+03
6.559000000000000000e+03
7.012000000000000000e+03
6.930000000000000000e+03
7.437000000000000000e+03
8.664000000000000000e+03
9.822000000000000000e+03
1.200000000000000000e+04
1.291700000000000000e+04
1.363600000000000000e+04
1.271400000000000000e+04
1.260900000000000000e+04
1.320400000000000000e+04
1.337600000000000000e+04
1.261500000000000000e+04
1.084400000000000000e+04
1.018800000000000000e+04
1.063300000000000000e+04
1.162300000000000000e+04
1.116900000000000000e+04
1.440600000000000000e+04
1.253300000000000000e+04
1.293700000000000000e+04
1.376500000000000000e+04
1.452400000000000000e+04
1.467000000000000000e+04
2.049000000000000000e+04
1.452000000000000000e+04
1.493400000000000000e+04
2.023500000000000000e+04
1.572000000000000000e+04
1.465900000000000000e+04
1.678600000000000000e+04
1.464300000000000000e+04
1.720100000000000000e+04
1.797000000000000000e+04
1.625100000000000000e+04
1.053700000000000000e+04
7.315000000000000000e+03
4.839000000000000000e+03
3.191000000000000000e+03
2.635000000000000000e+03
2.181000000000000000e+03
1.872000000000000000e+03
1.522000000000000000e+03
1.393000000000000000e+03
1.191000000000000000e+03
9.880000000000000000e+02
8.240000000000000000e+02
9.290000000000000000e+02
6.690000000000000000e+02
4.770000000000000000e+02
1.890000000000000000e+02
1.680000000000000000e+02
2.860000000000000000e+02
6.544800000000000000e+04
3.741100000000000000e+04
3.426600000000000000e+04
2.623200000000000000e+04
1.831100000000000000e+04
1.484800000000000000e+04
1.345100000000000000e+04
1.302500000000000000e+04
1.420400000000000000e+04
1.626800000000000000e+04
1.359500000000000000e+04
1.063400000000000000e+04
1.002600000000000000e+04
9.857000000000000000e+03
9.675000000000000000e+03
9.748000000000000000e+03
9.648000000000000000e+03
9.264000000000000000e+03
9.198000000000000000e+03
9.446000000000000000e+03
9.389000000000000000e+03
9.389000000000000000e+03
1.026500000000000000e+04
1.045500000000000000e+04
1.231100000000000000e+04
1.278000000000000000e+04
1.338600000000000000e+04
1.158900000000000000e+04
1.150700000000000000e+04
1.207300000000000000e+04
1.130600000000000000e+04
1.141900000000000000e+04
9.995000000000000000e+03
9.119000000000000000e+03
8.201000000000000000e+03
7.800000000000000000e+03
6.919000000000000000e+03
5.677000000000000000e+03
5.136000000000000000e+03
4.527000000000000000e+03
3.774000000000000000e+03
3.422000000000000000e+03
3.144000000000000000e+03
2.924000000000000000e+03
2.865000000000000000e+03
2.720000000000000000e+03
2.605000000000000000e+03
2.587000000000000000e+03
2.463000000000000000e+03
2.429000000000000000e+03
2.328000000000000000e+03
2.407000000000000000e+03
2.276000000000000000e+03
2.197000000000000000e+03
2.221000000000000000e+03
2.095000000000000000e+03
2.040000000000000000e+03
1.997000000000000000e+03
2.013000000000000000e+03
1.979000000000000000e+03
1.982000000000000000e+03
1.982000000000000000e+03
1.988000000000000000e+03
2.004000000000000000e+03
2.112000000000000000e+03
2.138000000000000000e+03
2.062000000000000000e+03
2.074000000000000000e+03
2.112000000000000000e+03
2.184000000000000000e+03
2.057000000000000000e+03
2.104000000000000000e+03
2.066000000000000000e+03
1.914000000000000000e+03
1.710000000000000000e+03
1.701000000000000000e+03
1.638000000000000000e+03
1.591000000000000000e+03
1.657000000000000000e+03
1.693000000000000000e+03
1.586000000000000000e+03
1.657000000000000000e+03
1.802000000000000000e+03
1.830000000000000000e+03
1.884000000000000000e+03
1.904000000000000000e+03
1.818000000000000000e+03
1.783000000000000000e+03
1.891000000000000000e+03
1.917000000000000000e+03
1.926000000000000000e+03
2.157000000000000000e+03
1.892000000000000000e+03
1.800000000000000000e+03
1.845000000000000000e+03
1.814000000000000000e+03
1.697000000000000000e+03
1.705000000000000000e+03
1.673000000000000000e+03
1.739000000000000000e+03
1.739000000000000000e+03
1.729000000000000000e+03
1.716000000000000000e+03
1.709000000000000000e+03
1.700000000000000000e+03
1.758000000000000000e+03
1.753000000000000000e+03
1.763000000000000000e+03
1.755000000000000000e+03
1.786000000000000000e+03
1.778000000000000000e+03
1.864000000000000000e+03
1.920000000000000000e+03
1.943000000000000000e+03
1.992000000000000000e+03
2.163000000000000000e+03
2.052000000000000000e+03
2.200000000000000000e+03
2.286000000000000000e+03
2.257000000000000000e+03
2.503000000000000000e+03
2.469000000000000000e+03
2.445000000000000000e+03
2.581000000000000000e+03
2.649000000000000000e+03
2.848000000000000000e+03
2.937000000000000000e+03
3.152000000000000000e+03
3.228000000000000000e+03
3.508000000000000000e+03
3.623000000000000000e+03
3.772000000000000000e+03
4.048000000000000000e+03
4.147000000000000000e+03
4.259000000000000000e+03
4.587000000000000000e+03
4.791000000000000000e+03
5.041000000000000000e+03
5.216000000000000000e+03
5.449000000000000000e+03
5.704000000000000000e+03
5.998000000000000000e+03
6.243000000000000000e+03
6.354000000000000000e+03
6.625000000000000000e+03
7.003000000000000000e+03
7.289000000000000000e+03
7.413000000000000000e+03
7.652000000000000000e+03
7.804000000000000000e+03
8.038000000000000000e+03
8.074000000000000000e+03
8.212000000000000000e+03
8.579000000000000000e+03
8.764000000000000000e+03
8.901000000000000000e+03
8.986000000000000000e+03
9.249000000000000000e+03
9.263000000000000000e+03
9.564000000000000000e+03
9.571000000000000000e+03
9.618000000000000000e+03
9.682000000000000000e+03
9.598000000000000000e+03
9.709000000000000000e+03
9.774000000000000000e+03
9.721000000000000000e+03
9.639000000000000000e+03
9.458000000000000000e+03
9.256000000000000000e+03
9.228000000000000000e+03
9.176000000000000000e+03
8.963000000000000000e+03
8.813000000000000000e+03
8.251000000000000000e+03
8.286000000000000000e+03
8.146000000000000000e+03
7.667000000000000000e+03
7.157000000000000000e+03
7.054000000000000000e+03
6.846000000000000000e+03
6.889000000000000000e+03
7.018000000000000000e+03
7.066000000000000000e+03
6.980000000000000000e+03
6.548000000000000000e+03
6.840000000000000000e+03
6.794000000000000000e+03
7.007000000000000000e+03
6.901000000000000000e+03
6.922000000000000000e+03
6.356000000000000000e+03
6.383000000000000000e+03
6.199000000000000000e+03
6.601000000000000000e+03
7.100000000000000000e+03
7.025000000000000000e+03
7.611000000000000000e+03
8.117000000000000000e+03
8.827000000000000000e+03
9.844000000000000000e+03
1.080600000000000000e+04
1.197200000000000000e+04
1.315300000000000000e+04
1.526600000000000000e+04
1.486300000000000000e+04
1.297700000000000000e+04
1.286300000000000000e+04
1.224300000000000000e+04
1.110400000000000000e+04
1.133000000000000000e+04
1.005300000000000000e+04
9.511000000000000000e+03
9.948000000000000000e+03
7.923000000000000000e+03
8.726000000000000000e+03
1.047000000000000000e+04
1.155000000000000000e+04
1.185100000000000000e+04
1.875500000000000000e+04
1.667500000000000000e+04
1.546200000000000000e+04
2.124900000000000000e+04
1.561500000000000000e+04
1.849600000000000000e+04
2.927900000000000000e+04
2.411000000000000000e+04
2.293600000000000000e+04
2.109800000000000000e+04
1.424900000000000000e+04
9.819000000000000000e+03
7.247000000000000000e+03
5.612000000000000000e+03
4.650000000000000000e+03
4.151000000000000000e+03
3.449000000000000000e+03
2.814000000000000000e+03
2.371000000000000000e+03
1.819000000000000000e+03
1.659000000000000000e+03
1.375000000000000000e+03
1.356000000000000000e+03
1.190000000000000000e+03
1.205000000000000000e+03
1.335000000000000000e+03
1.290000000000000000e+03
1.284000000000000000e+03
8.830000000000000000e+02
7.360000000000000000e+02
6.140000000000000000e+02
5.680000000000000000e+02
5.450000000000000000e+02
5.220000000000000000e+02
3.960000000000000000e+02
3.670000000000000000e+02
1.365000000000000000e+03
