7.200000000000000000e+02
1.590000000000000000e+02
2.070000000000000000e+02
2.250000000000000000e+02
2.230000000000000000e+02
2.430000000000000000e+02
2.910000000000000000e+02
3.020000000000000000e+02
2.870000000000000000e+02
3.030000000000000000e+02
3.110000000000000000e+02
2.770000000000000000e+02
3.040000000000000000e+02
3.720000000000000000e+02
3.640000000000000000e+02
2.970000000000000000e+02
3.150000000000000000e+02
3.670000000000000000e+02
3.840000000000000000e+02
4.590000000000000000e+02
4.850000000000000000e+02
4.940000000000000000e+02
5.720000000000000000e+02
5.710000000000000000e+02
5.920000000000000000e+02
6.790000000000000000e+02
6.680000000000000000e+02
6.360000000000000000e+02
7.300000000000000000e+02
7.670000000000000000e+02
7.880000000000000000e+02
9.180000000000000000e+02
1.065000000000000000e+03
1.190000000000000000e+03
1.253000000000000000e+03
1.307000000000000000e+03
1.313000000000000000e+03
1.388000000000000000e+03
1.381000000000000000e+03
1.383000000000000000e+03
1.307000000000000000e+03
1.352000000000000000e+03
1.371000000000000000e+03
1.396000000000000000e+03
1.277000000000000000e+03
1.314000000000000000e+03
1.314000000000000000e+03
1.361000000000000000e+03
1.331000000000000000e+03
1.227000000000000000e+03
1.175000000000000000e+03
1.276000000000000000e+03
1.243000000000000000e+03
1.169000000000000000e+03
1.129000000000000000e+03
1.108000000000000000e+03
1.126000000000000000e+03
1.048000000000000000e+03
1.115000000000000000e+03
1.151000000000000000e+03
1.047000000000000000e+03
1.203000000000000000e+03
1.283000000000000000e+03
1.374000000000000000e+03
1.429000000000000000e+03
1.564000000000000000e+03
1.552000000000000000e+03
1.500000000000000000e+03
1.544000000000000000e+03
1.556000000000000000e+03
1.630000000000000000e+03
1.716000000000000000e+03
1.692000000000000000e+03
1.736000000000000000e+03
1.857000000000000000e+03
1.907000000000000000e+03
1.986000000000000000e+03
1.945000000000000000e+03
1.983000000000000000e+03
1.986000000000000000e+03
2.072000000000000000e+03
2.140000000000000000e+03
2.253000000000000000e+03
2.416000000000000000e+03
2.652000000000000000e+03
2.734000000000000000e+03
3.091000000000000000e+03
3.455000000000000000e+03
3.747000000000000000e+03
3.876000000000000000e+03
3.903000000000000000e+03
4.031000000000000000e+03
4.014000000000000000e+03
3.840000000000000000e+03
3.595000000000000000e+03
3.355000000000000000e+03
3.202000000000000000e+03
3.212000000000000000e+03
2.874000000000000000e+03
2.778000000000000000e+03
2.560000000000000000e+03
2.446000000000000000e+03
2.368000000000000000e+03
2.264000000000000000e+03
2.362000000000000000e+03
2.311000000000000000e+03
2.395000000000000000e+03
2.434000000000000000e+03
2.342000000000000000e+03
2.389000000000000000e+03
2.443000000000000000e+03
2.432000000000000000e+03
2.346000000000000000e+03
2.605000000000000000e+03
2.756000000000000000e+03
2.956000000000000000e+03
2.836000000000000000e+03
3.067000000000000000e+03
2.935000000000000000e+03
2.981000000000000000e+03
2.983000000000000000e+03
2.956000000000000000e+03
2.942000000000000000e+03
2.771000000000000000e+03
2.665000000000000000e+03
2.319000000000000000e+03
2.067000000000000000e+03
1.873000000000000000e+03
1.716000000000000000e+03
1.465000000000000000e+03
1.179000000000000000e+03
1.050000000000000000e+03
1.020000000000000000e+03
1.021000000000000000e+03
9.920000000000000000e+02
9.870000000000000000e+02
9.780000000000000000e+02
9.900000000000000000e+02
9.300000000000000000e+02
9.100000000000000000e+02
9.610000000000000000e+02
8.350000000000000000e+02
8.500000000000000000e+02
8.970000000000000000e+02
8.750000000000000000e+02
9.480000000000000000e+02
9.320000000000000000e+02
9.230000000000000000e+02
9.740000000000000000e+02
1.010000000000000000e+03
1.112000000000000000e+03
1.122000000000000000e+03
1.189000000000000000e+03
1.298000000000000000e+03
1.361000000000000000e+03
1.238000000000000000e+03
1.281000000000000000e+03
1.281000000000000000e+03
1.233000000000000000e+03
1.110000000000000000e+03
1.222000000000000000e+03
1.222000000000000000e+03
1.207000000000000000e+03
1.266000000000000000e+03
1.292000000000000000e+03
1.270000000000000000e+03
1.356000000000000000e+03
1.356000000000000000e+03
1.280000000000000000e+03
1.274000000000000000e+03
1.304000000000000000e+03
1.202000000000000000e+03
1.130000000000000000e+03
1.054000000000000000e+03
1.092000000000000000e+03
1.022000000000000000e+03
1.032000000000000000e+03
1.049000000000000000e+03
1.016000000000000000e+03
1.058000000000000000e+03
1.035000000000000000e+03
9.860000000000000000e+02
1.055000000000000000e+03
1.059000000000000000e+03
1.065000000000000000e+03
1.094000000000000000e+03
1.150000000000000000e+03
1.122000000000000000e+03
1.168000000000000000e+03
1.213000000000000000e+03
1.273000000000000000e+03
1.308000000000000000e+03
1.413000000000000000e+03
1.446000000000000000e+03
1.527000000000000000e+03
1.518000000000000000e+03
1.602000000000000000e+03
1.576000000000000000e+03
1.634000000000000000e+03
1.692000000000000000e+03
1.657000000000000000e+03
1.722000000000000000e+03
1.685000000000000000e+03
1.674000000000000000e+03
1.591000000000000000e+03
1.554000000000000000e+03
1.477000000000000000e+03
1.496000000000000000e+03
1.424000000000000000e+03
1.401000000000000000e+03
1.251000000000000000e+03
1.239000000000000000e+03
1.117000000000000000e+03
1.181000000000000000e+03
1.020000000000000000e+03
1.123000000000000000e+03
1.015000000000000000e+03
1.184000000000000000e+03
1.149000000000000000e+03
9.860000000000000000e+02
1.240000000000000000e+03
1.385000000000000000e+03
1.476000000000000000e+03
1.627000000000000000e+03
1.560000000000000000e+03
1.489000000000000000e+03
1.549000000000000000e+03
1.657000000000000000e+03
1.647000000000000000e+03
1.891000000000000000e+03
2.415000000000000000e+03
3.094000000000000000e+03
4.829000000000000000e+03
5.514000000000000000e+03
4.382000000000000000e+03
4.283000000000000000e+03
4.061000000000000000e+03
3.262000000000000000e+03
2.638000000000000000e+03
1.553000000000000000e+03
6.900000000000000000e+02
3.410000000000000000e+02
1.070000000000000000e+02
1.040000000000000000e+02
8.200000000000000000e+01
5.000000000000000000e+01
5.500000000000000000e+01
3.900000000000000000e+01
3.100000000000000000e+01
2.400000000000000000e+01
3.300000000000000000e+01
1.400000000000000000e+01
2.100000000000000000e+01
2.300000000000000000e+01
1.300000000000000000e+01
8.200000000000000000e+01
2.140000000000000000e+02
2.360000000000000000e+02
2.640000000000000000e+02
2.750000000000000000e+02
2.750000000000000000e+02
3.010000000000000000e+02
2.980000000000000000e+02
2.550000000000000000e+02
2.250000000000000000e+02
2.460000000000000000e+02
2.250000000000000000e+02
2.610000000000000000e+02
3.220000000000000000e+02
3.520000000000000000e+02
3.570000000000000000e+02
4.350000000000000000e+02
4.790000000000000000e+02
4.740000000000000000e+02
5.000000000000000000e+02
5.370000000000000000e+02
5.350000000000000000e+02
5.360000000000000000e+02
5.650000000000000000e+02
5.930000000000000000e+02
5.610000000000000000e+02
5.880000000000000000e+02
5.760000000000000000e+02
6.430000000000000000e+02
6.320000000000000000e+02
6.020000000000000000e+02
5.750000000000000000e+02
5.470000000000000000e+02
6.640000000000000000e+02
5.820000000000000000e+02
5.650000000000000000e+02
5.960000000000000000e+02
6.310000000000000000e+02
6.390000000000000000e+02
5.820000000000000000e+02
5.640000000000000000e+02
6.100000000000000000e+02
6.050000000000000000e+02
6.370000000000000000e+02
6.840000000000000000e+02
6.730000000000000000e+02
6.640000000000000000e+02
6.770000000000000000e+02
6.930000000000000000e+02
7.300000000000000000e+02
6.590000000000000000e+02
7.500000000000000000e+02
7.270000000000000000e+02
8.510000000000000000e+02
7.980000000000000000e+02
8.860000000000000000e+02
9.880000000000000000e+02
1.034000000000000000e+03
1.164000000000000000e+03
1.188000000000000000e+03
1.134000000000000000e+03
1.269000000000000000e+03
1.315000000000000000e+03
1.536000000000000000e+03
1.757000000000000000e+03
1.882000000000000000e+03
1.820000000000000000e+03
1.965000000000000000e+03
1.915000000000000000e+03
1.759000000000000000e+03
1.752000000000000000e+03
1.775000000000000000e+03
1.794000000000000000e+03
1.816000000000000000e+03
1.822000000000000000e+03
1.798000000000000000e+03
1.874000000000000000e+03
1.831000000000000000e+03
1.845000000000000000e+03
2.114000000000000000e+03
2.095000000000000000e+03
2.225000000000000000e+03
2.333000000000000000e+03
2.211000000000000000e+03
2.332000000000000000e+03
2.460000000000000000e+03
2.468000000000000000e+03
2.650000000000000000e+03
2.894000000000000000e+03
3.004000000000000000e+03
3.391000000000000000e+03
3.609000000000000000e+03
3.646000000000000000e+03
4.012000000000000000e+03
4.152000000000000000e+03
4.398000000000000000e+03
4.190000000000000000e+03
4.015000000000000000e+03
3.782000000000000000e+03
3.603000000000000000e+03
3.465000000000000000e+03
3.351000000000000000e+03
3.113000000000000000e+03
2.849000000000000000e+03
2.741000000000000000e+03
2.755000000000000000e+03
2.658000000000000000e+03
2.604000000000000000e+03
2.692000000000000000e+03
2.721000000000000000e+03
2.905000000000000000e+03
2.896000000000000000e+03
2.924000000000000000e+03
2.955000000000000000e+03
2.876000000000000000e+03
2.696000000000000000e+03
2.610000000000000000e+03
2.535000000000000000e+03
2.576000000000000000e+03
2.621000000000000000e+03
2.506000000000000000e+03
2.595000000000000000e+03
2.548000000000000000e+03
2.647000000000000000e+03
2.633000000000000000e+03
2.750000000000000000e+03
2.693000000000000000e+03
2.433000000000000000e+03
2.254000000000000000e+03
2.008000000000000000e+03
1.821000000000000000e+03
1.679000000000000000e+03
1.456000000000000000e+03
1.275000000000000000e+03
1.306000000000000000e+03
1.157000000000000000e+03
1.186000000000000000e+03
1.124000000000000000e+03
1.127000000000000000e+03
1.068000000000000000e+03
1.058000000000000000e+03
1.072000000000000000e+03
1.199000000000000000e+03
1.060000000000000000e+03
1.104000000000000000e+03
1.099000000000000000e+03
1.088000000000000000e+03
1.165000000000000000e+03
1.105000000000000000e+03
1.152000000000000000e+03
1.139000000000000000e+03
1.216000000000000000e+03
1.350000000000000000e+03
1.427000000000000000e+03
1.523000000000000000e+03
1.569000000000000000e+03
1.754000000000000000e+03
1.768000000000000000e+03
1.788000000000000000e+03
1.727000000000000000e+03
1.777000000000000000e+03
1.761000000000000000e+03
1.742000000000000000e+03
1.798000000000000000e+03
1.848000000000000000e+03
1.869000000000000000e+03
1.861000000000000000e+03
1.923000000000000000e+03
1.944000000000000000e+03
1.838000000000000000e+03
1.817000000000000000e+03
1.876000000000000000e+03
1.966000000000000000e+03
1.899000000000000000e+03
1.836000000000000000e+03
1.866000000000000000e+03
1.794000000000000000e+03
1.772000000000000000e+03
1.703000000000000000e+03
1.850000000000000000e+03
1.883000000000000000e+03
1.906000000000000000e+03
1.912000000000000000e+03
1.835000000000000000e+03
1.851000000000000000e+03
1.537000000000000000e+03
1.545000000000000000e+03
1.495000000000000000e+03
1.492000000000000000e+03
1.359000000000000000e+03
1.288000000000000000e+03
1.201000000000000000e+03
1.160000000000000000e+03
1.155000000000000000e+03
1.112000000000000000e+03
1.021000000000000000e+03
9.100000000000000000e+02
9.140000000000000000e+02
8.960000000000000000e+02
8.770000000000000000e+02
8.210000000000000000e+02
7.670000000000000000e+02
8.270000000000000000e+02
7.010000000000000000e+02
7.460000000000000000e+02
6.910000000000000000e+02
6.890000000000000000e+02
6.780000000000000000e+02
6.340000000000000000e+02
6.650000000000000000e+02
6.490000000000000000e+02
6.570000000000000000e+02
6.730000000000000000e+02
7.890000000000000000e+02
8.820000000000000000e+02
1.097000000000000000e+03
1.379000000000000000e+03
1.471000000000000000e+03
1.418000000000000000e+03
1.308000000000000000e+03
1.442000000000000000e+03
1.417000000000000000e+03
1.677000000000000000e+03
1.964000000000000000e+03
2.004000000000000000e+03
2.277000000000000000e+03
2.308000000000000000e+03
2.557000000000000000e+03
3.056000000000000000e+03
3.226000000000000000e+03
4.690000000000000000e+03
5.118000000000000000e+03
4.249000000000000000e+03
3.208000000000000000e+03
2.511000000000000000e+03
1.636000000000000000e+03
1.353000000000000000e+03
8.700000000000000000e+02
3.310000000000000000e+02
1.230000000000000000e+02
7.900000000000000000e+01
9.900000000000000000e+01
6.400000000000000000e+01
8.700000000000000000e+01
7.000000000000000000e+01
7.000000000000000000e+01
8.100000000000000000e+01
8.200000000000000000e+01
6.300000000000000000e+01
5.200000000000000000e+01
5.400000000000000000e+01
5.000000000000000000e+01
4.200000000000000000e+01
3.700000000000000000e+01
4.300000000000000000e+01
3.200000000000000000e+01
3.600000000000000000e+01
6.220000000000000000e+02
2.840000000000000000e+02
3.640000000000000000e+02
3.770000000000000000e+02
4.550000000000000000e+02
4.530000000000000000e+02
5.080000000000000000e+02
4.940000000000000000e+02
5.020000000000000000e+02
5.300000000000000000e+02
5.590000000000000000e+02
6.750000000000000000e+02
6.790000000000000000e+02
6.970000000000000000e+02
7.300000000000000000e+02
8.130000000000000000e+02
7.570000000000000000e+02
8.180000000000000000e+02
8.140000000000000000e+02
7.820000000000000000e+02
6.810000000000000000e+02
7.150000000000000000e+02
6.380000000000000000e+02
6.670000000000000000e+02
6.020000000000000000e+02
6.410000000000000000e+02
6.400000000000000000e+02
6.090000000000000000e+02
6.230000000000000000e+02
5.950000000000000000e+02
6.090000000000000000e+02
6.130000000000000000e+02
6.300000000000000000e+02
6.130000000000000000e+02
5.840000000000000000e+02
6.280000000000000000e+02
6.180000000000000000e+02
6.110000000000000000e+02
6.050000000000000000e+02
5.850000000000000000e+02
5.860000000000000000e+02
6.390000000000000000e+02
6.110000000000000000e+02
6.070000000000000000e+02
5.780000000000000000e+02
5.550000000000000000e+02
5.940000000000000000e+02
5.630000000000000000e+02
5.790000000000000000e+02
5.990000000000000000e+02
5.870000000000000000e+02
6.050000000000000000e+02
6.430000000000000000e+02
6.390000000000000000e+02
6.130000000000000000e+02
6.480000000000000000e+02
6.510000000000000000e+02
6.430000000000000000e+02
6.990000000000000000e+02
7.720000000000000000e+02
7.660000000000000000e+02
8.610000000000000000e+02
8.910000000000000000e+02
8.760000000000000000e+02
9.750000000000000000e+02
1.025000000000000000e+03
1.111000000000000000e+03
1.178000000000000000e+03
1.153000000000000000e+03
1.287000000000000000e+03
1.466000000000000000e+03
1.505000000000000000e+03
1.686000000000000000e+03
1.847000000000000000e+03
2.247000000000000000e+03
2.386000000000000000e+03
2.485000000000000000e+03
2.549000000000000000e+03
2.647000000000000000e+03
2.675000000000000000e+03
2.740000000000000000e+03
2.784000000000000000e+03
2.895000000000000000e+03
2.990000000000000000e+03
3.151000000000000000e+03
3.407000000000000000e+03
3.688000000000000000e+03
3.538000000000000000e+03
3.513000000000000000e+03
3.756000000000000000e+03
3.648000000000000000e+03
3.547000000000000000e+03
3.513000000000000000e+03
3.474000000000000000e+03
3.383000000000000000e+03
3.589000000000000000e+03
3.521000000000000000e+03
3.519000000000000000e+03
3.819000000000000000e+03
3.767000000000000000e+03
3.981000000000000000e+03
4.045000000000000000e+03
4.032000000000000000e+03
4.043000000000000000e+03
4.078000000000000000e+03
4.018000000000000000e+03
3.835000000000000000e+03
3.868000000000000000e+03
3.750000000000000000e+03
3.719000000000000000e+03
3.494000000000000000e+03
3.256000000000000000e+03
3.090000000000000000e+03
3.031000000000000000e+03
2.936000000000000000e+03
2.800000000000000000e+03
2.619000000000000000e+03
2.484000000000000000e+03
2.482000000000000000e+03
2.470000000000000000e+03
2.439000000000000000e+03
2.336000000000000000e+03
2.258000000000000000e+03
2.339000000000000000e+03
2.247000000000000000e+03
2.244000000000000000e+03
2.201000000000000000e+03
2.283000000000000000e+03
2.353000000000000000e+03
2.496000000000000000e+03
2.567000000000000000e+03
2.561000000000000000e+03
2.526000000000000000e+03
2.494000000000000000e+03
2.306000000000000000e+03
2.251000000000000000e+03
2.129000000000000000e+03
1.881000000000000000e+03
1.723000000000000000e+03
1.615000000000000000e+03
1.473000000000000000e+03
1.390000000000000000e+03
1.364000000000000000e+03
1.353000000000000000e+03
1.327000000000000000e+03
1.332000000000000000e+03
1.294000000000000000e+03
1.337000000000000000e+03
1.374000000000000000e+03
1.281000000000000000e+03
1.345000000000000000e+03
1.256000000000000000e+03
1.271000000000000000e+03
1.311000000000000000e+03
1.243000000000000000e+03
1.299000000000000000e+03
1.383000000000000000e+03
1.255000000000000000e+03
1.256000000000000000e+03
1.380000000000000000e+03
1.290000000000000000e+03
1.302000000000000000e+03
1.330000000000000000e+03
1.255000000000000000e+03
1.280000000000000000e+03
1.332000000000000000e+03
1.227000000000000000e+03
1.270000000000000000e+03
1.211000000000000000e+03
1.317000000000000000e+03
1.257000000000000000e+03
1.143000000000000000e+03
1.150000000000000000e+03
1.060000000000000000e+03
1.028000000000000000e+03
9.630000000000000000e+02
9.170000000000000000e+02
9.410000000000000000e+02
9.730000000000000000e+02
9.500000000000000000e+02
9.700000000000000000e+02
8.900000000000000000e+02
8.990000000000000000e+02
8.580000000000000000e+02
8.610000000000000000e+02
8.110000000000000000e+02
7.860000000000000000e+02
7.780000000000000000e+02
8.400000000000000000e+02
7.860000000000000000e+02
8.730000000000000000e+02
9.350000000000000000e+02
9.960000000000000000e+02
1.143000000000000000e+03
1.246000000000000000e+03
1.350000000000000000e+03
1.236000000000000000e+03
1.226000000000000000e+03
1.267000000000000000e+03
1.438000000000000000e+03
1.648000000000000000e+03
1.794000000000000000e+03
1.870000000000000000e+03
1.827000000000000000e+03
1.928000000000000000e+03
1.806000000000000000e+03
1.897000000000000000e+03
1.722000000000000000e+03
1.553000000000000000e+03
1.829000000000000000e+03
1.973000000000000000e+03
2.025000000000000000e+03
2.268000000000000000e+03
2.901000000000000000e+03
3.720000000000000000e+03
4.404000000000000000e+03
3.780000000000000000e+03
3.062000000000000000e+03
2.989000000000000000e+03
2.318000000000000000e+03
2.056000000000000000e+03
1.883000000000000000e+03
1.637000000000000000e+03
1.135000000000000000e+03
9.050000000000000000e+02
7.240000000000000000e+02
5.580000000000000000e+02
4.430000000000000000e+02
2.930000000000000000e+02
2.100000000000000000e+02
1.950000000000000000e+02
1.780000000000000000e+02
1.530000000000000000e+02
1.550000000000000000e+02
1.560000000000000000e+02
1.110000000000000000e+02
9.800000000000000000e+01
9.800000000000000000e+01
1.160000000000000000e+02
9.600000000000000000e+01
1.110000000000000000e+02
1.100000000000000000e+02
9.400000000000000000e+01
1.050000000000000000e+02
1.150000000000000000e+02
1.110000000000000000e+02
1.050000000000000000e+02
1.240000000000000000e+02
1.460000000000000000e+02
1.160000000000000000e+02
1.410000000000000000e+02
1.930000000000000000e+02
2.270000000000000000e+02
2.510000000000000000e+02
2.240000000000000000e+02
8.640000000000000000e+02
