4.731400000000000000e+04
1.767700000000000000e+04
3.470400000000000000e+04
2.700700000000000000e+04
3.425000000000000000e+04
3.168000000000000000e+04
2.810300000000000000e+04
2.453800000000000000e+04
2.280100000000000000e+04
2.123600000000000000e+04
1.901800000000000000e+04
1.797500000000000000e+04
1.726000000000000000e+04
1.582700000000000000e+04
1.501700000000000000e+04
1.402700000000000000e+04
1.343600000000000000e+04
1.280900000000000000e+04
1.232300000000000000e+04
1.174900000000000000e+04
1.163900000000000000e+04
1.135100000000000000e+04
1.083100000000000000e+04
1.067900000000000000e+04
1.008300000000000000e+04
9.911000000000000000e+03
9.749000000000000000e+03
9.414000000000000000e+03
9.330000000000000000e+03
9.074000000000000000e+03
8.904000000000000000e+03
8.749000000000000000e+03
8.666000000000000000e+03
8.409000000000000000e+03
8.227000000000000000e+03
8.105000000000000000e+03
8.025000000000000000e+03
7.846000000000000000e+03
7.843000000000000000e+03
7.556000000000000000e+03
7.731000000000000000e+03
7.528000000000000000e+03
7.476000000000000000e+03
7.319000000000000000e+03
7.249000000000000000e+03
7.267000000000000000e+03
7.112000000000000000e+03
7.039000000000000000e+03
7.075000000000000000e+03
6.890000000000000000e+03
7.036000000000000000e+03
7.161000000000000000e+03
6.945000000000000000e+03
7.140000000000000000e+03
7.177000000000000000e+03
7.297000000000000000e+03
7.427000000000000000e+03
7.613000000000000000e+03
7.693000000000000000e+03
7.937000000000000000e+03
7.806000000000000000e+03
8.074000000000000000e+03
8.128000000000000000e+03
8.041000000000000000e+03
7.936000000000000000e+03
8.044000000000000000e+03
8.135000000000000000e+03
8.096000000000000000e+03
8.155000000000000000e+03
8.046000000000000000e+03
8.131000000000000000e+03
8.212000000000000000e+03
8.112000000000000000e+03
8.576000000000000000e+03
8.311000000000000000e+03
8.371000000000000000e+03
8.544000000000000000e+03
8.515000000000000000e+03
8.402000000000000000e+03
8.508000000000000000e+03
8.458000000000000000e+03
8.373000000000000000e+03
8.612000000000000000e+03
8.824000000000000000e+03
8.498000000000000000e+03
8.668000000000000000e+03
8.494000000000000000e+03
8.510000000000000000e+03
8.438000000000000000e+03
8.446000000000000000e+03
8.586000000000000000e+03
8.313000000000000000e+03
8.371000000000000000e+03
8.277000000000000000e+03
8.144000000000000000e+03
8.090000000000000000e+03
8.342000000000000000e+03
8.196000000000000000e+03
8.467000000000000000e+03
8.503000000000000000e+03
8.601000000000000000e+03
8.698000000000000000e+03
8.807000000000000000e+03
8.746000000000000000e+03
9.032000000000000000e+03
9.092000000000000000e+03
9.491000000000000000e+03
9.776000000000000000e+03
1.015800000000000000e+04
1.057000000000000000e+04
1.081500000000000000e+04
1.112800000000000000e+04
1.170000000000000000e+04
1.223100000000000000e+04
1.260800000000000000e+04
1.245900000000000000e+04
1.223800000000000000e+04
1.231100000000000000e+04
1.226400000000000000e+04
1.223500000000000000e+04
1.246800000000000000e+04
1.213600000000000000e+04
1.228900000000000000e+04
1.187200000000000000e+04
1.191900000000000000e+04
1.198500000000000000e+04
1.185400000000000000e+04
1.154300000000000000e+04
1.146600000000000000e+04
1.148100000000000000e+04
1.123100000000000000e+04
1.117500000000000000e+04
1.104400000000000000e+04
1.065500000000000000e+04
1.024600000000000000e+04
9.834000000000000000e+03
9.765000000000000000e+03
9.694000000000000000e+03
9.436000000000000000e+03
9.253000000000000000e+03
9.265000000000000000e+03
9.075000000000000000e+03
9.172000000000000000e+03
8.961000000000000000e+03
8.863000000000000000e+03
8.493000000000000000e+03
8.436000000000000000e+03
8.281000000000000000e+03
8.310000000000000000e+03
8.137000000000000000e+03
7.983000000000000000e+03
8.416000000000000000e+03
8.615000000000000000e+03
8.756000000000000000e+03
8.845000000000000000e+03
8.945000000000000000e+03
8.762000000000000000e+03
8.862000000000000000e+03
8.795000000000000000e+03
8.907000000000000000e+03
8.900000000000000000e+03
8.758000000000000000e+03
8.767000000000000000e+03
8.917000000000000000e+03
8.683000000000000000e+03
8.607000000000000000e+03
8.553000000000000000e+03
8.277000000000000000e+03
8.290000000000000000e+03
8.301000000000000000e+03
8.437000000000000000e+03
8.305000000000000000e+03
8.293000000000000000e+03
8.123000000000000000e+03
7.991000000000000000e+03
8.072000000000000000e+03
8.090000000000000000e+03
8.027000000000000000e+03
8.068000000000000000e+03
8.198000000000000000e+03
8.159000000000000000e+03
8.411000000000000000e+03
8.338000000000000000e+03
8.626000000000000000e+03
8.381000000000000000e+03
8.203000000000000000e+03
8.014000000000000000e+03
8.090000000000000000e+03
7.691000000000000000e+03
7.761000000000000000e+03
7.508000000000000000e+03
7.753000000000000000e+03
7.684000000000000000e+03
7.928000000000000000e+03
7.734000000000000000e+03
7.495000000000000000e+03
7.522000000000000000e+03
7.536000000000000000e+03
7.821000000000000000e+03
7.943000000000000000e+03
7.918000000000000000e+03
7.832000000000000000e+03
7.879000000000000000e+03
8.116000000000000000e+03
8.129000000000000000e+03
7.559000000000000000e+03
7.285000000000000000e+03
7.043000000000000000e+03
6.675000000000000000e+03
6.042000000000000000e+03
5.626000000000000000e+03
5.552000000000000000e+03
5.842000000000000000e+03
5.737000000000000000e+03
5.968000000000000000e+03
5.831000000000000000e+03
5.781000000000000000e+03
5.926000000000000000e+03
6.097000000000000000e+03
6.301000000000000000e+03
6.214000000000000000e+03
5.948000000000000000e+03
5.863000000000000000e+03
5.712000000000000000e+03
5.214000000000000000e+03
4.608000000000000000e+03
4.224000000000000000e+03
4.242000000000000000e+03
4.871000000000000000e+03
5.269000000000000000e+03
5.163000000000000000e+03
4.841000000000000000e+03
4.156000000000000000e+03
3.911000000000000000e+03
3.429000000000000000e+03
2.942000000000000000e+03
2.888000000000000000e+03
2.593000000000000000e+03
2.618000000000000000e+03
2.578000000000000000e+03
2.711000000000000000e+03
2.540000000000000000e+03
2.736000000000000000e+03
2.773000000000000000e+03
3.072000000000000000e+03
2.921000000000000000e+03
3.021000000000000000e+03
3.054000000000000000e+03
3.244000000000000000e+03
2.760000000000000000e+03
2.786000000000000000e+03
3.244000000000000000e+03
2.939000000000000000e+03
2.471000000000000000e+03
1.798000000000000000e+03
5.060000000000000000e+03
6.895500000000000000e+04
2.567900000000000000e+04
2.467300000000000000e+04
2.513400000000000000e+04
2.392500000000000000e+04
2.081400000000000000e+04
1.939000000000000000e+04
1.800900000000000000e+04
1.746100000000000000e+04
1.709200000000000000e+04
1.634500000000000000e+04
1.516500000000000000e+04
1.413700000000000000e+04
1.325100000000000000e+04
1.235800000000000000e+04
1.164400000000000000e+04
1.112500000000000000e+04
1.050600000000000000e+04
1.031200000000000000e+04
9.882000000000000000e+03
9.735000000000000000e+03
9.721000000000000000e+03
9.374000000000000000e+03
9.378000000000000000e+03
9.486000000000000000e+03
9.558000000000000000e+03
9.362000000000000000e+03
9.264000000000000000e+03
9.526000000000000000e+03
9.269000000000000000e+03
9.219000000000000000e+03
9.438000000000000000e+03
9.333000000000000000e+03
9.420000000000000000e+03
9.340000000000000000e+03
9.245000000000000000e+03
9.539000000000000000e+03
9.387000000000000000e+03
9.571000000000000000e+03
9.589000000000000000e+03
9.506000000000000000e+03
9.822000000000000000e+03
9.781000000000000000e+03
9.792000000000000000e+03
9.686000000000000000e+03
9.642000000000000000e+03
9.629000000000000000e+03
9.259000000000000000e+03
9.055000000000000000e+03
9.000000000000000000e+03
9.257000000000000000e+03
9.466000000000000000e+03
9.892000000000000000e+03
1.015600000000000000e+04
1.044200000000000000e+04
1.025400000000000000e+04
1.063900000000000000e+04
1.047100000000000000e+04
1.065600000000000000e+04
1.061500000000000000e+04
1.052000000000000000e+04
1.035600000000000000e+04
9.918000000000000000e+03
9.924000000000000000e+03
1.024400000000000000e+04
9.844000000000000000e+03
9.982000000000000000e+03
1.025100000000000000e+04
1.024100000000000000e+04
1.032800000000000000e+04
1.048000000000000000e+04
1.050000000000000000e+04
1.056700000000000000e+04
1.081600000000000000e+04
1.119900000000000000e+04
1.167600000000000000e+04
1.193100000000000000e+04
1.241000000000000000e+04
1.248500000000000000e+04
1.270200000000000000e+04
1.301800000000000000e+04
1.313800000000000000e+04
1.302500000000000000e+04
1.333300000000000000e+04
1.306700000000000000e+04
1.321100000000000000e+04
1.321700000000000000e+04
1.334800000000000000e+04
1.361200000000000000e+04
1.355900000000000000e+04
1.326300000000000000e+04
1.296800000000000000e+04
1.275800000000000000e+04
1.264500000000000000e+04
1.260800000000000000e+04
1.205200000000000000e+04
1.200900000000000000e+04
1.138100000000000000e+04
1.121400000000000000e+04
1.080700000000000000e+04
1.026400000000000000e+04
9.822000000000000000e+03
9.627000000000000000e+03
9.339000000000000000e+03
9.069000000000000000e+03
8.866000000000000000e+03
8.942000000000000000e+03
8.675000000000000000e+03
8.775000000000000000e+03
8.581000000000000000e+03
8.660000000000000000e+03
8.495000000000000000e+03
8.373000000000000000e+03
8.620000000000000000e+03
8.507000000000000000e+03
8.618000000000000000e+03
8.507000000000000000e+03
8.426000000000000000e+03
8.316000000000000000e+03
8.387000000000000000e+03
8.286000000000000000e+03
8.270000000000000000e+03
8.228000000000000000e+03
8.165000000000000000e+03
8.404000000000000000e+03
8.250000000000000000e+03
8.481000000000000000e+03
8.842000000000000000e+03
8.830000000000000000e+03
9.098000000000000000e+03
9.233000000000000000e+03
9.630000000000000000e+03
9.567000000000000000e+03
9.584000000000000000e+03
9.689000000000000000e+03
9.584000000000000000e+03
9.284000000000000000e+03
9.449000000000000000e+03
9.450000000000000000e+03
9.810000000000000000e+03
9.668000000000000000e+03
9.957000000000000000e+03
1.009200000000000000e+04
9.898000000000000000e+03
9.803000000000000000e+03
9.738000000000000000e+03
9.601000000000000000e+03
9.155000000000000000e+03
8.641000000000000000e+03
8.354000000000000000e+03
8.394000000000000000e+03
8.734000000000000000e+03
9.070000000000000000e+03
9.440000000000000000e+03
9.242000000000000000e+03
9.369000000000000000e+03
9.325000000000000000e+03
9.543000000000000000e+03
9.611000000000000000e+03
9.681000000000000000e+03
1.010400000000000000e+04
1.054100000000000000e+04
1.032300000000000000e+04
1.029300000000000000e+04
1.045600000000000000e+04
1.042500000000000000e+04
1.058500000000000000e+04
1.046900000000000000e+04
1.079900000000000000e+04
1.102700000000000000e+04
1.080500000000000000e+04
1.080300000000000000e+04
1.073300000000000000e+04
1.071100000000000000e+04
1.060800000000000000e+04
1.052000000000000000e+04
1.044400000000000000e+04
9.619000000000000000e+03
9.832000000000000000e+03
9.584000000000000000e+03
9.097000000000000000e+03
9.200000000000000000e+03
9.142000000000000000e+03
8.881000000000000000e+03
8.727000000000000000e+03
8.493000000000000000e+03
8.247000000000000000e+03
8.169000000000000000e+03
8.065000000000000000e+03
7.907000000000000000e+03
7.949000000000000000e+03
8.145000000000000000e+03
8.216000000000000000e+03
7.949000000000000000e+03
7.843000000000000000e+03
7.499000000000000000e+03
7.052000000000000000e+03
6.954000000000000000e+03
6.806000000000000000e+03
6.527000000000000000e+03
6.259000000000000000e+03
6.242000000000000000e+03
6.100000000000000000e+03
5.902000000000000000e+03
5.795000000000000000e+03
5.713000000000000000e+03
5.483000000000000000e+03
5.011000000000000000e+03
4.903000000000000000e+03
4.837000000000000000e+03
4.540000000000000000e+03
4.342000000000000000e+03
4.301000000000000000e+03
4.060000000000000000e+03
3.968000000000000000e+03
3.928000000000000000e+03
3.574000000000000000e+03
3.439000000000000000e+03
3.118000000000000000e+03
2.906000000000000000e+03
2.850000000000000000e+03
2.645000000000000000e+03
2.367000000000000000e+03
2.353000000000000000e+03
2.156000000000000000e+03
2.014000000000000000e+03
1.918000000000000000e+03
1.771000000000000000e+03
1.718000000000000000e+03
1.482000000000000000e+03
1.427000000000000000e+03
1.370000000000000000e+03
1.291000000000000000e+03
1.176000000000000000e+03
1.191000000000000000e+03
1.152000000000000000e+03
1.127000000000000000e+03
1.102000000000000000e+03
1.031000000000000000e+03
1.076000000000000000e+03
1.037000000000000000e+03
1.010000000000000000e+03
9.480000000000000000e+02
9.140000000000000000e+02
9.750000000000000000e+02
9.440000000000000000e+02
9.890000000000000000e+02
1.020000000000000000e+03
1.063000000000000000e+03
1.188000000000000000e+03
1.356000000000000000e+03
1.973000000000000000e+03
2.197000000000000000e+03
1.641000000000000000e+03
1.293000000000000000e+03
1.708000000000000000e+03
8.674000000000000000e+04
4.505900000000000000e+04
3.958800000000000000e+04
3.478300000000000000e+04
3.093700000000000000e+04
2.776200000000000000e+04
2.427800000000000000e+04
2.164400000000000000e+04
1.949300000000000000e+04
1.767100000000000000e+04
1.701700000000000000e+04
1.628200000000000000e+04
1.521500000000000000e+04
1.464800000000000000e+04
1.414900000000000000e+04
1.349200000000000000e+04
1.288200000000000000e+04
1.234500000000000000e+04
1.189000000000000000e+04
1.164500000000000000e+04
1.158300000000000000e+04
1.104500000000000000e+04
1.115900000000000000e+04
1.099200000000000000e+04
1.081600000000000000e+04
1.067700000000000000e+04
1.069900000000000000e+04
1.073700000000000000e+04
1.113200000000000000e+04
1.081300000000000000e+04
1.074400000000000000e+04
1.092600000000000000e+04
1.088500000000000000e+04
1.115900000000000000e+04
1.144900000000000000e+04
1.184100000000000000e+04
1.202000000000000000e+04
1.248400000000000000e+04
1.307900000000000000e+04
1.355900000000000000e+04
1.423500000000000000e+04
1.440300000000000000e+04
1.466100000000000000e+04
1.489700000000000000e+04
1.493400000000000000e+04
1.466400000000000000e+04
1.431000000000000000e+04
1.423800000000000000e+04
1.382300000000000000e+04
1.345600000000000000e+04
1.316100000000000000e+04
1.255700000000000000e+04
1.216100000000000000e+04
1.202600000000000000e+04
1.179300000000000000e+04
1.143600000000000000e+04
1.097500000000000000e+04
1.052100000000000000e+04
9.849000000000000000e+03
9.680000000000000000e+03
9.253000000000000000e+03
9.269000000000000000e+03
9.110000000000000000e+03
9.018000000000000000e+03
8.659000000000000000e+03
8.423000000000000000e+03
8.341000000000000000e+03
8.214000000000000000e+03
8.175000000000000000e+03
8.030000000000000000e+03
8.050000000000000000e+03
8.299000000000000000e+03
8.294000000000000000e+03
8.199000000000000000e+03
8.451000000000000000e+03
8.516000000000000000e+03
8.566000000000000000e+03
8.458000000000000000e+03
8.705000000000000000e+03
8.599000000000000000e+03
8.956000000000000000e+03
8.979000000000000000e+03
8.737000000000000000e+03
8.769000000000000000e+03
8.752000000000000000e+03
8.953000000000000000e+03
9.263000000000000000e+03
9.529000000000000000e+03
9.702000000000000000e+03
9.756000000000000000e+03
9.820000000000000000e+03
1.002400000000000000e+04
9.876000000000000000e+03
9.707000000000000000e+03
9.533000000000000000e+03
9.489000000000000000e+03
9.556000000000000000e+03
9.683000000000000000e+03
9.663000000000000000e+03
9.760000000000000000e+03
9.210000000000000000e+03
9.509000000000000000e+03
9.176000000000000000e+03
8.829000000000000000e+03
8.558000000000000000e+03
8.281000000000000000e+03
8.248000000000000000e+03
8.137000000000000000e+03
8.272000000000000000e+03
8.169000000000000000e+03
8.491000000000000000e+03
8.523000000000000000e+03
8.430000000000000000e+03
8.341000000000000000e+03
8.546000000000000000e+03
8.694000000000000000e+03
8.590000000000000000e+03
8.593000000000000000e+03
8.685000000000000000e+03
8.346000000000000000e+03
8.338000000000000000e+03
8.478000000000000000e+03
8.398000000000000000e+03
8.566000000000000000e+03
8.576000000000000000e+03
8.398000000000000000e+03
8.306000000000000000e+03
8.185000000000000000e+03
8.349000000000000000e+03
8.427000000000000000e+03
8.422000000000000000e+03
8.149000000000000000e+03
8.138000000000000000e+03
8.219000000000000000e+03
8.340000000000000000e+03
8.159000000000000000e+03
7.870000000000000000e+03
7.851000000000000000e+03
7.888000000000000000e+03
7.972000000000000000e+03
7.824000000000000000e+03
7.515000000000000000e+03
7.693000000000000000e+03
7.753000000000000000e+03
7.485000000000000000e+03
7.701000000000000000e+03
7.340000000000000000e+03
7.224000000000000000e+03
7.234000000000000000e+03
7.492000000000000000e+03
7.569000000000000000e+03
7.470000000000000000e+03
7.504000000000000000e+03
7.715000000000000000e+03
7.728000000000000000e+03
8.047000000000000000e+03
8.207000000000000000e+03
8.629000000000000000e+03
8.943000000000000000e+03
8.433000000000000000e+03
8.143000000000000000e+03
8.123000000000000000e+03
8.312000000000000000e+03
8.346000000000000000e+03
8.474000000000000000e+03
8.285000000000000000e+03
8.429000000000000000e+03
8.257000000000000000e+03
8.204000000000000000e+03
8.465000000000000000e+03
8.340000000000000000e+03
8.150000000000000000e+03
8.129000000000000000e+03
8.256000000000000000e+03
8.292000000000000000e+03
8.395000000000000000e+03
8.121000000000000000e+03
8.141000000000000000e+03
8.303000000000000000e+03
8.352000000000000000e+03
8.269000000000000000e+03
8.389000000000000000e+03
8.411000000000000000e+03
8.319000000000000000e+03
8.129000000000000000e+03
8.179000000000000000e+03
8.187000000000000000e+03
8.261000000000000000e+03
7.916000000000000000e+03
7.905000000000000000e+03
7.820000000000000000e+03
7.611000000000000000e+03
7.531000000000000000e+03
7.492000000000000000e+03
7.234000000000000000e+03
7.166000000000000000e+03
6.990000000000000000e+03
6.929000000000000000e+03
6.946000000000000000e+03
6.846000000000000000e+03
6.746000000000000000e+03
6.652000000000000000e+03
6.227000000000000000e+03
6.241000000000000000e+03
6.235000000000000000e+03
5.979000000000000000e+03
5.716000000000000000e+03
5.592000000000000000e+03
5.424000000000000000e+03
5.125000000000000000e+03
4.748000000000000000e+03
4.785000000000000000e+03
4.460000000000000000e+03
4.237000000000000000e+03
4.230000000000000000e+03
4.057000000000000000e+03
3.739000000000000000e+03
3.587000000000000000e+03
3.421000000000000000e+03
3.231000000000000000e+03
3.092000000000000000e+03
2.937000000000000000e+03
2.645000000000000000e+03
2.532000000000000000e+03
2.419000000000000000e+03
2.411000000000000000e+03
2.121000000000000000e+03
2.198000000000000000e+03
2.223000000000000000e+03
2.109000000000000000e+03
2.015000000000000000e+03
1.863000000000000000e+03
1.792000000000000000e+03
1.693000000000000000e+03
1.502000000000000000e+03
1.415000000000000000e+03
1.290000000000000000e+03
1.183000000000000000e+03
1.114000000000000000e+03
1.050000000000000000e+03
1.005000000000000000e+03
9.270000000000000000e+02
9.070000000000000000e+02
9.050000000000000000e+02
9.820000000000000000e+02
9.290000000000000000e+02
1.005000000000000000e+03
9.720000000000000000e+02
1.063000000000000000e+03
1.172000000000000000e+03
1.323000000000000000e+03
1.890000000000000000e+03
2.107000000000000000e+03
1.423000000000000000e+03
1.223000000000000000e+03
1.686000000000000000e+03
