7.591000000000000000e+03
2.406000000000000000e+03
4.829000000000000000e+03
2.603000000000000000e+03
2.594000000000000000e+03
2.032000000000000000e+03
1.596000000000000000e+03
1.647000000000000000e+03
1.478000000000000000e+03
1.569000000000000000e+03
1.497000000000000000e+03
1.543000000000000000e+03
1.479000000000000000e+03
1.628000000000000000e+03
1.601000000000000000e+03
1.597000000000000000e+03
1.577000000000000000e+03
1.567000000000000000e+03
1.432000000000000000e+03
1.513000000000000000e+03
1.380000000000000000e+03
1.465000000000000000e+03
1.409000000000000000e+03
1.444000000000000000e+03
1.374000000000000000e+03
1.374000000000000000e+03
1.407000000000000000e+03
1.480000000000000000e+03
1.714000000000000000e+03
1.646000000000000000e+03
1.721000000000000000e+03
1.828000000000000000e+03
1.528000000000000000e+03
1.482000000000000000e+03
1.398000000000000000e+03
1.346000000000000000e+03
1.375000000000000000e+03
1.479000000000000000e+03
1.404000000000000000e+03
1.370000000000000000e+03
1.433000000000000000e+03
1.442000000000000000e+03
1.513000000000000000e+03
1.573000000000000000e+03
1.510000000000000000e+03
1.585000000000000000e+03
1.562000000000000000e+03
1.515000000000000000e+03
1.596000000000000000e+03
1.798000000000000000e+03
1.896000000000000000e+03
2.413000000000000000e+03
2.153000000000000000e+03
2.202000000000000000e+03
2.305000000000000000e+03
2.094000000000000000e+03
2.168000000000000000e+03
2.054000000000000000e+03
2.289000000000000000e+03
2.151000000000000000e+03
2.155000000000000000e+03
2.191000000000000000e+03
2.009000000000000000e+03
1.943000000000000000e+03
1.967000000000000000e+03
1.937000000000000000e+03
1.888000000000000000e+03
1.885000000000000000e+03
1.973000000000000000e+03
1.998000000000000000e+03
1.809000000000000000e+03
1.813000000000000000e+03
1.877000000000000000e+03
1.857000000000000000e+03
1.607000000000000000e+03
1.474000000000000000e+03
1.580000000000000000e+03
1.569000000000000000e+03
1.514000000000000000e+03
1.467000000000000000e+03
1.330000000000000000e+03
1.371000000000000000e+03
1.336000000000000000e+03
1.349000000000000000e+03
1.257000000000000000e+03
1.244000000000000000e+03
1.311000000000000000e+03
1.225000000000000000e+03
1.231000000000000000e+03
1.182000000000000000e+03
1.195000000000000000e+03
1.282000000000000000e+03
1.214000000000000000e+03
1.272000000000000000e+03
1.336000000000000000e+03
1.196000000000000000e+03
1.231000000000000000e+03
1.258000000000000000e+03
1.229000000000000000e+03
1.171000000000000000e+03
1.246000000000000000e+03
1.142000000000000000e+03
1.211000000000000000e+03
1.217000000000000000e+03
1.245000000000000000e+03
1.292000000000000000e+03
1.383000000000000000e+03
1.285000000000000000e+03
1.272000000000000000e+03
1.386000000000000000e+03
1.194000000000000000e+03
1.344000000000000000e+03
1.299000000000000000e+03
1.312000000000000000e+03
1.209000000000000000e+03
1.216000000000000000e+03
1.282000000000000000e+03
1.308000000000000000e+03
1.280000000000000000e+03
1.241000000000000000e+03
1.238000000000000000e+03
1.292000000000000000e+03
1.232000000000000000e+03
1.224000000000000000e+03
1.198000000000000000e+03
1.291000000000000000e+03
1.243000000000000000e+03
1.259000000000000000e+03
1.295000000000000000e+03
1.322000000000000000e+03
1.212000000000000000e+03
1.306000000000000000e+03
1.250000000000000000e+03
1.270000000000000000e+03
1.225000000000000000e+03
1.120000000000000000e+03
1.120000000000000000e+03
1.095000000000000000e+03
1.096000000000000000e+03
1.092000000000000000e+03
1.084000000000000000e+03
1.109000000000000000e+03
1.138000000000000000e+03
1.089000000000000000e+03
1.081000000000000000e+03
1.067000000000000000e+03
1.017000000000000000e+03
1.090000000000000000e+03
1.151000000000000000e+03
1.048000000000000000e+03
1.110000000000000000e+03
1.079000000000000000e+03
1.230000000000000000e+03
1.197000000000000000e+03
1.151000000000000000e+03
1.191000000000000000e+03
1.152000000000000000e+03
1.079000000000000000e+03
1.044000000000000000e+03
1.097000000000000000e+03
1.088000000000000000e+03
1.034000000000000000e+03
1.093000000000000000e+03
1.107000000000000000e+03
1.088000000000000000e+03
1.201000000000000000e+03
1.186000000000000000e+03
1.181000000000000000e+03
1.156000000000000000e+03
1.245000000000000000e+03
1.214000000000000000e+03
1.101000000000000000e+03
1.246000000000000000e+03
1.211000000000000000e+03
1.306000000000000000e+03
1.439000000000000000e+03
1.444000000000000000e+03
1.541000000000000000e+03
1.508000000000000000e+03
1.384000000000000000e+03
1.391000000000000000e+03
1.594000000000000000e+03
1.600000000000000000e+03
1.678000000000000000e+03
1.559000000000000000e+03
1.616000000000000000e+03
1.558000000000000000e+03
1.499000000000000000e+03
1.585000000000000000e+03
1.463000000000000000e+03
1.474000000000000000e+03
1.371000000000000000e+03
1.282000000000000000e+03
1.407000000000000000e+03
1.312000000000000000e+03
1.357000000000000000e+03
1.302000000000000000e+03
1.300000000000000000e+03
1.264000000000000000e+03
1.316000000000000000e+03
1.386000000000000000e+03
1.342000000000000000e+03
1.366000000000000000e+03
1.395000000000000000e+03
1.332000000000000000e+03
1.264000000000000000e+03
1.407000000000000000e+03
1.307000000000000000e+03
1.346000000000000000e+03
1.125000000000000000e+03
1.174000000000000000e+03
1.191000000000000000e+03
1.145000000000000000e+03
1.143000000000000000e+03
1.145000000000000000e+03
1.015000000000000000e+03
1.158000000000000000e+03
1.208000000000000000e+03
1.191000000000000000e+03
1.119000000000000000e+03
1.223000000000000000e+03
1.278000000000000000e+03
1.280000000000000000e+03
1.222000000000000000e+03
1.161000000000000000e+03
1.135000000000000000e+03
9.280000000000000000e+02
9.940000000000000000e+02
9.700000000000000000e+02
1.013000000000000000e+03
1.042000000000000000e+03
1.048000000000000000e+03
1.033000000000000000e+03
1.019000000000000000e+03
1.089000000000000000e+03
1.178000000000000000e+03
1.203000000000000000e+03
1.316000000000000000e+03
1.383000000000000000e+03
1.244000000000000000e+03
1.194000000000000000e+03
9.800000000000000000e+02
8.410000000000000000e+02
8.570000000000000000e+02
7.030000000000000000e+02
6.030000000000000000e+02
4.600000000000000000e+02
3.550000000000000000e+02
2.620000000000000000e+02
2.400000000000000000e+02
1.970000000000000000e+02
2.180000000000000000e+02
1.850000000000000000e+02
1.570000000000000000e+02
1.230000000000000000e+02
1.070000000000000000e+03
8.729000000000000000e+03
4.838000000000000000e+03
3.276000000000000000e+03
2.773000000000000000e+03
2.088000000000000000e+03
1.799000000000000000e+03
1.608000000000000000e+03
1.503000000000000000e+03
1.462000000000000000e+03
1.442000000000000000e+03
1.499000000000000000e+03
1.579000000000000000e+03
1.560000000000000000e+03
1.685000000000000000e+03
1.721000000000000000e+03
1.680000000000000000e+03
1.676000000000000000e+03
1.641000000000000000e+03
1.532000000000000000e+03
1.512000000000000000e+03
1.505000000000000000e+03
1.420000000000000000e+03
1.392000000000000000e+03
1.420000000000000000e+03
1.541000000000000000e+03
1.418000000000000000e+03
1.514000000000000000e+03
1.626000000000000000e+03
1.673000000000000000e+03
1.794000000000000000e+03
1.940000000000000000e+03
2.165000000000000000e+03
2.319000000000000000e+03
2.199000000000000000e+03
2.228000000000000000e+03
2.287000000000000000e+03
2.287000000000000000e+03
2.610000000000000000e+03
2.616000000000000000e+03
2.429000000000000000e+03
2.496000000000000000e+03
2.278000000000000000e+03
2.420000000000000000e+03
2.308000000000000000e+03
2.318000000000000000e+03
2.267000000000000000e+03
2.296000000000000000e+03
2.224000000000000000e+03
2.065000000000000000e+03
2.120000000000000000e+03
2.025000000000000000e+03
2.165000000000000000e+03
1.947000000000000000e+03
1.870000000000000000e+03
1.891000000000000000e+03
1.815000000000000000e+03
1.777000000000000000e+03
1.815000000000000000e+03
1.803000000000000000e+03
1.814000000000000000e+03
1.799000000000000000e+03
1.863000000000000000e+03
2.368000000000000000e+03
2.343000000000000000e+03
2.311000000000000000e+03
2.408000000000000000e+03
2.272000000000000000e+03
2.091000000000000000e+03
2.083000000000000000e+03
2.072000000000000000e+03
1.869000000000000000e+03
1.855000000000000000e+03
1.850000000000000000e+03
1.792000000000000000e+03
1.784000000000000000e+03
1.681000000000000000e+03
1.734000000000000000e+03
1.772000000000000000e+03
1.737000000000000000e+03
1.751000000000000000e+03
1.726000000000000000e+03
1.562000000000000000e+03
1.499000000000000000e+03
1.395000000000000000e+03
1.372000000000000000e+03
1.348000000000000000e+03
1.304000000000000000e+03
1.286000000000000000e+03
1.213000000000000000e+03
1.185000000000000000e+03
1.267000000000000000e+03
1.194000000000000000e+03
1.264000000000000000e+03
1.413000000000000000e+03
1.371000000000000000e+03
1.366000000000000000e+03
1.289000000000000000e+03
1.225000000000000000e+03
1.185000000000000000e+03
1.128000000000000000e+03
1.172000000000000000e+03
1.118000000000000000e+03
1.050000000000000000e+03
1.089000000000000000e+03
1.048000000000000000e+03
1.091000000000000000e+03
1.137000000000000000e+03
1.220000000000000000e+03
1.199000000000000000e+03
1.171000000000000000e+03
1.191000000000000000e+03
1.187000000000000000e+03
1.132000000000000000e+03
1.132000000000000000e+03
1.219000000000000000e+03
1.189000000000000000e+03
1.172000000000000000e+03
1.134000000000000000e+03
1.113000000000000000e+03
1.125000000000000000e+03
1.138000000000000000e+03
1.170000000000000000e+03
1.220000000000000000e+03
1.198000000000000000e+03
1.291000000000000000e+03
1.273000000000000000e+03
1.207000000000000000e+03
1.096000000000000000e+03
1.050000000000000000e+03
1.054000000000000000e+03
9.920000000000000000e+02
1.021000000000000000e+03
9.350000000000000000e+02
9.410000000000000000e+02
9.520000000000000000e+02
1.008000000000000000e+03
9.650000000000000000e+02
9.980000000000000000e+02
9.980000000000000000e+02
1.114000000000000000e+03
1.023000000000000000e+03
9.400000000000000000e+02
9.420000000000000000e+02
9.410000000000000000e+02
1.008000000000000000e+03
8.960000000000000000e+02
9.010000000000000000e+02
8.700000000000000000e+02
9.210000000000000000e+02
8.450000000000000000e+02
9.180000000000000000e+02
8.980000000000000000e+02
8.980000000000000000e+02
9.620000000000000000e+02
8.400000000000000000e+02
9.030000000000000000e+02
8.630000000000000000e+02
8.750000000000000000e+02
8.620000000000000000e+02
9.100000000000000000e+02
9.520000000000000000e+02
9.620000000000000000e+02
9.400000000000000000e+02
9.480000000000000000e+02
9.510000000000000000e+02
9.530000000000000000e+02
1.020000000000000000e+03
1.054000000000000000e+03
1.086000000000000000e+03
1.071000000000000000e+03
1.181000000000000000e+03
1.303000000000000000e+03
1.389000000000000000e+03
1.263000000000000000e+03
1.421000000000000000e+03
1.306000000000000000e+03
1.237000000000000000e+03
1.378000000000000000e+03
1.480000000000000000e+03
1.437000000000000000e+03
1.601000000000000000e+03
1.626000000000000000e+03
1.596000000000000000e+03
1.641000000000000000e+03
1.647000000000000000e+03
1.787000000000000000e+03
1.731000000000000000e+03
1.822000000000000000e+03
1.922000000000000000e+03
1.911000000000000000e+03
1.969000000000000000e+03
1.831000000000000000e+03
1.774000000000000000e+03
1.676000000000000000e+03
1.616000000000000000e+03
1.553000000000000000e+03
1.492000000000000000e+03
1.554000000000000000e+03
1.566000000000000000e+03
1.437000000000000000e+03
1.510000000000000000e+03
1.574000000000000000e+03
1.488000000000000000e+03
1.625000000000000000e+03
1.651000000000000000e+03
1.476000000000000000e+03
1.309000000000000000e+03
1.246000000000000000e+03
1.248000000000000000e+03
1.058000000000000000e+03
1.041000000000000000e+03
1.011000000000000000e+03
1.035000000000000000e+03
1.031000000000000000e+03
1.025000000000000000e+03
9.360000000000000000e+02
9.900000000000000000e+02
9.550000000000000000e+02
9.220000000000000000e+02
9.440000000000000000e+02
8.720000000000000000e+02
9.760000000000000000e+02
9.300000000000000000e+02
8.970000000000000000e+02
8.520000000000000000e+02
8.720000000000000000e+02
8.910000000000000000e+02
7.680000000000000000e+02
7.820000000000000000e+02
8.720000000000000000e+02
7.730000000000000000e+02
8.100000000000000000e+02
7.650000000000000000e+02
7.320000000000000000e+02
6.690000000000000000e+02
6.470000000000000000e+02
6.880000000000000000e+02
6.940000000000000000e+02
7.380000000000000000e+02
6.040000000000000000e+02
4.840000000000000000e+02
3.700000000000000000e+02
2.850000000000000000e+02
1.630000000000000000e+02
1.450000000000000000e+02
1.350000000000000000e+02
1.540000000000000000e+02
9.700000000000000000e+01
1.170000000000000000e+02
9.600000000000000000e+01
8.000000000000000000e+01
5.700000000000000000e+01
5.700000000000000000e+01
5.600000000000000000e+01
3.600000000000000000e+01
2.240000000000000000e+02
1.794100000000000000e+04
6.281000000000000000e+03
5.068000000000000000e+03
4.822000000000000000e+03
3.971000000000000000e+03
3.848000000000000000e+03
4.018000000000000000e+03
4.197000000000000000e+03
4.391000000000000000e+03
4.886000000000000000e+03
5.057000000000000000e+03
5.313000000000000000e+03
4.804000000000000000e+03
4.417000000000000000e+03
4.071000000000000000e+03
3.863000000000000000e+03
3.697000000000000000e+03
3.406000000000000000e+03
2.896000000000000000e+03
2.687000000000000000e+03
2.512000000000000000e+03
2.335000000000000000e+03
2.139000000000000000e+03
2.092000000000000000e+03
2.160000000000000000e+03
2.182000000000000000e+03
2.351000000000000000e+03
2.529000000000000000e+03
2.574000000000000000e+03
2.354000000000000000e+03
2.411000000000000000e+03
2.320000000000000000e+03
2.116000000000000000e+03
2.189000000000000000e+03
2.059000000000000000e+03
1.977000000000000000e+03
2.026000000000000000e+03
1.943000000000000000e+03
1.919000000000000000e+03
1.822000000000000000e+03
1.796000000000000000e+03
1.676000000000000000e+03
1.624000000000000000e+03
1.685000000000000000e+03
1.698000000000000000e+03
2.107000000000000000e+03
2.574000000000000000e+03
2.703000000000000000e+03
2.317000000000000000e+03
1.911000000000000000e+03
1.717000000000000000e+03
1.652000000000000000e+03
1.538000000000000000e+03
1.541000000000000000e+03
1.492000000000000000e+03
1.577000000000000000e+03
1.492000000000000000e+03
1.416000000000000000e+03
1.473000000000000000e+03
1.473000000000000000e+03
1.396000000000000000e+03
1.404000000000000000e+03
1.477000000000000000e+03
1.380000000000000000e+03
1.465000000000000000e+03
1.542000000000000000e+03
1.479000000000000000e+03
1.449000000000000000e+03
1.351000000000000000e+03
1.340000000000000000e+03
1.255000000000000000e+03
1.204000000000000000e+03
1.112000000000000000e+03
1.130000000000000000e+03
1.167000000000000000e+03
1.175000000000000000e+03
1.149000000000000000e+03
1.118000000000000000e+03
1.050000000000000000e+03
1.017000000000000000e+03
1.013000000000000000e+03
9.630000000000000000e+02
9.650000000000000000e+02
9.550000000000000000e+02
8.820000000000000000e+02
9.560000000000000000e+02
9.470000000000000000e+02
9.520000000000000000e+02
9.720000000000000000e+02
9.260000000000000000e+02
9.260000000000000000e+02
9.170000000000000000e+02
8.800000000000000000e+02
8.570000000000000000e+02
9.460000000000000000e+02
9.830000000000000000e+02
1.024000000000000000e+03
9.490000000000000000e+02
9.610000000000000000e+02
9.770000000000000000e+02
9.000000000000000000e+02
9.280000000000000000e+02
9.320000000000000000e+02
9.100000000000000000e+02
9.580000000000000000e+02
9.240000000000000000e+02
9.650000000000000000e+02
9.680000000000000000e+02
1.040000000000000000e+03
1.018000000000000000e+03
1.003000000000000000e+03
9.660000000000000000e+02
1.009000000000000000e+03
1.029000000000000000e+03
9.490000000000000000e+02
9.640000000000000000e+02
9.400000000000000000e+02
9.800000000000000000e+02
9.790000000000000000e+02
1.057000000000000000e+03
9.980000000000000000e+02
1.050000000000000000e+03
1.080000000000000000e+03
1.167000000000000000e+03
1.092000000000000000e+03
1.143000000000000000e+03
1.189000000000000000e+03
1.161000000000000000e+03
1.121000000000000000e+03
1.044000000000000000e+03
1.090000000000000000e+03
1.068000000000000000e+03
1.079000000000000000e+03
1.083000000000000000e+03
1.083000000000000000e+03
1.034000000000000000e+03
1.079000000000000000e+03
1.122000000000000000e+03
1.128000000000000000e+03
1.045000000000000000e+03
1.111000000000000000e+03
9.530000000000000000e+02
9.210000000000000000e+02
9.880000000000000000e+02
8.890000000000000000e+02
8.450000000000000000e+02
9.020000000000000000e+02
8.140000000000000000e+02
8.260000000000000000e+02
7.970000000000000000e+02
8.170000000000000000e+02
8.020000000000000000e+02
8.350000000000000000e+02
8.890000000000000000e+02
8.140000000000000000e+02
8.430000000000000000e+02
9.720000000000000000e+02
9.330000000000000000e+02
9.320000000000000000e+02
9.600000000000000000e+02
1.005000000000000000e+03
1.031000000000000000e+03
1.145000000000000000e+03
1.182000000000000000e+03
1.167000000000000000e+03
1.217000000000000000e+03
1.202000000000000000e+03
1.308000000000000000e+03
1.214000000000000000e+03
1.347000000000000000e+03
1.408000000000000000e+03
1.419000000000000000e+03
1.438000000000000000e+03
1.466000000000000000e+03
1.414000000000000000e+03
1.332000000000000000e+03
1.323000000000000000e+03
1.332000000000000000e+03
1.298000000000000000e+03
1.339000000000000000e+03
1.334000000000000000e+03
1.473000000000000000e+03
1.342000000000000000e+03
1.427000000000000000e+03
1.403000000000000000e+03
1.456000000000000000e+03
1.477000000000000000e+03
1.466000000000000000e+03
1.539000000000000000e+03
1.508000000000000000e+03
1.467000000000000000e+03
1.453000000000000000e+03
1.250000000000000000e+03
1.129000000000000000e+03
1.073000000000000000e+03
9.040000000000000000e+02
8.060000000000000000e+02
7.680000000000000000e+02
7.830000000000000000e+02
7.370000000000000000e+02
6.710000000000000000e+02
6.860000000000000000e+02
6.920000000000000000e+02
6.770000000000000000e+02
6.880000000000000000e+02
6.000000000000000000e+02
5.650000000000000000e+02
5.300000000000000000e+02
5.070000000000000000e+02
4.780000000000000000e+02
5.180000000000000000e+02
4.660000000000000000e+02
5.090000000000000000e+02
5.350000000000000000e+02
4.580000000000000000e+02
5.000000000000000000e+02
5.440000000000000000e+02
5.860000000000000000e+02
5.900000000000000000e+02
5.830000000000000000e+02
5.520000000000000000e+02
4.810000000000000000e+02
4.890000000000000000e+02
5.440000000000000000e+02
4.920000000000000000e+02
5.080000000000000000e+02
5.380000000000000000e+02
5.140000000000000000e+02
4.010000000000000000e+02
5.420000000000000000e+02
4.960000000000000000e+02
4.160000000000000000e+02
4.310000000000000000e+02
4.560000000000000000e+02
4.570000000000000000e+02
3.960000000000000000e+02
3.060000000000000000e+02
1.810000000000000000e+02
1.360000000000000000e+02
1.320000000000000000e+02
1.140000000000000000e+02
8.400000000000000000e+01
8.300000000000000000e+01
8.800000000000000000e+01
9.700000000000000000e+01
6.900000000000000000e+01
6.300000000000000000e+01
6.300000000000000000e+01
4.900000000000000000e+01
3.800000000000000000e+01
2.500000000000000000e+01
3.700000000000000000e+01
3.600000000000000000e+01
2.300000000000000000e+01
2.300000000000000000e+01
4.000000000000000000e+01
