8.900000000000000000e+02
4.300000000000000000e+02
7.720000000000000000e+02
5.660000000000000000e+02
9.390000000000000000e+02
9.040000000000000000e+02
1.043000000000000000e+03
1.228000000000000000e+03
1.543000000000000000e+03
1.847000000000000000e+03
2.546000000000000000e+03
2.868000000000000000e+03
2.572000000000000000e+03
2.561000000000000000e+03
2.775000000000000000e+03
2.821000000000000000e+03
2.830000000000000000e+03
2.911000000000000000e+03
2.937000000000000000e+03
2.988000000000000000e+03
3.014000000000000000e+03
3.015000000000000000e+03
3.047000000000000000e+03
3.020000000000000000e+03
3.019000000000000000e+03
2.977000000000000000e+03
2.888000000000000000e+03
3.017000000000000000e+03
2.958000000000000000e+03
2.904000000000000000e+03
2.924000000000000000e+03
2.872000000000000000e+03
2.879000000000000000e+03
2.744000000000000000e+03
2.656000000000000000e+03
2.610000000000000000e+03
2.397000000000000000e+03
2.411000000000000000e+03
2.197000000000000000e+03
2.160000000000000000e+03
2.149000000000000000e+03
2.065000000000000000e+03
1.898000000000000000e+03
1.855000000000000000e+03
1.713000000000000000e+03
1.592000000000000000e+03
1.561000000000000000e+03
1.516000000000000000e+03
1.432000000000000000e+03
1.334000000000000000e+03
1.390000000000000000e+03
1.184000000000000000e+03
1.159000000000000000e+03
1.116000000000000000e+03
1.148000000000000000e+03
1.037000000000000000e+03
1.023000000000000000e+03
9.230000000000000000e+02
9.000000000000000000e+02
8.020000000000000000e+02
8.010000000000000000e+02
7.460000000000000000e+02
6.860000000000000000e+02
7.490000000000000000e+02
6.590000000000000000e+02
6.650000000000000000e+02
6.290000000000000000e+02
6.350000000000000000e+02
6.160000000000000000e+02
6.260000000000000000e+02
5.790000000000000000e+02
5.570000000000000000e+02
5.350000000000000000e+02
5.710000000000000000e+02
5.030000000000000000e+02
5.220000000000000000e+02
5.280000000000000000e+02
4.970000000000000000e+02
4.920000000000000000e+02
5.230000000000000000e+02
5.000000000000000000e+02
5.450000000000000000e+02
4.920000000000000000e+02
5.230000000000000000e+02
4.670000000000000000e+02
4.520000000000000000e+02
4.710000000000000000e+02
4.970000000000000000e+02
4.560000000000000000e+02
5.270000000000000000e+02
5.000000000000000000e+02
5.110000000000000000e+02
4.970000000000000000e+02
5.260000000000000000e+02
5.050000000000000000e+02
5.000000000000000000e+02
5.910000000000000000e+02
5.080000000000000000e+02
5.580000000000000000e+02
5.290000000000000000e+02
5.790000000000000000e+02
5.800000000000000000e+02
5.950000000000000000e+02
5.690000000000000000e+02
6.060000000000000000e+02
6.380000000000000000e+02
6.400000000000000000e+02
6.470000000000000000e+02
6.530000000000000000e+02
6.100000000000000000e+02
6.290000000000000000e+02
6.910000000000000000e+02
7.160000000000000000e+02
7.500000000000000000e+02
8.060000000000000000e+02
7.390000000000000000e+02
8.650000000000000000e+02
8.230000000000000000e+02
8.850000000000000000e+02
9.160000000000000000e+02
9.570000000000000000e+02
1.007000000000000000e+03
1.015000000000000000e+03
1.081000000000000000e+03
1.095000000000000000e+03
1.124000000000000000e+03
1.180000000000000000e+03
1.177000000000000000e+03
1.182000000000000000e+03
1.298000000000000000e+03
1.277000000000000000e+03
1.248000000000000000e+03
1.393000000000000000e+03
1.453000000000000000e+03
1.389000000000000000e+03
1.484000000000000000e+03
1.539000000000000000e+03
1.565000000000000000e+03
1.688000000000000000e+03
1.724000000000000000e+03
1.727000000000000000e+03
1.867000000000000000e+03
1.885000000000000000e+03
1.655000000000000000e+03
1.624000000000000000e+03
1.667000000000000000e+03
1.614000000000000000e+03
1.734000000000000000e+03
1.677000000000000000e+03
1.589000000000000000e+03
1.568000000000000000e+03
1.595000000000000000e+03
1.505000000000000000e+03
1.491000000000000000e+03
1.446000000000000000e+03
1.367000000000000000e+03
1.338000000000000000e+03
1.357000000000000000e+03
1.260000000000000000e+03
1.225000000000000000e+03
1.175000000000000000e+03
1.153000000000000000e+03
1.076000000000000000e+03
1.097000000000000000e+03
1.067000000000000000e+03
1.007000000000000000e+03
1.037000000000000000e+03
9.860000000000000000e+02
8.720000000000000000e+02
9.570000000000000000e+02
8.480000000000000000e+02
8.120000000000000000e+02
7.450000000000000000e+02
7.260000000000000000e+02
7.620000000000000000e+02
7.390000000000000000e+02
6.630000000000000000e+02
6.360000000000000000e+02
5.640000000000000000e+02
5.230000000000000000e+02
5.580000000000000000e+02
4.990000000000000000e+02
5.240000000000000000e+02
5.020000000000000000e+02
4.890000000000000000e+02
4.500000000000000000e+02
4.370000000000000000e+02
3.950000000000000000e+02
3.980000000000000000e+02
4.010000000000000000e+02
3.520000000000000000e+02
3.740000000000000000e+02
3.140000000000000000e+02
3.240000000000000000e+02
3.180000000000000000e+02
3.000000000000000000e+02
2.840000000000000000e+02
3.070000000000000000e+02
2.480000000000000000e+02
2.760000000000000000e+02
2.850000000000000000e+02
2.710000000000000000e+02
2.800000000000000000e+02
3.020000000000000000e+02
2.520000000000000000e+02
2.680000000000000000e+02
2.680000000000000000e+02
2.380000000000000000e+02
2.510000000000000000e+02
2.500000000000000000e+02
2.430000000000000000e+02
2.610000000000000000e+02
2.900000000000000000e+02
2.460000000000000000e+02
2.710000000000000000e+02
2.550000000000000000e+02
2.700000000000000000e+02
2.850000000000000000e+02
3.070000000000000000e+02
2.830000000000000000e+02
2.730000000000000000e+02
2.660000000000000000e+02
2.800000000000000000e+02
3.010000000000000000e+02
2.950000000000000000e+02
3.010000000000000000e+02
2.880000000000000000e+02
2.940000000000000000e+02
3.090000000000000000e+02
3.270000000000000000e+02
3.540000000000000000e+02
3.280000000000000000e+02
3.140000000000000000e+02
3.210000000000000000e+02
3.700000000000000000e+02
3.320000000000000000e+02
4.470000000000000000e+02
4.340000000000000000e+02
4.640000000000000000e+02
5.070000000000000000e+02
5.270000000000000000e+02
5.900000000000000000e+02
6.450000000000000000e+02
6.920000000000000000e+02
8.160000000000000000e+02
8.690000000000000000e+02
1.091000000000000000e+03
1.250000000000000000e+03
1.427000000000000000e+03
1.572000000000000000e+03
1.686000000000000000e+03
1.758000000000000000e+03
1.520000000000000000e+03
1.489000000000000000e+03
1.245000000000000000e+03
3.972000000000000000e+03
1.424000000000000000e+03
8.040000000000000000e+02
7.770000000000000000e+02
8.660000000000000000e+02
9.800000000000000000e+02
1.960000000000000000e+03
2.047000000000000000e+03
1.664000000000000000e+03
2.356000000000000000e+03
2.416000000000000000e+03
2.239000000000000000e+03
2.380000000000000000e+03
2.626000000000000000e+03
2.694000000000000000e+03
2.802000000000000000e+03
2.987000000000000000e+03
3.250000000000000000e+03
3.144000000000000000e+03
3.180000000000000000e+03
3.232000000000000000e+03
3.252000000000000000e+03
3.286000000000000000e+03
3.345000000000000000e+03
3.306000000000000000e+03
3.229000000000000000e+03
3.201000000000000000e+03
3.160000000000000000e+03
3.213000000000000000e+03
3.055000000000000000e+03
3.001000000000000000e+03
3.007000000000000000e+03
2.820000000000000000e+03
2.783000000000000000e+03
2.795000000000000000e+03
2.592000000000000000e+03
2.681000000000000000e+03
2.776000000000000000e+03
2.952000000000000000e+03
2.943000000000000000e+03
2.895000000000000000e+03
3.075000000000000000e+03
2.860000000000000000e+03
2.674000000000000000e+03
2.483000000000000000e+03
2.273000000000000000e+03
2.272000000000000000e+03
2.097000000000000000e+03
2.042000000000000000e+03
1.951000000000000000e+03
1.921000000000000000e+03
1.769000000000000000e+03
1.603000000000000000e+03
1.688000000000000000e+03
1.488000000000000000e+03
1.396000000000000000e+03
1.321000000000000000e+03
1.295000000000000000e+03
1.238000000000000000e+03
1.111000000000000000e+03
1.152000000000000000e+03
1.131000000000000000e+03
1.033000000000000000e+03
1.026000000000000000e+03
1.039000000000000000e+03
9.400000000000000000e+02
9.530000000000000000e+02
8.750000000000000000e+02
9.360000000000000000e+02
8.930000000000000000e+02
8.410000000000000000e+02
8.460000000000000000e+02
8.250000000000000000e+02
7.580000000000000000e+02
7.700000000000000000e+02
7.710000000000000000e+02
7.370000000000000000e+02
7.470000000000000000e+02
6.990000000000000000e+02
7.000000000000000000e+02
6.910000000000000000e+02
6.530000000000000000e+02
6.410000000000000000e+02
6.410000000000000000e+02
6.570000000000000000e+02
6.120000000000000000e+02
6.340000000000000000e+02
6.580000000000000000e+02
6.070000000000000000e+02
6.040000000000000000e+02
5.870000000000000000e+02
5.860000000000000000e+02
5.360000000000000000e+02
5.910000000000000000e+02
5.760000000000000000e+02
5.550000000000000000e+02
5.700000000000000000e+02
5.020000000000000000e+02
5.680000000000000000e+02
6.090000000000000000e+02
5.980000000000000000e+02
6.220000000000000000e+02
6.430000000000000000e+02
6.220000000000000000e+02
6.540000000000000000e+02
6.840000000000000000e+02
7.190000000000000000e+02
7.280000000000000000e+02
7.040000000000000000e+02
7.480000000000000000e+02
7.800000000000000000e+02
8.080000000000000000e+02
8.670000000000000000e+02
8.500000000000000000e+02
8.690000000000000000e+02
8.990000000000000000e+02
9.560000000000000000e+02
1.014000000000000000e+03
1.038000000000000000e+03
1.141000000000000000e+03
1.110000000000000000e+03
1.204000000000000000e+03
1.233000000000000000e+03
1.164000000000000000e+03
1.251000000000000000e+03
1.346000000000000000e+03
1.341000000000000000e+03
1.340000000000000000e+03
1.404000000000000000e+03
1.426000000000000000e+03
1.367000000000000000e+03
1.448000000000000000e+03
1.405000000000000000e+03
1.436000000000000000e+03
1.450000000000000000e+03
1.507000000000000000e+03
1.406000000000000000e+03
1.466000000000000000e+03
1.468000000000000000e+03
1.533000000000000000e+03
1.538000000000000000e+03
1.492000000000000000e+03
1.538000000000000000e+03
1.490000000000000000e+03
1.441000000000000000e+03
1.385000000000000000e+03
1.344000000000000000e+03
1.386000000000000000e+03
1.311000000000000000e+03
1.363000000000000000e+03
1.291000000000000000e+03
1.287000000000000000e+03
1.183000000000000000e+03
1.275000000000000000e+03
1.180000000000000000e+03
1.169000000000000000e+03
1.071000000000000000e+03
1.058000000000000000e+03
1.036000000000000000e+03
9.930000000000000000e+02
1.016000000000000000e+03
9.340000000000000000e+02
9.070000000000000000e+02
8.810000000000000000e+02
8.140000000000000000e+02
8.320000000000000000e+02
8.400000000000000000e+02
7.380000000000000000e+02
7.130000000000000000e+02
7.030000000000000000e+02
6.730000000000000000e+02
6.470000000000000000e+02
6.360000000000000000e+02
5.340000000000000000e+02
6.050000000000000000e+02
4.700000000000000000e+02
4.660000000000000000e+02
4.940000000000000000e+02
4.490000000000000000e+02
4.300000000000000000e+02
4.510000000000000000e+02
4.160000000000000000e+02
3.830000000000000000e+02
3.600000000000000000e+02
3.880000000000000000e+02
3.520000000000000000e+02
3.460000000000000000e+02
2.950000000000000000e+02
3.010000000000000000e+02
3.060000000000000000e+02
2.600000000000000000e+02
2.340000000000000000e+02
2.430000000000000000e+02
2.180000000000000000e+02
2.530000000000000000e+02
2.530000000000000000e+02
2.920000000000000000e+02
2.410000000000000000e+02
2.200000000000000000e+02
2.080000000000000000e+02
2.230000000000000000e+02
2.100000000000000000e+02
2.240000000000000000e+02
2.320000000000000000e+02
2.040000000000000000e+02
2.120000000000000000e+02
2.070000000000000000e+02
1.980000000000000000e+02
2.080000000000000000e+02
2.120000000000000000e+02
1.960000000000000000e+02
2.190000000000000000e+02
2.220000000000000000e+02
2.210000000000000000e+02
1.760000000000000000e+02
1.890000000000000000e+02
2.190000000000000000e+02
1.850000000000000000e+02
1.780000000000000000e+02
1.760000000000000000e+02
1.760000000000000000e+02
1.640000000000000000e+02
1.950000000000000000e+02
1.990000000000000000e+02
1.670000000000000000e+02
1.660000000000000000e+02
1.870000000000000000e+02
1.580000000000000000e+02
2.010000000000000000e+02
1.690000000000000000e+02
1.870000000000000000e+02
1.700000000000000000e+02
1.980000000000000000e+02
1.310000000000000000e+02
1.690000000000000000e+02
1.590000000000000000e+02
1.560000000000000000e+02
1.610000000000000000e+02
1.200000000000000000e+02
1.570000000000000000e+02
1.510000000000000000e+02
1.810000000000000000e+02
1.820000000000000000e+02
2.040000000000000000e+02
1.900000000000000000e+02
2.350000000000000000e+02
2.590000000000000000e+02
2.540000000000000000e+02
3.170000000000000000e+02
3.370000000000000000e+02
3.730000000000000000e+02
4.600000000000000000e+02
4.780000000000000000e+02
6.510000000000000000e+02
4.430000000000000000e+02
4.600000000000000000e+02
1.295000000000000000e+03
1.798000000000000000e+03
9.100000000000000000e+02
8.540000000000000000e+02
9.500000000000000000e+02
1.046000000000000000e+03
1.368000000000000000e+03
2.416000000000000000e+03
2.282000000000000000e+03
2.145000000000000000e+03
2.710000000000000000e+03
2.574000000000000000e+03
2.917000000000000000e+03
3.088000000000000000e+03
3.380000000000000000e+03
3.755000000000000000e+03
4.189000000000000000e+03
4.153000000000000000e+03
4.470000000000000000e+03
4.396000000000000000e+03
4.385000000000000000e+03
4.572000000000000000e+03
4.690000000000000000e+03
4.693000000000000000e+03
4.560000000000000000e+03
4.461000000000000000e+03
4.184000000000000000e+03
3.957000000000000000e+03
3.707000000000000000e+03
3.495000000000000000e+03
3.451000000000000000e+03
3.461000000000000000e+03
3.219000000000000000e+03
3.048000000000000000e+03
2.864000000000000000e+03
2.806000000000000000e+03
2.705000000000000000e+03
2.523000000000000000e+03
2.428000000000000000e+03
2.281000000000000000e+03
2.194000000000000000e+03
2.239000000000000000e+03
2.153000000000000000e+03
1.993000000000000000e+03
1.955000000000000000e+03
1.884000000000000000e+03
1.773000000000000000e+03
1.745000000000000000e+03
1.668000000000000000e+03
1.636000000000000000e+03
1.477000000000000000e+03
1.352000000000000000e+03
1.410000000000000000e+03
1.368000000000000000e+03
1.269000000000000000e+03
1.252000000000000000e+03
1.136000000000000000e+03
1.145000000000000000e+03
1.064000000000000000e+03
1.058000000000000000e+03
1.048000000000000000e+03
9.620000000000000000e+02
9.560000000000000000e+02
9.130000000000000000e+02
8.650000000000000000e+02
8.780000000000000000e+02
9.050000000000000000e+02
8.200000000000000000e+02
8.520000000000000000e+02
8.220000000000000000e+02
8.230000000000000000e+02
8.310000000000000000e+02
8.720000000000000000e+02
8.490000000000000000e+02
8.900000000000000000e+02
8.130000000000000000e+02
8.310000000000000000e+02
7.530000000000000000e+02
7.260000000000000000e+02
6.920000000000000000e+02
7.140000000000000000e+02
6.530000000000000000e+02
6.200000000000000000e+02
6.320000000000000000e+02
6.130000000000000000e+02
6.280000000000000000e+02
5.940000000000000000e+02
5.760000000000000000e+02
5.090000000000000000e+02
5.320000000000000000e+02
4.770000000000000000e+02
5.060000000000000000e+02
4.480000000000000000e+02
4.860000000000000000e+02
4.350000000000000000e+02
5.020000000000000000e+02
5.090000000000000000e+02
4.490000000000000000e+02
4.910000000000000000e+02
4.870000000000000000e+02
5.590000000000000000e+02
5.380000000000000000e+02
5.240000000000000000e+02
5.650000000000000000e+02
5.910000000000000000e+02
5.550000000000000000e+02
5.740000000000000000e+02
6.020000000000000000e+02
6.330000000000000000e+02
6.590000000000000000e+02
6.680000000000000000e+02
6.990000000000000000e+02
7.200000000000000000e+02
7.620000000000000000e+02
7.710000000000000000e+02
8.630000000000000000e+02
8.460000000000000000e+02
8.960000000000000000e+02
9.130000000000000000e+02
9.960000000000000000e+02
1.019000000000000000e+03
1.137000000000000000e+03
1.063000000000000000e+03
1.075000000000000000e+03
1.125000000000000000e+03
1.176000000000000000e+03
1.249000000000000000e+03
1.250000000000000000e+03
1.275000000000000000e+03
1.305000000000000000e+03
1.354000000000000000e+03
1.348000000000000000e+03
1.360000000000000000e+03
1.310000000000000000e+03
1.401000000000000000e+03
1.355000000000000000e+03
1.424000000000000000e+03
1.352000000000000000e+03
1.351000000000000000e+03
1.427000000000000000e+03
1.473000000000000000e+03
1.391000000000000000e+03
1.408000000000000000e+03
1.524000000000000000e+03
1.444000000000000000e+03
1.369000000000000000e+03
1.343000000000000000e+03
1.318000000000000000e+03
1.306000000000000000e+03
1.252000000000000000e+03
1.240000000000000000e+03
1.207000000000000000e+03
1.201000000000000000e+03
1.163000000000000000e+03
1.138000000000000000e+03
1.133000000000000000e+03
1.112000000000000000e+03
1.026000000000000000e+03
1.024000000000000000e+03
9.300000000000000000e+02
9.840000000000000000e+02
9.200000000000000000e+02
9.360000000000000000e+02
8.250000000000000000e+02
8.280000000000000000e+02
8.140000000000000000e+02
8.060000000000000000e+02
7.280000000000000000e+02
7.220000000000000000e+02
6.300000000000000000e+02
6.470000000000000000e+02
6.490000000000000000e+02
5.920000000000000000e+02
5.360000000000000000e+02
4.800000000000000000e+02
4.710000000000000000e+02
4.330000000000000000e+02
3.960000000000000000e+02
3.810000000000000000e+02
3.540000000000000000e+02
3.420000000000000000e+02
3.190000000000000000e+02
2.840000000000000000e+02
2.820000000000000000e+02
2.730000000000000000e+02
2.650000000000000000e+02
2.320000000000000000e+02
2.320000000000000000e+02
2.080000000000000000e+02
2.010000000000000000e+02
2.010000000000000000e+02
1.490000000000000000e+02
1.760000000000000000e+02
2.080000000000000000e+02
1.690000000000000000e+02
1.600000000000000000e+02
1.510000000000000000e+02
1.640000000000000000e+02
1.520000000000000000e+02
1.540000000000000000e+02
1.420000000000000000e+02
1.520000000000000000e+02
1.510000000000000000e+02
1.520000000000000000e+02
1.340000000000000000e+02
1.340000000000000000e+02
1.580000000000000000e+02
1.340000000000000000e+02
1.500000000000000000e+02
1.210000000000000000e+02
1.420000000000000000e+02
1.290000000000000000e+02
1.470000000000000000e+02
1.540000000000000000e+02
1.060000000000000000e+02
1.440000000000000000e+02
1.370000000000000000e+02
1.480000000000000000e+02
1.120000000000000000e+02
1.250000000000000000e+02
1.190000000000000000e+02
1.330000000000000000e+02
1.280000000000000000e+02
1.220000000000000000e+02
1.460000000000000000e+02
1.160000000000000000e+02
1.500000000000000000e+02
1.270000000000000000e+02
1.400000000000000000e+02
1.550000000000000000e+02
1.350000000000000000e+02
1.450000000000000000e+02
1.270000000000000000e+02
1.650000000000000000e+02
1.330000000000000000e+02
1.580000000000000000e+02
1.350000000000000000e+02
1.270000000000000000e+02
1.290000000000000000e+02
1.340000000000000000e+02
1.420000000000000000e+02
1.760000000000000000e+02
1.540000000000000000e+02
1.650000000000000000e+02
1.430000000000000000e+02
1.930000000000000000e+02
1.920000000000000000e+02
1.990000000000000000e+02
2.830000000000000000e+02
2.710000000000000000e+02
3.150000000000000000e+02
3.660000000000000000e+02
4.710000000000000000e+02
6.180000000000000000e+02
3.070000000000000000e+02
4.040000000000000000e+02
1.015000000000000000e+03
