2.401000000000000000e+03
1.398000000000000000e+03
1.372000000000000000e+03
1.181000000000000000e+03
9.760000000000000000e+02
9.700000000000000000e+02
1.023000000000000000e+03
9.920000000000000000e+02
1.064000000000000000e+03
1.191000000000000000e+03
1.041000000000000000e+03
1.205000000000000000e+03
1.175000000000000000e+03
1.188000000000000000e+03
1.382000000000000000e+03
1.259000000000000000e+03
1.433000000000000000e+03
1.442000000000000000e+03
1.545000000000000000e+03
1.590000000000000000e+03
1.526000000000000000e+03
1.350000000000000000e+03
1.393000000000000000e+03
1.374000000000000000e+03
1.318000000000000000e+03
1.280000000000000000e+03
1.215000000000000000e+03
1.167000000000000000e+03
1.099000000000000000e+03
1.150000000000000000e+03
1.002000000000000000e+03
1.059000000000000000e+03
9.750000000000000000e+02
1.065000000000000000e+03
1.019000000000000000e+03
1.007000000000000000e+03
1.098000000000000000e+03
9.940000000000000000e+02
8.730000000000000000e+02
8.620000000000000000e+02
7.780000000000000000e+02
6.960000000000000000e+02
6.530000000000000000e+02
6.140000000000000000e+02
5.730000000000000000e+02
5.690000000000000000e+02
5.720000000000000000e+02
5.910000000000000000e+02
6.250000000000000000e+02
6.460000000000000000e+02
5.840000000000000000e+02
6.530000000000000000e+02
5.830000000000000000e+02
6.080000000000000000e+02
6.070000000000000000e+02
5.610000000000000000e+02
5.960000000000000000e+02
5.190000000000000000e+02
4.930000000000000000e+02
5.020000000000000000e+02
6.070000000000000000e+02
5.150000000000000000e+02
5.420000000000000000e+02
4.920000000000000000e+02
5.870000000000000000e+02
4.590000000000000000e+02
4.090000000000000000e+02
3.600000000000000000e+02
3.830000000000000000e+02
3.170000000000000000e+02
3.140000000000000000e+02
3.150000000000000000e+02
2.850000000000000000e+02
2.710000000000000000e+02
2.660000000000000000e+02
2.660000000000000000e+02
2.730000000000000000e+02
2.660000000000000000e+02
2.940000000000000000e+02
2.780000000000000000e+02
2.480000000000000000e+02
2.710000000000000000e+02
2.920000000000000000e+02
2.420000000000000000e+02
2.510000000000000000e+02
2.530000000000000000e+02
2.100000000000000000e+02
2.450000000000000000e+02
2.640000000000000000e+02
2.280000000000000000e+02
2.190000000000000000e+02
2.040000000000000000e+02
2.440000000000000000e+02
1.920000000000000000e+02
2.120000000000000000e+02
1.890000000000000000e+02
2.060000000000000000e+02
1.830000000000000000e+02
1.610000000000000000e+02
1.600000000000000000e+02
1.530000000000000000e+02
1.330000000000000000e+02
1.250000000000000000e+02
1.330000000000000000e+02
1.330000000000000000e+02
1.520000000000000000e+02
1.510000000000000000e+02
1.200000000000000000e+02
1.560000000000000000e+02
1.330000000000000000e+02
1.110000000000000000e+02
1.170000000000000000e+02
1.220000000000000000e+02
1.360000000000000000e+02
1.050000000000000000e+02
1.070000000000000000e+02
1.030000000000000000e+02
1.150000000000000000e+02
9.200000000000000000e+01
9.800000000000000000e+01
9.800000000000000000e+01
1.050000000000000000e+02
1.020000000000000000e+02
1.290000000000000000e+02
1.020000000000000000e+02
1.160000000000000000e+02
1.010000000000000000e+02
9.800000000000000000e+01
9.800000000000000000e+01
1.060000000000000000e+02
1.070000000000000000e+02
7.800000000000000000e+01
9.900000000000000000e+01
1.030000000000000000e+02
1.050000000000000000e+02
8.300000000000000000e+01
1.070000000000000000e+02
1.130000000000000000e+02
9.600000000000000000e+01
1.130000000000000000e+02
1.200000000000000000e+02
1.490000000000000000e+02
1.330000000000000000e+02
1.400000000000000000e+02
1.370000000000000000e+02
1.390000000000000000e+02
1.360000000000000000e+02
1.790000000000000000e+02
1.520000000000000000e+02
1.390000000000000000e+02
1.310000000000000000e+02
1.140000000000000000e+02
1.370000000000000000e+02
1.330000000000000000e+02
1.290000000000000000e+02
1.200000000000000000e+02
1.190000000000000000e+02
1.210000000000000000e+02
1.450000000000000000e+02
1.230000000000000000e+02
1.090000000000000000e+02
1.330000000000000000e+02
1.220000000000000000e+02
1.140000000000000000e+02
1.140000000000000000e+02
1.010000000000000000e+02
1.110000000000000000e+02
1.060000000000000000e+02
1.040000000000000000e+02
8.100000000000000000e+01
9.400000000000000000e+01
1.030000000000000000e+02
9.600000000000000000e+01
1.000000000000000000e+02
1.070000000000000000e+02
8.900000000000000000e+01
9.700000000000000000e+01
8.400000000000000000e+01
9.300000000000000000e+01
1.160000000000000000e+02
9.900000000000000000e+01
9.900000000000000000e+01
9.600000000000000000e+01
9.100000000000000000e+01
1.030000000000000000e+02
1.190000000000000000e+02
1.290000000000000000e+02
1.240000000000000000e+02
2.140000000000000000e+02
2.420000000000000000e+02
1.160000000000000000e+02
1.300000000000000000e+02
1.110000000000000000e+02
1.490000000000000000e+02
1.310000000000000000e+02
1.090000000000000000e+02
1.170000000000000000e+02
1.210000000000000000e+02
1.180000000000000000e+02
1.190000000000000000e+02
1.400000000000000000e+02
1.520000000000000000e+02
1.373000000000000000e+03
7.750000000000000000e+02
3.415900000000000000e+04
1.379000000000000000e+03
1.480000000000000000e+02
1.270000000000000000e+02
7.300000000000000000e+02
1.000000000000000000e+02
9.300000000000000000e+01
7.800000000000000000e+01
7.100000000000000000e+01
6.800000000000000000e+01
5.500000000000000000e+01
5.400000000000000000e+01
7.200000000000000000e+01
7.600000000000000000e+01
7.700000000000000000e+01
8.200000000000000000e+01
6.300000000000000000e+01
6.500000000000000000e+01
7.200000000000000000e+01
7.000000000000000000e+01
7.200000000000000000e+01
6.000000000000000000e+01
8.100000000000000000e+01
7.300000000000000000e+01
9.000000000000000000e+01
7.500000000000000000e+01
1.030000000000000000e+02
8.900000000000000000e+01
1.110000000000000000e+02
1.060000000000000000e+02
1.070000000000000000e+02
1.600000000000000000e+02
1.040000000000000000e+02
1.350000000000000000e+02
1.400000000000000000e+02
1.320000000000000000e+02
1.610000000000000000e+02
1.800000000000000000e+02
2.090000000000000000e+02
2.410000000000000000e+02
2.530000000000000000e+02
2.860000000000000000e+02
3.920000000000000000e+02
3.520000000000000000e+02
3.940000000000000000e+02
4.270000000000000000e+02
4.790000000000000000e+02
6.430000000000000000e+02
1.065000000000000000e+03
1.502000000000000000e+03
4.548000000000000000e+03
1.326400000000000000e+05
3.203000000000000000e+03
1.796000000000000000e+03
1.424000000000000000e+03
1.134000000000000000e+03
9.960000000000000000e+02
1.013000000000000000e+03
1.009000000000000000e+03
9.700000000000000000e+02
9.550000000000000000e+02
1.059000000000000000e+03
1.070000000000000000e+03
1.139000000000000000e+03
1.109000000000000000e+03
1.202000000000000000e+03
1.171000000000000000e+03
1.194000000000000000e+03
1.351000000000000000e+03
1.424000000000000000e+03
1.465000000000000000e+03
1.550000000000000000e+03
1.437000000000000000e+03
1.303000000000000000e+03
1.493000000000000000e+03
1.393000000000000000e+03
1.380000000000000000e+03
1.325000000000000000e+03
1.168000000000000000e+03
1.129000000000000000e+03
1.171000000000000000e+03
1.106000000000000000e+03
1.121000000000000000e+03
1.047000000000000000e+03
1.050000000000000000e+03
9.970000000000000000e+02
1.043000000000000000e+03
1.016000000000000000e+03
1.081000000000000000e+03
9.830000000000000000e+02
8.270000000000000000e+02
7.700000000000000000e+02
7.420000000000000000e+02
7.180000000000000000e+02
6.770000000000000000e+02
6.570000000000000000e+02
5.620000000000000000e+02
5.650000000000000000e+02
6.200000000000000000e+02
6.300000000000000000e+02
6.250000000000000000e+02
6.380000000000000000e+02
5.850000000000000000e+02
6.040000000000000000e+02
5.840000000000000000e+02
6.350000000000000000e+02
5.930000000000000000e+02
5.160000000000000000e+02
5.080000000000000000e+02
5.430000000000000000e+02
5.130000000000000000e+02
5.190000000000000000e+02
5.480000000000000000e+02
5.770000000000000000e+02
4.890000000000000000e+02
4.630000000000000000e+02
4.470000000000000000e+02
4.410000000000000000e+02
3.980000000000000000e+02
3.940000000000000000e+02
3.770000000000000000e+02
3.550000000000000000e+02
3.060000000000000000e+02
3.200000000000000000e+02
2.590000000000000000e+02
2.570000000000000000e+02
2.620000000000000000e+02
2.520000000000000000e+02
2.830000000000000000e+02
2.540000000000000000e+02
2.690000000000000000e+02
2.400000000000000000e+02
2.550000000000000000e+02
2.830000000000000000e+02
2.810000000000000000e+02
2.450000000000000000e+02
2.640000000000000000e+02
2.300000000000000000e+02
2.500000000000000000e+02
2.350000000000000000e+02
2.470000000000000000e+02
2.250000000000000000e+02
2.120000000000000000e+02
2.150000000000000000e+02
2.330000000000000000e+02
2.020000000000000000e+02
2.050000000000000000e+02
1.930000000000000000e+02
1.900000000000000000e+02
1.670000000000000000e+02
1.330000000000000000e+02
1.400000000000000000e+02
1.430000000000000000e+02
1.210000000000000000e+02
1.340000000000000000e+02
1.210000000000000000e+02
1.210000000000000000e+02
1.250000000000000000e+02
1.310000000000000000e+02
1.210000000000000000e+02
1.260000000000000000e+02
1.280000000000000000e+02
1.110000000000000000e+02
1.250000000000000000e+02
1.430000000000000000e+02
1.270000000000000000e+02
1.370000000000000000e+02
1.130000000000000000e+02
1.190000000000000000e+02
1.260000000000000000e+02
9.900000000000000000e+01
1.030000000000000000e+02
1.020000000000000000e+02
9.600000000000000000e+01
1.050000000000000000e+02
1.260000000000000000e+02
1.090000000000000000e+02
1.060000000000000000e+02
8.400000000000000000e+01
1.020000000000000000e+02
1.030000000000000000e+02
1.070000000000000000e+02
1.040000000000000000e+02
9.400000000000000000e+01
9.100000000000000000e+01
9.000000000000000000e+01
1.000000000000000000e+02
9.400000000000000000e+01
1.150000000000000000e+02
9.600000000000000000e+01
1.110000000000000000e+02
1.160000000000000000e+02
1.320000000000000000e+02
1.420000000000000000e+02
1.420000000000000000e+02
1.430000000000000000e+02
1.130000000000000000e+02
1.300000000000000000e+02
1.370000000000000000e+02
1.830000000000000000e+02
1.450000000000000000e+02
1.360000000000000000e+02
1.210000000000000000e+02
1.220000000000000000e+02
1.320000000000000000e+02
1.460000000000000000e+02
1.380000000000000000e+02
1.380000000000000000e+02
1.380000000000000000e+02
1.360000000000000000e+02
1.250000000000000000e+02
1.130000000000000000e+02
9.700000000000000000e+01
1.110000000000000000e+02
1.390000000000000000e+02
9.800000000000000000e+01
1.130000000000000000e+02
1.020000000000000000e+02
1.050000000000000000e+02
9.000000000000000000e+01
8.000000000000000000e+01
8.900000000000000000e+01
1.040000000000000000e+02
9.900000000000000000e+01
9.600000000000000000e+01
9.600000000000000000e+01
9.800000000000000000e+01
9.400000000000000000e+01
1.090000000000000000e+02
7.800000000000000000e+01
9.700000000000000000e+01
1.100000000000000000e+02
1.110000000000000000e+02
1.000000000000000000e+02
1.020000000000000000e+02
8.700000000000000000e+01
1.000000000000000000e+02
1.000000000000000000e+02
1.170000000000000000e+02
1.340000000000000000e+02
1.690000000000000000e+02
2.440000000000000000e+02
1.920000000000000000e+02
1.330000000000000000e+02
1.240000000000000000e+02
1.350000000000000000e+02
1.380000000000000000e+02
9.800000000000000000e+01
1.180000000000000000e+02
1.140000000000000000e+02
1.130000000000000000e+02
1.120000000000000000e+02
1.480000000000000000e+02
1.520000000000000000e+02
1.373000000000000000e+03
7.780000000000000000e+02
3.415300000000000000e+04
1.385000000000000000e+03
1.450000000000000000e+02
1.230000000000000000e+02
7.290000000000000000e+02
1.120000000000000000e+02
9.000000000000000000e+01
6.700000000000000000e+01
8.000000000000000000e+01
7.000000000000000000e+01
4.900000000000000000e+01
5.400000000000000000e+01
6.800000000000000000e+01
7.200000000000000000e+01
6.900000000000000000e+01
7.700000000000000000e+01
5.900000000000000000e+01
6.300000000000000000e+01
7.000000000000000000e+01
7.200000000000000000e+01
8.300000000000000000e+01
7.500000000000000000e+01
8.400000000000000000e+01
7.100000000000000000e+01
8.800000000000000000e+01
8.100000000000000000e+01
1.060000000000000000e+02
8.500000000000000000e+01
1.210000000000000000e+02
1.010000000000000000e+02
1.020000000000000000e+02
1.550000000000000000e+02
1.080000000000000000e+02
1.260000000000000000e+02
1.460000000000000000e+02
1.360000000000000000e+02
1.700000000000000000e+02
1.690000000000000000e+02
1.890000000000000000e+02
2.300000000000000000e+02
2.310000000000000000e+02
2.850000000000000000e+02
3.610000000000000000e+02
3.470000000000000000e+02
3.570000000000000000e+02
4.090000000000000000e+02
4.410000000000000000e+02
6.010000000000000000e+02
1.135000000000000000e+03
1.530000000000000000e+03
4.822000000000000000e+03
1.325100000000000000e+05
6.210000000000000000e+02
2.820000000000000000e+02
3.040000000000000000e+02
3.440000000000000000e+02
3.670000000000000000e+02
3.580000000000000000e+02
4.360000000000000000e+02
4.780000000000000000e+02
5.500000000000000000e+02
6.010000000000000000e+02
5.750000000000000000e+02
6.800000000000000000e+02
5.660000000000000000e+02
6.130000000000000000e+02
6.100000000000000000e+02
6.650000000000000000e+02
6.900000000000000000e+02
8.050000000000000000e+02
8.600000000000000000e+02
9.200000000000000000e+02
8.860000000000000000e+02
8.390000000000000000e+02
9.560000000000000000e+02
9.000000000000000000e+02
8.110000000000000000e+02
8.020000000000000000e+02
7.080000000000000000e+02
6.510000000000000000e+02
6.470000000000000000e+02
6.030000000000000000e+02
5.860000000000000000e+02
5.690000000000000000e+02
5.770000000000000000e+02
5.140000000000000000e+02
5.120000000000000000e+02
5.340000000000000000e+02
5.120000000000000000e+02
5.030000000000000000e+02
4.550000000000000000e+02
4.150000000000000000e+02
4.500000000000000000e+02
4.010000000000000000e+02
3.780000000000000000e+02
3.790000000000000000e+02
3.910000000000000000e+02
3.810000000000000000e+02
3.750000000000000000e+02
4.200000000000000000e+02
3.790000000000000000e+02
4.340000000000000000e+02
3.660000000000000000e+02
4.390000000000000000e+02
4.110000000000000000e+02
4.130000000000000000e+02
4.430000000000000000e+02
4.010000000000000000e+02
3.960000000000000000e+02
3.610000000000000000e+02
3.550000000000000000e+02
3.440000000000000000e+02
4.410000000000000000e+02
4.060000000000000000e+02
3.620000000000000000e+02
3.210000000000000000e+02
3.180000000000000000e+02
2.890000000000000000e+02
2.990000000000000000e+02
2.840000000000000000e+02
2.730000000000000000e+02
2.450000000000000000e+02
2.230000000000000000e+02
2.170000000000000000e+02
2.180000000000000000e+02
2.070000000000000000e+02
2.180000000000000000e+02
2.320000000000000000e+02
2.500000000000000000e+02
2.040000000000000000e+02
2.520000000000000000e+02
2.210000000000000000e+02
2.370000000000000000e+02
2.320000000000000000e+02
2.690000000000000000e+02
2.290000000000000000e+02
2.380000000000000000e+02
2.340000000000000000e+02
2.140000000000000000e+02
2.190000000000000000e+02
2.960000000000000000e+02
2.400000000000000000e+02
2.470000000000000000e+02
2.320000000000000000e+02
2.310000000000000000e+02
2.260000000000000000e+02
2.320000000000000000e+02
2.290000000000000000e+02
2.250000000000000000e+02
1.980000000000000000e+02
1.880000000000000000e+02
1.920000000000000000e+02
1.980000000000000000e+02
2.410000000000000000e+02
2.210000000000000000e+02
2.010000000000000000e+02
2.060000000000000000e+02
2.350000000000000000e+02
2.660000000000000000e+02
2.510000000000000000e+02
2.480000000000000000e+02
2.610000000000000000e+02
2.490000000000000000e+02
2.580000000000000000e+02
2.640000000000000000e+02
3.040000000000000000e+02
3.230000000000000000e+02
3.580000000000000000e+02
2.920000000000000000e+02
2.620000000000000000e+02
2.510000000000000000e+02
2.590000000000000000e+02
2.370000000000000000e+02
2.300000000000000000e+02
2.210000000000000000e+02
2.290000000000000000e+02
2.120000000000000000e+02
2.140000000000000000e+02
2.040000000000000000e+02
2.250000000000000000e+02
2.100000000000000000e+02
2.280000000000000000e+02
2.320000000000000000e+02
2.100000000000000000e+02
2.020000000000000000e+02
1.790000000000000000e+02
2.230000000000000000e+02
1.840000000000000000e+02
2.140000000000000000e+02
2.190000000000000000e+02
2.340000000000000000e+02
2.470000000000000000e+02
2.550000000000000000e+02
2.640000000000000000e+02
2.680000000000000000e+02
2.540000000000000000e+02
2.530000000000000000e+02
2.910000000000000000e+02
2.710000000000000000e+02
3.020000000000000000e+02
2.920000000000000000e+02
3.360000000000000000e+02
2.920000000000000000e+02
3.910000000000000000e+02
3.350000000000000000e+02
3.800000000000000000e+02
4.180000000000000000e+02
3.830000000000000000e+02
4.510000000000000000e+02
5.110000000000000000e+02
6.660000000000000000e+02
8.950000000000000000e+02
7.960000000000000000e+02
6.430000000000000000e+02
8.750000000000000000e+02
6.460000000000000000e+02
6.760000000000000000e+02
5.210000000000000000e+02
5.330000000000000000e+02
4.550000000000000000e+02
3.690000000000000000e+02
4.780000000000000000e+02
4.230000000000000000e+02
4.530000000000000000e+02
3.430000000000000000e+02
4.140000000000000000e+02
4.800000000000000000e+02
4.900000000000000000e+02
5.370000000000000000e+02
4.670000000000000000e+02
4.500000000000000000e+02
4.430000000000000000e+02
4.200000000000000000e+02
3.940000000000000000e+02
4.370000000000000000e+02
3.800000000000000000e+02
4.650000000000000000e+02
5.120000000000000000e+02
4.420000000000000000e+02
4.810000000000000000e+02
5.170000000000000000e+02
5.550000000000000000e+02
5.490000000000000000e+02
6.110000000000000000e+02
5.130000000000000000e+02
5.620000000000000000e+02
5.030000000000000000e+02
5.100000000000000000e+02
4.760000000000000000e+02
4.980000000000000000e+02
5.320000000000000000e+02
4.720000000000000000e+02
5.280000000000000000e+02
5.010000000000000000e+02
1.707000000000000000e+03
1.127000000000000000e+03
3.450200000000000000e+04
1.692000000000000000e+03
4.610000000000000000e+02
4.050000000000000000e+02
1.008000000000000000e+03
3.150000000000000000e+02
2.770000000000000000e+02
2.210000000000000000e+02
1.930000000000000000e+02
2.010000000000000000e+02
1.590000000000000000e+02
1.650000000000000000e+02
1.450000000000000000e+02
1.490000000000000000e+02
1.470000000000000000e+02
1.250000000000000000e+02
1.060000000000000000e+02
9.700000000000000000e+01
1.100000000000000000e+02
1.020000000000000000e+02
1.010000000000000000e+02
9.100000000000000000e+01
1.030000000000000000e+02
9.500000000000000000e+01
9.800000000000000000e+01
1.030000000000000000e+02
1.150000000000000000e+02
8.900000000000000000e+01
1.230000000000000000e+02
1.200000000000000000e+02
1.180000000000000000e+02
1.630000000000000000e+02
1.160000000000000000e+02
1.510000000000000000e+02
1.470000000000000000e+02
1.310000000000000000e+02
1.650000000000000000e+02
1.740000000000000000e+02
1.920000000000000000e+02
2.290000000000000000e+02
2.380000000000000000e+02
2.830000000000000000e+02
3.820000000000000000e+02
3.660000000000000000e+02
3.680000000000000000e+02
4.780000000000000000e+02
4.930000000000000000e+02
6.990000000000000000e+02
1.130000000000000000e+03
1.411000000000000000e+03
4.595000000000000000e+03
1.328490000000000000e+05
