9.565000000000000000e+03
5.320000000000000000e+03
4.027000000000000000e+03
2.673000000000000000e+03
2.649000000000000000e+03
2.401000000000000000e+03
1.954000000000000000e+03
2.274000000000000000e+03
2.744000000000000000e+03
5.151000000000000000e+03
5.054000000000000000e+03
3.541000000000000000e+03
3.843000000000000000e+03
5.339000000000000000e+03
6.832000000000000000e+03
4.077000000000000000e+03
3.462000000000000000e+03
2.227000000000000000e+03
1.984000000000000000e+03
1.813000000000000000e+03
1.627000000000000000e+03
1.823000000000000000e+03
1.578000000000000000e+03
1.348000000000000000e+03
1.372000000000000000e+03
1.699000000000000000e+03
1.442000000000000000e+03
1.503000000000000000e+03
1.620000000000000000e+03
1.647000000000000000e+03
1.621000000000000000e+03
1.971000000000000000e+03
2.084000000000000000e+03
2.542000000000000000e+03
2.188000000000000000e+03
2.268000000000000000e+03
2.407000000000000000e+03
2.757000000000000000e+03
2.551000000000000000e+03
2.783000000000000000e+03
3.127000000000000000e+03
3.865000000000000000e+03
4.088000000000000000e+03
3.376000000000000000e+03
3.010000000000000000e+03
2.995000000000000000e+03
2.798000000000000000e+03
2.638000000000000000e+03
2.447000000000000000e+03
2.176000000000000000e+03
2.357000000000000000e+03
2.381000000000000000e+03
2.211000000000000000e+03
1.906000000000000000e+03
1.668000000000000000e+03
1.553000000000000000e+03
1.461000000000000000e+03
1.360000000000000000e+03
1.305000000000000000e+03
1.339000000000000000e+03
1.349000000000000000e+03
1.062000000000000000e+03
1.029000000000000000e+03
1.075000000000000000e+03
9.640000000000000000e+02
8.790000000000000000e+02
9.840000000000000000e+02
7.580000000000000000e+02
7.150000000000000000e+02
6.970000000000000000e+02
8.810000000000000000e+02
9.330000000000000000e+02
2.096000000000000000e+03
2.002000000000000000e+03
1.713000000000000000e+03
1.785000000000000000e+03
1.610000000000000000e+03
1.415000000000000000e+03
1.293000000000000000e+03
1.050000000000000000e+03
1.274000000000000000e+03
1.364000000000000000e+03
1.243000000000000000e+03
1.239000000000000000e+03
9.540000000000000000e+02
8.210000000000000000e+02
7.710000000000000000e+02
7.840000000000000000e+02
7.310000000000000000e+02
8.520000000000000000e+02
6.510000000000000000e+02
6.090000000000000000e+02
6.420000000000000000e+02
5.010000000000000000e+02
5.720000000000000000e+02
5.250000000000000000e+02
5.270000000000000000e+02
4.840000000000000000e+02
4.330000000000000000e+02
3.930000000000000000e+02
5.650000000000000000e+02
5.010000000000000000e+02
4.200000000000000000e+02
4.390000000000000000e+02
4.180000000000000000e+02
3.920000000000000000e+02
3.790000000000000000e+02
4.880000000000000000e+02
4.430000000000000000e+02
4.580000000000000000e+02
4.660000000000000000e+02
4.110000000000000000e+02
5.210000000000000000e+02
4.250000000000000000e+02
4.160000000000000000e+02
4.990000000000000000e+02
4.670000000000000000e+02
4.990000000000000000e+02
5.250000000000000000e+02
6.600000000000000000e+02
5.950000000000000000e+02
7.210000000000000000e+02
8.560000000000000000e+02
5.690000000000000000e+02
7.650000000000000000e+02
7.930000000000000000e+02
8.780000000000000000e+02
8.890000000000000000e+02
8.890000000000000000e+02
9.700000000000000000e+02
9.400000000000000000e+02
8.550000000000000000e+02
7.290000000000000000e+02
1.006000000000000000e+03
9.360000000000000000e+02
9.590000000000000000e+02
9.070000000000000000e+02
1.169000000000000000e+03
1.111000000000000000e+03
1.145000000000000000e+03
1.277000000000000000e+03
1.328000000000000000e+03
1.597000000000000000e+03
3.412000000000000000e+03
2.460000000000000000e+03
2.123000000000000000e+03
2.693000000000000000e+03
2.007000000000000000e+03
1.808000000000000000e+03
1.521000000000000000e+03
1.425000000000000000e+03
1.300000000000000000e+03
1.167000000000000000e+03
1.022000000000000000e+03
1.099000000000000000e+03
8.900000000000000000e+02
9.390000000000000000e+02
7.760000000000000000e+02
7.610000000000000000e+02
7.490000000000000000e+02
7.710000000000000000e+02
7.540000000000000000e+02
7.050000000000000000e+02
7.300000000000000000e+02
9.740000000000000000e+02
1.111000000000000000e+03
1.178000000000000000e+03
1.133000000000000000e+03
1.156000000000000000e+03
1.223000000000000000e+03
1.282000000000000000e+03
1.361000000000000000e+03
1.393000000000000000e+03
1.226000000000000000e+03
1.271000000000000000e+03
1.303000000000000000e+03
1.439000000000000000e+03
1.751000000000000000e+03
1.943000000000000000e+03
1.770000000000000000e+03
1.515000000000000000e+03
1.660000000000000000e+03
1.581000000000000000e+03
1.793000000000000000e+03
1.793000000000000000e+03
1.828000000000000000e+03
1.703000000000000000e+03
1.786000000000000000e+03
1.992000000000000000e+03
1.741000000000000000e+03
1.700000000000000000e+03
2.249000000000000000e+03
2.286000000000000000e+03
2.437000000000000000e+03
4.348000000000000000e+03
4.164000000000000000e+03
3.973000000000000000e+03
3.502000000000000000e+03
3.115000000000000000e+03
2.884000000000000000e+03
2.791000000000000000e+03
2.693000000000000000e+03
2.614000000000000000e+03
2.537000000000000000e+03
2.365000000000000000e+03
2.513000000000000000e+03
2.311000000000000000e+03
2.277000000000000000e+03
2.284000000000000000e+03
2.400000000000000000e+03
2.258000000000000000e+03
1.917000000000000000e+03
1.734000000000000000e+03
1.946000000000000000e+03
1.980000000000000000e+03
1.974000000000000000e+03
2.047000000000000000e+03
2.373000000000000000e+03
2.589000000000000000e+03
2.681000000000000000e+03
2.614000000000000000e+03
2.504000000000000000e+03
2.724000000000000000e+03
2.869000000000000000e+03
3.256000000000000000e+03
3.151000000000000000e+03
3.402000000000000000e+03
3.796000000000000000e+03
4.277000000000000000e+03
4.217000000000000000e+03
4.011000000000000000e+03
3.449000000000000000e+03
2.803000000000000000e+03
2.218000000000000000e+03
1.841000000000000000e+03
1.417000000000000000e+03
1.077000000000000000e+03
8.260000000000000000e+02
6.280000000000000000e+02
4.450000000000000000e+02
4.210000000000000000e+02
3.760000000000000000e+02
3.080000000000000000e+02
2.320000000000000000e+02
2.790000000000000000e+02
2.750000000000000000e+02
2.550000000000000000e+02
2.770000000000000000e+02
3.550000000000000000e+02
3.910000000000000000e+02
5.110000000000000000e+02
9.110000000000000000e+02
1.076000000000000000e+03
2.069000000000000000e+03
2.560000000000000000e+03
8.855650000000000000e+05
8.675000000000000000e+03
6.141000000000000000e+03
3.568000000000000000e+03
2.605000000000000000e+03
2.487000000000000000e+03
2.269000000000000000e+03
2.013000000000000000e+03
1.921000000000000000e+03
2.414000000000000000e+03
2.599000000000000000e+03
4.944000000000000000e+03
5.028000000000000000e+03
3.776000000000000000e+03
5.100000000000000000e+03
4.198000000000000000e+03
6.478000000000000000e+03
4.110000000000000000e+03
3.497000000000000000e+03
2.371000000000000000e+03
2.174000000000000000e+03
1.942000000000000000e+03
1.618000000000000000e+03
1.975000000000000000e+03
1.882000000000000000e+03
1.841000000000000000e+03
2.112000000000000000e+03
2.363000000000000000e+03
2.328000000000000000e+03
2.366000000000000000e+03
2.260000000000000000e+03
2.072000000000000000e+03
2.244000000000000000e+03
2.124000000000000000e+03
2.500000000000000000e+03
2.394000000000000000e+03
2.579000000000000000e+03
2.843000000000000000e+03
3.886000000000000000e+03
3.884000000000000000e+03
3.342000000000000000e+03
3.020000000000000000e+03
2.995000000000000000e+03
2.824000000000000000e+03
2.735000000000000000e+03
2.551000000000000000e+03
2.509000000000000000e+03
2.604000000000000000e+03
2.201000000000000000e+03
2.071000000000000000e+03
1.877000000000000000e+03
1.821000000000000000e+03
1.718000000000000000e+03
1.817000000000000000e+03
1.508000000000000000e+03
1.371000000000000000e+03
1.225000000000000000e+03
1.219000000000000000e+03
1.255000000000000000e+03
1.330000000000000000e+03
1.335000000000000000e+03
1.334000000000000000e+03
1.096000000000000000e+03
9.530000000000000000e+02
8.900000000000000000e+02
7.910000000000000000e+02
8.200000000000000000e+02
1.010000000000000000e+03
2.021000000000000000e+03
1.874000000000000000e+03
1.443000000000000000e+03
1.997000000000000000e+03
1.823000000000000000e+03
1.441000000000000000e+03
1.275000000000000000e+03
1.038000000000000000e+03
1.066000000000000000e+03
1.241000000000000000e+03
9.490000000000000000e+02
8.540000000000000000e+02
1.013000000000000000e+03
9.340000000000000000e+02
7.770000000000000000e+02
7.390000000000000000e+02
1.004000000000000000e+03
9.140000000000000000e+02
8.230000000000000000e+02
6.850000000000000000e+02
6.440000000000000000e+02
6.600000000000000000e+02
8.440000000000000000e+02
6.730000000000000000e+02
6.760000000000000000e+02
6.410000000000000000e+02
5.100000000000000000e+02
6.520000000000000000e+02
5.940000000000000000e+02
6.060000000000000000e+02
5.170000000000000000e+02
5.470000000000000000e+02
4.920000000000000000e+02
6.470000000000000000e+02
5.830000000000000000e+02
4.490000000000000000e+02
5.120000000000000000e+02
4.630000000000000000e+02
4.160000000000000000e+02
4.100000000000000000e+02
5.340000000000000000e+02
4.560000000000000000e+02
4.910000000000000000e+02
5.330000000000000000e+02
4.700000000000000000e+02
5.840000000000000000e+02
5.180000000000000000e+02
4.630000000000000000e+02
5.590000000000000000e+02
5.360000000000000000e+02
5.560000000000000000e+02
5.700000000000000000e+02
6.860000000000000000e+02
6.120000000000000000e+02
7.270000000000000000e+02
8.290000000000000000e+02
6.550000000000000000e+02
8.140000000000000000e+02
8.350000000000000000e+02
8.330000000000000000e+02
8.770000000000000000e+02
8.710000000000000000e+02
8.810000000000000000e+02
9.340000000000000000e+02
8.160000000000000000e+02
8.230000000000000000e+02
1.101000000000000000e+03
1.108000000000000000e+03
1.196000000000000000e+03
1.390000000000000000e+03
3.079000000000000000e+03
2.368000000000000000e+03
2.072000000000000000e+03
2.370000000000000000e+03
1.807000000000000000e+03
1.543000000000000000e+03
1.694000000000000000e+03
1.073000000000000000e+03
9.700000000000000000e+02
1.220000000000000000e+03
1.214000000000000000e+03
1.250000000000000000e+03
1.184000000000000000e+03
1.344000000000000000e+03
1.297000000000000000e+03
1.065000000000000000e+03
9.660000000000000000e+02
1.022000000000000000e+03
8.670000000000000000e+02
9.090000000000000000e+02
7.760000000000000000e+02
7.620000000000000000e+02
7.010000000000000000e+02
7.960000000000000000e+02
7.340000000000000000e+02
7.420000000000000000e+02
7.400000000000000000e+02
7.750000000000000000e+02
9.860000000000000000e+02
1.207000000000000000e+03
1.149000000000000000e+03
1.273000000000000000e+03
1.220000000000000000e+03
1.234000000000000000e+03
1.253000000000000000e+03
1.300000000000000000e+03
1.393000000000000000e+03
1.306000000000000000e+03
1.330000000000000000e+03
1.337000000000000000e+03
1.495000000000000000e+03
1.740000000000000000e+03
1.982000000000000000e+03
1.873000000000000000e+03
1.693000000000000000e+03
1.869000000000000000e+03
1.768000000000000000e+03
1.871000000000000000e+03
2.391000000000000000e+03
2.482000000000000000e+03
2.833000000000000000e+03
4.513000000000000000e+03
4.497000000000000000e+03
3.963000000000000000e+03
3.633000000000000000e+03
3.262000000000000000e+03
3.216000000000000000e+03
3.210000000000000000e+03
3.359000000000000000e+03
3.285000000000000000e+03
3.494000000000000000e+03
3.250000000000000000e+03
3.384000000000000000e+03
3.057000000000000000e+03
2.591000000000000000e+03
2.436000000000000000e+03
2.314000000000000000e+03
2.015000000000000000e+03
1.616000000000000000e+03
1.491000000000000000e+03
1.706000000000000000e+03
1.599000000000000000e+03
1.535000000000000000e+03
1.526000000000000000e+03
1.564000000000000000e+03
1.487000000000000000e+03
1.443000000000000000e+03
1.587000000000000000e+03
1.774000000000000000e+03
1.956000000000000000e+03
2.197000000000000000e+03
2.556000000000000000e+03
2.789000000000000000e+03
2.966000000000000000e+03
3.075000000000000000e+03
3.201000000000000000e+03
3.709000000000000000e+03
3.611000000000000000e+03
3.870000000000000000e+03
3.593000000000000000e+03
3.616000000000000000e+03
3.590000000000000000e+03
3.282000000000000000e+03
2.928000000000000000e+03
2.264000000000000000e+03
1.843000000000000000e+03
1.551000000000000000e+03
1.247000000000000000e+03
9.430000000000000000e+02
6.480000000000000000e+02
4.410000000000000000e+02
3.650000000000000000e+02
3.270000000000000000e+02
3.170000000000000000e+02
3.830000000000000000e+02
2.820000000000000000e+02
2.270000000000000000e+02
2.350000000000000000e+02
2.640000000000000000e+02
2.620000000000000000e+02
2.650000000000000000e+02
3.100000000000000000e+02
3.670000000000000000e+02
4.820000000000000000e+02
7.740000000000000000e+02
1.092000000000000000e+03
1.692000000000000000e+03
2.924000000000000000e+03
8.860200000000000000e+05
9.743000000000000000e+03
5.851000000000000000e+03
3.784000000000000000e+03
2.901000000000000000e+03
2.834000000000000000e+03
2.284000000000000000e+03
2.334000000000000000e+03
2.730000000000000000e+03
5.398000000000000000e+03
5.206000000000000000e+03
3.544000000000000000e+03
3.726000000000000000e+03
4.153000000000000000e+03
7.928000000000000000e+03
4.575000000000000000e+03
3.647000000000000000e+03
2.454000000000000000e+03
2.045000000000000000e+03
1.980000000000000000e+03
1.924000000000000000e+03
2.357000000000000000e+03
2.164000000000000000e+03
2.255000000000000000e+03
2.214000000000000000e+03
2.383000000000000000e+03
2.151000000000000000e+03
2.024000000000000000e+03
2.014000000000000000e+03
2.080000000000000000e+03
2.285000000000000000e+03
2.253000000000000000e+03
2.971000000000000000e+03
3.621000000000000000e+03
4.087000000000000000e+03
3.120000000000000000e+03
2.865000000000000000e+03
2.900000000000000000e+03
3.149000000000000000e+03
2.515000000000000000e+03
2.622000000000000000e+03
2.654000000000000000e+03
2.613000000000000000e+03
2.374000000000000000e+03
2.329000000000000000e+03
1.957000000000000000e+03
1.907000000000000000e+03
1.968000000000000000e+03
1.655000000000000000e+03
1.528000000000000000e+03
1.459000000000000000e+03
1.466000000000000000e+03
1.475000000000000000e+03
1.642000000000000000e+03
1.370000000000000000e+03
1.189000000000000000e+03
1.250000000000000000e+03
1.207000000000000000e+03
1.103000000000000000e+03
1.023000000000000000e+03
1.067000000000000000e+03
1.221000000000000000e+03
9.530000000000000000e+02
9.110000000000000000e+02
9.130000000000000000e+02
2.168000000000000000e+03
2.328000000000000000e+03
2.025000000000000000e+03
1.452000000000000000e+03
1.230000000000000000e+03
1.256000000000000000e+03
1.413000000000000000e+03
1.215000000000000000e+03
1.232000000000000000e+03
1.178000000000000000e+03
9.780000000000000000e+02
9.930000000000000000e+02
1.228000000000000000e+03
8.860000000000000000e+02
7.620000000000000000e+02
7.080000000000000000e+02
7.360000000000000000e+02
7.290000000000000000e+02
6.410000000000000000e+02
8.920000000000000000e+02
8.140000000000000000e+02
7.900000000000000000e+02
6.440000000000000000e+02
6.460000000000000000e+02
6.760000000000000000e+02
8.770000000000000000e+02
7.180000000000000000e+02
6.910000000000000000e+02
7.210000000000000000e+02
6.230000000000000000e+02
6.680000000000000000e+02
6.970000000000000000e+02
7.420000000000000000e+02
5.670000000000000000e+02
5.910000000000000000e+02
6.090000000000000000e+02
6.680000000000000000e+02
6.770000000000000000e+02
5.320000000000000000e+02
5.600000000000000000e+02
5.380000000000000000e+02
5.090000000000000000e+02
4.820000000000000000e+02
6.070000000000000000e+02
5.500000000000000000e+02
5.570000000000000000e+02
6.130000000000000000e+02
4.960000000000000000e+02
6.110000000000000000e+02
5.210000000000000000e+02
5.330000000000000000e+02
6.230000000000000000e+02
5.460000000000000000e+02
5.380000000000000000e+02
5.890000000000000000e+02
7.440000000000000000e+02
6.010000000000000000e+02
7.120000000000000000e+02
8.640000000000000000e+02
6.330000000000000000e+02
7.990000000000000000e+02
8.330000000000000000e+02
9.020000000000000000e+02
9.500000000000000000e+02
1.000000000000000000e+03
1.061000000000000000e+03
1.170000000000000000e+03
1.315000000000000000e+03
2.656000000000000000e+03
2.369000000000000000e+03
1.997000000000000000e+03
2.348000000000000000e+03
1.640000000000000000e+03
1.538000000000000000e+03
1.237000000000000000e+03
1.127000000000000000e+03
1.087000000000000000e+03
1.054000000000000000e+03
1.064000000000000000e+03
1.389000000000000000e+03
9.260000000000000000e+02
9.060000000000000000e+02
1.225000000000000000e+03
1.220000000000000000e+03
1.326000000000000000e+03
1.218000000000000000e+03
1.401000000000000000e+03
1.287000000000000000e+03
1.105000000000000000e+03
1.023000000000000000e+03
1.036000000000000000e+03
8.260000000000000000e+02
9.560000000000000000e+02
8.470000000000000000e+02
8.690000000000000000e+02
8.000000000000000000e+02
8.330000000000000000e+02
1.019000000000000000e+03
1.020000000000000000e+03
1.132000000000000000e+03
1.250000000000000000e+03
1.041000000000000000e+03
1.239000000000000000e+03
1.310000000000000000e+03
1.245000000000000000e+03
1.287000000000000000e+03
1.377000000000000000e+03
1.434000000000000000e+03
1.314000000000000000e+03
1.314000000000000000e+03
1.451000000000000000e+03
1.624000000000000000e+03
1.818000000000000000e+03
2.181000000000000000e+03
2.625000000000000000e+03
2.496000000000000000e+03
2.910000000000000000e+03
4.320000000000000000e+03
4.444000000000000000e+03
4.149000000000000000e+03
3.756000000000000000e+03
3.356000000000000000e+03
3.334000000000000000e+03
3.394000000000000000e+03
3.282000000000000000e+03
3.284000000000000000e+03
3.410000000000000000e+03
3.167000000000000000e+03
3.356000000000000000e+03
3.239000000000000000e+03
2.960000000000000000e+03
2.995000000000000000e+03
3.007000000000000000e+03
2.791000000000000000e+03
2.243000000000000000e+03
1.797000000000000000e+03
1.682000000000000000e+03
1.499000000000000000e+03
1.397000000000000000e+03
1.395000000000000000e+03
1.410000000000000000e+03
1.325000000000000000e+03
1.408000000000000000e+03
1.344000000000000000e+03
1.214000000000000000e+03
1.240000000000000000e+03
1.225000000000000000e+03
1.330000000000000000e+03
1.436000000000000000e+03
1.659000000000000000e+03
1.782000000000000000e+03
2.241000000000000000e+03
2.324000000000000000e+03
2.595000000000000000e+03
2.847000000000000000e+03
3.066000000000000000e+03
3.213000000000000000e+03
3.027000000000000000e+03
2.859000000000000000e+03
2.887000000000000000e+03
2.942000000000000000e+03
3.024000000000000000e+03
3.138000000000000000e+03
3.250000000000000000e+03
3.006000000000000000e+03
2.761000000000000000e+03
2.261000000000000000e+03
1.919000000000000000e+03
1.564000000000000000e+03
1.322000000000000000e+03
1.073000000000000000e+03
7.240000000000000000e+02
4.570000000000000000e+02
3.850000000000000000e+02
3.240000000000000000e+02
2.800000000000000000e+02
3.100000000000000000e+02
3.260000000000000000e+02
2.480000000000000000e+02
2.090000000000000000e+02
2.580000000000000000e+02
2.540000000000000000e+02
2.840000000000000000e+02
3.050000000000000000e+02
3.440000000000000000e+02
4.010000000000000000e+02
4.840000000000000000e+02
8.070000000000000000e+02
1.152000000000000000e+03
1.680000000000000000e+03
3.187000000000000000e+03
8.855760000000000000e+05
