1.900000000000000000e+01
5.000000000000000000e+00
1.200000000000000000e+01
1.300000000000000000e+01
2.200000000000000000e+01
3.200000000000000000e+01
3.500000000000000000e+01
7.700000000000000000e+01
1.180000000000000000e+02
1.490000000000000000e+02
2.180000000000000000e+02
2.930000000000000000e+02
3.900000000000000000e+02
4.770000000000000000e+02
6.620000000000000000e+02
1.019000000000000000e+03
1.410000000000000000e+03
2.102000000000000000e+03
2.839000000000000000e+03
5.185000000000000000e+03
5.756000000000000000e+03
7.048000000000000000e+03
3.983000000000000000e+03
3.935000000000000000e+03
3.512000000000000000e+03
3.103000000000000000e+03
3.087000000000000000e+03
3.151000000000000000e+03
3.583000000000000000e+03
3.914000000000000000e+03
3.880000000000000000e+03
4.070000000000000000e+03
5.116000000000000000e+03
4.993000000000000000e+03
5.169000000000000000e+03
5.633000000000000000e+03
6.192000000000000000e+03
8.455000000000000000e+03
1.424500000000000000e+04
3.260000000000000000e+04
3.243100000000000000e+04
3.823600000000000000e+04
5.246900000000000000e+04
3.307300000000000000e+04
4.438700000000000000e+04
6.304100000000000000e+04
4.685800000000000000e+04
3.648400000000000000e+04
6.277800000000000000e+04
8.673300000000000000e+04
3.889200000000000000e+04
4.409700000000000000e+04
5.268100000000000000e+04
4.295400000000000000e+04
5.232400000000000000e+04
6.125100000000000000e+04
5.027000000000000000e+04
5.189000000000000000e+04
5.151800000000000000e+04
4.153700000000000000e+04
4.485500000000000000e+04
5.083400000000000000e+04
4.320300000000000000e+04
3.946400000000000000e+04
3.805800000000000000e+04
3.193000000000000000e+04
3.189800000000000000e+04
3.215700000000000000e+04
2.973400000000000000e+04
2.840600000000000000e+04
2.689500000000000000e+04
2.211100000000000000e+04
1.874700000000000000e+04
1.437500000000000000e+04
1.120400000000000000e+04
9.255000000000000000e+03
8.942000000000000000e+03
9.042000000000000000e+03
7.766000000000000000e+03
8.361000000000000000e+03
9.931000000000000000e+03
1.027700000000000000e+04
9.557000000000000000e+03
8.781000000000000000e+03
8.528000000000000000e+03
5.965000000000000000e+03
4.803000000000000000e+03
3.134000000000000000e+03
1.569000000000000000e+03
1.160000000000000000e+03
1.188000000000000000e+03
1.124000000000000000e+03
1.065000000000000000e+03
1.192000000000000000e+03
9.790000000000000000e+02
8.930000000000000000e+02
8.130000000000000000e+02
8.100000000000000000e+02
8.480000000000000000e+02
7.440000000000000000e+02
7.850000000000000000e+02
7.950000000000000000e+02
7.410000000000000000e+02
7.390000000000000000e+02
7.360000000000000000e+02
7.640000000000000000e+02
7.360000000000000000e+02
7.460000000000000000e+02
7.730000000000000000e+02
7.500000000000000000e+02
7.300000000000000000e+02
6.440000000000000000e+02
6.670000000000000000e+02
6.380000000000000000e+02
6.000000000000000000e+02
5.970000000000000000e+02
6.140000000000000000e+02
5.930000000000000000e+02
6.100000000000000000e+02
6.110000000000000000e+02
6.750000000000000000e+02
5.380000000000000000e+02
6.170000000000000000e+02
5.670000000000000000e+02
5.480000000000000000e+02
5.340000000000000000e+02
5.030000000000000000e+02
5.160000000000000000e+02
4.610000000000000000e+02
4.720000000000000000e+02
4.820000000000000000e+02
4.430000000000000000e+02
4.420000000000000000e+02
4.570000000000000000e+02
4.410000000000000000e+02
4.180000000000000000e+02
4.290000000000000000e+02
3.870000000000000000e+02
4.250000000000000000e+02
3.750000000000000000e+02
4.090000000000000000e+02
3.780000000000000000e+02
3.340000000000000000e+02
3.550000000000000000e+02
3.140000000000000000e+02
3.590000000000000000e+02
3.200000000000000000e+02
3.020000000000000000e+02
3.190000000000000000e+02
2.830000000000000000e+02
2.650000000000000000e+02
3.100000000000000000e+02
2.480000000000000000e+02
2.700000000000000000e+02
2.600000000000000000e+02
2.510000000000000000e+02
2.370000000000000000e+02
2.250000000000000000e+02
2.160000000000000000e+02
2.210000000000000000e+02
1.680000000000000000e+02
1.620000000000000000e+02
1.490000000000000000e+02
1.600000000000000000e+02
1.620000000000000000e+02
1.380000000000000000e+02
1.530000000000000000e+02
1.760000000000000000e+02
1.440000000000000000e+02
1.410000000000000000e+02
1.500000000000000000e+02
1.650000000000000000e+02
1.490000000000000000e+02
1.480000000000000000e+02
1.700000000000000000e+02
1.380000000000000000e+02
1.210000000000000000e+02
1.300000000000000000e+02
1.210000000000000000e+02
1.290000000000000000e+02
1.290000000000000000e+02
1.030000000000000000e+02
1.090000000000000000e+02
8.400000000000000000e+01
9.000000000000000000e+01
8.400000000000000000e+01
1.010000000000000000e+02
9.500000000000000000e+01
7.600000000000000000e+01
9.300000000000000000e+01
1.040000000000000000e+02
7.500000000000000000e+01
9.100000000000000000e+01
7.000000000000000000e+01
8.500000000000000000e+01
9.800000000000000000e+01
8.600000000000000000e+01
9.600000000000000000e+01
8.700000000000000000e+01
1.010000000000000000e+02
8.200000000000000000e+01
1.040000000000000000e+02
9.700000000000000000e+01
9.900000000000000000e+01
1.140000000000000000e+02
1.390000000000000000e+02
1.440000000000000000e+02
1.190000000000000000e+02
1.170000000000000000e+02
9.900000000000000000e+01
9.300000000000000000e+01
9.600000000000000000e+01
1.170000000000000000e+02
1.100000000000000000e+02
9.800000000000000000e+01
9.100000000000000000e+01
1.070000000000000000e+02
7.200000000000000000e+01
8.900000000000000000e+01
7.400000000000000000e+01
9.400000000000000000e+01
8.400000000000000000e+01
8.200000000000000000e+01
8.400000000000000000e+01
8.300000000000000000e+01
8.700000000000000000e+01
7.000000000000000000e+01
7.700000000000000000e+01
7.200000000000000000e+01
7.600000000000000000e+01
7.000000000000000000e+01
5.600000000000000000e+01
4.800000000000000000e+01
3.900000000000000000e+01
5.700000000000000000e+01
5.400000000000000000e+01
5.700000000000000000e+01
4.100000000000000000e+01
3.600000000000000000e+01
4.400000000000000000e+01
4.300000000000000000e+01
4.200000000000000000e+01
5.200000000000000000e+01
4.600000000000000000e+01
4.700000000000000000e+01
5.300000000000000000e+01
4.700000000000000000e+01
5.200000000000000000e+01
6.100000000000000000e+01
4.200000000000000000e+01
7.300000000000000000e+01
9.800000000000000000e+01
4.000000000000000000e+01
9.400000000000000000e+01
3.200000000000000000e+01
9.600000000000000000e+01
0.000000000000000000e+00
4.000000000000000000e+00
2.000000000000000000e+00
5.000000000000000000e+00
4.000000000000000000e+00
1.000000000000000000e+01
1.300000000000000000e+01
2.200000000000000000e+01
2.600000000000000000e+01
3.100000000000000000e+01
4.500000000000000000e+01
7.300000000000000000e+01
9.800000000000000000e+01
1.370000000000000000e+02
1.980000000000000000e+02
2.570000000000000000e+02
3.730000000000000000e+02
5.360000000000000000e+02
6.840000000000000000e+02
9.970000000000000000e+02
1.362000000000000000e+03
2.380000000000000000e+03
4.285000000000000000e+03
6.408000000000000000e+03
8.598000000000000000e+03
5.612000000000000000e+03
4.001000000000000000e+03
3.594000000000000000e+03
3.506000000000000000e+03
3.813000000000000000e+03
3.978000000000000000e+03
4.585000000000000000e+03
5.866000000000000000e+03
6.457000000000000000e+03
6.683000000000000000e+03
6.732000000000000000e+03
6.201000000000000000e+03
5.709000000000000000e+03
6.403000000000000000e+03
9.230000000000000000e+03
1.320300000000000000e+04
1.536700000000000000e+04
1.978800000000000000e+04
6.925900000000000000e+04
6.254500000000000000e+04
5.260300000000000000e+04
5.133100000000000000e+04
6.853000000000000000e+04
1.077890000000000000e+05
9.788800000000000000e+04
5.172000000000000000e+04
5.852800000000000000e+04
5.171800000000000000e+04
7.387500000000000000e+04
8.301300000000000000e+04
7.698300000000000000e+04
5.736000000000000000e+04
5.394800000000000000e+04
6.371000000000000000e+04
6.169700000000000000e+04
5.464100000000000000e+04
4.661400000000000000e+04
3.937000000000000000e+04
3.205500000000000000e+04
2.723500000000000000e+04
2.273100000000000000e+04
2.016000000000000000e+04
1.692300000000000000e+04
1.459200000000000000e+04
1.208500000000000000e+04
1.020600000000000000e+04
9.603000000000000000e+03
8.983000000000000000e+03
7.223000000000000000e+03
7.018000000000000000e+03
7.443000000000000000e+03
6.633000000000000000e+03
6.085000000000000000e+03
5.756000000000000000e+03
6.406000000000000000e+03
6.297000000000000000e+03
6.790000000000000000e+03
7.775000000000000000e+03
4.679000000000000000e+03
4.027000000000000000e+03
3.422000000000000000e+03
2.794000000000000000e+03
1.427000000000000000e+03
1.120000000000000000e+03
1.062000000000000000e+03
9.930000000000000000e+02
1.055000000000000000e+03
9.410000000000000000e+02
8.550000000000000000e+02
9.560000000000000000e+02
8.920000000000000000e+02
8.490000000000000000e+02
8.310000000000000000e+02
8.370000000000000000e+02
7.910000000000000000e+02
8.250000000000000000e+02
8.240000000000000000e+02
8.030000000000000000e+02
8.630000000000000000e+02
8.320000000000000000e+02
7.730000000000000000e+02
8.000000000000000000e+02
7.950000000000000000e+02
6.960000000000000000e+02
7.450000000000000000e+02
6.780000000000000000e+02
6.620000000000000000e+02
6.260000000000000000e+02
6.470000000000000000e+02
6.470000000000000000e+02
6.310000000000000000e+02
6.140000000000000000e+02
6.360000000000000000e+02
6.050000000000000000e+02
6.120000000000000000e+02
6.220000000000000000e+02
6.110000000000000000e+02
5.780000000000000000e+02
5.780000000000000000e+02
5.290000000000000000e+02
5.150000000000000000e+02
5.320000000000000000e+02
5.510000000000000000e+02
5.020000000000000000e+02
5.100000000000000000e+02
4.670000000000000000e+02
4.830000000000000000e+02
4.660000000000000000e+02
4.840000000000000000e+02
4.440000000000000000e+02
4.720000000000000000e+02
4.290000000000000000e+02
4.690000000000000000e+02
3.740000000000000000e+02
3.780000000000000000e+02
3.880000000000000000e+02
3.380000000000000000e+02
3.550000000000000000e+02
3.680000000000000000e+02
3.290000000000000000e+02
3.320000000000000000e+02
3.390000000000000000e+02
3.030000000000000000e+02
2.880000000000000000e+02
3.070000000000000000e+02
3.190000000000000000e+02
2.930000000000000000e+02
2.600000000000000000e+02
3.010000000000000000e+02
2.470000000000000000e+02
2.790000000000000000e+02
2.700000000000000000e+02
2.310000000000000000e+02
2.290000000000000000e+02
2.150000000000000000e+02
1.920000000000000000e+02
1.940000000000000000e+02
1.950000000000000000e+02
1.840000000000000000e+02
1.770000000000000000e+02
1.480000000000000000e+02
1.520000000000000000e+02
1.810000000000000000e+02
1.730000000000000000e+02
1.680000000000000000e+02
1.730000000000000000e+02
1.400000000000000000e+02
1.350000000000000000e+02
1.520000000000000000e+02
1.450000000000000000e+02
1.740000000000000000e+02
1.350000000000000000e+02
1.180000000000000000e+02
1.160000000000000000e+02
7.600000000000000000e+01
9.700000000000000000e+01
8.900000000000000000e+01
9.500000000000000000e+01
7.800000000000000000e+01
9.900000000000000000e+01
7.000000000000000000e+01
8.600000000000000000e+01
9.100000000000000000e+01
9.100000000000000000e+01
1.000000000000000000e+02
7.700000000000000000e+01
9.400000000000000000e+01
9.000000000000000000e+01
8.500000000000000000e+01
9.100000000000000000e+01
1.000000000000000000e+02
8.200000000000000000e+01
8.700000000000000000e+01
9.600000000000000000e+01
8.400000000000000000e+01
9.000000000000000000e+01
7.400000000000000000e+01
9.600000000000000000e+01
7.900000000000000000e+01
9.200000000000000000e+01
9.700000000000000000e+01
1.190000000000000000e+02
1.180000000000000000e+02
1.290000000000000000e+02
1.220000000000000000e+02
1.190000000000000000e+02
9.700000000000000000e+01
1.100000000000000000e+02
1.180000000000000000e+02
9.900000000000000000e+01
1.280000000000000000e+02
1.040000000000000000e+02
9.400000000000000000e+01
9.100000000000000000e+01
7.500000000000000000e+01
7.700000000000000000e+01
7.600000000000000000e+01
7.700000000000000000e+01
6.900000000000000000e+01
9.100000000000000000e+01
8.400000000000000000e+01
9.200000000000000000e+01
8.400000000000000000e+01
8.700000000000000000e+01
8.400000000000000000e+01
7.300000000000000000e+01
7.100000000000000000e+01
6.300000000000000000e+01
5.200000000000000000e+01
5.700000000000000000e+01
5.300000000000000000e+01
5.500000000000000000e+01
4.400000000000000000e+01
3.300000000000000000e+01
4.900000000000000000e+01
4.500000000000000000e+01
5.300000000000000000e+01
3.800000000000000000e+01
5.500000000000000000e+01
4.700000000000000000e+01
5.000000000000000000e+01
4.200000000000000000e+01
6.000000000000000000e+01
6.700000000000000000e+01
6.600000000000000000e+01
6.200000000000000000e+01
7.500000000000000000e+01
7.500000000000000000e+01
7.300000000000000000e+01
1.050000000000000000e+02
1.280000000000000000e+02
0.000000000000000000e+00
0.000000000000000000e+00
2.000000000000000000e+00
0.000000000000000000e+00
1.000000000000000000e+00
0.000000000000000000e+00
2.000000000000000000e+00
2.000000000000000000e+00
6.000000000000000000e+00
1.200000000000000000e+01
1.100000000000000000e+01
1.300000000000000000e+01
1.300000000000000000e+01
4.500000000000000000e+01
6.700000000000000000e+01
8.400000000000000000e+01
1.220000000000000000e+02
2.060000000000000000e+02
2.880000000000000000e+02
3.940000000000000000e+02
6.210000000000000000e+02
9.070000000000000000e+02
1.526000000000000000e+03
2.115000000000000000e+03
2.911000000000000000e+03
2.480000000000000000e+03
4.098000000000000000e+03
3.850000000000000000e+03
5.193000000000000000e+03
3.550000000000000000e+03
2.462000000000000000e+03
2.438000000000000000e+03
2.636000000000000000e+03
2.683000000000000000e+03
2.699000000000000000e+03
2.529000000000000000e+03
2.503000000000000000e+03
2.183000000000000000e+03
2.116000000000000000e+03
2.172000000000000000e+03
2.142000000000000000e+03
2.427000000000000000e+03
2.021000000000000000e+03
1.933000000000000000e+03
1.626000000000000000e+03
1.487000000000000000e+03
1.546000000000000000e+03
1.355000000000000000e+03
1.245000000000000000e+03
1.269000000000000000e+03
1.236000000000000000e+03
1.216000000000000000e+03
1.247000000000000000e+03
1.237000000000000000e+03
1.298000000000000000e+03
1.233000000000000000e+03
1.242000000000000000e+03
1.107000000000000000e+03
1.070000000000000000e+03
1.193000000000000000e+03
1.235000000000000000e+03
1.134000000000000000e+03
1.175000000000000000e+03
1.067000000000000000e+03
1.027000000000000000e+03
1.050000000000000000e+03
1.044000000000000000e+03
1.097000000000000000e+03
1.211000000000000000e+03
1.102000000000000000e+03
1.063000000000000000e+03
1.164000000000000000e+03
1.306000000000000000e+03
1.191000000000000000e+03
1.083000000000000000e+03
1.038000000000000000e+03
9.990000000000000000e+02
1.009000000000000000e+03
9.700000000000000000e+02
9.920000000000000000e+02
9.670000000000000000e+02
9.010000000000000000e+02
9.220000000000000000e+02
9.130000000000000000e+02
9.970000000000000000e+02
9.960000000000000000e+02
9.110000000000000000e+02
1.032000000000000000e+03
9.020000000000000000e+02
8.880000000000000000e+02
8.270000000000000000e+02
9.350000000000000000e+02
8.620000000000000000e+02
8.960000000000000000e+02
1.039000000000000000e+03
9.810000000000000000e+02
9.890000000000000000e+02
1.204000000000000000e+03
1.008000000000000000e+03
1.026000000000000000e+03
1.105000000000000000e+03
1.056000000000000000e+03
9.910000000000000000e+02
9.210000000000000000e+02
1.053000000000000000e+03
1.042000000000000000e+03
1.004000000000000000e+03
9.320000000000000000e+02
8.850000000000000000e+02
9.350000000000000000e+02
1.026000000000000000e+03
1.014000000000000000e+03
9.720000000000000000e+02
1.336000000000000000e+03
1.230000000000000000e+03
1.212000000000000000e+03
1.130000000000000000e+03
1.425000000000000000e+03
1.386000000000000000e+03
1.460000000000000000e+03
1.575000000000000000e+03
1.944000000000000000e+03
1.626000000000000000e+03
1.400000000000000000e+03
1.657000000000000000e+03
1.953000000000000000e+03
1.853000000000000000e+03
1.356000000000000000e+03
1.242000000000000000e+03
1.455000000000000000e+03
1.470000000000000000e+03
1.393000000000000000e+03
1.474000000000000000e+03
1.402000000000000000e+03
1.306000000000000000e+03
1.473000000000000000e+03
1.560000000000000000e+03
1.787000000000000000e+03
1.963000000000000000e+03
2.121000000000000000e+03
2.584000000000000000e+03
2.171000000000000000e+03
2.733000000000000000e+03
2.942000000000000000e+03
3.523000000000000000e+03
4.251000000000000000e+03
4.596000000000000000e+03
6.903000000000000000e+03
3.291000000000000000e+03
3.253000000000000000e+03
4.168000000000000000e+03
4.499000000000000000e+03
4.414000000000000000e+03
4.100000000000000000e+03
3.220000000000000000e+03
9.861000000000000000e+03
1.044100000000000000e+04
1.208300000000000000e+04
7.709000000000000000e+03
1.384000000000000000e+04
3.142000000000000000e+03
8.731000000000000000e+03
1.464400000000000000e+04
3.261600000000000000e+04
1.784600000000000000e+04
1.252600000000000000e+04
5.350000000000000000e+03
1.572000000000000000e+04
2.349600000000000000e+04
2.130100000000000000e+04
1.591700000000000000e+04
1.274500000000000000e+04
2.163700000000000000e+04
1.798800000000000000e+04
7.043000000000000000e+03
2.136900000000000000e+04
1.952200000000000000e+04
2.283300000000000000e+04
5.020700000000000000e+04
5.940900000000000000e+04
1.333900000000000000e+04
2.758800000000000000e+04
2.625700000000000000e+04
2.658600000000000000e+04
2.823000000000000000e+04
4.624500000000000000e+04
3.772700000000000000e+04
4.180300000000000000e+04
3.767800000000000000e+04
3.307300000000000000e+04
3.580400000000000000e+04
3.356000000000000000e+04
2.054800000000000000e+04
1.863600000000000000e+04
3.220600000000000000e+04
2.837800000000000000e+04
2.762200000000000000e+04
2.961900000000000000e+04
3.721400000000000000e+04
2.526000000000000000e+04
1.712500000000000000e+04
1.931100000000000000e+04
2.593200000000000000e+04
2.595100000000000000e+04
2.173500000000000000e+04
2.065300000000000000e+04
2.184100000000000000e+04
2.093900000000000000e+04
1.861300000000000000e+04
1.759800000000000000e+04
1.556700000000000000e+04
1.187400000000000000e+04
9.610000000000000000e+03
1.134800000000000000e+04
1.192600000000000000e+04
1.218900000000000000e+04
1.049200000000000000e+04
8.641000000000000000e+03
6.985000000000000000e+03
6.772000000000000000e+03
7.241000000000000000e+03
7.621000000000000000e+03
7.981000000000000000e+03
7.935000000000000000e+03
7.101000000000000000e+03
7.899000000000000000e+03
8.620000000000000000e+03
8.757000000000000000e+03
9.921000000000000000e+03
1.048500000000000000e+04
1.001400000000000000e+04
1.098900000000000000e+04
6.964000000000000000e+03
4.353000000000000000e+03
2.812000000000000000e+03
2.287000000000000000e+03
2.022000000000000000e+03
1.825000000000000000e+03
1.492000000000000000e+03
1.242000000000000000e+03
1.040000000000000000e+03
8.740000000000000000e+02
7.350000000000000000e+02
6.490000000000000000e+02
6.160000000000000000e+02
5.650000000000000000e+02
4.430000000000000000e+02
4.010000000000000000e+02
3.380000000000000000e+02
2.580000000000000000e+02
2.110000000000000000e+02
1.870000000000000000e+02
1.920000000000000000e+02
1.680000000000000000e+02
1.270000000000000000e+02
7.880000000000000000e+02
