1.378300000000000000e+04
2.409000000000000000e+03
2.816000000000000000e+03
2.821000000000000000e+03
2.803000000000000000e+03
2.893000000000000000e+03
3.047000000000000000e+03
3.288000000000000000e+03
3.526000000000000000e+03
3.834000000000000000e+03
4.101000000000000000e+03
4.345000000000000000e+03
4.731000000000000000e+03
5.074000000000000000e+03
5.487000000000000000e+03
5.958000000000000000e+03
6.485000000000000000e+03
6.989000000000000000e+03
7.797000000000000000e+03
8.973000000000000000e+03
1.063900000000000000e+04
1.196400000000000000e+04
1.274500000000000000e+04
1.453700000000000000e+04
1.639800000000000000e+04
1.654600000000000000e+04
1.680700000000000000e+04
1.628800000000000000e+04
1.556600000000000000e+04
1.492500000000000000e+04
1.428700000000000000e+04
1.428900000000000000e+04
1.408200000000000000e+04
1.445400000000000000e+04
1.416700000000000000e+04
1.382500000000000000e+04
1.366000000000000000e+04
1.342500000000000000e+04
1.331600000000000000e+04
1.375200000000000000e+04
1.362000000000000000e+04
1.368000000000000000e+04
1.421500000000000000e+04
1.416500000000000000e+04
1.348400000000000000e+04
1.276800000000000000e+04
1.251800000000000000e+04
1.220300000000000000e+04
1.167100000000000000e+04
1.115700000000000000e+04
1.092900000000000000e+04
1.077600000000000000e+04
1.069100000000000000e+04
1.060500000000000000e+04
1.032400000000000000e+04
1.046600000000000000e+04
1.053300000000000000e+04
1.023800000000000000e+04
1.040800000000000000e+04
1.010100000000000000e+04
1.032300000000000000e+04
1.025700000000000000e+04
9.851000000000000000e+03
1.024800000000000000e+04
1.069600000000000000e+04
1.122700000000000000e+04
1.135800000000000000e+04
1.117900000000000000e+04
1.180400000000000000e+04
1.193300000000000000e+04
1.229300000000000000e+04
1.201100000000000000e+04
1.328000000000000000e+04
1.328000000000000000e+04
1.375400000000000000e+04
1.399700000000000000e+04
1.309100000000000000e+04
1.306400000000000000e+04
1.488100000000000000e+04
1.632600000000000000e+04
1.494700000000000000e+04
1.415100000000000000e+04
1.484400000000000000e+04
1.442000000000000000e+04
1.192100000000000000e+04
1.061800000000000000e+04
9.655000000000000000e+03
9.389000000000000000e+03
1.005000000000000000e+04
1.034800000000000000e+04
1.138200000000000000e+04
1.029000000000000000e+04
1.000000000000000000e+04
9.631000000000000000e+03
9.588000000000000000e+03
8.775000000000000000e+03
8.370000000000000000e+03
8.015000000000000000e+03
7.893000000000000000e+03
7.563000000000000000e+03
7.947000000000000000e+03
8.298000000000000000e+03
7.331000000000000000e+03
7.008000000000000000e+03
7.643000000000000000e+03
7.417000000000000000e+03
7.221000000000000000e+03
8.148000000000000000e+03
7.917000000000000000e+03
8.599000000000000000e+03
9.193000000000000000e+03
8.673000000000000000e+03
8.129000000000000000e+03
9.168000000000000000e+03
8.681000000000000000e+03
9.121000000000000000e+03
9.006000000000000000e+03
9.060000000000000000e+03
8.798000000000000000e+03
8.092000000000000000e+03
8.021000000000000000e+03
8.286000000000000000e+03
7.824000000000000000e+03
8.378000000000000000e+03
7.859000000000000000e+03
8.088000000000000000e+03
7.975000000000000000e+03
8.127000000000000000e+03
8.362000000000000000e+03
9.064000000000000000e+03
9.331000000000000000e+03
8.691000000000000000e+03
8.135000000000000000e+03
7.965000000000000000e+03
8.693000000000000000e+03
9.695000000000000000e+03
9.195000000000000000e+03
9.471000000000000000e+03
9.606000000000000000e+03
9.670000000000000000e+03
9.210000000000000000e+03
8.963000000000000000e+03
8.970000000000000000e+03
9.032000000000000000e+03
9.092000000000000000e+03
8.873000000000000000e+03
9.239000000000000000e+03
9.632000000000000000e+03
1.008400000000000000e+04
1.014800000000000000e+04
1.064800000000000000e+04
1.161400000000000000e+04
1.276000000000000000e+04
1.252400000000000000e+04
1.226000000000000000e+04
1.335100000000000000e+04
1.437800000000000000e+04
1.488800000000000000e+04
1.560300000000000000e+04
1.643900000000000000e+04
1.750500000000000000e+04
1.838700000000000000e+04
1.899800000000000000e+04
1.990700000000000000e+04
2.045700000000000000e+04
2.149700000000000000e+04
2.263600000000000000e+04
2.351500000000000000e+04
2.405200000000000000e+04
2.475100000000000000e+04
2.502200000000000000e+04
2.445600000000000000e+04
2.305300000000000000e+04
2.149700000000000000e+04
2.000200000000000000e+04
1.812300000000000000e+04
1.624800000000000000e+04
1.379600000000000000e+04
1.207800000000000000e+04
1.071200000000000000e+04
9.019000000000000000e+03
8.203000000000000000e+03
6.824000000000000000e+03
5.831000000000000000e+03
5.158000000000000000e+03
4.658000000000000000e+03
4.152000000000000000e+03
3.649000000000000000e+03
3.354000000000000000e+03
3.058000000000000000e+03
2.911000000000000000e+03
2.765000000000000000e+03
2.726000000000000000e+03
2.627000000000000000e+03
2.267000000000000000e+03
2.309000000000000000e+03
2.153000000000000000e+03
2.169000000000000000e+03
2.250000000000000000e+03
2.206000000000000000e+03
2.298000000000000000e+03
2.053000000000000000e+03
1.860000000000000000e+03
1.727000000000000000e+03
1.544000000000000000e+03
1.477000000000000000e+03
1.229000000000000000e+03
1.190000000000000000e+03
1.084000000000000000e+03
1.077000000000000000e+03
1.093000000000000000e+03
1.058000000000000000e+03
1.049000000000000000e+03
9.630000000000000000e+02
1.001000000000000000e+03
9.430000000000000000e+02
9.840000000000000000e+02
8.610000000000000000e+02
8.580000000000000000e+02
8.380000000000000000e+02
7.880000000000000000e+02
7.480000000000000000e+02
6.880000000000000000e+02
7.340000000000000000e+02
6.760000000000000000e+02
6.680000000000000000e+02
6.220000000000000000e+02
5.830000000000000000e+02
5.700000000000000000e+02
5.390000000000000000e+02
5.340000000000000000e+02
5.680000000000000000e+02
5.940000000000000000e+02
5.330000000000000000e+02
5.480000000000000000e+02
5.250000000000000000e+02
4.350000000000000000e+02
5.150000000000000000e+02
4.470000000000000000e+02
4.870000000000000000e+02
5.060000000000000000e+02
6.040000000000000000e+02
8.700000000000000000e+02
2.809000000000000000e+03
4.426000000000000000e+03
1.678600000000000000e+04
1.775100000000000000e+04
1.738900000000000000e+04
9.510000000000000000e+03
2.603000000000000000e+03
1.589000000000000000e+03
1.566000000000000000e+03
1.489000000000000000e+03
2.763000000000000000e+03
2.532000000000000000e+03
1.115600000000000000e+04
8.310000000000000000e+03
2.298000000000000000e+03
2.218000000000000000e+03
2.156000000000000000e+03
2.154000000000000000e+03
2.103000000000000000e+03
2.395000000000000000e+03
2.668000000000000000e+03
2.792000000000000000e+03
3.026000000000000000e+03
3.277000000000000000e+03
3.599000000000000000e+03
3.861000000000000000e+03
4.331000000000000000e+03
4.794000000000000000e+03
5.225000000000000000e+03
5.754000000000000000e+03
6.426000000000000000e+03
6.857000000000000000e+03
7.643000000000000000e+03
8.748000000000000000e+03
1.049400000000000000e+04
1.129500000000000000e+04
1.223300000000000000e+04
1.351100000000000000e+04
1.386000000000000000e+04
1.489600000000000000e+04
1.489200000000000000e+04
1.439100000000000000e+04
1.392500000000000000e+04
1.359100000000000000e+04
1.365600000000000000e+04
1.408900000000000000e+04
1.381700000000000000e+04
1.369300000000000000e+04
1.352300000000000000e+04
1.314100000000000000e+04
1.236500000000000000e+04
1.166100000000000000e+04
1.097700000000000000e+04
1.106500000000000000e+04
1.168000000000000000e+04
1.249600000000000000e+04
1.288000000000000000e+04
1.227200000000000000e+04
1.195600000000000000e+04
1.156700000000000000e+04
1.121900000000000000e+04
1.091800000000000000e+04
1.072500000000000000e+04
1.036700000000000000e+04
1.001300000000000000e+04
1.035700000000000000e+04
1.078700000000000000e+04
1.038900000000000000e+04
1.015100000000000000e+04
1.037800000000000000e+04
1.066500000000000000e+04
1.128500000000000000e+04
1.163600000000000000e+04
1.232100000000000000e+04
1.355100000000000000e+04
1.590700000000000000e+04
1.864800000000000000e+04
1.849800000000000000e+04
1.874500000000000000e+04
1.904100000000000000e+04
2.021400000000000000e+04
1.996000000000000000e+04
1.826900000000000000e+04
1.710500000000000000e+04
1.568600000000000000e+04
1.551800000000000000e+04
1.463000000000000000e+04
1.457100000000000000e+04
1.464200000000000000e+04
1.537300000000000000e+04
1.510100000000000000e+04
1.520600000000000000e+04
1.498800000000000000e+04
1.497700000000000000e+04
1.432700000000000000e+04
1.373300000000000000e+04
1.375000000000000000e+04
1.469000000000000000e+04
1.379200000000000000e+04
1.356900000000000000e+04
1.389800000000000000e+04
1.304200000000000000e+04
1.228300000000000000e+04
1.166800000000000000e+04
1.151700000000000000e+04
1.131000000000000000e+04
1.166500000000000000e+04
1.153000000000000000e+04
1.104800000000000000e+04
1.062600000000000000e+04
1.087600000000000000e+04
1.136600000000000000e+04
1.123300000000000000e+04
1.083300000000000000e+04
1.116500000000000000e+04
1.162800000000000000e+04
1.159300000000000000e+04
1.172200000000000000e+04
1.135700000000000000e+04
1.226500000000000000e+04
1.216300000000000000e+04
1.195500000000000000e+04
1.233900000000000000e+04
1.229700000000000000e+04
1.300000000000000000e+04
1.335800000000000000e+04
1.364500000000000000e+04
1.387500000000000000e+04
1.315000000000000000e+04
1.277400000000000000e+04
1.192700000000000000e+04
1.160100000000000000e+04
1.156200000000000000e+04
1.088100000000000000e+04
9.750000000000000000e+03
9.008000000000000000e+03
9.314000000000000000e+03
9.264000000000000000e+03
9.479000000000000000e+03
8.889000000000000000e+03
8.150000000000000000e+03
7.725000000000000000e+03
6.948000000000000000e+03
6.735000000000000000e+03
6.697000000000000000e+03
6.463000000000000000e+03
6.540000000000000000e+03
6.217000000000000000e+03
5.830000000000000000e+03
5.552000000000000000e+03
5.535000000000000000e+03
5.534000000000000000e+03
5.707000000000000000e+03
5.433000000000000000e+03
5.458000000000000000e+03
5.006000000000000000e+03
4.656000000000000000e+03
4.630000000000000000e+03
4.530000000000000000e+03
4.050000000000000000e+03
3.935000000000000000e+03
3.898000000000000000e+03
3.559000000000000000e+03
3.632000000000000000e+03
3.626000000000000000e+03
3.286000000000000000e+03
3.100000000000000000e+03
3.058000000000000000e+03
3.051000000000000000e+03
2.910000000000000000e+03
2.974000000000000000e+03
2.911000000000000000e+03
2.822000000000000000e+03
2.899000000000000000e+03
2.758000000000000000e+03
2.923000000000000000e+03
2.880000000000000000e+03
2.914000000000000000e+03
3.016000000000000000e+03
2.987000000000000000e+03
2.987000000000000000e+03
2.938000000000000000e+03
3.040000000000000000e+03
3.267000000000000000e+03
3.318000000000000000e+03
3.514000000000000000e+03
3.596000000000000000e+03
3.627000000000000000e+03
3.825000000000000000e+03
3.857000000000000000e+03
4.009000000000000000e+03
4.388000000000000000e+03
4.611000000000000000e+03
4.785000000000000000e+03
5.148000000000000000e+03
5.633000000000000000e+03
5.946000000000000000e+03
6.440000000000000000e+03
7.008000000000000000e+03
7.620000000000000000e+03
8.391000000000000000e+03
9.324000000000000000e+03
1.023000000000000000e+04
1.139600000000000000e+04
1.252900000000000000e+04
1.396000000000000000e+04
1.550000000000000000e+04
1.689400000000000000e+04
1.880300000000000000e+04
2.032900000000000000e+04
2.218000000000000000e+04
2.342500000000000000e+04
2.428700000000000000e+04
2.511500000000000000e+04
2.468500000000000000e+04
2.361600000000000000e+04
2.205500000000000000e+04
1.976000000000000000e+04
1.722800000000000000e+04
1.486200000000000000e+04
1.237600000000000000e+04
1.023700000000000000e+04
8.138000000000000000e+03
6.993000000000000000e+03
5.545000000000000000e+03
4.507000000000000000e+03
3.549000000000000000e+03
2.885000000000000000e+03
2.295000000000000000e+03
2.016000000000000000e+03
1.659000000000000000e+03
1.375000000000000000e+03
1.157000000000000000e+03
1.010000000000000000e+03
9.000000000000000000e+02
8.170000000000000000e+02
7.770000000000000000e+02
7.600000000000000000e+02
7.480000000000000000e+02
6.960000000000000000e+02
6.960000000000000000e+02
6.340000000000000000e+02
6.280000000000000000e+02
8.130000000000000000e+02
3.524000000000000000e+03
1.151500000000000000e+04
1.240500000000000000e+04
1.811900000000000000e+04
1.681500000000000000e+04
6.767000000000000000e+03
2.013000000000000000e+03
1.182000000000000000e+03
9.800000000000000000e+02
8.680000000000000000e+02
8.660000000000000000e+02
7.610000000000000000e+02
8.020000000000000000e+02
7.350000000000000000e+02
7.320000000000000000e+02
7.940000000000000000e+02
7.100000000000000000e+02
6.890000000000000000e+02
7.850000000000000000e+02
8.780000000000000000e+02
1.081000000000000000e+03
1.467000000000000000e+03
2.100000000000000000e+03
4.511000000000000000e+03
9.910000000000000000e+03
5.170000000000000000e+02
6.520000000000000000e+02
3.220000000000000000e+02
6.480000000000000000e+02
6.390000000000000000e+02
4.780000000000000000e+02
6.350000000000000000e+02
6.700000000000000000e+02
7.040000000000000000e+02
8.160000000000000000e+02
9.400000000000000000e+02
1.012000000000000000e+03
1.107000000000000000e+03
1.255000000000000000e+03
1.506000000000000000e+03
1.722000000000000000e+03
1.931000000000000000e+03
2.395000000000000000e+03
2.589000000000000000e+03
3.015000000000000000e+03
3.542000000000000000e+03
4.015000000000000000e+03
4.757000000000000000e+03
5.266000000000000000e+03
5.890000000000000000e+03
6.428000000000000000e+03
7.216000000000000000e+03
7.560000000000000000e+03
8.800000000000000000e+03
1.025600000000000000e+04
1.326100000000000000e+04
1.717800000000000000e+04
1.665700000000000000e+04
1.321000000000000000e+04
1.218000000000000000e+04
1.166700000000000000e+04
1.133000000000000000e+04
1.150100000000000000e+04
1.130700000000000000e+04
1.085600000000000000e+04
1.128300000000000000e+04
1.155100000000000000e+04
1.108900000000000000e+04
1.068200000000000000e+04
1.085100000000000000e+04
1.153800000000000000e+04
1.142000000000000000e+04
1.097500000000000000e+04
1.070400000000000000e+04
1.093100000000000000e+04
1.063400000000000000e+04
9.904000000000000000e+03
9.211000000000000000e+03
9.000000000000000000e+03
8.559000000000000000e+03
8.311000000000000000e+03
8.378000000000000000e+03
8.260000000000000000e+03
8.249000000000000000e+03
8.034000000000000000e+03
7.799000000000000000e+03
7.730000000000000000e+03
7.915000000000000000e+03
8.259000000000000000e+03
8.142000000000000000e+03
7.928000000000000000e+03
8.155000000000000000e+03
8.222000000000000000e+03
8.006000000000000000e+03
8.084000000000000000e+03
8.190000000000000000e+03
8.261000000000000000e+03
8.441000000000000000e+03
8.267000000000000000e+03
8.359000000000000000e+03
8.939000000000000000e+03
9.616000000000000000e+03
9.273000000000000000e+03
9.520000000000000000e+03
9.500000000000000000e+03
9.816000000000000000e+03
9.755000000000000000e+03
9.711000000000000000e+03
1.003600000000000000e+04
1.064300000000000000e+04
1.029900000000000000e+04
9.917000000000000000e+03
9.417000000000000000e+03
9.365000000000000000e+03
9.264000000000000000e+03
9.279000000000000000e+03
9.026000000000000000e+03
8.830000000000000000e+03
8.672000000000000000e+03
8.571000000000000000e+03
8.310000000000000000e+03
8.439000000000000000e+03
8.150000000000000000e+03
8.314000000000000000e+03
8.277000000000000000e+03
7.857000000000000000e+03
7.643000000000000000e+03
7.271000000000000000e+03
7.220000000000000000e+03
7.013000000000000000e+03
7.017000000000000000e+03
7.138000000000000000e+03
6.942000000000000000e+03
6.794000000000000000e+03
6.706000000000000000e+03
6.542000000000000000e+03
6.556000000000000000e+03
6.420000000000000000e+03
6.415000000000000000e+03
6.150000000000000000e+03
5.977000000000000000e+03
6.105000000000000000e+03
6.128000000000000000e+03
6.215000000000000000e+03
6.085000000000000000e+03
6.052000000000000000e+03
5.912000000000000000e+03
6.111000000000000000e+03
6.123000000000000000e+03
6.126000000000000000e+03
6.088000000000000000e+03
6.183000000000000000e+03
6.300000000000000000e+03
6.093000000000000000e+03
6.000000000000000000e+03
6.213000000000000000e+03
6.234000000000000000e+03
6.617000000000000000e+03
6.490000000000000000e+03
6.466000000000000000e+03
6.536000000000000000e+03
6.444000000000000000e+03
7.028000000000000000e+03
7.036000000000000000e+03
7.083000000000000000e+03
7.129000000000000000e+03
7.390000000000000000e+03
7.304000000000000000e+03
7.557000000000000000e+03
7.618000000000000000e+03
7.000000000000000000e+03
6.931000000000000000e+03
6.593000000000000000e+03
6.335000000000000000e+03
6.256000000000000000e+03
6.267000000000000000e+03
6.848000000000000000e+03
7.471000000000000000e+03
8.394000000000000000e+03
9.773000000000000000e+03
1.015600000000000000e+04
1.214800000000000000e+04
1.437700000000000000e+04
1.307300000000000000e+04
1.125900000000000000e+04
1.001000000000000000e+04
9.506000000000000000e+03
9.738000000000000000e+03
1.073400000000000000e+04
1.327300000000000000e+04
1.569600000000000000e+04
1.430100000000000000e+04
1.149300000000000000e+04
1.023200000000000000e+04
9.103000000000000000e+03
8.137000000000000000e+03
7.444000000000000000e+03
7.082000000000000000e+03
6.295000000000000000e+03
6.040000000000000000e+03
6.275000000000000000e+03
5.818000000000000000e+03
5.561000000000000000e+03
5.087000000000000000e+03
4.823000000000000000e+03
5.151000000000000000e+03
6.649000000000000000e+03
7.245000000000000000e+03
7.653000000000000000e+03
7.768000000000000000e+03
7.495000000000000000e+03
6.603000000000000000e+03
6.527000000000000000e+03
7.263000000000000000e+03
7.449000000000000000e+03
6.977000000000000000e+03
5.954000000000000000e+03
5.801000000000000000e+03
5.776000000000000000e+03
5.707000000000000000e+03
5.736000000000000000e+03
5.603000000000000000e+03
5.339000000000000000e+03
5.292000000000000000e+03
5.361000000000000000e+03
4.953000000000000000e+03
4.564000000000000000e+03
4.876000000000000000e+03
4.994000000000000000e+03
5.123000000000000000e+03
5.461000000000000000e+03
5.748000000000000000e+03
6.034000000000000000e+03
5.934000000000000000e+03
7.640000000000000000e+03
8.402000000000000000e+03
7.086000000000000000e+03
6.420000000000000000e+03
6.252000000000000000e+03
5.967000000000000000e+03
7.203000000000000000e+03
1.006100000000000000e+04
7.968000000000000000e+03
9.788000000000000000e+03
1.908300000000000000e+04
1.507700000000000000e+04
1.772600000000000000e+04
1.755000000000000000e+04
1.339900000000000000e+04
1.859600000000000000e+04
2.304300000000000000e+04
2.152400000000000000e+04
2.442900000000000000e+04
2.513600000000000000e+04
2.357000000000000000e+04
2.528100000000000000e+04
2.757300000000000000e+04
2.852600000000000000e+04
2.963500000000000000e+04
2.925800000000000000e+04
2.749700000000000000e+04
2.556700000000000000e+04
2.280900000000000000e+04
1.963700000000000000e+04
1.661700000000000000e+04
1.385300000000000000e+04
1.169900000000000000e+04
9.716000000000000000e+03
8.298000000000000000e+03
6.761000000000000000e+03
5.677000000000000000e+03
4.761000000000000000e+03
4.059000000000000000e+03
3.563000000000000000e+03
3.408000000000000000e+03
3.711000000000000000e+03
4.557000000000000000e+03
6.842000000000000000e+03
1.048900000000000000e+04
1.552900000000000000e+04
3.717400000000000000e+04
