1.960400000000000000e+04
2.147000000000000000e+03
4.870000000000000000e+02
0.000000000000000000e+00
1.290000000000000000e+03
2.700000000000000000e+02
0.000000000000000000e+00
1.694000000000000000e+03
0.000000000000000000e+00
0.000000000000000000e+00
0.000000000000000000e+00
1.373000000000000000e+03
0.000000000000000000e+00
1.327000000000000000e+03
0.000000000000000000e+00
0.000000000000000000e+00
1.374000000000000000e+03
2.640000000000000000e+02
1.203000000000000000e+03
0.000000000000000000e+00
1.827000000000000000e+03
0.000000000000000000e+00
0.000000000000000000e+00
1.737000000000000000e+03
0.000000000000000000e+00
0.000000000000000000e+00
1.844000000000000000e+03
0.000000000000000000e+00
0.000000000000000000e+00
1.634000000000000000e+03
0.000000000000000000e+00
1.714000000000000000e+03
0.000000000000000000e+00
0.000000000000000000e+00
1.678000000000000000e+03
0.000000000000000000e+00
1.101000000000000000e+03
0.000000000000000000e+00
0.000000000000000000e+00
1.372000000000000000e+03
0.000000000000000000e+00
0.000000000000000000e+00
1.084000000000000000e+03
0.000000000000000000e+00
1.600000000000000000e+01
1.126000000000000000e+03
0.000000000000000000e+00
1.730000000000000000e+02
1.153000000000000000e+03
0.000000000000000000e+00
2.760000000000000000e+02
1.104000000000000000e+03
0.000000000000000000e+00
1.061000000000000000e+03
0.000000000000000000e+00
0.000000000000000000e+00
9.180000000000000000e+02
0.000000000000000000e+00
1.094000000000000000e+03
1.960000000000000000e+02
8.480000000000000000e+02
0.000000000000000000e+00
9.180000000000000000e+02
0.000000000000000000e+00
9.270000000000000000e+02
1.180000000000000000e+02
0.000000000000000000e+00
1.257000000000000000e+03
0.000000000000000000e+00
0.000000000000000000e+00
1.274000000000000000e+03
0.000000000000000000e+00
1.310000000000000000e+02
1.248000000000000000e+03
0.000000000000000000e+00
0.000000000000000000e+00
6.785400000000000000e+04
1.060000000000000000e+02
0.000000000000000000e+00
0.000000000000000000e+00
1.489000000000000000e+03
1.160000000000000000e+02
0.000000000000000000e+00
0.000000000000000000e+00
1.161000000000000000e+03
5.600000000000000000e+01
7.600000000000000000e+01
1.021000000000000000e+03
0.000000000000000000e+00
6.730000000000000000e+02
0.000000000000000000e+00
5.480000000000000000e+02
7.270000000000000000e+02
0.000000000000000000e+00
6.560000000000000000e+02
0.000000000000000000e+00
8.500000000000000000e+01
8.490000000000000000e+02
1.880000000000000000e+02
1.530000000000000000e+02
7.880000000000000000e+02
0.000000000000000000e+00
3.620000000000000000e+02
8.130000000000000000e+02
2.400000000000000000e+01
4.610000000000000000e+02
3.340000000000000000e+02
5.010000000000000000e+02
0.000000000000000000e+00
4.740000000000000000e+02
0.000000000000000000e+00
4.560000000000000000e+02
0.000000000000000000e+00
5.460000000000000000e+02
1.660000000000000000e+02
0.000000000000000000e+00
6.700000000000000000e+02
0.000000000000000000e+00
0.000000000000000000e+00
6.600000000000000000e+02
0.000000000000000000e+00
6.580000000000000000e+02
0.000000000000000000e+00
5.160000000000000000e+02
0.000000000000000000e+00
0.000000000000000000e+00
5.780000000000000000e+02
0.000000000000000000e+00
4.930000000000000000e+02
1.610000000000000000e+02
1.700000000000000000e+01
6.480000000000000000e+02
2.900000000000000000e+01
5.560000000000000000e+02
0.000000000000000000e+00
1.470000000000000000e+02
8.420000000000000000e+02
0.000000000000000000e+00
5.910000000000000000e+02
0.000000000000000000e+00
6.950000000000000000e+02
1.260000000000000000e+02
7.000000000000000000e+00
1.004000000000000000e+03
2.900000000000000000e+01
4.070000000000000000e+02
7.760000000000000000e+02
0.000000000000000000e+00
4.620000000000000000e+02
1.333000000000000000e+03
0.000000000000000000e+00
9.920000000000000000e+02
1.650000000000000000e+02
1.159000000000000000e+03
0.000000000000000000e+00
1.113000000000000000e+03
0.000000000000000000e+00
1.476000000000000000e+03
0.000000000000000000e+00
0.000000000000000000e+00
1.018000000000000000e+03
5.820000000000000000e+02
8.910000000000000000e+02
0.000000000000000000e+00
9.610000000000000000e+02
0.000000000000000000e+00
6.870000000000000000e+02
0.000000000000000000e+00
9.190000000000000000e+02
0.000000000000000000e+00
7.640000000000000000e+02
1.340000000000000000e+02
6.700000000000000000e+02
1.200000000000000000e+01
7.950000000000000000e+02
0.000000000000000000e+00
6.010000000000000000e+02
1.240000000000000000e+02
6.840000000000000000e+02
0.000000000000000000e+00
1.085000000000000000e+03
0.000000000000000000e+00
1.546000000000000000e+03
8.500000000000000000e+01
1.315000000000000000e+03
0.000000000000000000e+00
1.481000000000000000e+03
0.000000000000000000e+00
1.137000000000000000e+03
0.000000000000000000e+00
1.370000000000000000e+03
0.000000000000000000e+00
1.045000000000000000e+03
6.470000000000000000e+02
1.338000000000000000e+03
0.000000000000000000e+00
8.950000000000000000e+02
6.290000000000000000e+02
1.048000000000000000e+03
7.500000000000000000e+01
6.630000000000000000e+02
1.158000000000000000e+03
0.000000000000000000e+00
1.153000000000000000e+03
0.000000000000000000e+00
6.220000000000000000e+02
4.700000000000000000e+02
4.490000000000000000e+02
7.920000000000000000e+02
0.000000000000000000e+00
8.430000000000000000e+02
0.000000000000000000e+00
8.080000000000000000e+02
0.000000000000000000e+00
8.330000000000000000e+02
0.000000000000000000e+00
8.560000000000000000e+02
0.000000000000000000e+00
4.640000000000000000e+02
7.820000000000000000e+02
0.000000000000000000e+00
4.620000000000000000e+02
3.590000000000000000e+02
3.750000000000000000e+02
3.990000000000000000e+02
4.070000000000000000e+02
5.930000000000000000e+02
0.000000000000000000e+00
7.620000000000000000e+02
8.780000000000000000e+02
0.000000000000000000e+00
8.510000000000000000e+02
0.000000000000000000e+00
9.450000000000000000e+02
0.000000000000000000e+00
7.900000000000000000e+02
0.000000000000000000e+00
1.351000000000000000e+03
1.492000000000000000e+03
3.900000000000000000e+01
9.720000000000000000e+02
1.400000000000000000e+01
1.249000000000000000e+03
1.201000000000000000e+03
5.800000000000000000e+01
1.193000000000000000e+03
3.500000000000000000e+01
1.030000000000000000e+03
0.000000000000000000e+00
9.940000000000000000e+02
4.000000000000000000e+01
4.700000000000000000e+01
1.031000000000000000e+03
3.400000000000000000e+01
7.660000000000000000e+02
7.847000000000000000e+03
1.960400000000000000e+04
2.147000000000000000e+03
4.870000000000000000e+02
0.000000000000000000e+00
1.290000000000000000e+03
2.700000000000000000e+02
0.000000000000000000e+00
1.694000000000000000e+03
0.000000000000000000e+00
0.000000000000000000e+00
0.000000000000000000e+00
1.373000000000000000e+03
0.000000000000000000e+00
1.327000000000000000e+03
0.000000000000000000e+00
0.000000000000000000e+00
1.374000000000000000e+03
2.640000000000000000e+02
1.203000000000000000e+03
0.000000000000000000e+00
1.827000000000000000e+03
0.000000000000000000e+00
0.000000000000000000e+00
1.737000000000000000e+03
6.000000000000000000e+00
0.000000000000000000e+00
1.844000000000000000e+03
0.000000000000000000e+00
0.000000000000000000e+00
1.634000000000000000e+03
0.000000000000000000e+00
1.714000000000000000e+03
0.000000000000000000e+00
0.000000000000000000e+00
1.672000000000000000e+03
0.000000000000000000e+00
1.101000000000000000e+03
0.000000000000000000e+00
0.000000000000000000e+00
1.372000000000000000e+03
0.000000000000000000e+00
0.000000000000000000e+00
1.084000000000000000e+03
0.000000000000000000e+00
1.600000000000000000e+01
1.126000000000000000e+03
1.550000000000000000e+02
1.800000000000000000e+01
1.158000000000000000e+03
0.000000000000000000e+00
2.760000000000000000e+02
1.104000000000000000e+03
0.000000000000000000e+00
1.061000000000000000e+03
1.200000000000000000e+01
0.000000000000000000e+00
9.180000000000000000e+02
0.000000000000000000e+00
1.089000000000000000e+03
1.960000000000000000e+02
8.480000000000000000e+02
0.000000000000000000e+00
9.060000000000000000e+02
0.000000000000000000e+00
9.270000000000000000e+02
1.180000000000000000e+02
0.000000000000000000e+00
1.257000000000000000e+03
0.000000000000000000e+00
0.000000000000000000e+00
1.274000000000000000e+03
0.000000000000000000e+00
1.310000000000000000e+02
1.248000000000000000e+03
0.000000000000000000e+00
0.000000000000000000e+00
1.516000000000000000e+03
1.060000000000000000e+02
0.000000000000000000e+00
0.000000000000000000e+00
1.516000000000000000e+03
8.900000000000000000e+01
0.000000000000000000e+00
0.000000000000000000e+00
1.161000000000000000e+03
5.600000000000000000e+01
7.600000000000000000e+01
1.021000000000000000e+03
5.000000000000000000e+00
6.730000000000000000e+02
1.000000000000000000e+01
5.380000000000000000e+02
7.270000000000000000e+02
0.000000000000000000e+00
6.560000000000000000e+02
0.000000000000000000e+00
8.500000000000000000e+01
8.490000000000000000e+02
0.000000000000000000e+00
1.530000000000000000e+02
7.880000000000000000e+02
1.830000000000000000e+02
3.620000000000000000e+02
0.000000000000000000e+00
5.770000000000000000e+02
4.610000000000000000e+02
1.720000000000000000e+02
7.610000000000000000e+02
0.000000000000000000e+00
4.740000000000000000e+02
1.670000000000000000e+02
4.560000000000000000e+02
6.633800000000000000e+04
5.460000000000000000e+02
1.610000000000000000e+02
0.000000000000000000e+00
6.700000000000000000e+02
0.000000000000000000e+00
0.000000000000000000e+00
6.600000000000000000e+02
0.000000000000000000e+00
6.580000000000000000e+02
3.600000000000000000e+01
6.000000000000000000e+00
4.800000000000000000e+02
0.000000000000000000e+00
5.780000000000000000e+02
0.000000000000000000e+00
4.870000000000000000e+02
1.610000000000000000e+02
1.700000000000000000e+01
6.480000000000000000e+02
2.900000000000000000e+01
5.560000000000000000e+02
0.000000000000000000e+00
1.460000000000000000e+02
8.430000000000000000e+02
3.000000000000000000e+00
5.910000000000000000e+02
0.000000000000000000e+00
6.950000000000000000e+02
1.260000000000000000e+02
0.000000000000000000e+00
1.008000000000000000e+03
3.100000000000000000e+01
4.050000000000000000e+02
7.760000000000000000e+02
0.000000000000000000e+00
4.620000000000000000e+02
1.333000000000000000e+03
0.000000000000000000e+00
9.920000000000000000e+02
1.324000000000000000e+03
0.000000000000000000e+00
1.118000000000000000e+03
0.000000000000000000e+00
0.000000000000000000e+00
1.476000000000000000e+03
0.000000000000000000e+00
0.000000000000000000e+00
1.013000000000000000e+03
5.820000000000000000e+02
8.910000000000000000e+02
0.000000000000000000e+00
9.640000000000000000e+02
0.000000000000000000e+00
6.870000000000000000e+02
9.160000000000000000e+02
0.000000000000000000e+00
7.640000000000000000e+02
0.000000000000000000e+00
8.040000000000000000e+02
0.000000000000000000e+00
1.200000000000000000e+01
7.950000000000000000e+02
8.000000000000000000e+00
6.010000000000000000e+02
1.240000000000000000e+02
6.840000000000000000e+02
0.000000000000000000e+00
1.085000000000000000e+03
0.000000000000000000e+00
1.538000000000000000e+03
8.500000000000000000e+01
1.315000000000000000e+03
0.000000000000000000e+00
1.481000000000000000e+03
4.000000000000000000e+00
1.137000000000000000e+03
1.370000000000000000e+03
0.000000000000000000e+00
0.000000000000000000e+00
1.045000000000000000e+03
6.430000000000000000e+02
1.338000000000000000e+03
0.000000000000000000e+00
8.950000000000000000e+02
6.290000000000000000e+02
1.048000000000000000e+03
7.500000000000000000e+01
6.630000000000000000e+02
1.158000000000000000e+03
2.000000000000000000e+00
1.153000000000000000e+03
1.000000000000000000e+00
6.220000000000000000e+02
4.690000000000000000e+02
4.490000000000000000e+02
7.900000000000000000e+02
0.000000000000000000e+00
8.430000000000000000e+02
0.000000000000000000e+00
8.080000000000000000e+02
0.000000000000000000e+00
8.330000000000000000e+02
0.000000000000000000e+00
8.560000000000000000e+02
0.000000000000000000e+00
4.640000000000000000e+02
7.820000000000000000e+02
0.000000000000000000e+00
4.700000000000000000e+02
3.590000000000000000e+02
3.750000000000000000e+02
3.910000000000000000e+02
4.170000000000000000e+02
5.830000000000000000e+02
7.620000000000000000e+02
0.000000000000000000e+00
8.780000000000000000e+02
0.000000000000000000e+00
8.510000000000000000e+02
0.000000000000000000e+00
9.450000000000000000e+02
0.000000000000000000e+00
7.900000000000000000e+02
1.351000000000000000e+03
0.000000000000000000e+00
1.492000000000000000e+03
3.900000000000000000e+01
9.720000000000000000e+02
1.263000000000000000e+03
0.000000000000000000e+00
1.201000000000000000e+03
5.800000000000000000e+01
1.193000000000000000e+03
3.500000000000000000e+01
1.030000000000000000e+03
0.000000000000000000e+00
9.940000000000000000e+02
4.000000000000000000e+01
1.078000000000000000e+03
0.000000000000000000e+00
3.400000000000000000e+01
7.660000000000000000e+02
7.847000000000000000e+03
1.960400000000000000e+04
2.147000000000000000e+03
4.870000000000000000e+02
1.211000000000000000e+03
7.900000000000000000e+01
2.700000000000000000e+02
0.000000000000000000e+00
1.694000000000000000e+03
0.000000000000000000e+00
0.000000000000000000e+00
1.373000000000000000e+03
0.000000000000000000e+00
0.000000000000000000e+00
1.327000000000000000e+03
0.000000000000000000e+00
1.374000000000000000e+03
5.200000000000000000e+01
2.120000000000000000e+02
1.203000000000000000e+03
1.827000000000000000e+03
0.000000000000000000e+00
0.000000000000000000e+00
1.708000000000000000e+03
2.900000000000000000e+01
0.000000000000000000e+00
1.844000000000000000e+03
0.000000000000000000e+00
0.000000000000000000e+00
1.634000000000000000e+03
0.000000000000000000e+00
0.000000000000000000e+00
1.714000000000000000e+03
0.000000000000000000e+00
0.000000000000000000e+00
1.672000000000000000e+03
0.000000000000000000e+00
1.101000000000000000e+03
0.000000000000000000e+00
0.000000000000000000e+00
1.372000000000000000e+03
0.000000000000000000e+00
1.084000000000000000e+03
0.000000000000000000e+00
0.000000000000000000e+00
1.126000000000000000e+03
1.600000000000000000e+01
1.550000000000000000e+02
0.000000000000000000e+00
1.171000000000000000e+03
0.000000000000000000e+00
0.000000000000000000e+00
1.380000000000000000e+03
0.000000000000000000e+00
1.061000000000000000e+03
0.000000000000000000e+00
9.180000000000000000e+02
0.000000000000000000e+00
0.000000000000000000e+00
1.089000000000000000e+03
1.960000000000000000e+02
8.480000000000000000e+02
0.000000000000000000e+00
9.060000000000000000e+02
0.000000000000000000e+00
9.270000000000000000e+02
1.180000000000000000e+02
0.000000000000000000e+00
1.257000000000000000e+03
0.000000000000000000e+00
0.000000000000000000e+00
1.274000000000000000e+03
6.646900000000000000e+04
0.000000000000000000e+00
1.248000000000000000e+03
0.000000000000000000e+00
0.000000000000000000e+00
1.622000000000000000e+03
0.000000000000000000e+00
0.000000000000000000e+00
0.000000000000000000e+00
1.489000000000000000e+03
8.900000000000000000e+01
0.000000000000000000e+00
0.000000000000000000e+00
1.161000000000000000e+03
0.000000000000000000e+00
1.320000000000000000e+02
1.021000000000000000e+03
0.000000000000000000e+00
6.730000000000000000e+02
2.000000000000000000e+01
5.380000000000000000e+02
1.300000000000000000e+02
5.970000000000000000e+02
6.000000000000000000e+00
6.560000000000000000e+02
8.500000000000000000e+01
8.490000000000000000e+02
1.000000000000000000e+01
1.530000000000000000e+02
7.880000000000000000e+02
0.000000000000000000e+00
3.620000000000000000e+02
0.000000000000000000e+00
7.600000000000000000e+02
4.610000000000000000e+02
1.670000000000000000e+02
5.010000000000000000e+02
7.000000000000000000e+00
4.740000000000000000e+02
2.720000000000000000e+02
4.560000000000000000e+02
0.000000000000000000e+00
1.670000000000000000e+02
7.070000000000000000e+02
0.000000000000000000e+00
6.700000000000000000e+02
0.000000000000000000e+00
0.000000000000000000e+00
6.650000000000000000e+02
0.000000000000000000e+00
1.850000000000000000e+02
4.730000000000000000e+02
3.600000000000000000e+01
4.800000000000000000e+02
0.000000000000000000e+00
5.780000000000000000e+02
0.000000000000000000e+00
4.870000000000000000e+02
1.610000000000000000e+02
1.700000000000000000e+01
6.480000000000000000e+02
2.900000000000000000e+01
0.000000000000000000e+00
5.560000000000000000e+02
1.460000000000000000e+02
8.430000000000000000e+02
0.000000000000000000e+00
5.910000000000000000e+02
0.000000000000000000e+00
6.950000000000000000e+02
1.260000000000000000e+02
7.000000000000000000e+00
1.001000000000000000e+03
0.000000000000000000e+00
4.050000000000000000e+02
8.050000000000000000e+02
0.000000000000000000e+00
4.620000000000000000e+02
1.333000000000000000e+03
0.000000000000000000e+00
9.920000000000000000e+02
1.324000000000000000e+03
0.000000000000000000e+00
0.000000000000000000e+00
1.113000000000000000e+03
1.220000000000000000e+02
1.354000000000000000e+03
0.000000000000000000e+00
0.000000000000000000e+00
1.013000000000000000e+03
5.820000000000000000e+02
8.910000000000000000e+02
0.000000000000000000e+00
9.610000000000000000e+02
2.000000000000000000e+00
6.870000000000000000e+02
0.000000000000000000e+00
9.160000000000000000e+02
0.000000000000000000e+00
7.640000000000000000e+02
1.340000000000000000e+02
6.700000000000000000e+02
1.200000000000000000e+01
8.000000000000000000e+02
0.000000000000000000e+00
6.010000000000000000e+02
1.240000000000000000e+02
6.840000000000000000e+02
0.000000000000000000e+00
1.085000000000000000e+03
0.000000000000000000e+00
1.538000000000000000e+03
8.500000000000000000e+01
1.315000000000000000e+03
0.000000000000000000e+00
1.447000000000000000e+03
3.900000000000000000e+01
1.137000000000000000e+03
0.000000000000000000e+00
1.376000000000000000e+03
0.000000000000000000e+00
1.045000000000000000e+03
6.430000000000000000e+02
1.338000000000000000e+03
0.000000000000000000e+00
8.950000000000000000e+02
6.290000000000000000e+02
1.048000000000000000e+03
7.500000000000000000e+01
6.630000000000000000e+02
1.158000000000000000e+03
0.000000000000000000e+00
1.153000000000000000e+03
0.000000000000000000e+00
6.220000000000000000e+02
4.690000000000000000e+02
4.490000000000000000e+02
7.900000000000000000e+02
0.000000000000000000e+00
8.430000000000000000e+02
0.000000000000000000e+00
8.080000000000000000e+02
0.000000000000000000e+00
8.330000000000000000e+02
0.000000000000000000e+00
8.590000000000000000e+02
0.000000000000000000e+00
4.640000000000000000e+02
7.820000000000000000e+02
0.000000000000000000e+00
4.620000000000000000e+02
3.590000000000000000e+02
3.750000000000000000e+02
3.940000000000000000e+02
4.150000000000000000e+02
5.850000000000000000e+02
0.000000000000000000e+00
7.620000000000000000e+02
8.780000000000000000e+02
0.000000000000000000e+00
8.510000000000000000e+02
0.000000000000000000e+00
9.450000000000000000e+02
0.000000000000000000e+00
7.900000000000000000e+02
1.351000000000000000e+03
0.000000000000000000e+00
1.492000000000000000e+03
3.900000000000000000e+01
9.720000000000000000e+02
1.263000000000000000e+03
0.000000000000000000e+00
1.201000000000000000e+03
5.800000000000000000e+01
1.199000000000000000e+03
3.500000000000000000e+01
1.030000000000000000e+03
0.000000000000000000e+00
9.940000000000000000e+02
4.000000000000000000e+01
1.078000000000000000e+03
0.000000000000000000e+00
4.600000000000000000e+01
7.660000000000000000e+02
7.857000000000000000e+03
