2.871000000000000000e+04
2.641900000000000000e+04
4.237600000000000000e+04
3.608100000000000000e+04
3.961100000000000000e+04
4.216200000000000000e+04
5.123100000000000000e+04
3.751100000000000000e+04
4.503500000000000000e+04
4.058800000000000000e+04
3.129800000000000000e+04
3.554100000000000000e+04
2.702500000000000000e+04
3.801100000000000000e+04
3.498000000000000000e+04
2.734300000000000000e+04
2.967400000000000000e+04
2.781100000000000000e+04
2.795700000000000000e+04
2.797600000000000000e+04
2.213300000000000000e+04
2.598000000000000000e+04
2.942400000000000000e+04
2.546800000000000000e+04
2.731000000000000000e+04
3.090400000000000000e+04
3.883600000000000000e+04
4.334500000000000000e+04
6.441000000000000000e+04
4.855000000000000000e+04
9.412400000000000000e+04
9.498700000000000000e+04
6.486700000000000000e+04
9.504600000000000000e+04
7.753200000000000000e+04
1.163990000000000000e+05
8.185100000000000000e+04
7.950600000000000000e+04
8.888000000000000000e+04
6.841100000000000000e+04
8.322900000000000000e+04
6.555400000000000000e+04
8.802600000000000000e+04
6.945700000000000000e+04
7.626000000000000000e+04
6.878100000000000000e+04
6.851800000000000000e+04
6.231000000000000000e+04
6.224700000000000000e+04
5.059500000000000000e+04
5.115600000000000000e+04
4.468000000000000000e+04
4.694100000000000000e+04
4.302400000000000000e+04
3.875500000000000000e+04
3.800600000000000000e+04
3.715900000000000000e+04
3.665600000000000000e+04
3.308300000000000000e+04
3.342100000000000000e+04
3.188400000000000000e+04
3.388100000000000000e+04
3.135800000000000000e+04
2.937600000000000000e+04
3.344700000000000000e+04
3.015700000000000000e+04
3.228100000000000000e+04
3.298700000000000000e+04
3.170900000000000000e+04
3.482200000000000000e+04
3.311000000000000000e+04
3.669600000000000000e+04
3.621400000000000000e+04
3.565700000000000000e+04
4.232900000000000000e+04
3.323100000000000000e+04
3.631000000000000000e+04
3.580100000000000000e+04
3.515800000000000000e+04
3.678500000000000000e+04
2.957400000000000000e+04
3.858600000000000000e+04
3.667300000000000000e+04
3.743900000000000000e+04
4.149700000000000000e+04
3.707300000000000000e+04
3.984100000000000000e+04
4.530600000000000000e+04
3.824400000000000000e+04
4.332600000000000000e+04
4.529200000000000000e+04
3.965800000000000000e+04
4.321400000000000000e+04
3.916800000000000000e+04
4.280600000000000000e+04
4.538200000000000000e+04
3.834900000000000000e+04
4.386500000000000000e+04
4.533600000000000000e+04
3.406300000000000000e+04
4.524200000000000000e+04
4.205700000000000000e+04
3.593200000000000000e+04
4.122600000000000000e+04
3.930000000000000000e+04
4.093600000000000000e+04
3.513100000000000000e+04
4.121600000000000000e+04
3.865200000000000000e+04
4.455300000000000000e+04
4.782700000000000000e+04
4.001000000000000000e+04
4.511500000000000000e+04
4.346800000000000000e+04
4.026300000000000000e+04
4.736200000000000000e+04
3.730400000000000000e+04
4.677500000000000000e+04
4.243300000000000000e+04
3.908100000000000000e+04
4.719000000000000000e+04
4.016100000000000000e+04
4.037900000000000000e+04
4.205700000000000000e+04
3.419500000000000000e+04
4.108900000000000000e+04
3.498000000000000000e+04
4.015700000000000000e+04
4.056100000000000000e+04
3.297600000000000000e+04
3.310800000000000000e+04
3.042100000000000000e+04
3.292600000000000000e+04
2.903300000000000000e+04
3.276700000000000000e+04
3.012900000000000000e+04
2.985500000000000000e+04
2.683300000000000000e+04
2.548700000000000000e+04
2.600200000000000000e+04
2.619800000000000000e+04
2.686000000000000000e+04
2.518900000000000000e+04
3.066300000000000000e+04
2.799600000000000000e+04
3.030900000000000000e+04
3.114200000000000000e+04
2.872300000000000000e+04
3.170100000000000000e+04
2.938900000000000000e+04
3.170300000000000000e+04
3.082000000000000000e+04
3.259000000000000000e+04
3.014800000000000000e+04
2.956000000000000000e+04
3.054100000000000000e+04
2.798400000000000000e+04
2.618000000000000000e+04
2.971200000000000000e+04
2.962500000000000000e+04
2.786600000000000000e+04
2.878800000000000000e+04
2.554500000000000000e+04
2.838500000000000000e+04
2.412600000000000000e+04
2.618200000000000000e+04
2.751800000000000000e+04
2.577400000000000000e+04
2.123600000000000000e+04
2.428800000000000000e+04
2.057400000000000000e+04
2.215100000000000000e+04
2.053500000000000000e+04
2.054200000000000000e+04
2.062900000000000000e+04
2.031300000000000000e+04
1.987300000000000000e+04
1.889800000000000000e+04
2.550200000000000000e+04
2.056300000000000000e+04
2.792600000000000000e+04
3.145300000000000000e+04
1.985900000000000000e+04
3.246900000000000000e+04
2.476600000000000000e+04
3.800200000000000000e+04
3.624500000000000000e+04
2.728800000000000000e+04
2.715900000000000000e+04
3.622300000000000000e+04
2.931700000000000000e+04
2.945900000000000000e+04
3.622400000000000000e+04
3.398100000000000000e+04
3.710800000000000000e+04
2.775700000000000000e+04
4.354500000000000000e+04
4.006900000000000000e+04
3.144400000000000000e+04
4.998700000000000000e+04
3.708400000000000000e+04
4.519700000000000000e+04
3.646000000000000000e+04
2.847200000000000000e+04
4.148300000000000000e+04
4.252100000000000000e+04
4.270700000000000000e+04
4.804300000000000000e+04
5.567800000000000000e+04
9.965400000000000000e+04
6.088900000000000000e+04
1.254400000000000000e+05
5.503800000000000000e+04
1.459300000000000000e+05
1.660360000000000000e+05
5.263700000000000000e+04
1.970820000000000000e+05
1.394710000000000000e+05
1.276380000000000000e+05
1.457980000000000000e+05
5.547000000000000000e+04
1.454860000000000000e+05
1.362460000000000000e+05
6.454400000000000000e+04
1.241020000000000000e+05
6.078800000000000000e+04
9.071700000000000000e+04
7.160000000000000000e+04
4.906500000000000000e+04
1.059190000000000000e+05
1.725580000000000000e+05
3.851800000000000000e+04
1.743670000000000000e+05
3.782500000000000000e+04
1.280420000000000000e+05
1.702990000000000000e+05
5.067200000000000000e+04
2.437780000000000000e+05
6.502300000000000000e+04
3.674520000000000000e+05
2.668430000000000000e+05
2.176440000000000000e+05
1.937950000000000000e+05
7.063310000000000000e+05
9.431800000000000000e+04
7.457510000000000000e+05
7.176600000000000000e+04
5.722190000000000000e+05
8.058700000000000000e+04
9.628300000000000000e+05
2.343600000000000000e+04
1.441790000000000000e+05
6.578900000000000000e+04
8.698000000000000000e+03
3.119300000000000000e+04
2.705500000000000000e+04
6.113000000000000000e+03
1.140700000000000000e+04
1.705800000000000000e+04
2.742800000000000000e+04
3.114100000000000000e+04
4.727400000000000000e+04
5.560900000000000000e+04
3.910100000000000000e+04
5.718400000000000000e+04
4.397200000000000000e+04
3.774800000000000000e+04
4.892200000000000000e+04
4.335500000000000000e+04
5.581600000000000000e+04
4.463100000000000000e+04
3.770900000000000000e+04
3.715500000000000000e+04
3.145300000000000000e+04
3.205900000000000000e+04
2.741500000000000000e+04
2.850100000000000000e+04
3.528100000000000000e+04
2.787000000000000000e+04
3.817200000000000000e+04
2.886200000000000000e+04
4.874900000000000000e+04
5.077000000000000000e+04
4.661900000000000000e+04
5.343500000000000000e+04
5.217500000000000000e+04
6.260500000000000000e+04
6.363000000000000000e+04
6.441300000000000000e+04
7.784100000000000000e+04
9.307300000000000000e+04
9.310200000000000000e+04
1.022640000000000000e+05
1.075670000000000000e+05
1.038900000000000000e+05
9.668000000000000000e+04
8.081800000000000000e+04
6.442500000000000000e+04
6.815300000000000000e+04
6.626800000000000000e+04
7.814700000000000000e+04
6.421300000000000000e+04
6.384400000000000000e+04
5.956200000000000000e+04
4.791900000000000000e+04
3.672500000000000000e+04
3.815300000000000000e+04
3.290600000000000000e+04
3.391300000000000000e+04
2.794000000000000000e+04
2.364000000000000000e+04
2.385600000000000000e+04
2.142600000000000000e+04
2.245700000000000000e+04
2.121300000000000000e+04
2.000400000000000000e+04
2.097400000000000000e+04
1.968400000000000000e+04
1.964200000000000000e+04
1.935900000000000000e+04
1.854300000000000000e+04
2.051000000000000000e+04
1.969600000000000000e+04
2.038700000000000000e+04
2.033200000000000000e+04
1.996900000000000000e+04
2.093800000000000000e+04
1.974400000000000000e+04
2.082000000000000000e+04
1.952300000000000000e+04
2.004400000000000000e+04
2.074900000000000000e+04
2.010700000000000000e+04
2.022700000000000000e+04
2.011600000000000000e+04
2.162000000000000000e+04
2.183200000000000000e+04
2.409300000000000000e+04
2.481300000000000000e+04
3.248300000000000000e+04
3.094800000000000000e+04
2.879500000000000000e+04
3.608000000000000000e+04
3.171300000000000000e+04
3.552000000000000000e+04
3.262200000000000000e+04
3.310900000000000000e+04
3.305300000000000000e+04
3.409700000000000000e+04
3.651200000000000000e+04
3.156100000000000000e+04
3.298000000000000000e+04
3.462700000000000000e+04
3.078200000000000000e+04
2.876300000000000000e+04
2.888600000000000000e+04
2.731700000000000000e+04
3.136600000000000000e+04
3.305900000000000000e+04
2.980100000000000000e+04
3.104700000000000000e+04
2.794700000000000000e+04
2.940100000000000000e+04
2.611000000000000000e+04
2.780900000000000000e+04
2.864000000000000000e+04
2.990700000000000000e+04
3.271500000000000000e+04
3.310600000000000000e+04
3.657500000000000000e+04
3.827700000000000000e+04
3.675600000000000000e+04
3.760500000000000000e+04
3.213700000000000000e+04
3.460000000000000000e+04
3.254000000000000000e+04
2.973300000000000000e+04
3.193300000000000000e+04
2.908000000000000000e+04
3.263300000000000000e+04
3.542500000000000000e+04
3.076300000000000000e+04
3.460300000000000000e+04
3.226400000000000000e+04
3.233300000000000000e+04
3.000700000000000000e+04
3.040600000000000000e+04
3.075100000000000000e+04
2.995300000000000000e+04
3.004500000000000000e+04
3.082700000000000000e+04
3.305800000000000000e+04
3.133700000000000000e+04
3.257400000000000000e+04
3.219300000000000000e+04
3.375100000000000000e+04
3.527300000000000000e+04
3.677300000000000000e+04
4.412100000000000000e+04
4.457800000000000000e+04
5.406900000000000000e+04
5.100700000000000000e+04
4.852800000000000000e+04
5.120100000000000000e+04
4.713800000000000000e+04
5.090500000000000000e+04
5.138700000000000000e+04
4.902000000000000000e+04
5.094000000000000000e+04
4.489600000000000000e+04
4.185000000000000000e+04
4.006300000000000000e+04
3.752900000000000000e+04
3.722200000000000000e+04
4.278600000000000000e+04
3.489900000000000000e+04
3.522300000000000000e+04
3.327200000000000000e+04
3.135400000000000000e+04
2.911200000000000000e+04
2.824900000000000000e+04
2.943700000000000000e+04
2.791100000000000000e+04
3.022000000000000000e+04
2.478300000000000000e+04
2.558700000000000000e+04
2.244900000000000000e+04
2.346700000000000000e+04
2.305100000000000000e+04
2.220600000000000000e+04
2.337200000000000000e+04
2.703400000000000000e+04
2.412500000000000000e+04
2.551000000000000000e+04
2.348200000000000000e+04
2.340200000000000000e+04
2.261200000000000000e+04
2.464400000000000000e+04
2.325100000000000000e+04
2.461500000000000000e+04
2.526100000000000000e+04
2.494600000000000000e+04
2.547700000000000000e+04
2.510400000000000000e+04
2.484600000000000000e+04
2.679400000000000000e+04
2.649000000000000000e+04
2.966400000000000000e+04
3.029900000000000000e+04
2.713700000000000000e+04
2.758100000000000000e+04
2.851900000000000000e+04
3.277500000000000000e+04
3.583600000000000000e+04
3.516900000000000000e+04
4.415000000000000000e+04
3.578000000000000000e+04
4.048100000000000000e+04
3.403800000000000000e+04
2.980600000000000000e+04
3.088800000000000000e+04
3.021900000000000000e+04
2.874900000000000000e+04
3.270800000000000000e+04
3.251300000000000000e+04
3.863800000000000000e+04
3.075600000000000000e+04
3.299900000000000000e+04
2.996100000000000000e+04
3.269900000000000000e+04
4.666400000000000000e+04
3.230400000000000000e+04
5.257800000000000000e+04
6.316800000000000000e+04
4.758800000000000000e+04
5.252300000000000000e+04
4.069100000000000000e+04
5.700000000000000000e+04
1.077360000000000000e+05
8.718100000000000000e+04
1.221080000000000000e+05
7.877000000000000000e+04
1.171510000000000000e+05
9.963100000000000000e+04
1.037020000000000000e+05
1.210280000000000000e+05
2.597500000000000000e+05
1.931380000000000000e+05
3.355960000000000000e+05
2.655510000000000000e+05
1.629590000000000000e+05
2.868450000000000000e+05
2.646950000000000000e+05
2.419060000000000000e+05
4.817150000000000000e+05
2.389730000000000000e+05
4.938730000000000000e+05
3.143280000000000000e+05
3.614920000000000000e+05
5.229150000000000000e+05
7.297230000000000000e+05
3.878140000000000000e+05
1.026730000000000000e+06
1.193680000000000000e+05
2.248470000000000000e+05
1.041670000000000000e+05
1.011900000000000000e+04
4.055100000000000000e+04
5.013000000000000000e+03
1.412900000000000000e+04
9.918000000000000000e+03
2.095800000000000000e+04
9.000000000000000000e+00
1.100000000000000000e+01
3.500000000000000000e+01
1.360000000000000000e+02
3.130000000000000000e+02
5.226000000000000000e+03
3.261600000000000000e+04
2.248000000000000000e+03
2.995100000000000000e+04
2.151600000000000000e+04
5.847000000000000000e+03
1.877200000000000000e+04
8.690000000000000000e+03
1.961100000000000000e+04
1.785300000000000000e+04
9.492000000000000000e+03
1.930100000000000000e+04
1.678100000000000000e+04
1.652600000000000000e+04
2.357700000000000000e+04
1.135900000000000000e+04
3.038100000000000000e+04
2.628700000000000000e+04
2.066800000000000000e+04
4.084800000000000000e+04
1.571800000000000000e+04
4.034600000000000000e+04
4.309700000000000000e+04
1.639400000000000000e+04
3.635600000000000000e+04
1.705300000000000000e+04
2.680100000000000000e+04
2.665900000000000000e+04
1.549000000000000000e+04
3.168900000000000000e+04
3.858800000000000000e+04
1.786200000000000000e+04
4.949200000000000000e+04
4.859700000000000000e+04
2.668700000000000000e+04
5.479400000000000000e+04
2.720300000000000000e+04
4.570400000000000000e+04
4.155100000000000000e+04
3.429100000000000000e+04
5.519800000000000000e+04
3.309700000000000000e+04
4.154700000000000000e+04
4.386800000000000000e+04
1.913400000000000000e+04
3.894000000000000000e+04
3.223700000000000000e+04
2.233200000000000000e+04
3.829900000000000000e+04
2.506800000000000000e+04
1.964400000000000000e+04
1.929300000000000000e+04
1.606500000000000000e+04
1.829100000000000000e+04
1.675900000000000000e+04
1.446200000000000000e+04
1.509500000000000000e+04
1.335300000000000000e+04
1.401800000000000000e+04
1.318500000000000000e+04
1.181200000000000000e+04
1.217200000000000000e+04
1.101300000000000000e+04
1.084300000000000000e+04
1.123800000000000000e+04
9.878000000000000000e+03
1.028000000000000000e+04
1.016800000000000000e+04
9.388000000000000000e+03
9.488000000000000000e+03
9.010000000000000000e+03
9.606000000000000000e+03
9.471000000000000000e+03
9.880000000000000000e+03
1.031500000000000000e+04
1.095900000000000000e+04
1.423900000000000000e+04
1.306800000000000000e+04
2.138100000000000000e+04
2.070100000000000000e+04
1.353600000000000000e+04
2.192700000000000000e+04
2.010200000000000000e+04
1.588100000000000000e+04
2.259700000000000000e+04
1.489500000000000000e+04
2.008900000000000000e+04
1.835600000000000000e+04
1.696600000000000000e+04
2.031100000000000000e+04
1.578700000000000000e+04
1.997700000000000000e+04
1.592800000000000000e+04
1.471100000000000000e+04
1.467800000000000000e+04
1.425100000000000000e+04
1.633000000000000000e+04
1.616200000000000000e+04
1.472300000000000000e+04
1.762200000000000000e+04
1.632600000000000000e+04
1.650700000000000000e+04
1.799700000000000000e+04
1.569000000000000000e+04
1.853400000000000000e+04
1.916900000000000000e+04
1.698200000000000000e+04
1.963100000000000000e+04
1.839300000000000000e+04
1.794200000000000000e+04
2.003500000000000000e+04
1.715800000000000000e+04
1.780000000000000000e+04
1.807600000000000000e+04
1.797500000000000000e+04
1.808200000000000000e+04
1.848000000000000000e+04
1.878500000000000000e+04
1.915800000000000000e+04
1.756400000000000000e+04
2.018500000000000000e+04
2.013500000000000000e+04
1.965400000000000000e+04
2.303800000000000000e+04
2.067300000000000000e+04
2.308000000000000000e+04
2.487100000000000000e+04
2.304200000000000000e+04
2.508900000000000000e+04
2.437000000000000000e+04
2.641000000000000000e+04
2.944600000000000000e+04
2.713700000000000000e+04
3.283900000000000000e+04
3.063100000000000000e+04
3.166700000000000000e+04
3.298100000000000000e+04
3.152800000000000000e+04
3.509400000000000000e+04
3.191700000000000000e+04
3.630200000000000000e+04
3.647900000000000000e+04
3.278400000000000000e+04
4.218700000000000000e+04
4.178500000000000000e+04
3.623700000000000000e+04
4.604600000000000000e+04
4.663700000000000000e+04
4.382000000000000000e+04
5.267700000000000000e+04
4.210700000000000000e+04
5.122300000000000000e+04
4.801800000000000000e+04
5.029500000000000000e+04
5.515300000000000000e+04
5.051200000000000000e+04
5.510800000000000000e+04
5.423100000000000000e+04
4.837400000000000000e+04
5.237700000000000000e+04
5.225100000000000000e+04
5.172200000000000000e+04
5.989800000000000000e+04
5.813800000000000000e+04
6.226500000000000000e+04
5.529200000000000000e+04
5.397200000000000000e+04
5.820100000000000000e+04
5.293600000000000000e+04
6.134700000000000000e+04
5.427500000000000000e+04
6.141700000000000000e+04
6.917000000000000000e+04
5.166800000000000000e+04
6.610200000000000000e+04
6.201200000000000000e+04
5.826100000000000000e+04
6.897500000000000000e+04
5.220200000000000000e+04
6.946100000000000000e+04
6.838300000000000000e+04
5.233000000000000000e+04
6.750800000000000000e+04
6.086700000000000000e+04
5.244200000000000000e+04
5.983700000000000000e+04
5.831500000000000000e+04
5.978300000000000000e+04
5.938000000000000000e+04
6.653900000000000000e+04
6.248600000000000000e+04
5.747800000000000000e+04
6.188400000000000000e+04
6.918700000000000000e+04
5.854900000000000000e+04
7.185900000000000000e+04
5.555100000000000000e+04
4.880700000000000000e+04
4.873900000000000000e+04
4.466300000000000000e+04
4.037200000000000000e+04
4.588900000000000000e+04
4.412900000000000000e+04
5.556600000000000000e+04
5.428800000000000000e+04
4.899700000000000000e+04
5.452500000000000000e+04
4.574400000000000000e+04
6.335000000000000000e+04
5.923900000000000000e+04
5.014900000000000000e+04
7.330800000000000000e+04
7.323800000000000000e+04
5.193600000000000000e+04
6.679100000000000000e+04
5.047000000000000000e+04
6.988700000000000000e+04
8.732100000000000000e+04
6.295300000000000000e+04
1.186180000000000000e+05
5.799700000000000000e+04
1.186900000000000000e+05
1.334380000000000000e+05
5.109300000000000000e+04
2.008330000000000000e+05
1.604810000000000000e+05
1.359570000000000000e+05
3.356950000000000000e+05
7.225100000000000000e+04
4.493710000000000000e+05
1.405010000000000000e+05
3.443630000000000000e+05
4.199050000000000000e+05
6.035900000000000000e+04
3.880740000000000000e+05
4.833670000000000000e+05
9.229900000000000000e+04
1.148905000000000000e+06
6.439030000000000000e+05
3.169330000000000000e+05
9.955900000000000000e+05
1.307710000000000000e+05
5.232490000000000000e+05
2.476980000000000000e+05
1.435000000000000000e+05
1.565080000000000000e+05
4.322200000000000000e+04
1.220380000000000000e+05
8.717900000000000000e+04
5.886300000000000000e+04
2.175720000000000000e+05
