4.440000000000000000e+02
3.670000000000000000e+02
1.090000000000000000e+03
8.320000000000000000e+02
1.212000000000000000e+03
1.236000000000000000e+03
9.950000000000000000e+02
8.860000000000000000e+02
8.370000000000000000e+02
8.400000000000000000e+02
8.340000000000000000e+02
9.130000000000000000e+02
9.320000000000000000e+02
1.028000000000000000e+03
1.217000000000000000e+03
1.362000000000000000e+03
1.452000000000000000e+03
1.487000000000000000e+03
1.599000000000000000e+03
1.960000000000000000e+03
1.918000000000000000e+03
2.059000000000000000e+03
2.350000000000000000e+03
4.054000000000000000e+03
4.790000000000000000e+03
3.561000000000000000e+03
2.364000000000000000e+03
2.060000000000000000e+03
1.591000000000000000e+03
1.460000000000000000e+03
1.367000000000000000e+03
1.421000000000000000e+03
1.483000000000000000e+03
1.446000000000000000e+03
1.582000000000000000e+03
1.669000000000000000e+03
1.650000000000000000e+03
1.518000000000000000e+03
1.710000000000000000e+03
1.564000000000000000e+03
1.625000000000000000e+03
1.568000000000000000e+03
1.574000000000000000e+03
1.335000000000000000e+03
1.227000000000000000e+03
1.260000000000000000e+03
1.321000000000000000e+03
1.417000000000000000e+03
1.406000000000000000e+03
1.307000000000000000e+03
1.252000000000000000e+03
1.208000000000000000e+03
1.229000000000000000e+03
1.187000000000000000e+03
1.066000000000000000e+03
1.076000000000000000e+03
1.107000000000000000e+03
1.058000000000000000e+03
1.018000000000000000e+03
9.850000000000000000e+02
9.470000000000000000e+02
9.410000000000000000e+02
1.028000000000000000e+03
1.062000000000000000e+03
1.039000000000000000e+03
1.107000000000000000e+03
1.036000000000000000e+03
9.460000000000000000e+02
7.710000000000000000e+02
7.690000000000000000e+02
7.530000000000000000e+02
7.140000000000000000e+02
6.760000000000000000e+02
7.220000000000000000e+02
6.800000000000000000e+02
7.180000000000000000e+02
6.350000000000000000e+02
6.190000000000000000e+02
5.940000000000000000e+02
6.260000000000000000e+02
7.270000000000000000e+02
6.450000000000000000e+02
6.230000000000000000e+02
5.830000000000000000e+02
6.400000000000000000e+02
5.780000000000000000e+02
6.700000000000000000e+02
6.190000000000000000e+02
6.880000000000000000e+02
7.070000000000000000e+02
6.220000000000000000e+02
5.930000000000000000e+02
5.500000000000000000e+02
6.350000000000000000e+02
6.120000000000000000e+02
6.440000000000000000e+02
6.530000000000000000e+02
5.490000000000000000e+02
6.470000000000000000e+02
5.430000000000000000e+02
5.820000000000000000e+02
5.440000000000000000e+02
5.830000000000000000e+02
6.600000000000000000e+02
5.920000000000000000e+02
5.950000000000000000e+02
5.320000000000000000e+02
5.560000000000000000e+02
5.830000000000000000e+02
6.210000000000000000e+02
6.710000000000000000e+02
6.370000000000000000e+02
6.460000000000000000e+02
5.450000000000000000e+02
5.110000000000000000e+02
5.460000000000000000e+02
4.510000000000000000e+02
5.250000000000000000e+02
5.220000000000000000e+02
5.630000000000000000e+02
5.540000000000000000e+02
4.510000000000000000e+02
4.700000000000000000e+02
4.470000000000000000e+02
4.730000000000000000e+02
4.560000000000000000e+02
4.670000000000000000e+02
4.560000000000000000e+02
4.350000000000000000e+02
4.660000000000000000e+02
4.080000000000000000e+02
5.070000000000000000e+02
4.890000000000000000e+02
5.090000000000000000e+02
4.940000000000000000e+02
5.480000000000000000e+02
4.680000000000000000e+02
4.800000000000000000e+02
4.830000000000000000e+02
5.280000000000000000e+02
5.070000000000000000e+02
5.180000000000000000e+02
5.470000000000000000e+02
6.050000000000000000e+02
6.620000000000000000e+02
6.010000000000000000e+02
6.870000000000000000e+02
6.780000000000000000e+02
7.050000000000000000e+02
7.480000000000000000e+02
8.870000000000000000e+02
1.171000000000000000e+03
1.076000000000000000e+03
1.218000000000000000e+03
1.115000000000000000e+03
9.150000000000000000e+02
1.091000000000000000e+03
1.026000000000000000e+03
1.191000000000000000e+03
1.022000000000000000e+03
1.255000000000000000e+03
1.267000000000000000e+03
1.310000000000000000e+03
1.171000000000000000e+03
1.101000000000000000e+03
1.136000000000000000e+03
1.326000000000000000e+03
1.200000000000000000e+03
1.084000000000000000e+03
9.050000000000000000e+02
9.810000000000000000e+02
1.092000000000000000e+03
1.102000000000000000e+03
1.062000000000000000e+03
1.060000000000000000e+03
1.057000000000000000e+03
8.590000000000000000e+02
1.011000000000000000e+03
1.274000000000000000e+03
1.720000000000000000e+03
1.608000000000000000e+03
1.308000000000000000e+03
1.122000000000000000e+03
8.300000000000000000e+02
7.850000000000000000e+02
7.540000000000000000e+02
7.020000000000000000e+02
7.070000000000000000e+02
6.800000000000000000e+02
6.440000000000000000e+02
6.560000000000000000e+02
6.310000000000000000e+02
5.440000000000000000e+02
5.330000000000000000e+02
5.300000000000000000e+02
5.640000000000000000e+02
5.810000000000000000e+02
6.050000000000000000e+02
6.170000000000000000e+02
4.910000000000000000e+02
5.600000000000000000e+02
6.460000000000000000e+02
6.610000000000000000e+02
6.850000000000000000e+02
7.930000000000000000e+02
7.070000000000000000e+02
5.720000000000000000e+02
5.500000000000000000e+02
5.220000000000000000e+02
5.290000000000000000e+02
6.100000000000000000e+02
6.290000000000000000e+02
6.450000000000000000e+02
6.580000000000000000e+02
6.440000000000000000e+02
5.900000000000000000e+02
6.400000000000000000e+02
6.360000000000000000e+02
5.840000000000000000e+02
6.380000000000000000e+02
6.290000000000000000e+02
6.200000000000000000e+02
6.090000000000000000e+02
5.980000000000000000e+02
6.440000000000000000e+02
6.600000000000000000e+02
6.690000000000000000e+02
6.030000000000000000e+02
7.750000000000000000e+02
8.720000000000000000e+02
9.430000000000000000e+02
9.130000000000000000e+02
8.880000000000000000e+02
7.690000000000000000e+02
7.880000000000000000e+02
6.840000000000000000e+02
5.390000000000000000e+02
5.930000000000000000e+02
5.410000000000000000e+02
4.850000000000000000e+02
4.530000000000000000e+02
4.870000000000000000e+02
4.500000000000000000e+02
5.430000000000000000e+02
6.040000000000000000e+02
6.370000000000000000e+02
6.710000000000000000e+02
9.300000000000000000e+02
1.224000000000000000e+03
1.548000000000000000e+03
2.114000000000000000e+03
2.554000000000000000e+03
4.038000000000000000e+03
5.422000000000000000e+03
4.862700000000000000e+04
2.988830000000000000e+05
1.701000000000000000e+03
1.040000000000000000e+03
1.395000000000000000e+03
1.340000000000000000e+03
1.116000000000000000e+03
1.026000000000000000e+03
8.980000000000000000e+02
9.600000000000000000e+02
9.930000000000000000e+02
1.000000000000000000e+03
1.017000000000000000e+03
1.098000000000000000e+03
1.272000000000000000e+03
1.461000000000000000e+03
1.650000000000000000e+03
1.807000000000000000e+03
1.972000000000000000e+03
2.793000000000000000e+03
4.249000000000000000e+03
5.469000000000000000e+03
4.236000000000000000e+03
2.646000000000000000e+03
2.185000000000000000e+03
1.871000000000000000e+03
1.564000000000000000e+03
1.511000000000000000e+03
1.502000000000000000e+03
1.468000000000000000e+03
1.719000000000000000e+03
1.927000000000000000e+03
1.583000000000000000e+03
1.594000000000000000e+03
1.614000000000000000e+03
1.527000000000000000e+03
1.672000000000000000e+03
1.818000000000000000e+03
1.574000000000000000e+03
1.511000000000000000e+03
1.423000000000000000e+03
1.468000000000000000e+03
1.405000000000000000e+03
1.456000000000000000e+03
1.414000000000000000e+03
1.242000000000000000e+03
1.269000000000000000e+03
1.136000000000000000e+03
1.130000000000000000e+03
1.142000000000000000e+03
1.208000000000000000e+03
1.332000000000000000e+03
1.282000000000000000e+03
1.169000000000000000e+03
1.022000000000000000e+03
1.041000000000000000e+03
1.071000000000000000e+03
1.060000000000000000e+03
1.005000000000000000e+03
1.004000000000000000e+03
9.120000000000000000e+02
9.450000000000000000e+02
8.750000000000000000e+02
9.190000000000000000e+02
1.034000000000000000e+03
1.105000000000000000e+03
9.630000000000000000e+02
8.520000000000000000e+02
7.900000000000000000e+02
7.210000000000000000e+02
7.410000000000000000e+02
7.500000000000000000e+02
6.950000000000000000e+02
6.610000000000000000e+02
6.050000000000000000e+02
6.460000000000000000e+02
5.600000000000000000e+02
6.740000000000000000e+02
6.220000000000000000e+02
6.320000000000000000e+02
6.490000000000000000e+02
6.010000000000000000e+02
6.160000000000000000e+02
6.550000000000000000e+02
6.720000000000000000e+02
6.260000000000000000e+02
6.700000000000000000e+02
6.580000000000000000e+02
6.900000000000000000e+02
6.600000000000000000e+02
6.860000000000000000e+02
6.640000000000000000e+02
6.890000000000000000e+02
6.950000000000000000e+02
6.040000000000000000e+02
6.240000000000000000e+02
6.270000000000000000e+02
6.190000000000000000e+02
6.360000000000000000e+02
6.880000000000000000e+02
6.620000000000000000e+02
6.520000000000000000e+02
5.900000000000000000e+02
6.260000000000000000e+02
5.980000000000000000e+02
6.060000000000000000e+02
5.990000000000000000e+02
6.020000000000000000e+02
6.530000000000000000e+02
6.560000000000000000e+02
7.480000000000000000e+02
7.420000000000000000e+02
6.260000000000000000e+02
5.970000000000000000e+02
6.140000000000000000e+02
5.010000000000000000e+02
5.110000000000000000e+02
5.630000000000000000e+02
5.830000000000000000e+02
6.090000000000000000e+02
5.380000000000000000e+02
5.820000000000000000e+02
5.440000000000000000e+02
4.890000000000000000e+02
4.980000000000000000e+02
5.320000000000000000e+02
5.660000000000000000e+02
6.360000000000000000e+02
6.150000000000000000e+02
6.880000000000000000e+02
7.070000000000000000e+02
5.990000000000000000e+02
7.330000000000000000e+02
6.250000000000000000e+02
7.080000000000000000e+02
7.490000000000000000e+02
6.750000000000000000e+02
8.240000000000000000e+02
6.340000000000000000e+02
8.100000000000000000e+02
7.630000000000000000e+02
8.580000000000000000e+02
9.640000000000000000e+02
9.350000000000000000e+02
9.680000000000000000e+02
8.930000000000000000e+02
1.078000000000000000e+03
1.029000000000000000e+03
1.119000000000000000e+03
1.227000000000000000e+03
1.094000000000000000e+03
1.065000000000000000e+03
9.350000000000000000e+02
8.240000000000000000e+02
8.420000000000000000e+02
9.970000000000000000e+02
1.106000000000000000e+03
1.065000000000000000e+03
9.510000000000000000e+02
8.480000000000000000e+02
8.420000000000000000e+02
7.140000000000000000e+02
8.250000000000000000e+02
9.280000000000000000e+02
1.012000000000000000e+03
1.037000000000000000e+03
1.059000000000000000e+03
1.007000000000000000e+03
8.790000000000000000e+02
9.800000000000000000e+02
1.321000000000000000e+03
1.456000000000000000e+03
1.818000000000000000e+03
1.445000000000000000e+03
1.058000000000000000e+03
8.990000000000000000e+02
7.800000000000000000e+02
8.440000000000000000e+02
8.080000000000000000e+02
8.410000000000000000e+02
7.620000000000000000e+02
6.130000000000000000e+02
5.670000000000000000e+02
5.680000000000000000e+02
5.390000000000000000e+02
6.210000000000000000e+02
6.040000000000000000e+02
6.190000000000000000e+02
5.780000000000000000e+02
5.630000000000000000e+02
6.840000000000000000e+02
9.260000000000000000e+02
8.070000000000000000e+02
7.310000000000000000e+02
6.670000000000000000e+02
5.440000000000000000e+02
4.990000000000000000e+02
5.630000000000000000e+02
5.800000000000000000e+02
5.530000000000000000e+02
6.640000000000000000e+02
6.700000000000000000e+02
5.760000000000000000e+02
5.940000000000000000e+02
5.580000000000000000e+02
5.830000000000000000e+02
5.580000000000000000e+02
5.830000000000000000e+02
5.060000000000000000e+02
5.100000000000000000e+02
5.360000000000000000e+02
5.340000000000000000e+02
5.430000000000000000e+02
5.650000000000000000e+02
5.690000000000000000e+02
6.070000000000000000e+02
5.130000000000000000e+02
4.800000000000000000e+02
5.690000000000000000e+02
6.380000000000000000e+02
7.040000000000000000e+02
9.130000000000000000e+02
9.450000000000000000e+02
9.260000000000000000e+02
6.920000000000000000e+02
6.090000000000000000e+02
5.840000000000000000e+02
5.720000000000000000e+02
5.100000000000000000e+02
4.850000000000000000e+02
4.110000000000000000e+02
3.510000000000000000e+02
3.250000000000000000e+02
3.180000000000000000e+02
3.110000000000000000e+02
3.500000000000000000e+02
3.760000000000000000e+02
3.880000000000000000e+02
3.590000000000000000e+02
3.830000000000000000e+02
4.010000000000000000e+02
4.280000000000000000e+02
4.730000000000000000e+02
5.500000000000000000e+02
6.130000000000000000e+02
5.490000000000000000e+02
5.980000000000000000e+02
7.600000000000000000e+02
9.950000000000000000e+02
1.302000000000000000e+03
1.956000000000000000e+03
2.220000000000000000e+03
2.653000000000000000e+03
2.912000000000000000e+03
3.400000000000000000e+03
7.024000000000000000e+03
4.674300000000000000e+04
2.946460000000000000e+05
1.679000000000000000e+03
1.250000000000000000e+03
1.366000000000000000e+03
1.172000000000000000e+03
9.840000000000000000e+02
9.040000000000000000e+02
8.170000000000000000e+02
8.560000000000000000e+02
9.060000000000000000e+02
9.390000000000000000e+02
1.012000000000000000e+03
9.920000000000000000e+02
1.262000000000000000e+03
1.509000000000000000e+03
1.695000000000000000e+03
1.722000000000000000e+03
1.909000000000000000e+03
1.899000000000000000e+03
2.569000000000000000e+03
3.479000000000000000e+03
5.464000000000000000e+03
3.990000000000000000e+03
2.753000000000000000e+03
2.214000000000000000e+03
1.769000000000000000e+03
1.420000000000000000e+03
1.416000000000000000e+03
1.529000000000000000e+03
1.566000000000000000e+03
1.624000000000000000e+03
1.891000000000000000e+03
1.806000000000000000e+03
1.670000000000000000e+03
1.622000000000000000e+03
1.573000000000000000e+03
1.542000000000000000e+03
1.610000000000000000e+03
1.654000000000000000e+03
1.587000000000000000e+03
1.252000000000000000e+03
1.296000000000000000e+03
1.322000000000000000e+03
1.394000000000000000e+03
1.407000000000000000e+03
1.309000000000000000e+03
1.303000000000000000e+03
1.116000000000000000e+03
1.199000000000000000e+03
1.238000000000000000e+03
1.294000000000000000e+03
1.370000000000000000e+03
1.150000000000000000e+03
1.076000000000000000e+03
1.039000000000000000e+03
1.070000000000000000e+03
1.042000000000000000e+03
1.023000000000000000e+03
1.018000000000000000e+03
9.730000000000000000e+02
9.490000000000000000e+02
8.680000000000000000e+02
9.010000000000000000e+02
1.067000000000000000e+03
1.181000000000000000e+03
1.021000000000000000e+03
9.000000000000000000e+02
8.710000000000000000e+02
8.620000000000000000e+02
8.470000000000000000e+02
8.430000000000000000e+02
8.310000000000000000e+02
8.150000000000000000e+02
7.760000000000000000e+02
6.900000000000000000e+02
5.990000000000000000e+02
6.910000000000000000e+02
7.110000000000000000e+02
7.800000000000000000e+02
7.620000000000000000e+02
7.350000000000000000e+02
7.670000000000000000e+02
6.770000000000000000e+02
6.580000000000000000e+02
7.650000000000000000e+02
7.770000000000000000e+02
8.240000000000000000e+02
8.630000000000000000e+02
7.860000000000000000e+02
7.220000000000000000e+02
7.550000000000000000e+02
7.640000000000000000e+02
7.120000000000000000e+02
7.520000000000000000e+02
7.260000000000000000e+02
6.280000000000000000e+02
6.110000000000000000e+02
6.040000000000000000e+02
6.860000000000000000e+02
7.600000000000000000e+02
8.390000000000000000e+02
6.580000000000000000e+02
5.450000000000000000e+02
5.830000000000000000e+02
5.880000000000000000e+02
5.960000000000000000e+02
5.920000000000000000e+02
6.040000000000000000e+02
5.880000000000000000e+02
6.020000000000000000e+02
5.840000000000000000e+02
5.600000000000000000e+02
4.950000000000000000e+02
5.110000000000000000e+02
4.370000000000000000e+02
4.820000000000000000e+02
4.200000000000000000e+02
4.700000000000000000e+02
5.150000000000000000e+02
5.470000000000000000e+02
5.100000000000000000e+02
5.250000000000000000e+02
4.550000000000000000e+02
4.450000000000000000e+02
4.000000000000000000e+02
4.780000000000000000e+02
5.600000000000000000e+02
5.500000000000000000e+02
5.970000000000000000e+02
6.020000000000000000e+02
6.410000000000000000e+02
5.590000000000000000e+02
7.190000000000000000e+02
6.430000000000000000e+02
6.920000000000000000e+02
6.880000000000000000e+02
8.560000000000000000e+02
1.005000000000000000e+03
8.390000000000000000e+02
1.047000000000000000e+03
9.960000000000000000e+02
9.490000000000000000e+02
1.075000000000000000e+03
9.980000000000000000e+02
1.103000000000000000e+03
1.004000000000000000e+03
1.199000000000000000e+03
1.157000000000000000e+03
1.331000000000000000e+03
1.255000000000000000e+03
1.343000000000000000e+03
1.314000000000000000e+03
1.285000000000000000e+03
1.149000000000000000e+03
1.118000000000000000e+03
1.133000000000000000e+03
1.034000000000000000e+03
9.970000000000000000e+02
9.640000000000000000e+02
1.045000000000000000e+03
1.006000000000000000e+03
1.180000000000000000e+03
1.610000000000000000e+03
1.351000000000000000e+03
1.172000000000000000e+03
1.384000000000000000e+03
1.310000000000000000e+03
1.155000000000000000e+03
9.990000000000000000e+02
8.720000000000000000e+02
7.800000000000000000e+02
7.160000000000000000e+02
7.440000000000000000e+02
7.230000000000000000e+02
6.910000000000000000e+02
6.590000000000000000e+02
6.210000000000000000e+02
6.220000000000000000e+02
5.880000000000000000e+02
5.580000000000000000e+02
5.980000000000000000e+02
6.300000000000000000e+02
6.940000000000000000e+02
5.740000000000000000e+02
5.900000000000000000e+02
6.510000000000000000e+02
9.160000000000000000e+02
8.610000000000000000e+02
6.310000000000000000e+02
5.590000000000000000e+02
5.330000000000000000e+02
5.070000000000000000e+02
5.620000000000000000e+02
7.120000000000000000e+02
6.740000000000000000e+02
6.070000000000000000e+02
6.170000000000000000e+02
5.900000000000000000e+02
5.820000000000000000e+02
5.490000000000000000e+02
5.640000000000000000e+02
5.670000000000000000e+02
5.680000000000000000e+02
5.400000000000000000e+02
5.260000000000000000e+02
5.350000000000000000e+02
5.850000000000000000e+02
5.740000000000000000e+02
5.520000000000000000e+02
5.970000000000000000e+02
6.210000000000000000e+02
5.300000000000000000e+02
5.600000000000000000e+02
6.370000000000000000e+02
7.550000000000000000e+02
8.230000000000000000e+02
8.100000000000000000e+02
7.000000000000000000e+02
7.090000000000000000e+02
6.750000000000000000e+02
6.460000000000000000e+02
6.070000000000000000e+02
5.360000000000000000e+02
4.850000000000000000e+02
4.170000000000000000e+02
4.310000000000000000e+02
3.550000000000000000e+02
3.020000000000000000e+02
3.040000000000000000e+02
2.710000000000000000e+02
2.870000000000000000e+02
3.040000000000000000e+02
3.020000000000000000e+02
3.190000000000000000e+02
3.450000000000000000e+02
3.090000000000000000e+02
3.440000000000000000e+02
3.310000000000000000e+02
4.060000000000000000e+02
4.100000000000000000e+02
4.270000000000000000e+02
4.810000000000000000e+02
5.620000000000000000e+02
5.670000000000000000e+02
5.720000000000000000e+02
6.880000000000000000e+02
8.350000000000000000e+02
1.147000000000000000e+03
1.312000000000000000e+03
1.753000000000000000e+03
2.027000000000000000e+03
2.141000000000000000e+03
2.366000000000000000e+03
3.374000000000000000e+03
8.043000000000000000e+03
4.746900000000000000e+04
2.938660000000000000e+05
