1.240000000000000000e+03
1.510000000000000000e+02
1.810000000000000000e+02
1.610000000000000000e+02
1.740000000000000000e+02
1.640000000000000000e+02
2.150000000000000000e+02
1.890000000000000000e+02
2.000000000000000000e+02
1.780000000000000000e+02
2.000000000000000000e+02
1.750000000000000000e+02
1.800000000000000000e+02
1.830000000000000000e+02
1.700000000000000000e+02
1.930000000000000000e+02
1.650000000000000000e+02
1.570000000000000000e+02
1.540000000000000000e+02
1.410000000000000000e+02
1.470000000000000000e+02
1.340000000000000000e+02
1.470000000000000000e+02
1.400000000000000000e+02
1.590000000000000000e+02
1.470000000000000000e+02
1.390000000000000000e+02
1.170000000000000000e+02
1.450000000000000000e+02
1.290000000000000000e+02
1.290000000000000000e+02
9.800000000000000000e+01
1.160000000000000000e+02
1.260000000000000000e+02
1.150000000000000000e+02
1.170000000000000000e+02
1.160000000000000000e+02
1.140000000000000000e+02
1.000000000000000000e+02
1.160000000000000000e+02
8.200000000000000000e+01
1.100000000000000000e+02
1.060000000000000000e+02
9.800000000000000000e+01
1.100000000000000000e+02
1.060000000000000000e+02
9.700000000000000000e+01
7.800000000000000000e+01
8.800000000000000000e+01
9.800000000000000000e+01
9.300000000000000000e+01
9.900000000000000000e+01
9.200000000000000000e+01
8.600000000000000000e+01
9.000000000000000000e+01
1.040000000000000000e+02
8.400000000000000000e+01
1.010000000000000000e+02
7.200000000000000000e+01
8.200000000000000000e+01
7.900000000000000000e+01
9.500000000000000000e+01
9.300000000000000000e+01
9.500000000000000000e+01
7.300000000000000000e+01
9.100000000000000000e+01
9.900000000000000000e+01
8.600000000000000000e+01
8.000000000000000000e+01
8.800000000000000000e+01
8.900000000000000000e+01
7.600000000000000000e+01
9.000000000000000000e+01
8.100000000000000000e+01
8.600000000000000000e+01
7.500000000000000000e+01
6.500000000000000000e+01
8.500000000000000000e+01
8.400000000000000000e+01
7.100000000000000000e+01
8.000000000000000000e+01
7.300000000000000000e+01
7.700000000000000000e+01
7.400000000000000000e+01
7.500000000000000000e+01
7.400000000000000000e+01
5.900000000000000000e+01
7.400000000000000000e+01
7.600000000000000000e+01
6.800000000000000000e+01
6.900000000000000000e+01
6.300000000000000000e+01
5.400000000000000000e+01
7.300000000000000000e+01
6.400000000000000000e+01
5.500000000000000000e+01
7.100000000000000000e+01
6.800000000000000000e+01
5.800000000000000000e+01
5.600000000000000000e+01
5.300000000000000000e+01
5.900000000000000000e+01
4.700000000000000000e+01
5.100000000000000000e+01
6.500000000000000000e+01
5.700000000000000000e+01
5.200000000000000000e+01
5.600000000000000000e+01
5.600000000000000000e+01
6.500000000000000000e+01
7.200000000000000000e+01
6.300000000000000000e+01
7.400000000000000000e+01
6.200000000000000000e+01
7.500000000000000000e+01
7.600000000000000000e+01
6.300000000000000000e+01
7.800000000000000000e+01
7.700000000000000000e+01
1.080000000000000000e+02
1.160000000000000000e+02
1.400000000000000000e+02
1.620000000000000000e+02
2.030000000000000000e+02
1.840000000000000000e+02
2.430000000000000000e+02
2.760000000000000000e+02
3.580000000000000000e+02
3.430000000000000000e+02
4.910000000000000000e+02
6.120000000000000000e+02
6.880000000000000000e+02
7.720000000000000000e+02
7.480000000000000000e+02
8.180000000000000000e+02
8.160000000000000000e+02
8.300000000000000000e+02
7.680000000000000000e+02
7.250000000000000000e+02
7.190000000000000000e+02
8.360000000000000000e+02
8.280000000000000000e+02
8.790000000000000000e+02
8.640000000000000000e+02
8.690000000000000000e+02
8.480000000000000000e+02
8.950000000000000000e+02
8.880000000000000000e+02
8.610000000000000000e+02
8.180000000000000000e+02
7.440000000000000000e+02
7.300000000000000000e+02
6.530000000000000000e+02
6.180000000000000000e+02
5.690000000000000000e+02
5.420000000000000000e+02
4.970000000000000000e+02
4.710000000000000000e+02
4.970000000000000000e+02
4.980000000000000000e+02
5.270000000000000000e+02
5.570000000000000000e+02
5.720000000000000000e+02
5.210000000000000000e+02
3.700000000000000000e+02
2.750000000000000000e+02
2.330000000000000000e+02
2.070000000000000000e+02
1.980000000000000000e+02
1.690000000000000000e+02
1.720000000000000000e+02
1.480000000000000000e+02
1.470000000000000000e+02
1.570000000000000000e+02
1.280000000000000000e+02
1.250000000000000000e+02
1.200000000000000000e+02
1.060000000000000000e+02
9.800000000000000000e+01
7.600000000000000000e+01
1.050000000000000000e+02
1.080000000000000000e+02
9.500000000000000000e+01
1.210000000000000000e+02
1.130000000000000000e+02
1.000000000000000000e+02
1.260000000000000000e+02
1.300000000000000000e+02
1.100000000000000000e+02
6.900000000000000000e+01
7.600000000000000000e+01
5.000000000000000000e+01
5.100000000000000000e+01
2.500000000000000000e+01
2.100000000000000000e+01
2.600000000000000000e+01
3.600000000000000000e+01
4.300000000000000000e+01
4.600000000000000000e+01
4.000000000000000000e+01
4.100000000000000000e+01
4.800000000000000000e+01
8.900000000000000000e+01
5.000000000000000000e+01
6.500000000000000000e+01
5.900000000000000000e+01
5.100000000000000000e+01
4.200000000000000000e+01
3.800000000000000000e+01
3.100000000000000000e+01
5.800000000000000000e+01
6.300000000000000000e+01
1.080000000000000000e+02
7.200000000000000000e+01
1.060000000000000000e+02
1.190000000000000000e+02
1.170000000000000000e+02
1.310000000000000000e+02
1.400000000000000000e+02
1.550000000000000000e+02
1.580000000000000000e+02
2.000000000000000000e+02
2.410000000000000000e+02
3.380000000000000000e+02
4.750000000000000000e+02
4.150000000000000000e+02
9.320000000000000000e+02
1.330000000000000000e+03
3.725800000000000000e+04
2.544000000000000000e+03
5.469000000000000000e+03
1.354000000000000000e+03
1.070000000000000000e+03
3.450000000000000000e+02
1.340000000000000000e+02
8.900000000000000000e+01
4.700000000000000000e+01
3.900000000000000000e+01
1.900000000000000000e+01
2.900000000000000000e+01
1.200000000000000000e+01
1.300000000000000000e+01
1.300000000000000000e+01
8.000000000000000000e+00
4.000000000000000000e+00
1.000000000000000000e+00
3.000000000000000000e+00
3.000000000000000000e+00
7.000000000000000000e+00
2.000000000000000000e+00
2.000000000000000000e+00
1.000000000000000000e+00
0.000000000000000000e+00
2.000000000000000000e+00
1.000000000000000000e+00
0.000000000000000000e+00
3.340000000000000000e+02
9.300000000000000000e+01
1.140000000000000000e+02
1.050000000000000000e+02
1.320000000000000000e+02
1.160000000000000000e+02
1.230000000000000000e+02
1.410000000000000000e+02
1.290000000000000000e+02
1.590000000000000000e+02
1.500000000000000000e+02
1.580000000000000000e+02
1.670000000000000000e+02
1.840000000000000000e+02
1.560000000000000000e+02
1.480000000000000000e+02
1.580000000000000000e+02
1.500000000000000000e+02
1.440000000000000000e+02
1.270000000000000000e+02
1.230000000000000000e+02
1.320000000000000000e+02
1.480000000000000000e+02
1.330000000000000000e+02
1.260000000000000000e+02
1.310000000000000000e+02
1.250000000000000000e+02
1.360000000000000000e+02
1.150000000000000000e+02
1.330000000000000000e+02
9.700000000000000000e+01
1.130000000000000000e+02
9.600000000000000000e+01
1.080000000000000000e+02
1.150000000000000000e+02
1.300000000000000000e+02
1.200000000000000000e+02
1.300000000000000000e+02
9.000000000000000000e+01
1.160000000000000000e+02
1.130000000000000000e+02
1.090000000000000000e+02
9.200000000000000000e+01
9.800000000000000000e+01
9.100000000000000000e+01
1.130000000000000000e+02
9.000000000000000000e+01
9.200000000000000000e+01
8.300000000000000000e+01
8.100000000000000000e+01
7.800000000000000000e+01
7.700000000000000000e+01
8.900000000000000000e+01
7.600000000000000000e+01
9.200000000000000000e+01
8.500000000000000000e+01
8.600000000000000000e+01
7.900000000000000000e+01
8.200000000000000000e+01
8.800000000000000000e+01
7.100000000000000000e+01
6.700000000000000000e+01
9.500000000000000000e+01
7.900000000000000000e+01
7.700000000000000000e+01
7.800000000000000000e+01
7.500000000000000000e+01
9.200000000000000000e+01
7.600000000000000000e+01
7.400000000000000000e+01
6.300000000000000000e+01
7.400000000000000000e+01
7.200000000000000000e+01
8.000000000000000000e+01
6.600000000000000000e+01
7.000000000000000000e+01
7.400000000000000000e+01
7.800000000000000000e+01
6.400000000000000000e+01
8.100000000000000000e+01
5.400000000000000000e+01
7.600000000000000000e+01
8.200000000000000000e+01
5.500000000000000000e+01
7.600000000000000000e+01
7.200000000000000000e+01
6.000000000000000000e+01
6.300000000000000000e+01
6.400000000000000000e+01
7.300000000000000000e+01
5.600000000000000000e+01
6.300000000000000000e+01
6.900000000000000000e+01
6.000000000000000000e+01
4.800000000000000000e+01
5.600000000000000000e+01
6.000000000000000000e+01
8.300000000000000000e+01
7.300000000000000000e+01
6.200000000000000000e+01
6.900000000000000000e+01
6.600000000000000000e+01
8.000000000000000000e+01
6.300000000000000000e+01
6.000000000000000000e+01
5.500000000000000000e+01
7.600000000000000000e+01
6.900000000000000000e+01
7.200000000000000000e+01
5.700000000000000000e+01
8.100000000000000000e+01
5.700000000000000000e+01
5.900000000000000000e+01
7.100000000000000000e+01
5.800000000000000000e+01
6.500000000000000000e+01
6.000000000000000000e+01
6.200000000000000000e+01
6.300000000000000000e+01
6.600000000000000000e+01
6.300000000000000000e+01
7.100000000000000000e+01
6.900000000000000000e+01
7.200000000000000000e+01
5.800000000000000000e+01
5.900000000000000000e+01
7.200000000000000000e+01
7.100000000000000000e+01
7.200000000000000000e+01
6.400000000000000000e+01
7.600000000000000000e+01
6.600000000000000000e+01
6.400000000000000000e+01
6.600000000000000000e+01
5.900000000000000000e+01
4.700000000000000000e+01
5.600000000000000000e+01
7.300000000000000000e+01
6.600000000000000000e+01
5.100000000000000000e+01
5.000000000000000000e+01
7.300000000000000000e+01
6.000000000000000000e+01
4.800000000000000000e+01
7.700000000000000000e+01
5.300000000000000000e+01
7.100000000000000000e+01
9.600000000000000000e+01
7.100000000000000000e+01
6.700000000000000000e+01
8.900000000000000000e+01
7.700000000000000000e+01
9.700000000000000000e+01
8.000000000000000000e+01
9.700000000000000000e+01
1.090000000000000000e+02
1.080000000000000000e+02
1.220000000000000000e+02
1.510000000000000000e+02
1.680000000000000000e+02
2.130000000000000000e+02
2.250000000000000000e+02
2.740000000000000000e+02
3.390000000000000000e+02
3.830000000000000000e+02
4.690000000000000000e+02
5.720000000000000000e+02
6.980000000000000000e+02
8.180000000000000000e+02
9.190000000000000000e+02
1.009000000000000000e+03
1.057000000000000000e+03
1.085000000000000000e+03
1.148000000000000000e+03
1.153000000000000000e+03
1.239000000000000000e+03
1.306000000000000000e+03
1.361000000000000000e+03
1.411000000000000000e+03
1.419000000000000000e+03
1.419000000000000000e+03
1.365000000000000000e+03
1.088000000000000000e+03
9.840000000000000000e+02
8.890000000000000000e+02
8.590000000000000000e+02
7.870000000000000000e+02
7.710000000000000000e+02
8.130000000000000000e+02
6.280000000000000000e+02
4.580000000000000000e+02
3.770000000000000000e+02
2.700000000000000000e+02
2.410000000000000000e+02
1.940000000000000000e+02
1.450000000000000000e+02
1.260000000000000000e+02
1.570000000000000000e+02
1.570000000000000000e+02
1.420000000000000000e+02
1.660000000000000000e+02
1.310000000000000000e+02
1.000000000000000000e+02
9.400000000000000000e+01
7.400000000000000000e+01
5.300000000000000000e+01
3.800000000000000000e+01
3.600000000000000000e+01
5.900000000000000000e+01
7.600000000000000000e+01
7.800000000000000000e+01
4.400000000000000000e+01
4.700000000000000000e+01
5.200000000000000000e+01
7.000000000000000000e+01
6.700000000000000000e+01
5.800000000000000000e+01
6.500000000000000000e+01
8.600000000000000000e+01
9.800000000000000000e+01
1.250000000000000000e+02
1.180000000000000000e+02
1.690000000000000000e+02
1.720000000000000000e+02
2.700000000000000000e+02
4.340000000000000000e+02
1.043000000000000000e+03
3.714000000000000000e+03
4.150200000000000000e+04
3.966000000000000000e+03
7.320000000000000000e+02
3.160000000000000000e+02
2.030000000000000000e+02
1.440000000000000000e+02
1.240000000000000000e+02
9.000000000000000000e+01
6.600000000000000000e+01
5.800000000000000000e+01
4.000000000000000000e+01
4.700000000000000000e+01
2.700000000000000000e+01
2.200000000000000000e+01
2.200000000000000000e+01
1.100000000000000000e+01
1.200000000000000000e+01
1.100000000000000000e+01
5.000000000000000000e+00
7.000000000000000000e+00
3.000000000000000000e+00
5.000000000000000000e+00
2.000000000000000000e+00
1.000000000000000000e+00
0.000000000000000000e+00
1.000000000000000000e+00
2.000000000000000000e+00
2.000000000000000000e+00
8.000000000000000000e+00
1.200000000000000000e+01
9.000000000000000000e+00
3.000000000000000000e+01
3.600000000000000000e+01
1.700000000000000000e+01
2.900000000000000000e+01
3.700000000000000000e+01
4.200000000000000000e+01
3.900000000000000000e+01
5.500000000000000000e+01
6.400000000000000000e+01
5.800000000000000000e+01
7.700000000000000000e+01
6.600000000000000000e+01
7.100000000000000000e+01
9.200000000000000000e+01
8.800000000000000000e+01
7.800000000000000000e+01
9.700000000000000000e+01
1.000000000000000000e+02
9.600000000000000000e+01
1.040000000000000000e+02
9.900000000000000000e+01
1.090000000000000000e+02
1.020000000000000000e+02
1.230000000000000000e+02
9.800000000000000000e+01
1.060000000000000000e+02
1.060000000000000000e+02
8.800000000000000000e+01
1.150000000000000000e+02
1.050000000000000000e+02
9.800000000000000000e+01
1.110000000000000000e+02
1.030000000000000000e+02
1.090000000000000000e+02
1.010000000000000000e+02
1.060000000000000000e+02
9.900000000000000000e+01
1.030000000000000000e+02
1.150000000000000000e+02
1.120000000000000000e+02
1.020000000000000000e+02
1.000000000000000000e+02
1.060000000000000000e+02
9.100000000000000000e+01
1.010000000000000000e+02
1.030000000000000000e+02
1.040000000000000000e+02
9.100000000000000000e+01
8.700000000000000000e+01
9.700000000000000000e+01
1.000000000000000000e+02
9.800000000000000000e+01
1.040000000000000000e+02
9.400000000000000000e+01
9.400000000000000000e+01
8.900000000000000000e+01
8.800000000000000000e+01
1.010000000000000000e+02
9.500000000000000000e+01
9.800000000000000000e+01
8.400000000000000000e+01
1.080000000000000000e+02
8.700000000000000000e+01
8.100000000000000000e+01
9.200000000000000000e+01
9.400000000000000000e+01
7.300000000000000000e+01
8.700000000000000000e+01
8.200000000000000000e+01
7.900000000000000000e+01
7.900000000000000000e+01
9.400000000000000000e+01
8.500000000000000000e+01
8.900000000000000000e+01
6.700000000000000000e+01
7.400000000000000000e+01
8.400000000000000000e+01
7.300000000000000000e+01
8.000000000000000000e+01
7.100000000000000000e+01
8.300000000000000000e+01
7.600000000000000000e+01
6.900000000000000000e+01
8.500000000000000000e+01
8.200000000000000000e+01
7.500000000000000000e+01
7.500000000000000000e+01
8.100000000000000000e+01
7.900000000000000000e+01
7.500000000000000000e+01
7.800000000000000000e+01
6.800000000000000000e+01
8.900000000000000000e+01
6.900000000000000000e+01
6.600000000000000000e+01
7.600000000000000000e+01
6.100000000000000000e+01
7.000000000000000000e+01
8.200000000000000000e+01
6.700000000000000000e+01
6.800000000000000000e+01
7.400000000000000000e+01
7.500000000000000000e+01
7.600000000000000000e+01
7.600000000000000000e+01
6.600000000000000000e+01
7.400000000000000000e+01
7.800000000000000000e+01
6.000000000000000000e+01
6.200000000000000000e+01
7.200000000000000000e+01
7.300000000000000000e+01
6.900000000000000000e+01
6.600000000000000000e+01
7.400000000000000000e+01
7.400000000000000000e+01
6.600000000000000000e+01
6.900000000000000000e+01
7.100000000000000000e+01
8.600000000000000000e+01
7.100000000000000000e+01
8.400000000000000000e+01
8.000000000000000000e+01
5.800000000000000000e+01
5.700000000000000000e+01
6.900000000000000000e+01
7.000000000000000000e+01
7.800000000000000000e+01
6.100000000000000000e+01
6.600000000000000000e+01
7.100000000000000000e+01
6.500000000000000000e+01
8.000000000000000000e+01
7.000000000000000000e+01
8.300000000000000000e+01
6.700000000000000000e+01
5.300000000000000000e+01
7.200000000000000000e+01
7.700000000000000000e+01
6.700000000000000000e+01
6.800000000000000000e+01
6.900000000000000000e+01
9.100000000000000000e+01
6.500000000000000000e+01
7.900000000000000000e+01
8.200000000000000000e+01
7.800000000000000000e+01
5.600000000000000000e+01
6.600000000000000000e+01
7.200000000000000000e+01
7.100000000000000000e+01
5.700000000000000000e+01
6.100000000000000000e+01
5.500000000000000000e+01
8.800000000000000000e+01
7.200000000000000000e+01
7.600000000000000000e+01
5.800000000000000000e+01
6.000000000000000000e+01
6.600000000000000000e+01
5.800000000000000000e+01
5.500000000000000000e+01
4.400000000000000000e+01
6.900000000000000000e+01
5.800000000000000000e+01
4.200000000000000000e+01
4.900000000000000000e+01
5.000000000000000000e+01
4.500000000000000000e+01
6.300000000000000000e+01
5.500000000000000000e+01
4.600000000000000000e+01
3.900000000000000000e+01
4.200000000000000000e+01
3.800000000000000000e+01
4.900000000000000000e+01
3.200000000000000000e+01
3.500000000000000000e+01
4.500000000000000000e+01
3.400000000000000000e+01
2.700000000000000000e+01
4.800000000000000000e+01
2.100000000000000000e+01
3.400000000000000000e+01
3.000000000000000000e+01
2.600000000000000000e+01
2.900000000000000000e+01
2.400000000000000000e+01
2.000000000000000000e+01
2.300000000000000000e+01
3.000000000000000000e+01
2.200000000000000000e+01
2.200000000000000000e+01
2.600000000000000000e+01
2.500000000000000000e+01
2.400000000000000000e+01
3.000000000000000000e+01
3.400000000000000000e+01
2.900000000000000000e+01
2.700000000000000000e+01
3.600000000000000000e+01
3.600000000000000000e+01
2.300000000000000000e+01
4.900000000000000000e+01
4.600000000000000000e+01
6.800000000000000000e+01
6.200000000000000000e+01
7.000000000000000000e+01
8.000000000000000000e+01
1.260000000000000000e+02
1.150000000000000000e+02
1.340000000000000000e+02
2.000000000000000000e+02
2.530000000000000000e+02
3.160000000000000000e+02
4.900000000000000000e+02
6.330000000000000000e+02
8.480000000000000000e+02
1.242000000000000000e+03
1.741000000000000000e+03
2.432000000000000000e+03
3.042000000000000000e+03
3.924000000000000000e+03
4.318000000000000000e+03
7.658000000000000000e+03
4.379500000000000000e+04
4.874000000000000000e+03
2.222000000000000000e+03
1.683000000000000000e+03
9.710000000000000000e+02
7.090000000000000000e+02
4.670000000000000000e+02
3.610000000000000000e+02
2.270000000000000000e+02
1.590000000000000000e+02
1.320000000000000000e+02
9.900000000000000000e+01
5.800000000000000000e+01
5.900000000000000000e+01
5.900000000000000000e+01
4.300000000000000000e+01
3.800000000000000000e+01
3.400000000000000000e+01
2.300000000000000000e+01
2.000000000000000000e+01
1.600000000000000000e+01
1.400000000000000000e+01
1.400000000000000000e+01
9.000000000000000000e+00
8.000000000000000000e+00
3.000000000000000000e+00
4.000000000000000000e+00
1.900000000000000000e+01
