1.680000000000000000e+02
1.330000000000000000e+02
2.440000000000000000e+02
2.540000000000000000e+02
2.870000000000000000e+02
3.550000000000000000e+02
4.000000000000000000e+02
4.660000000000000000e+02
5.200000000000000000e+02
1.063000000000000000e+03
1.579000000000000000e+03
1.343000000000000000e+03
1.278000000000000000e+03
1.082000000000000000e+03
1.162000000000000000e+03
1.120000000000000000e+03
1.171000000000000000e+03
1.145000000000000000e+03
1.210000000000000000e+03
1.294000000000000000e+03
1.431000000000000000e+03
1.663000000000000000e+03
1.940000000000000000e+03
2.156000000000000000e+03
2.325000000000000000e+03
2.785000000000000000e+03
3.537000000000000000e+03
4.128000000000000000e+03
4.992000000000000000e+03
4.171000000000000000e+03
3.757000000000000000e+03
3.536000000000000000e+03
3.412000000000000000e+03
3.798000000000000000e+03
4.276000000000000000e+03
4.190000000000000000e+03
3.482000000000000000e+03
3.085000000000000000e+03
2.590000000000000000e+03
2.605000000000000000e+03
2.341000000000000000e+03
2.151000000000000000e+03
1.891000000000000000e+03
1.805000000000000000e+03
1.648000000000000000e+03
1.729000000000000000e+03
1.939000000000000000e+03
1.785000000000000000e+03
1.616000000000000000e+03
1.415000000000000000e+03
1.195000000000000000e+03
1.083000000000000000e+03
1.046000000000000000e+03
9.000000000000000000e+02
8.060000000000000000e+02
7.650000000000000000e+02
7.160000000000000000e+02
7.450000000000000000e+02
6.850000000000000000e+02
6.650000000000000000e+02
6.360000000000000000e+02
6.430000000000000000e+02
6.060000000000000000e+02
5.740000000000000000e+02
5.590000000000000000e+02
4.940000000000000000e+02
5.100000000000000000e+02
5.220000000000000000e+02
5.070000000000000000e+02
4.940000000000000000e+02
5.190000000000000000e+02
5.190000000000000000e+02
4.550000000000000000e+02
4.800000000000000000e+02
4.730000000000000000e+02
5.210000000000000000e+02
4.620000000000000000e+02
4.750000000000000000e+02
4.660000000000000000e+02
4.220000000000000000e+02
4.470000000000000000e+02
4.560000000000000000e+02
4.120000000000000000e+02
4.380000000000000000e+02
4.870000000000000000e+02
5.170000000000000000e+02
5.280000000000000000e+02
5.690000000000000000e+02
5.810000000000000000e+02
5.080000000000000000e+02
4.990000000000000000e+02
4.950000000000000000e+02
4.820000000000000000e+02
4.800000000000000000e+02
4.810000000000000000e+02
4.190000000000000000e+02
4.590000000000000000e+02
4.060000000000000000e+02
4.270000000000000000e+02
4.370000000000000000e+02
4.660000000000000000e+02
4.650000000000000000e+02
4.700000000000000000e+02
5.180000000000000000e+02
4.870000000000000000e+02
4.920000000000000000e+02
5.770000000000000000e+02
5.480000000000000000e+02
4.810000000000000000e+02
4.130000000000000000e+02
4.040000000000000000e+02
4.520000000000000000e+02
4.880000000000000000e+02
4.380000000000000000e+02
4.790000000000000000e+02
5.770000000000000000e+02
5.740000000000000000e+02
6.520000000000000000e+02
6.880000000000000000e+02
7.440000000000000000e+02
8.070000000000000000e+02
7.070000000000000000e+02
5.990000000000000000e+02
6.430000000000000000e+02
6.120000000000000000e+02
7.040000000000000000e+02
6.940000000000000000e+02
7.570000000000000000e+02
7.300000000000000000e+02
7.210000000000000000e+02
6.700000000000000000e+02
6.030000000000000000e+02
6.220000000000000000e+02
5.950000000000000000e+02
6.330000000000000000e+02
5.690000000000000000e+02
5.630000000000000000e+02
5.100000000000000000e+02
4.250000000000000000e+02
5.070000000000000000e+02
4.990000000000000000e+02
4.740000000000000000e+02
4.790000000000000000e+02
4.910000000000000000e+02
4.390000000000000000e+02
4.560000000000000000e+02
4.300000000000000000e+02
4.110000000000000000e+02
3.430000000000000000e+02
3.790000000000000000e+02
3.330000000000000000e+02
4.230000000000000000e+02
3.970000000000000000e+02
3.470000000000000000e+02
3.610000000000000000e+02
3.930000000000000000e+02
3.900000000000000000e+02
4.730000000000000000e+02
4.910000000000000000e+02
4.860000000000000000e+02
3.990000000000000000e+02
4.460000000000000000e+02
3.620000000000000000e+02
3.470000000000000000e+02
3.290000000000000000e+02
3.640000000000000000e+02
3.620000000000000000e+02
3.260000000000000000e+02
2.990000000000000000e+02
2.980000000000000000e+02
2.800000000000000000e+02
3.170000000000000000e+02
3.400000000000000000e+02
3.080000000000000000e+02
3.310000000000000000e+02
3.070000000000000000e+02
3.520000000000000000e+02
3.410000000000000000e+02
2.940000000000000000e+02
2.950000000000000000e+02
3.190000000000000000e+02
3.510000000000000000e+02
3.110000000000000000e+02
3.310000000000000000e+02
2.990000000000000000e+02
3.350000000000000000e+02
3.390000000000000000e+02
3.300000000000000000e+02
3.160000000000000000e+02
3.200000000000000000e+02
3.300000000000000000e+02
2.930000000000000000e+02
3.230000000000000000e+02
3.120000000000000000e+02
3.350000000000000000e+02
2.990000000000000000e+02
3.120000000000000000e+02
2.580000000000000000e+02
2.920000000000000000e+02
2.850000000000000000e+02
2.980000000000000000e+02
2.920000000000000000e+02
2.820000000000000000e+02
3.070000000000000000e+02
2.730000000000000000e+02
2.900000000000000000e+02
2.910000000000000000e+02
2.940000000000000000e+02
3.950000000000000000e+02
4.640000000000000000e+02
5.890000000000000000e+02
6.570000000000000000e+02
8.090000000000000000e+02
6.730000000000000000e+02
6.940000000000000000e+02
6.490000000000000000e+02
6.620000000000000000e+02
6.140000000000000000e+02
6.060000000000000000e+02
4.940000000000000000e+02
4.800000000000000000e+02
5.990000000000000000e+02
5.990000000000000000e+02
6.780000000000000000e+02
8.180000000000000000e+02
8.150000000000000000e+02
7.130000000000000000e+02
6.770000000000000000e+02
7.100000000000000000e+02
7.020000000000000000e+02
7.380000000000000000e+02
7.920000000000000000e+02
7.470000000000000000e+02
8.940000000000000000e+02
8.810000000000000000e+02
9.000000000000000000e+02
9.760000000000000000e+02
9.690000000000000000e+02
1.099000000000000000e+03
1.193000000000000000e+03
1.420000000000000000e+03
1.482000000000000000e+03
1.559000000000000000e+03
1.841000000000000000e+03
2.182000000000000000e+03
2.931000000000000000e+03
3.135000000000000000e+03
1.456410000000000000e+05
7.430000000000000000e+02
4.760000000000000000e+02
2.620000000000000000e+02
1.600000000000000000e+02
1.280000000000000000e+02
1.560000000000000000e+02
1.940000000000000000e+02
5.870000000000000000e+02
7.000000000000000000e+01
9.800000000000000000e+01
1.980000000000000000e+02
2.060000000000000000e+02
2.000000000000000000e+02
2.690000000000000000e+02
3.200000000000000000e+02
3.960000000000000000e+02
4.520000000000000000e+02
8.220000000000000000e+02
1.578000000000000000e+03
1.390000000000000000e+03
1.332000000000000000e+03
1.098000000000000000e+03
1.197000000000000000e+03
1.149000000000000000e+03
1.138000000000000000e+03
1.132000000000000000e+03
1.131000000000000000e+03
1.169000000000000000e+03
1.223000000000000000e+03
1.333000000000000000e+03
1.489000000000000000e+03
1.621000000000000000e+03
1.772000000000000000e+03
1.721000000000000000e+03
1.704000000000000000e+03
1.591000000000000000e+03
1.630000000000000000e+03
1.533000000000000000e+03
1.522000000000000000e+03
1.437000000000000000e+03
1.405000000000000000e+03
1.530000000000000000e+03
1.595000000000000000e+03
1.647000000000000000e+03
1.605000000000000000e+03
1.573000000000000000e+03
1.404000000000000000e+03
1.338000000000000000e+03
1.364000000000000000e+03
1.405000000000000000e+03
1.299000000000000000e+03
1.191000000000000000e+03
1.039000000000000000e+03
8.770000000000000000e+02
9.160000000000000000e+02
8.570000000000000000e+02
7.580000000000000000e+02
7.710000000000000000e+02
7.000000000000000000e+02
6.440000000000000000e+02
6.110000000000000000e+02
6.280000000000000000e+02
5.850000000000000000e+02
5.880000000000000000e+02
6.230000000000000000e+02
8.090000000000000000e+02
1.243000000000000000e+03
1.426000000000000000e+03
2.228000000000000000e+03
3.406000000000000000e+03
3.334000000000000000e+03
2.889000000000000000e+03
2.421000000000000000e+03
2.332000000000000000e+03
2.414000000000000000e+03
2.487000000000000000e+03
2.605000000000000000e+03
2.393000000000000000e+03
2.018000000000000000e+03
1.917000000000000000e+03
1.930000000000000000e+03
1.909000000000000000e+03
1.698000000000000000e+03
1.918000000000000000e+03
1.740000000000000000e+03
1.562000000000000000e+03
1.399000000000000000e+03
1.176000000000000000e+03
1.090000000000000000e+03
9.020000000000000000e+02
8.270000000000000000e+02
8.280000000000000000e+02
8.500000000000000000e+02
8.860000000000000000e+02
8.680000000000000000e+02
7.850000000000000000e+02
7.570000000000000000e+02
6.220000000000000000e+02
6.170000000000000000e+02
6.160000000000000000e+02
6.040000000000000000e+02
5.830000000000000000e+02
5.780000000000000000e+02
5.140000000000000000e+02
5.280000000000000000e+02
4.850000000000000000e+02
4.530000000000000000e+02
4.120000000000000000e+02
4.090000000000000000e+02
3.740000000000000000e+02
3.550000000000000000e+02
3.760000000000000000e+02
3.550000000000000000e+02
3.720000000000000000e+02
3.840000000000000000e+02
3.520000000000000000e+02
3.920000000000000000e+02
3.770000000000000000e+02
4.050000000000000000e+02
4.060000000000000000e+02
4.410000000000000000e+02
4.670000000000000000e+02
5.100000000000000000e+02
5.600000000000000000e+02
6.150000000000000000e+02
5.750000000000000000e+02
6.030000000000000000e+02
5.650000000000000000e+02
5.840000000000000000e+02
5.830000000000000000e+02
6.100000000000000000e+02
6.020000000000000000e+02
6.250000000000000000e+02
7.050000000000000000e+02
7.460000000000000000e+02
7.950000000000000000e+02
7.040000000000000000e+02
6.200000000000000000e+02
6.010000000000000000e+02
5.400000000000000000e+02
5.360000000000000000e+02
5.440000000000000000e+02
5.740000000000000000e+02
5.700000000000000000e+02
6.030000000000000000e+02
6.660000000000000000e+02
7.270000000000000000e+02
8.020000000000000000e+02
8.450000000000000000e+02
8.030000000000000000e+02
6.400000000000000000e+02
6.160000000000000000e+02
6.490000000000000000e+02
6.440000000000000000e+02
5.820000000000000000e+02
5.860000000000000000e+02
6.090000000000000000e+02
5.670000000000000000e+02
5.900000000000000000e+02
5.810000000000000000e+02
5.680000000000000000e+02
5.280000000000000000e+02
5.080000000000000000e+02
5.040000000000000000e+02
5.090000000000000000e+02
5.240000000000000000e+02
5.020000000000000000e+02
4.990000000000000000e+02
4.710000000000000000e+02
4.260000000000000000e+02
3.890000000000000000e+02
3.860000000000000000e+02
3.790000000000000000e+02
3.800000000000000000e+02
4.080000000000000000e+02
3.910000000000000000e+02
4.100000000000000000e+02
4.640000000000000000e+02
4.050000000000000000e+02
3.910000000000000000e+02
4.490000000000000000e+02
4.950000000000000000e+02
4.740000000000000000e+02
4.120000000000000000e+02
3.940000000000000000e+02
3.980000000000000000e+02
3.550000000000000000e+02
3.140000000000000000e+02
3.760000000000000000e+02
3.800000000000000000e+02
3.360000000000000000e+02
3.870000000000000000e+02
3.200000000000000000e+02
3.760000000000000000e+02
3.920000000000000000e+02
3.430000000000000000e+02
3.270000000000000000e+02
3.710000000000000000e+02
3.580000000000000000e+02
3.890000000000000000e+02
4.190000000000000000e+02
3.990000000000000000e+02
3.880000000000000000e+02
3.440000000000000000e+02
3.760000000000000000e+02
3.500000000000000000e+02
3.510000000000000000e+02
3.510000000000000000e+02
3.450000000000000000e+02
3.630000000000000000e+02
3.470000000000000000e+02
3.620000000000000000e+02
3.240000000000000000e+02
3.180000000000000000e+02
3.600000000000000000e+02
3.490000000000000000e+02
4.050000000000000000e+02
5.040000000000000000e+02
5.630000000000000000e+02
6.860000000000000000e+02
8.640000000000000000e+02
6.850000000000000000e+02
6.940000000000000000e+02
6.640000000000000000e+02
6.730000000000000000e+02
6.320000000000000000e+02
6.140000000000000000e+02
5.090000000000000000e+02
5.100000000000000000e+02
5.960000000000000000e+02
6.290000000000000000e+02
6.900000000000000000e+02
8.340000000000000000e+02
8.040000000000000000e+02
7.120000000000000000e+02
6.890000000000000000e+02
6.980000000000000000e+02
6.850000000000000000e+02
7.860000000000000000e+02
7.650000000000000000e+02
7.720000000000000000e+02
8.980000000000000000e+02
8.740000000000000000e+02
8.550000000000000000e+02
9.710000000000000000e+02
9.550000000000000000e+02
1.149000000000000000e+03
1.237000000000000000e+03
1.417000000000000000e+03
1.479000000000000000e+03
1.470000000000000000e+03
1.642000000000000000e+03
2.162000000000000000e+03
2.966000000000000000e+03
3.192000000000000000e+03
1.456910000000000000e+05
7.790000000000000000e+02
4.980000000000000000e+02
2.380000000000000000e+02
1.390000000000000000e+02
1.170000000000000000e+02
1.220000000000000000e+02
1.960000000000000000e+02
5.810000000000000000e+02
8.000000000000000000e+01
8.600000000000000000e+01
1.760000000000000000e+02
1.970000000000000000e+02
1.690000000000000000e+02
2.750000000000000000e+02
3.060000000000000000e+02
3.810000000000000000e+02
6.620000000000000000e+02
9.950000000000000000e+02
1.438000000000000000e+03
1.216000000000000000e+03
1.152000000000000000e+03
9.700000000000000000e+02
1.141000000000000000e+03
1.077000000000000000e+03
1.053000000000000000e+03
1.052000000000000000e+03
1.110000000000000000e+03
1.165000000000000000e+03
1.247000000000000000e+03
1.382000000000000000e+03
1.646000000000000000e+03
1.779000000000000000e+03
1.737000000000000000e+03
1.554000000000000000e+03
1.528000000000000000e+03
1.514000000000000000e+03
1.611000000000000000e+03
1.524000000000000000e+03
1.473000000000000000e+03
1.412000000000000000e+03
1.294000000000000000e+03
1.419000000000000000e+03
1.530000000000000000e+03
1.633000000000000000e+03
1.533000000000000000e+03
1.497000000000000000e+03
1.324000000000000000e+03
1.108000000000000000e+03
1.095000000000000000e+03
1.116000000000000000e+03
1.082000000000000000e+03
1.027000000000000000e+03
8.780000000000000000e+02
7.450000000000000000e+02
7.120000000000000000e+02
6.440000000000000000e+02
5.980000000000000000e+02
5.720000000000000000e+02
5.840000000000000000e+02
5.230000000000000000e+02
4.670000000000000000e+02
4.820000000000000000e+02
4.440000000000000000e+02
4.180000000000000000e+02
3.940000000000000000e+02
4.110000000000000000e+02
3.800000000000000000e+02
3.710000000000000000e+02
3.750000000000000000e+02
4.140000000000000000e+02
3.820000000000000000e+02
3.540000000000000000e+02
3.780000000000000000e+02
3.200000000000000000e+02
3.810000000000000000e+02
3.430000000000000000e+02
3.350000000000000000e+02
3.360000000000000000e+02
3.740000000000000000e+02
3.320000000000000000e+02
3.610000000000000000e+02
3.600000000000000000e+02
3.380000000000000000e+02
4.030000000000000000e+02
3.360000000000000000e+02
3.600000000000000000e+02
3.580000000000000000e+02
3.150000000000000000e+02
3.050000000000000000e+02
3.350000000000000000e+02
2.940000000000000000e+02
3.030000000000000000e+02
3.300000000000000000e+02
3.430000000000000000e+02
3.870000000000000000e+02
3.730000000000000000e+02
3.740000000000000000e+02
3.010000000000000000e+02
3.320000000000000000e+02
3.280000000000000000e+02
2.860000000000000000e+02
3.150000000000000000e+02
2.990000000000000000e+02
2.980000000000000000e+02
3.090000000000000000e+02
2.970000000000000000e+02
3.200000000000000000e+02
3.120000000000000000e+02
3.140000000000000000e+02
2.810000000000000000e+02
2.370000000000000000e+02
2.560000000000000000e+02
2.490000000000000000e+02
2.670000000000000000e+02
2.630000000000000000e+02
2.400000000000000000e+02
2.520000000000000000e+02
2.360000000000000000e+02
3.100000000000000000e+02
3.320000000000000000e+02
3.490000000000000000e+02
3.720000000000000000e+02
4.010000000000000000e+02
4.100000000000000000e+02
3.840000000000000000e+02
3.610000000000000000e+02
3.330000000000000000e+02
3.360000000000000000e+02
3.540000000000000000e+02
4.080000000000000000e+02
4.240000000000000000e+02
3.990000000000000000e+02
3.910000000000000000e+02
4.100000000000000000e+02
4.080000000000000000e+02
4.750000000000000000e+02
4.720000000000000000e+02
4.790000000000000000e+02
4.450000000000000000e+02
4.040000000000000000e+02
4.340000000000000000e+02
4.090000000000000000e+02
3.980000000000000000e+02
3.700000000000000000e+02
3.930000000000000000e+02
3.910000000000000000e+02
4.000000000000000000e+02
4.190000000000000000e+02
4.190000000000000000e+02
4.570000000000000000e+02
4.610000000000000000e+02
5.940000000000000000e+02
5.450000000000000000e+02
6.500000000000000000e+02
6.230000000000000000e+02
6.530000000000000000e+02
6.900000000000000000e+02
6.920000000000000000e+02
7.070000000000000000e+02
5.970000000000000000e+02
1.021000000000000000e+03
1.099000000000000000e+03
8.530000000000000000e+02
1.273000000000000000e+03
1.306000000000000000e+03
1.647000000000000000e+03
2.078000000000000000e+03
2.682000000000000000e+03
2.352000000000000000e+03
2.192000000000000000e+03
1.668000000000000000e+03
1.260000000000000000e+03
1.472000000000000000e+03
1.600000000000000000e+03
1.660000000000000000e+03
1.682000000000000000e+03
1.578000000000000000e+03
1.454000000000000000e+03
1.202000000000000000e+03
1.269000000000000000e+03
1.115000000000000000e+03
8.950000000000000000e+02
9.210000000000000000e+02
1.004000000000000000e+03
1.070000000000000000e+03
9.750000000000000000e+02
1.040000000000000000e+03
1.052000000000000000e+03
9.140000000000000000e+02
9.060000000000000000e+02
8.080000000000000000e+02
8.660000000000000000e+02
7.830000000000000000e+02
8.240000000000000000e+02
8.500000000000000000e+02
8.430000000000000000e+02
8.660000000000000000e+02
9.610000000000000000e+02
9.290000000000000000e+02
8.490000000000000000e+02
9.740000000000000000e+02
9.560000000000000000e+02
1.005000000000000000e+03
9.400000000000000000e+02
9.370000000000000000e+02
9.640000000000000000e+02
1.021000000000000000e+03
1.024000000000000000e+03
9.600000000000000000e+02
8.720000000000000000e+02
8.070000000000000000e+02
8.740000000000000000e+02
8.150000000000000000e+02
8.000000000000000000e+02
8.630000000000000000e+02
8.660000000000000000e+02
9.700000000000000000e+02
1.209000000000000000e+03
1.337000000000000000e+03
1.454000000000000000e+03
1.580000000000000000e+03
1.213000000000000000e+03
1.210000000000000000e+03
1.133000000000000000e+03
1.151000000000000000e+03
1.104000000000000000e+03
1.059000000000000000e+03
9.470000000000000000e+02
9.590000000000000000e+02
1.038000000000000000e+03
1.056000000000000000e+03
1.151000000000000000e+03
1.241000000000000000e+03
1.352000000000000000e+03
1.457000000000000000e+03
1.223000000000000000e+03
1.194000000000000000e+03
1.165000000000000000e+03
1.116000000000000000e+03
1.099000000000000000e+03
1.159000000000000000e+03
1.309000000000000000e+03
1.317000000000000000e+03
1.220000000000000000e+03
1.223000000000000000e+03
1.174000000000000000e+03
1.382000000000000000e+03
1.367000000000000000e+03
1.542000000000000000e+03
1.574000000000000000e+03
1.624000000000000000e+03
1.979000000000000000e+03
2.421000000000000000e+03
3.011000000000000000e+03
3.224000000000000000e+03
1.457310000000000000e+05
7.740000000000000000e+02
5.360000000000000000e+02
3.150000000000000000e+02
2.000000000000000000e+02
1.860000000000000000e+02
1.760000000000000000e+02
2.880000000000000000e+02
8.140000000000000000e+02
