3.081000000000000000e+03
7.760000000000000000e+02
1.296000000000000000e+03
1.594000000000000000e+03
2.795000000000000000e+03
4.475000000000000000e+03
5.237000000000000000e+03
5.755000000000000000e+03
5.736000000000000000e+03
5.438000000000000000e+03
5.249000000000000000e+03
5.554000000000000000e+03
5.836000000000000000e+03
5.519000000000000000e+03
5.262000000000000000e+03
5.198000000000000000e+03
5.429000000000000000e+03
5.745000000000000000e+03
5.821000000000000000e+03
5.648000000000000000e+03
5.564000000000000000e+03
5.421000000000000000e+03
5.409000000000000000e+03
5.414000000000000000e+03
4.718000000000000000e+03
4.504000000000000000e+03
4.614000000000000000e+03
5.027000000000000000e+03
5.427000000000000000e+03
5.494000000000000000e+03
5.716000000000000000e+03
5.981000000000000000e+03
6.162000000000000000e+03
6.507000000000000000e+03
6.402000000000000000e+03
6.644000000000000000e+03
6.417000000000000000e+03
6.049000000000000000e+03
5.899000000000000000e+03
5.857000000000000000e+03
6.215000000000000000e+03
6.041000000000000000e+03
6.051000000000000000e+03
5.789000000000000000e+03
5.671000000000000000e+03
5.812000000000000000e+03
5.606000000000000000e+03
5.407000000000000000e+03
5.562000000000000000e+03
5.580000000000000000e+03
5.621000000000000000e+03
5.257000000000000000e+03
5.284000000000000000e+03
4.976000000000000000e+03
4.852000000000000000e+03
4.796000000000000000e+03
4.830000000000000000e+03
4.596000000000000000e+03
4.467000000000000000e+03
4.561000000000000000e+03
4.651000000000000000e+03
5.198000000000000000e+03
5.693000000000000000e+03
6.596000000000000000e+03
7.134000000000000000e+03
7.431000000000000000e+03
7.534000000000000000e+03
7.849000000000000000e+03
8.245000000000000000e+03
8.478000000000000000e+03
8.817000000000000000e+03
8.852000000000000000e+03
8.213000000000000000e+03
8.165000000000000000e+03
7.798000000000000000e+03
7.746000000000000000e+03
7.842000000000000000e+03
7.601000000000000000e+03
7.749000000000000000e+03
7.347000000000000000e+03
7.340000000000000000e+03
7.334000000000000000e+03
7.489000000000000000e+03
7.429000000000000000e+03
7.469000000000000000e+03
7.402000000000000000e+03
7.291000000000000000e+03
7.299000000000000000e+03
7.369000000000000000e+03
7.336000000000000000e+03
7.412000000000000000e+03
7.391000000000000000e+03
7.503000000000000000e+03
7.671000000000000000e+03
7.455000000000000000e+03
7.420000000000000000e+03
7.526000000000000000e+03
7.962000000000000000e+03
8.163000000000000000e+03
8.112000000000000000e+03
8.599000000000000000e+03
8.870000000000000000e+03
9.039000000000000000e+03
9.186000000000000000e+03
9.628000000000000000e+03
9.872000000000000000e+03
1.023000000000000000e+04
1.075900000000000000e+04
1.071700000000000000e+04
1.078800000000000000e+04
1.137900000000000000e+04
1.158700000000000000e+04
1.163000000000000000e+04
1.153100000000000000e+04
1.124700000000000000e+04
1.090100000000000000e+04
1.029100000000000000e+04
9.886000000000000000e+03
9.336000000000000000e+03
8.740000000000000000e+03
8.225000000000000000e+03
7.510000000000000000e+03
7.211000000000000000e+03
6.518000000000000000e+03
5.911000000000000000e+03
5.618000000000000000e+03
5.022000000000000000e+03
4.672000000000000000e+03
4.328000000000000000e+03
3.901000000000000000e+03
3.522000000000000000e+03
3.189000000000000000e+03
2.879000000000000000e+03
2.665000000000000000e+03
2.356000000000000000e+03
2.195000000000000000e+03
1.895000000000000000e+03
1.841000000000000000e+03
1.684000000000000000e+03
1.460000000000000000e+03
1.424000000000000000e+03
1.345000000000000000e+03
1.311000000000000000e+03
1.287000000000000000e+03
1.160000000000000000e+03
1.109000000000000000e+03
1.043000000000000000e+03
1.025000000000000000e+03
1.087000000000000000e+03
1.179000000000000000e+03
1.660000000000000000e+03
2.249000000000000000e+03
3.277000000000000000e+03
3.518000000000000000e+03
3.234000000000000000e+03
3.497000000000000000e+03
3.993000000000000000e+03
4.790000000000000000e+03
5.696000000000000000e+03
5.284000000000000000e+03
4.735000000000000000e+03
3.278000000000000000e+03
2.772000000000000000e+03
3.567000000000000000e+03
4.831000000000000000e+03
7.662000000000000000e+03
1.370500000000000000e+04
1.574300000000000000e+04
1.305500000000000000e+04
1.238300000000000000e+04
1.466500000000000000e+04
1.042100000000000000e+04
4.313000000000000000e+03
2.721000000000000000e+03
2.208000000000000000e+03
1.693000000000000000e+03
1.503000000000000000e+03
8.610000000000000000e+02
7.480000000000000000e+02
6.470000000000000000e+02
6.700000000000000000e+02
5.930000000000000000e+02
5.630000000000000000e+02
5.830000000000000000e+02
7.050000000000000000e+02
6.820000000000000000e+02
5.160000000000000000e+02
2.830000000000000000e+02
1.540000000000000000e+02
1.340000000000000000e+02
1.210000000000000000e+02
1.230000000000000000e+02
1.340000000000000000e+02
1.420000000000000000e+02
1.160000000000000000e+02
1.140000000000000000e+02
1.290000000000000000e+02
1.360000000000000000e+02
1.370000000000000000e+02
1.980000000000000000e+02
1.580000000000000000e+02
1.510000000000000000e+02
1.550000000000000000e+02
1.650000000000000000e+02
2.080000000000000000e+02
2.180000000000000000e+02
2.650000000000000000e+02
3.560000000000000000e+02
4.260000000000000000e+02
5.210000000000000000e+02
6.270000000000000000e+02
6.980000000000000000e+02
7.670000000000000000e+02
8.500000000000000000e+02
8.330000000000000000e+02
6.850000000000000000e+02
6.210000000000000000e+02
5.060000000000000000e+02
3.710000000000000000e+02
2.950000000000000000e+02
2.390000000000000000e+02
2.640000000000000000e+02
2.310000000000000000e+02
2.120000000000000000e+02
2.660000000000000000e+02
3.240000000000000000e+02
4.360000000000000000e+02
4.690000000000000000e+02
5.000000000000000000e+02
4.660000000000000000e+02
4.710000000000000000e+02
4.400000000000000000e+02
5.950000000000000000e+02
6.580000000000000000e+02
6.890000000000000000e+02
2.850000000000000000e+02
2.600000000000000000e+02
2.210000000000000000e+02
2.630000000000000000e+02
2.420000000000000000e+02
1.600000000000000000e+02
1.170000000000000000e+02
8.300000000000000000e+01
6.300000000000000000e+01
5.000000000000000000e+01
4.700000000000000000e+01
2.800000000000000000e+01
3.500000000000000000e+01
1.500000000000000000e+01
1.500000000000000000e+01
1.800000000000000000e+01
9.000000000000000000e+00
1.200000000000000000e+01
1.100000000000000000e+01
8.000000000000000000e+00
7.600000000000000000e+01
3.023000000000000000e+03
8.800000000000000000e+02
5.820000000000000000e+02
7.040000000000000000e+02
1.287000000000000000e+03
3.190000000000000000e+03
4.096000000000000000e+03
5.329000000000000000e+03
5.644000000000000000e+03
4.538000000000000000e+03
3.855000000000000000e+03
3.248000000000000000e+03
2.923000000000000000e+03
3.023000000000000000e+03
3.417000000000000000e+03
3.195000000000000000e+03
2.654000000000000000e+03
2.112000000000000000e+03
1.706000000000000000e+03
1.552000000000000000e+03
1.473000000000000000e+03
1.416000000000000000e+03
1.438000000000000000e+03
1.663000000000000000e+03
1.706000000000000000e+03
1.887000000000000000e+03
2.039000000000000000e+03
2.731000000000000000e+03
3.613000000000000000e+03
3.949000000000000000e+03
3.957000000000000000e+03
4.275000000000000000e+03
4.443000000000000000e+03
4.464000000000000000e+03
4.564000000000000000e+03
4.756000000000000000e+03
5.303000000000000000e+03
5.713000000000000000e+03
5.519000000000000000e+03
5.255000000000000000e+03
4.886000000000000000e+03
4.292000000000000000e+03
4.170000000000000000e+03
4.218000000000000000e+03
4.319000000000000000e+03
4.689000000000000000e+03
4.928000000000000000e+03
4.763000000000000000e+03
4.898000000000000000e+03
4.925000000000000000e+03
5.097000000000000000e+03
5.353000000000000000e+03
4.846000000000000000e+03
4.637000000000000000e+03
4.917000000000000000e+03
5.620000000000000000e+03
6.009000000000000000e+03
6.144000000000000000e+03
5.754000000000000000e+03
4.990000000000000000e+03
4.783000000000000000e+03
4.512000000000000000e+03
4.866000000000000000e+03
5.039000000000000000e+03
5.325000000000000000e+03
5.574000000000000000e+03
5.892000000000000000e+03
5.884000000000000000e+03
6.098000000000000000e+03
6.209000000000000000e+03
6.533000000000000000e+03
6.572000000000000000e+03
6.211000000000000000e+03
6.418000000000000000e+03
6.853000000000000000e+03
6.936000000000000000e+03
6.370000000000000000e+03
5.961000000000000000e+03
5.743000000000000000e+03
5.223000000000000000e+03
4.867000000000000000e+03
4.691000000000000000e+03
4.664000000000000000e+03
4.762000000000000000e+03
4.325000000000000000e+03
4.283000000000000000e+03
3.972000000000000000e+03
3.966000000000000000e+03
3.864000000000000000e+03
3.689000000000000000e+03
3.656000000000000000e+03
3.291000000000000000e+03
3.161000000000000000e+03
3.000000000000000000e+03
3.015000000000000000e+03
3.141000000000000000e+03
3.030000000000000000e+03
3.144000000000000000e+03
3.109000000000000000e+03
3.256000000000000000e+03
3.204000000000000000e+03
3.508000000000000000e+03
3.602000000000000000e+03
3.801000000000000000e+03
4.132000000000000000e+03
4.420000000000000000e+03
4.697000000000000000e+03
5.073000000000000000e+03
5.356000000000000000e+03
5.692000000000000000e+03
6.429000000000000000e+03
6.869000000000000000e+03
7.436000000000000000e+03
8.094000000000000000e+03
8.661000000000000000e+03
9.239000000000000000e+03
9.654000000000000000e+03
1.019400000000000000e+04
1.059400000000000000e+04
1.087400000000000000e+04
1.070800000000000000e+04
1.077100000000000000e+04
1.064100000000000000e+04
1.033400000000000000e+04
1.004400000000000000e+04
9.562000000000000000e+03
9.245000000000000000e+03
8.972000000000000000e+03
8.680000000000000000e+03
8.453000000000000000e+03
8.105000000000000000e+03
8.069000000000000000e+03
7.852000000000000000e+03
7.675000000000000000e+03
7.455000000000000000e+03
7.257000000000000000e+03
7.451000000000000000e+03
7.205000000000000000e+03
7.183000000000000000e+03
7.390000000000000000e+03
7.735000000000000000e+03
8.055000000000000000e+03
8.580000000000000000e+03
9.465000000000000000e+03
9.838000000000000000e+03
1.003100000000000000e+04
9.793000000000000000e+03
9.977000000000000000e+03
1.032400000000000000e+04
1.028600000000000000e+04
1.098300000000000000e+04
1.103600000000000000e+04
9.501000000000000000e+03
8.571000000000000000e+03
8.333000000000000000e+03
8.261000000000000000e+03
8.461000000000000000e+03
9.897000000000000000e+03
1.287800000000000000e+04
1.536500000000000000e+04
1.817600000000000000e+04
1.929900000000000000e+04
1.772700000000000000e+04
1.703700000000000000e+04
1.241400000000000000e+04
1.146600000000000000e+04
8.856000000000000000e+03
6.757000000000000000e+03
5.425000000000000000e+03
5.046000000000000000e+03
4.517000000000000000e+03
3.970000000000000000e+03
3.325000000000000000e+03
3.006000000000000000e+03
2.345000000000000000e+03
2.086000000000000000e+03
1.664000000000000000e+03
1.425000000000000000e+03
1.258000000000000000e+03
1.062000000000000000e+03
9.170000000000000000e+02
8.060000000000000000e+02
8.120000000000000000e+02
7.960000000000000000e+02
7.100000000000000000e+02
5.330000000000000000e+02
3.360000000000000000e+02
2.990000000000000000e+02
2.710000000000000000e+02
2.470000000000000000e+02
2.240000000000000000e+02
2.040000000000000000e+02
2.210000000000000000e+02
1.820000000000000000e+02
1.710000000000000000e+02
1.440000000000000000e+02
1.570000000000000000e+02
1.540000000000000000e+02
1.400000000000000000e+02
1.500000000000000000e+02
1.690000000000000000e+02
1.290000000000000000e+02
1.210000000000000000e+02
1.190000000000000000e+02
1.250000000000000000e+02
1.110000000000000000e+02
1.110000000000000000e+02
1.270000000000000000e+02
1.170000000000000000e+02
1.420000000000000000e+02
1.360000000000000000e+02
1.460000000000000000e+02
1.190000000000000000e+02
1.520000000000000000e+02
2.080000000000000000e+02
2.240000000000000000e+02
2.760000000000000000e+02
3.250000000000000000e+02
4.290000000000000000e+02
5.720000000000000000e+02
6.000000000000000000e+02
7.350000000000000000e+02
8.550000000000000000e+02
8.890000000000000000e+02
8.870000000000000000e+02
7.580000000000000000e+02
6.960000000000000000e+02
5.740000000000000000e+02
3.990000000000000000e+02
3.630000000000000000e+02
4.400000000000000000e+02
3.830000000000000000e+02
4.140000000000000000e+02
4.890000000000000000e+02
4.880000000000000000e+02
5.160000000000000000e+02
5.930000000000000000e+02
4.990000000000000000e+02
4.530000000000000000e+02
3.660000000000000000e+02
4.100000000000000000e+02
4.800000000000000000e+02
5.270000000000000000e+02
2.930000000000000000e+02
5.300000000000000000e+01
1.500000000000000000e+01
1.100000000000000000e+01
8.000000000000000000e+00
4.000000000000000000e+00
4.000000000000000000e+00
6.000000000000000000e+00
5.000000000000000000e+00
6.000000000000000000e+00
5.000000000000000000e+00
5.000000000000000000e+00
2.000000000000000000e+00
1.388000000000000000e+03
1.077000000000000000e+03
4.840000000000000000e+02
5.860000000000000000e+02
6.280000000000000000e+02
1.814000000000000000e+03
2.596000000000000000e+03
4.094000000000000000e+03
4.445000000000000000e+03
5.043000000000000000e+03
4.062000000000000000e+03
3.236000000000000000e+03
2.671000000000000000e+03
2.435000000000000000e+03
2.597000000000000000e+03
3.043000000000000000e+03
3.091000000000000000e+03
2.582000000000000000e+03
1.999000000000000000e+03
1.570000000000000000e+03
1.520000000000000000e+03
1.467000000000000000e+03
1.460000000000000000e+03
1.512000000000000000e+03
1.569000000000000000e+03
1.639000000000000000e+03
1.891000000000000000e+03
2.445000000000000000e+03
3.258000000000000000e+03
3.787000000000000000e+03
3.902000000000000000e+03
4.110000000000000000e+03
4.615000000000000000e+03
4.438000000000000000e+03
4.583000000000000000e+03
4.492000000000000000e+03
4.394000000000000000e+03
4.508000000000000000e+03
4.163000000000000000e+03
3.711000000000000000e+03
3.158000000000000000e+03
2.923000000000000000e+03
2.632000000000000000e+03
2.557000000000000000e+03
2.379000000000000000e+03
2.243000000000000000e+03
2.270000000000000000e+03
2.221000000000000000e+03
2.235000000000000000e+03
2.297000000000000000e+03
2.459000000000000000e+03
2.468000000000000000e+03
2.372000000000000000e+03
2.411000000000000000e+03
2.362000000000000000e+03
2.361000000000000000e+03
2.199000000000000000e+03
2.276000000000000000e+03
2.195000000000000000e+03
2.110000000000000000e+03
2.051000000000000000e+03
2.063000000000000000e+03
2.100000000000000000e+03
2.131000000000000000e+03
2.385000000000000000e+03
3.056000000000000000e+03
3.723000000000000000e+03
4.151000000000000000e+03
4.214000000000000000e+03
4.207000000000000000e+03
4.614000000000000000e+03
4.906000000000000000e+03
4.551000000000000000e+03
3.958000000000000000e+03
3.763000000000000000e+03
3.391000000000000000e+03
3.073000000000000000e+03
2.808000000000000000e+03
2.657000000000000000e+03
2.389000000000000000e+03
2.408000000000000000e+03
2.189000000000000000e+03
2.064000000000000000e+03
2.043000000000000000e+03
1.951000000000000000e+03
1.893000000000000000e+03
1.796000000000000000e+03
1.806000000000000000e+03
1.735000000000000000e+03
1.746000000000000000e+03
1.778000000000000000e+03
1.776000000000000000e+03
1.865000000000000000e+03
1.871000000000000000e+03
1.875000000000000000e+03
1.952000000000000000e+03
1.871000000000000000e+03
1.979000000000000000e+03
1.966000000000000000e+03
2.007000000000000000e+03
2.112000000000000000e+03
2.084000000000000000e+03
2.113000000000000000e+03
2.146000000000000000e+03
2.158000000000000000e+03
2.149000000000000000e+03
2.164000000000000000e+03
2.184000000000000000e+03
2.332000000000000000e+03
2.375000000000000000e+03
2.264000000000000000e+03
2.357000000000000000e+03
2.303000000000000000e+03
2.488000000000000000e+03
2.515000000000000000e+03
2.623000000000000000e+03
2.696000000000000000e+03
2.879000000000000000e+03
3.068000000000000000e+03
3.322000000000000000e+03
3.656000000000000000e+03
3.940000000000000000e+03
4.297000000000000000e+03
4.711000000000000000e+03
5.166000000000000000e+03
5.662000000000000000e+03
6.207000000000000000e+03
6.865000000000000000e+03
7.176000000000000000e+03
7.606000000000000000e+03
8.130000000000000000e+03
8.554000000000000000e+03
8.464000000000000000e+03
8.606000000000000000e+03
8.488000000000000000e+03
8.174000000000000000e+03
7.998000000000000000e+03
7.898000000000000000e+03
8.170000000000000000e+03
8.365000000000000000e+03
9.556000000000000000e+03
1.068600000000000000e+04
9.777000000000000000e+03
1.035000000000000000e+04
1.280600000000000000e+04
1.212900000000000000e+04
1.023300000000000000e+04
8.111000000000000000e+03
8.246000000000000000e+03
6.754000000000000000e+03
6.710000000000000000e+03
6.332000000000000000e+03
5.736000000000000000e+03
3.941000000000000000e+03
3.318000000000000000e+03
3.097000000000000000e+03
3.184000000000000000e+03
3.892000000000000000e+03
5.534000000000000000e+03
6.971000000000000000e+03
9.038000000000000000e+03
9.691000000000000000e+03
8.481000000000000000e+03
4.572000000000000000e+03
3.778000000000000000e+03
4.807000000000000000e+03
5.419000000000000000e+03
3.236000000000000000e+03
2.635000000000000000e+03
2.645000000000000000e+03
2.931000000000000000e+03
2.658000000000000000e+03
2.419000000000000000e+03
2.292000000000000000e+03
2.480000000000000000e+03
2.583000000000000000e+03
2.790000000000000000e+03
2.869000000000000000e+03
3.033000000000000000e+03
3.374000000000000000e+03
3.477000000000000000e+03
3.787000000000000000e+03
4.140000000000000000e+03
4.220000000000000000e+03
4.793000000000000000e+03
5.145000000000000000e+03
5.251000000000000000e+03
5.849000000000000000e+03
6.335000000000000000e+03
6.841000000000000000e+03
7.076000000000000000e+03
7.630000000000000000e+03
8.126000000000000000e+03
8.479000000000000000e+03
8.797000000000000000e+03
9.281000000000000000e+03
9.596000000000000000e+03
9.563000000000000000e+03
9.948000000000000000e+03
1.026000000000000000e+04
1.032100000000000000e+04
1.016900000000000000e+04
1.000100000000000000e+04
9.866000000000000000e+03
9.882000000000000000e+03
9.698000000000000000e+03
9.412000000000000000e+03
9.200000000000000000e+03
9.431000000000000000e+03
9.438000000000000000e+03
9.741000000000000000e+03
9.758000000000000000e+03
9.217000000000000000e+03
9.037000000000000000e+03
8.323000000000000000e+03
7.559000000000000000e+03
7.084000000000000000e+03
6.419000000000000000e+03
6.287000000000000000e+03
6.036000000000000000e+03
5.818000000000000000e+03
5.503000000000000000e+03
5.023000000000000000e+03
4.863000000000000000e+03
4.536000000000000000e+03
4.194000000000000000e+03
4.058000000000000000e+03
3.668000000000000000e+03
3.675000000000000000e+03
3.481000000000000000e+03
3.590000000000000000e+03
3.757000000000000000e+03
3.747000000000000000e+03
3.661000000000000000e+03
3.551000000000000000e+03
3.296000000000000000e+03
2.995000000000000000e+03
2.610000000000000000e+03
2.017000000000000000e+03
1.650000000000000000e+03
1.630000000000000000e+03
1.533000000000000000e+03
1.455000000000000000e+03
1.152000000000000000e+03
9.520000000000000000e+02
8.710000000000000000e+02
9.880000000000000000e+02
1.020000000000000000e+03
8.610000000000000000e+02
8.340000000000000000e+02
7.990000000000000000e+02
7.450000000000000000e+02
8.460000000000000000e+02
1.144000000000000000e+03
1.479000000000000000e+03
3.011000000000000000e+03
