2.031000000000000000e+03
1.051000000000000000e+03
1.675000000000000000e+03
2.193000000000000000e+03
2.542000000000000000e+03
2.087000000000000000e+03
1.606000000000000000e+03
1.269000000000000000e+03
1.063000000000000000e+03
8.710000000000000000e+02
8.670000000000000000e+02
7.830000000000000000e+02
8.520000000000000000e+02
7.640000000000000000e+02
8.360000000000000000e+02
8.840000000000000000e+02
9.450000000000000000e+02
9.860000000000000000e+02
1.065000000000000000e+03
1.047000000000000000e+03
1.190000000000000000e+03
1.204000000000000000e+03
1.268000000000000000e+03
1.309000000000000000e+03
1.580000000000000000e+03
1.923000000000000000e+03
2.050000000000000000e+03
2.162000000000000000e+03
2.317000000000000000e+03
2.360000000000000000e+03
2.510000000000000000e+03
2.625000000000000000e+03
2.920000000000000000e+03
2.973000000000000000e+03
3.160000000000000000e+03
3.341000000000000000e+03
3.538000000000000000e+03
3.805000000000000000e+03
3.973000000000000000e+03
4.257000000000000000e+03
4.601000000000000000e+03
4.739000000000000000e+03
5.096000000000000000e+03
5.409000000000000000e+03
5.765000000000000000e+03
5.907000000000000000e+03
6.213000000000000000e+03
6.386000000000000000e+03
6.727000000000000000e+03
6.942000000000000000e+03
6.954000000000000000e+03
7.123000000000000000e+03
7.441000000000000000e+03
7.241000000000000000e+03
7.531000000000000000e+03
7.560000000000000000e+03
7.831000000000000000e+03
7.703000000000000000e+03
7.948000000000000000e+03
7.870000000000000000e+03
8.074000000000000000e+03
8.056000000000000000e+03
8.100000000000000000e+03
8.267000000000000000e+03
8.215000000000000000e+03
8.427000000000000000e+03
8.300000000000000000e+03
7.984000000000000000e+03
7.935000000000000000e+03
7.964000000000000000e+03
7.757000000000000000e+03
7.887000000000000000e+03
7.700000000000000000e+03
7.463000000000000000e+03
7.213000000000000000e+03
7.195000000000000000e+03
7.076000000000000000e+03
6.776000000000000000e+03
6.567000000000000000e+03
6.282000000000000000e+03
6.215000000000000000e+03
5.795000000000000000e+03
5.719000000000000000e+03
5.187000000000000000e+03
4.988000000000000000e+03
4.639000000000000000e+03
4.188000000000000000e+03
3.807000000000000000e+03
3.536000000000000000e+03
3.168000000000000000e+03
2.976000000000000000e+03
2.794000000000000000e+03
2.540000000000000000e+03
2.340000000000000000e+03
2.054000000000000000e+03
1.686000000000000000e+03
1.413000000000000000e+03
1.270000000000000000e+03
9.940000000000000000e+02
9.290000000000000000e+02
7.830000000000000000e+02
8.070000000000000000e+02
7.210000000000000000e+02
6.530000000000000000e+02
6.550000000000000000e+02
6.560000000000000000e+02
6.180000000000000000e+02
5.670000000000000000e+02
5.530000000000000000e+02
5.710000000000000000e+02
5.040000000000000000e+02
5.580000000000000000e+02
4.870000000000000000e+02
5.130000000000000000e+02
4.760000000000000000e+02
4.530000000000000000e+02
4.590000000000000000e+02
4.650000000000000000e+02
4.320000000000000000e+02
4.620000000000000000e+02
4.880000000000000000e+02
4.840000000000000000e+02
4.660000000000000000e+02
5.400000000000000000e+02
5.000000000000000000e+02
5.430000000000000000e+02
5.450000000000000000e+02
5.830000000000000000e+02
5.700000000000000000e+02
5.510000000000000000e+02
5.290000000000000000e+02
5.240000000000000000e+02
5.070000000000000000e+02
5.540000000000000000e+02
5.430000000000000000e+02
5.310000000000000000e+02
6.000000000000000000e+02
5.370000000000000000e+02
5.850000000000000000e+02
5.650000000000000000e+02
5.690000000000000000e+02
5.810000000000000000e+02
5.800000000000000000e+02
5.930000000000000000e+02
6.020000000000000000e+02
5.930000000000000000e+02
6.740000000000000000e+02
6.660000000000000000e+02
7.300000000000000000e+02
7.870000000000000000e+02
8.320000000000000000e+02
7.040000000000000000e+02
7.580000000000000000e+02
7.320000000000000000e+02
6.670000000000000000e+02
8.030000000000000000e+02
8.550000000000000000e+02
9.450000000000000000e+02
9.770000000000000000e+02
1.454000000000000000e+03
1.722000000000000000e+03
1.495000000000000000e+03
1.618000000000000000e+03
1.612000000000000000e+03
1.730000000000000000e+03
1.862000000000000000e+03
2.028000000000000000e+03
2.141000000000000000e+03
2.367000000000000000e+03
2.548000000000000000e+03
2.503000000000000000e+03
2.628000000000000000e+03
2.690000000000000000e+03
2.686000000000000000e+03
2.813000000000000000e+03
3.218000000000000000e+03
3.420000000000000000e+03
3.738000000000000000e+03
3.820000000000000000e+03
3.694000000000000000e+03
3.521000000000000000e+03
3.395000000000000000e+03
3.222000000000000000e+03
3.016000000000000000e+03
3.070000000000000000e+03
3.693000000000000000e+03
4.310000000000000000e+03
4.523000000000000000e+03
4.756000000000000000e+03
5.255000000000000000e+03
5.179000000000000000e+03
4.958000000000000000e+03
5.534000000000000000e+03
4.783000000000000000e+03
5.072000000000000000e+03
5.238000000000000000e+03
5.272000000000000000e+03
6.190000000000000000e+03
6.656000000000000000e+03
7.353000000000000000e+03
7.884000000000000000e+03
7.953000000000000000e+03
8.653000000000000000e+03
8.123000000000000000e+03
8.723000000000000000e+03
7.284000000000000000e+03
4.789000000000000000e+03
8.635000000000000000e+03
1.106500000000000000e+04
1.136600000000000000e+04
6.879000000000000000e+03
8.391000000000000000e+03
1.019000000000000000e+04
5.474000000000000000e+03
3.541000000000000000e+03
4.967000000000000000e+03
4.606000000000000000e+03
4.186000000000000000e+03
4.089000000000000000e+03
1.922000000000000000e+03
9.730000000000000000e+02
8.080000000000000000e+02
7.710000000000000000e+02
8.400000000000000000e+02
7.990000000000000000e+02
7.500000000000000000e+02
7.760000000000000000e+02
7.260000000000000000e+02
7.290000000000000000e+02
6.720000000000000000e+02
6.000000000000000000e+02
5.780000000000000000e+02
4.860000000000000000e+02
5.160000000000000000e+02
5.030000000000000000e+02
4.370000000000000000e+02
4.360000000000000000e+02
3.480000000000000000e+02
3.440000000000000000e+02
3.580000000000000000e+02
3.520000000000000000e+02
3.120000000000000000e+02
3.460000000000000000e+02
3.550000000000000000e+02
3.250000000000000000e+02
3.170000000000000000e+02
5.270000000000000000e+02
3.640000000000000000e+02
6.210000000000000000e+02
5.360000000000000000e+02
8.550000000000000000e+02
7.680000000000000000e+02
4.460000000000000000e+02
1.582000000000000000e+03
3.640000000000000000e+02
5.046000000000000000e+03
4.980000000000000000e+02
9.390000000000000000e+02
1.036000000000000000e+03
1.701000000000000000e+03
2.368000000000000000e+03
2.567000000000000000e+03
2.211000000000000000e+03
1.544000000000000000e+03
1.257000000000000000e+03
1.089000000000000000e+03
1.111000000000000000e+03
1.054000000000000000e+03
9.040000000000000000e+02
8.450000000000000000e+02
8.370000000000000000e+02
8.350000000000000000e+02
7.190000000000000000e+02
7.360000000000000000e+02
7.730000000000000000e+02
7.090000000000000000e+02
8.180000000000000000e+02
1.102000000000000000e+03
1.241000000000000000e+03
1.164000000000000000e+03
1.086000000000000000e+03
1.099000000000000000e+03
1.146000000000000000e+03
1.045000000000000000e+03
1.055000000000000000e+03
1.076000000000000000e+03
1.169000000000000000e+03
1.188000000000000000e+03
1.294000000000000000e+03
1.364000000000000000e+03
1.378000000000000000e+03
1.408000000000000000e+03
1.498000000000000000e+03
1.651000000000000000e+03
1.787000000000000000e+03
1.904000000000000000e+03
2.038000000000000000e+03
2.153000000000000000e+03
2.263000000000000000e+03
2.426000000000000000e+03
2.544000000000000000e+03
2.807000000000000000e+03
3.041000000000000000e+03
3.271000000000000000e+03
3.452000000000000000e+03
3.616000000000000000e+03
3.701000000000000000e+03
4.015000000000000000e+03
4.203000000000000000e+03
4.262000000000000000e+03
4.470000000000000000e+03
4.528000000000000000e+03
4.705000000000000000e+03
5.001000000000000000e+03
5.036000000000000000e+03
5.153000000000000000e+03
5.296000000000000000e+03
5.575000000000000000e+03
5.636000000000000000e+03
5.859000000000000000e+03
5.896000000000000000e+03
6.001000000000000000e+03
6.113000000000000000e+03
6.171000000000000000e+03
6.214000000000000000e+03
6.483000000000000000e+03
6.383000000000000000e+03
6.562000000000000000e+03
6.590000000000000000e+03
6.606000000000000000e+03
6.840000000000000000e+03
6.840000000000000000e+03
7.016000000000000000e+03
7.114000000000000000e+03
7.131000000000000000e+03
7.105000000000000000e+03
7.256000000000000000e+03
7.435000000000000000e+03
7.661000000000000000e+03
7.516000000000000000e+03
7.695000000000000000e+03
7.728000000000000000e+03
7.609000000000000000e+03
7.553000000000000000e+03
7.402000000000000000e+03
7.223000000000000000e+03
7.100000000000000000e+03
6.773000000000000000e+03
6.408000000000000000e+03
6.235000000000000000e+03
5.625000000000000000e+03
5.386000000000000000e+03
5.075000000000000000e+03
4.816000000000000000e+03
4.590000000000000000e+03
4.200000000000000000e+03
4.246000000000000000e+03
3.912000000000000000e+03
3.793000000000000000e+03
3.644000000000000000e+03
3.463000000000000000e+03
3.308000000000000000e+03
3.053000000000000000e+03
2.725000000000000000e+03
2.577000000000000000e+03
2.436000000000000000e+03
2.215000000000000000e+03
2.311000000000000000e+03
2.290000000000000000e+03
2.172000000000000000e+03
2.211000000000000000e+03
2.156000000000000000e+03
2.087000000000000000e+03
2.032000000000000000e+03
2.009000000000000000e+03
1.833000000000000000e+03
1.649000000000000000e+03
1.348000000000000000e+03
1.213000000000000000e+03
1.076000000000000000e+03
9.940000000000000000e+02
9.290000000000000000e+02
8.200000000000000000e+02
8.230000000000000000e+02
7.640000000000000000e+02
7.330000000000000000e+02
6.880000000000000000e+02
6.760000000000000000e+02
7.400000000000000000e+02
7.080000000000000000e+02
7.210000000000000000e+02
7.070000000000000000e+02
7.180000000000000000e+02
6.950000000000000000e+02
7.580000000000000000e+02
7.050000000000000000e+02
6.940000000000000000e+02
6.500000000000000000e+02
5.940000000000000000e+02
6.880000000000000000e+02
6.830000000000000000e+02
7.220000000000000000e+02
6.850000000000000000e+02
7.090000000000000000e+02
8.280000000000000000e+02
9.160000000000000000e+02
1.120000000000000000e+03
1.480000000000000000e+03
1.490000000000000000e+03
1.611000000000000000e+03
1.636000000000000000e+03
1.770000000000000000e+03
1.740000000000000000e+03
1.817000000000000000e+03
2.129000000000000000e+03
2.380000000000000000e+03
2.261000000000000000e+03
2.114000000000000000e+03
1.997000000000000000e+03
2.036000000000000000e+03
1.971000000000000000e+03
2.502000000000000000e+03
2.876000000000000000e+03
3.414000000000000000e+03
3.216000000000000000e+03
3.446000000000000000e+03
3.949000000000000000e+03
3.762000000000000000e+03
3.611000000000000000e+03
3.846000000000000000e+03
3.798000000000000000e+03
3.965000000000000000e+03
4.074000000000000000e+03
4.947000000000000000e+03
4.661000000000000000e+03
5.120000000000000000e+03
5.634000000000000000e+03
5.391000000000000000e+03
5.557000000000000000e+03
5.216000000000000000e+03
4.806000000000000000e+03
5.215000000000000000e+03
6.281000000000000000e+03
7.131000000000000000e+03
7.846000000000000000e+03
9.308000000000000000e+03
9.900000000000000000e+03
8.767000000000000000e+03
9.706000000000000000e+03
1.018500000000000000e+04
1.201400000000000000e+04
1.173400000000000000e+04
1.628600000000000000e+04
1.859500000000000000e+04
9.457000000000000000e+03
6.954000000000000000e+03
3.906000000000000000e+03
1.936000000000000000e+03
8.650000000000000000e+02
7.820000000000000000e+02
8.190000000000000000e+02
7.790000000000000000e+02
8.350000000000000000e+02
8.350000000000000000e+02
8.470000000000000000e+02
8.560000000000000000e+02
8.780000000000000000e+02
8.180000000000000000e+02
9.010000000000000000e+02
9.720000000000000000e+02
1.101000000000000000e+03
1.072000000000000000e+03
1.011000000000000000e+03
1.093000000000000000e+03
1.046000000000000000e+03
1.083000000000000000e+03
9.620000000000000000e+02
9.520000000000000000e+02
9.010000000000000000e+02
8.340000000000000000e+02
7.690000000000000000e+02
7.810000000000000000e+02
7.860000000000000000e+02
7.250000000000000000e+02
8.680000000000000000e+02
8.620000000000000000e+02
8.070000000000000000e+02
6.900000000000000000e+02
6.280000000000000000e+02
6.630000000000000000e+02
7.130000000000000000e+02
7.350000000000000000e+02
6.690000000000000000e+02
6.640000000000000000e+02
6.280000000000000000e+02
6.050000000000000000e+02
5.860000000000000000e+02
5.690000000000000000e+02
4.860000000000000000e+02
4.410000000000000000e+02
4.460000000000000000e+02
4.480000000000000000e+02
3.670000000000000000e+02
3.930000000000000000e+02
4.270000000000000000e+02
4.180000000000000000e+02
4.790000000000000000e+02
5.260000000000000000e+02
7.310000000000000000e+02
9.110000000000000000e+02
2.074000000000000000e+03
7.784000000000000000e+03
1.982000000000000000e+03
1.616000000000000000e+03
2.235000000000000000e+03
2.466000000000000000e+03
1.943000000000000000e+03
1.558000000000000000e+03
1.355000000000000000e+03
1.391000000000000000e+03
1.171000000000000000e+03
9.850000000000000000e+02
9.630000000000000000e+02
8.590000000000000000e+02
7.820000000000000000e+02
7.600000000000000000e+02
8.030000000000000000e+02
8.110000000000000000e+02
1.068000000000000000e+03
1.195000000000000000e+03
1.173000000000000000e+03
1.106000000000000000e+03
1.141000000000000000e+03
1.096000000000000000e+03
1.039000000000000000e+03
9.990000000000000000e+02
9.900000000000000000e+02
1.011000000000000000e+03
1.084000000000000000e+03
1.136000000000000000e+03
1.065000000000000000e+03
1.185000000000000000e+03
1.274000000000000000e+03
1.224000000000000000e+03
1.343000000000000000e+03
1.314000000000000000e+03
1.338000000000000000e+03
1.287000000000000000e+03
1.416000000000000000e+03
1.592000000000000000e+03
1.634000000000000000e+03
1.757000000000000000e+03
1.822000000000000000e+03
1.984000000000000000e+03
2.184000000000000000e+03
2.385000000000000000e+03
2.444000000000000000e+03
2.619000000000000000e+03
2.765000000000000000e+03
2.880000000000000000e+03
3.080000000000000000e+03
3.080000000000000000e+03
3.236000000000000000e+03
3.484000000000000000e+03
3.698000000000000000e+03
3.765000000000000000e+03
3.979000000000000000e+03
4.250000000000000000e+03
4.246000000000000000e+03
4.524000000000000000e+03
4.750000000000000000e+03
4.885000000000000000e+03
5.137000000000000000e+03
5.315000000000000000e+03
5.494000000000000000e+03
5.617000000000000000e+03
5.833000000000000000e+03
5.970000000000000000e+03
6.187000000000000000e+03
6.231000000000000000e+03
6.560000000000000000e+03
6.587000000000000000e+03
6.886000000000000000e+03
6.869000000000000000e+03
7.112000000000000000e+03
7.078000000000000000e+03
7.297000000000000000e+03
7.263000000000000000e+03
7.230000000000000000e+03
7.372000000000000000e+03
7.424000000000000000e+03
7.456000000000000000e+03
7.417000000000000000e+03
7.733000000000000000e+03
7.717000000000000000e+03
7.590000000000000000e+03
7.775000000000000000e+03
7.823000000000000000e+03
7.816000000000000000e+03
7.856000000000000000e+03
7.809000000000000000e+03
7.699000000000000000e+03
7.520000000000000000e+03
7.415000000000000000e+03
7.183000000000000000e+03
6.823000000000000000e+03
6.327000000000000000e+03
5.954000000000000000e+03
5.372000000000000000e+03
5.151000000000000000e+03
4.779000000000000000e+03
4.573000000000000000e+03
4.398000000000000000e+03
4.070000000000000000e+03
4.016000000000000000e+03
3.867000000000000000e+03
3.956000000000000000e+03
3.563000000000000000e+03
3.561000000000000000e+03
3.324000000000000000e+03
3.053000000000000000e+03
2.882000000000000000e+03
2.598000000000000000e+03
2.357000000000000000e+03
2.074000000000000000e+03
1.702000000000000000e+03
1.535000000000000000e+03
1.255000000000000000e+03
1.219000000000000000e+03
9.750000000000000000e+02
9.340000000000000000e+02
8.030000000000000000e+02
7.910000000000000000e+02
7.340000000000000000e+02
7.390000000000000000e+02
7.430000000000000000e+02
6.330000000000000000e+02
6.530000000000000000e+02
6.740000000000000000e+02
6.610000000000000000e+02
6.610000000000000000e+02
6.640000000000000000e+02
7.140000000000000000e+02
8.070000000000000000e+02
8.850000000000000000e+02
8.530000000000000000e+02
7.790000000000000000e+02
7.940000000000000000e+02
7.590000000000000000e+02
7.720000000000000000e+02
8.380000000000000000e+02
8.460000000000000000e+02
1.000000000000000000e+03
1.153000000000000000e+03
1.463000000000000000e+03
1.524000000000000000e+03
1.537000000000000000e+03
1.634000000000000000e+03
1.799000000000000000e+03
1.785000000000000000e+03
1.922000000000000000e+03
2.064000000000000000e+03
2.155000000000000000e+03
2.101000000000000000e+03
2.487000000000000000e+03
2.846000000000000000e+03
2.533000000000000000e+03
2.653000000000000000e+03
2.922000000000000000e+03
3.294000000000000000e+03
3.026000000000000000e+03
3.254000000000000000e+03
3.060000000000000000e+03
2.862000000000000000e+03
3.103000000000000000e+03
3.414000000000000000e+03
3.999000000000000000e+03
3.984000000000000000e+03
3.741000000000000000e+03
4.136000000000000000e+03
4.213000000000000000e+03
4.317000000000000000e+03
5.198000000000000000e+03
5.051000000000000000e+03
5.558000000000000000e+03
6.845000000000000000e+03
6.748000000000000000e+03
5.826000000000000000e+03
7.028000000000000000e+03
7.765000000000000000e+03
6.327000000000000000e+03
6.828000000000000000e+03
6.042000000000000000e+03
5.908000000000000000e+03
6.473000000000000000e+03
6.255000000000000000e+03
7.418000000000000000e+03
9.669000000000000000e+03
1.419500000000000000e+04
1.667600000000000000e+04
1.383800000000000000e+04
9.256000000000000000e+03
6.172000000000000000e+03
4.598000000000000000e+03
3.585000000000000000e+03
3.429000000000000000e+03
2.184000000000000000e+03
1.981000000000000000e+03
1.965000000000000000e+03
1.998000000000000000e+03
1.907000000000000000e+03
1.214000000000000000e+03
9.600000000000000000e+02
1.045000000000000000e+03
1.047000000000000000e+03
1.002000000000000000e+03
8.740000000000000000e+02
8.510000000000000000e+02
8.300000000000000000e+02
8.220000000000000000e+02
8.850000000000000000e+02
8.480000000000000000e+02
8.660000000000000000e+02
8.140000000000000000e+02
8.710000000000000000e+02
9.130000000000000000e+02
9.930000000000000000e+02
9.910000000000000000e+02
1.027000000000000000e+03
1.079000000000000000e+03
1.078000000000000000e+03
9.910000000000000000e+02
9.510000000000000000e+02
9.450000000000000000e+02
9.140000000000000000e+02
8.400000000000000000e+02
8.930000000000000000e+02
7.960000000000000000e+02
8.120000000000000000e+02
8.770000000000000000e+02
7.560000000000000000e+02
7.990000000000000000e+02
8.570000000000000000e+02
7.640000000000000000e+02
7.910000000000000000e+02
7.350000000000000000e+02
7.030000000000000000e+02
7.320000000000000000e+02
6.500000000000000000e+02
6.430000000000000000e+02
6.450000000000000000e+02
5.900000000000000000e+02
5.850000000000000000e+02
5.340000000000000000e+02
6.000000000000000000e+02
5.650000000000000000e+02
6.420000000000000000e+02
5.770000000000000000e+02
5.490000000000000000e+02
5.010000000000000000e+02
5.590000000000000000e+02
5.170000000000000000e+02
5.460000000000000000e+02
7.410000000000000000e+02
7.860000000000000000e+02
1.343000000000000000e+03
2.535000000000000000e+03
7.623000000000000000e+03
