1.740000000000000000e+02
8.000000000000000000e+01
2.920000000000000000e+02
2.480000000000000000e+02
3.630000000000000000e+02
4.510000000000000000e+02
4.790000000000000000e+02
6.300000000000000000e+02
6.900000000000000000e+02
8.310000000000000000e+02
9.370000000000000000e+02
1.025000000000000000e+03
1.273000000000000000e+03
1.259000000000000000e+03
1.347000000000000000e+03
1.359000000000000000e+03
1.444000000000000000e+03
1.482000000000000000e+03
1.563000000000000000e+03
1.497000000000000000e+03
1.560000000000000000e+03
1.476000000000000000e+03
1.579000000000000000e+03
1.636000000000000000e+03
1.579000000000000000e+03
1.562000000000000000e+03
1.627000000000000000e+03
1.697000000000000000e+03
2.086000000000000000e+03
2.316000000000000000e+03
2.426000000000000000e+03
2.869000000000000000e+03
2.666000000000000000e+03
2.302000000000000000e+03
2.221000000000000000e+03
2.086000000000000000e+03
1.887000000000000000e+03
1.875000000000000000e+03
1.649000000000000000e+03
1.625000000000000000e+03
1.446000000000000000e+03
1.433000000000000000e+03
1.527000000000000000e+03
1.389000000000000000e+03
1.335000000000000000e+03
1.435000000000000000e+03
1.468000000000000000e+03
1.388000000000000000e+03
1.462000000000000000e+03
1.408000000000000000e+03
1.339000000000000000e+03
1.449000000000000000e+03
1.493000000000000000e+03
1.483000000000000000e+03
1.465000000000000000e+03
1.494000000000000000e+03
1.620000000000000000e+03
1.689000000000000000e+03
1.653000000000000000e+03
1.656000000000000000e+03
1.739000000000000000e+03
1.698000000000000000e+03
1.710000000000000000e+03
1.598000000000000000e+03
1.682000000000000000e+03
1.512000000000000000e+03
1.658000000000000000e+03
1.577000000000000000e+03
1.716000000000000000e+03
1.669000000000000000e+03
1.681000000000000000e+03
1.692000000000000000e+03
1.695000000000000000e+03
1.727000000000000000e+03
1.801000000000000000e+03
1.902000000000000000e+03
1.980000000000000000e+03
2.159000000000000000e+03
1.960000000000000000e+03
2.013000000000000000e+03
1.938000000000000000e+03
2.011000000000000000e+03
1.896000000000000000e+03
1.978000000000000000e+03
2.001000000000000000e+03
2.258000000000000000e+03
2.063000000000000000e+03
1.952000000000000000e+03
1.912000000000000000e+03
1.852000000000000000e+03
1.717000000000000000e+03
1.736000000000000000e+03
1.679000000000000000e+03
1.586000000000000000e+03
1.537000000000000000e+03
1.444000000000000000e+03
1.361000000000000000e+03
1.316000000000000000e+03
1.271000000000000000e+03
1.277000000000000000e+03
1.200000000000000000e+03
1.175000000000000000e+03
1.234000000000000000e+03
1.178000000000000000e+03
1.066000000000000000e+03
1.120000000000000000e+03
1.041000000000000000e+03
1.072000000000000000e+03
1.003000000000000000e+03
1.107000000000000000e+03
1.008000000000000000e+03
1.015000000000000000e+03
9.710000000000000000e+02
9.570000000000000000e+02
9.720000000000000000e+02
1.032000000000000000e+03
9.900000000000000000e+02
9.660000000000000000e+02
1.000000000000000000e+03
9.480000000000000000e+02
9.210000000000000000e+02
9.270000000000000000e+02
9.850000000000000000e+02
9.380000000000000000e+02
8.960000000000000000e+02
9.240000000000000000e+02
9.200000000000000000e+02
9.390000000000000000e+02
9.140000000000000000e+02
1.026000000000000000e+03
9.830000000000000000e+02
8.850000000000000000e+02
8.960000000000000000e+02
1.022000000000000000e+03
9.140000000000000000e+02
9.410000000000000000e+02
9.910000000000000000e+02
9.620000000000000000e+02
9.960000000000000000e+02
9.920000000000000000e+02
8.940000000000000000e+02
8.610000000000000000e+02
7.930000000000000000e+02
8.320000000000000000e+02
8.380000000000000000e+02
8.970000000000000000e+02
8.520000000000000000e+02
9.680000000000000000e+02
1.131000000000000000e+03
1.014000000000000000e+03
9.000000000000000000e+02
8.300000000000000000e+02
7.940000000000000000e+02
8.550000000000000000e+02
8.600000000000000000e+02
8.810000000000000000e+02
9.230000000000000000e+02
9.120000000000000000e+02
9.290000000000000000e+02
9.200000000000000000e+02
9.600000000000000000e+02
1.003000000000000000e+03
1.044000000000000000e+03
1.045000000000000000e+03
1.060000000000000000e+03
1.071000000000000000e+03
1.085000000000000000e+03
1.135000000000000000e+03
1.137000000000000000e+03
1.213000000000000000e+03
1.120000000000000000e+03
1.198000000000000000e+03
1.164000000000000000e+03
1.354000000000000000e+03
1.292000000000000000e+03
1.307000000000000000e+03
1.372000000000000000e+03
1.337000000000000000e+03
1.333000000000000000e+03
1.211000000000000000e+03
1.334000000000000000e+03
1.261000000000000000e+03
1.233000000000000000e+03
1.299000000000000000e+03
1.181000000000000000e+03
1.322000000000000000e+03
1.228000000000000000e+03
1.255000000000000000e+03
1.114000000000000000e+03
1.109000000000000000e+03
1.129000000000000000e+03
1.195000000000000000e+03
1.221000000000000000e+03
1.173000000000000000e+03
1.168000000000000000e+03
1.194000000000000000e+03
1.216000000000000000e+03
1.150000000000000000e+03
1.134000000000000000e+03
1.397000000000000000e+03
1.387000000000000000e+03
1.349000000000000000e+03
1.281000000000000000e+03
1.226000000000000000e+03
1.258000000000000000e+03
1.132000000000000000e+03
1.018000000000000000e+03
1.028000000000000000e+03
9.810000000000000000e+02
9.310000000000000000e+02
9.570000000000000000e+02
9.260000000000000000e+02
8.320000000000000000e+02
8.220000000000000000e+02
8.080000000000000000e+02
9.400000000000000000e+02
9.490000000000000000e+02
8.770000000000000000e+02
9.460000000000000000e+02
1.007000000000000000e+03
1.006000000000000000e+03
1.083000000000000000e+03
1.047000000000000000e+03
1.127000000000000000e+03
1.201000000000000000e+03
1.322000000000000000e+03
1.234000000000000000e+03
1.311000000000000000e+03
1.190000000000000000e+03
1.130000000000000000e+03
1.204000000000000000e+03
1.066000000000000000e+03
1.039000000000000000e+03
1.033000000000000000e+03
9.970000000000000000e+02
9.530000000000000000e+02
8.970000000000000000e+02
8.770000000000000000e+02
9.420000000000000000e+02
9.360000000000000000e+02
9.890000000000000000e+02
9.610000000000000000e+02
1.014000000000000000e+03
1.057000000000000000e+03
1.082000000000000000e+03
1.171000000000000000e+03
1.295000000000000000e+03
1.608000000000000000e+03
1.793000000000000000e+03
2.296000000000000000e+03
3.049000000000000000e+03
4.646000000000000000e+03
7.254000000000000000e+03
8.430000000000000000e+03
7.312000000000000000e+03
7.826100000000000000e+04
5.240000000000000000e+02
3.630000000000000000e+02
3.860000000000000000e+02
5.170000000000000000e+02
5.500000000000000000e+02
7.280000000000000000e+02
8.090000000000000000e+02
9.700000000000000000e+02
1.125000000000000000e+03
1.321000000000000000e+03
1.521000000000000000e+03
1.649000000000000000e+03
1.812000000000000000e+03
1.895000000000000000e+03
1.934000000000000000e+03
2.260000000000000000e+03
2.050000000000000000e+03
2.180000000000000000e+03
2.288000000000000000e+03
2.401000000000000000e+03
2.428000000000000000e+03
2.249000000000000000e+03
2.380000000000000000e+03
2.441000000000000000e+03
2.341000000000000000e+03
2.623000000000000000e+03
3.142000000000000000e+03
3.197000000000000000e+03
2.932000000000000000e+03
2.625000000000000000e+03
2.349000000000000000e+03
2.328000000000000000e+03
2.303000000000000000e+03
2.175000000000000000e+03
2.053000000000000000e+03
2.275000000000000000e+03
2.112000000000000000e+03
2.371000000000000000e+03
2.310000000000000000e+03
2.231000000000000000e+03
1.994000000000000000e+03
2.052000000000000000e+03
2.075000000000000000e+03
2.079000000000000000e+03
2.105000000000000000e+03
2.138000000000000000e+03
2.233000000000000000e+03
2.268000000000000000e+03
2.434000000000000000e+03
2.399000000000000000e+03
2.260000000000000000e+03
2.280000000000000000e+03
2.236000000000000000e+03
2.271000000000000000e+03
2.336000000000000000e+03
2.412000000000000000e+03
2.369000000000000000e+03
2.438000000000000000e+03
2.423000000000000000e+03
2.381000000000000000e+03
2.302000000000000000e+03
2.323000000000000000e+03
2.201000000000000000e+03
2.222000000000000000e+03
2.137000000000000000e+03
2.127000000000000000e+03
2.009000000000000000e+03
2.027000000000000000e+03
2.083000000000000000e+03
2.019000000000000000e+03
1.991000000000000000e+03
1.972000000000000000e+03
1.940000000000000000e+03
1.932000000000000000e+03
1.900000000000000000e+03
1.837000000000000000e+03
1.777000000000000000e+03
1.660000000000000000e+03
1.662000000000000000e+03
1.728000000000000000e+03
1.547000000000000000e+03
1.448000000000000000e+03
1.444000000000000000e+03
1.379000000000000000e+03
1.323000000000000000e+03
1.251000000000000000e+03
1.190000000000000000e+03
1.138000000000000000e+03
1.094000000000000000e+03
1.055000000000000000e+03
1.057000000000000000e+03
9.550000000000000000e+02
9.330000000000000000e+02
9.560000000000000000e+02
9.970000000000000000e+02
9.630000000000000000e+02
9.360000000000000000e+02
9.070000000000000000e+02
9.060000000000000000e+02
8.570000000000000000e+02
8.630000000000000000e+02
8.770000000000000000e+02
8.590000000000000000e+02
8.670000000000000000e+02
8.060000000000000000e+02
8.270000000000000000e+02
8.500000000000000000e+02
8.410000000000000000e+02
8.290000000000000000e+02
8.700000000000000000e+02
8.550000000000000000e+02
8.870000000000000000e+02
8.140000000000000000e+02
8.390000000000000000e+02
9.290000000000000000e+02
8.980000000000000000e+02
8.850000000000000000e+02
9.510000000000000000e+02
8.480000000000000000e+02
9.430000000000000000e+02
8.900000000000000000e+02
9.240000000000000000e+02
9.590000000000000000e+02
9.360000000000000000e+02
8.980000000000000000e+02
8.510000000000000000e+02
8.270000000000000000e+02
8.700000000000000000e+02
9.140000000000000000e+02
9.280000000000000000e+02
1.047000000000000000e+03
8.750000000000000000e+02
8.770000000000000000e+02
9.560000000000000000e+02
9.450000000000000000e+02
9.520000000000000000e+02
8.940000000000000000e+02
1.095000000000000000e+03
1.251000000000000000e+03
1.197000000000000000e+03
9.340000000000000000e+02
9.700000000000000000e+02
8.460000000000000000e+02
8.820000000000000000e+02
8.590000000000000000e+02
9.220000000000000000e+02
8.450000000000000000e+02
9.190000000000000000e+02
9.720000000000000000e+02
9.610000000000000000e+02
1.009000000000000000e+03
9.370000000000000000e+02
9.880000000000000000e+02
9.880000000000000000e+02
1.000000000000000000e+03
9.740000000000000000e+02
1.006000000000000000e+03
1.041000000000000000e+03
1.041000000000000000e+03
1.020000000000000000e+03
9.600000000000000000e+02
9.950000000000000000e+02
9.980000000000000000e+02
9.880000000000000000e+02
1.087000000000000000e+03
1.019000000000000000e+03
1.035000000000000000e+03
9.550000000000000000e+02
9.730000000000000000e+02
1.021000000000000000e+03
1.003000000000000000e+03
9.840000000000000000e+02
1.028000000000000000e+03
9.530000000000000000e+02
1.038000000000000000e+03
1.004000000000000000e+03
1.024000000000000000e+03
1.002000000000000000e+03
1.018000000000000000e+03
1.100000000000000000e+03
1.230000000000000000e+03
1.244000000000000000e+03
1.157000000000000000e+03
1.276000000000000000e+03
1.216000000000000000e+03
1.024000000000000000e+03
1.010000000000000000e+03
1.225000000000000000e+03
1.112000000000000000e+03
9.890000000000000000e+02
1.217000000000000000e+03
1.102000000000000000e+03
1.095000000000000000e+03
1.015000000000000000e+03
1.039000000000000000e+03
9.840000000000000000e+02
9.270000000000000000e+02
1.000000000000000000e+03
1.060000000000000000e+03
9.510000000000000000e+02
9.450000000000000000e+02
8.590000000000000000e+02
8.690000000000000000e+02
8.440000000000000000e+02
9.150000000000000000e+02
8.510000000000000000e+02
8.360000000000000000e+02
9.270000000000000000e+02
9.010000000000000000e+02
9.370000000000000000e+02
9.700000000000000000e+02
9.560000000000000000e+02
9.250000000000000000e+02
1.032000000000000000e+03
9.910000000000000000e+02
9.710000000000000000e+02
1.097000000000000000e+03
9.870000000000000000e+02
1.000000000000000000e+03
1.018000000000000000e+03
9.280000000000000000e+02
9.410000000000000000e+02
8.020000000000000000e+02
8.340000000000000000e+02
8.110000000000000000e+02
7.430000000000000000e+02
7.200000000000000000e+02
7.090000000000000000e+02
7.790000000000000000e+02
7.320000000000000000e+02
6.640000000000000000e+02
7.030000000000000000e+02
7.340000000000000000e+02
7.330000000000000000e+02
7.760000000000000000e+02
9.630000000000000000e+02
9.570000000000000000e+02
9.270000000000000000e+02
1.059000000000000000e+03
1.236000000000000000e+03
1.976000000000000000e+03
3.592000000000000000e+03
4.958000000000000000e+03
3.372000000000000000e+03
8.320000000000000000e+03
5.974000000000000000e+03
1.205000000000000000e+04
3.144500000000000000e+04
1.599400000000000000e+04
1.824300000000000000e+04
1.427000000000000000e+03
4.880000000000000000e+02
2.800000000000000000e+02
2.440000000000000000e+02
2.310000000000000000e+02
5.790000000000000000e+02
2.025000000000000000e+03
7.110000000000000000e+02
9.840000000000000000e+02
1.431000000000000000e+03
1.792000000000000000e+03
2.065000000000000000e+03
1.855000000000000000e+03
1.825000000000000000e+03
1.961000000000000000e+03
2.371000000000000000e+03
2.528000000000000000e+03
2.979000000000000000e+03
2.979000000000000000e+03
3.246000000000000000e+03
3.608000000000000000e+03
3.545000000000000000e+03
3.472000000000000000e+03
3.001000000000000000e+03
2.920000000000000000e+03
2.735000000000000000e+03
2.357000000000000000e+03
2.291000000000000000e+03
2.265000000000000000e+03
2.154000000000000000e+03
2.538000000000000000e+03
2.572000000000000000e+03
3.108000000000000000e+03
3.879000000000000000e+03
3.477000000000000000e+03
2.942000000000000000e+03
2.828000000000000000e+03
2.651000000000000000e+03
2.455000000000000000e+03
2.411000000000000000e+03
2.353000000000000000e+03
2.176000000000000000e+03
2.165000000000000000e+03
2.181000000000000000e+03
2.127000000000000000e+03
2.128000000000000000e+03
2.129000000000000000e+03
2.121000000000000000e+03
2.033000000000000000e+03
2.147000000000000000e+03
2.268000000000000000e+03
2.239000000000000000e+03
2.106000000000000000e+03
2.325000000000000000e+03
2.239000000000000000e+03
2.216000000000000000e+03
2.282000000000000000e+03
2.258000000000000000e+03
2.133000000000000000e+03
2.136000000000000000e+03
2.190000000000000000e+03
2.228000000000000000e+03
2.304000000000000000e+03
2.290000000000000000e+03
2.263000000000000000e+03
2.252000000000000000e+03
2.110000000000000000e+03
2.172000000000000000e+03
2.157000000000000000e+03
2.103000000000000000e+03
2.036000000000000000e+03
1.900000000000000000e+03
1.851000000000000000e+03
1.763000000000000000e+03
1.831000000000000000e+03
1.741000000000000000e+03
1.708000000000000000e+03
1.635000000000000000e+03
1.597000000000000000e+03
1.594000000000000000e+03
1.530000000000000000e+03
1.425000000000000000e+03
1.418000000000000000e+03
1.426000000000000000e+03
1.343000000000000000e+03
1.274000000000000000e+03
1.236000000000000000e+03
1.168000000000000000e+03
1.169000000000000000e+03
1.128000000000000000e+03
1.163000000000000000e+03
1.083000000000000000e+03
1.010000000000000000e+03
9.970000000000000000e+02
9.190000000000000000e+02
9.660000000000000000e+02
9.000000000000000000e+02
9.520000000000000000e+02
8.430000000000000000e+02
8.670000000000000000e+02
8.410000000000000000e+02
7.690000000000000000e+02
7.930000000000000000e+02
7.820000000000000000e+02
7.930000000000000000e+02
7.670000000000000000e+02
8.290000000000000000e+02
8.280000000000000000e+02
8.040000000000000000e+02
8.270000000000000000e+02
8.590000000000000000e+02
8.870000000000000000e+02
8.280000000000000000e+02
8.380000000000000000e+02
8.360000000000000000e+02
9.430000000000000000e+02
9.310000000000000000e+02
8.460000000000000000e+02
7.610000000000000000e+02
9.100000000000000000e+02
8.300000000000000000e+02
8.720000000000000000e+02
9.520000000000000000e+02
8.710000000000000000e+02
8.470000000000000000e+02
8.090000000000000000e+02
8.490000000000000000e+02
7.850000000000000000e+02
8.070000000000000000e+02
7.600000000000000000e+02
7.620000000000000000e+02
7.690000000000000000e+02
7.590000000000000000e+02
8.270000000000000000e+02
1.122000000000000000e+03
1.074000000000000000e+03
9.110000000000000000e+02
8.420000000000000000e+02
8.190000000000000000e+02
7.660000000000000000e+02
7.880000000000000000e+02
7.920000000000000000e+02
8.090000000000000000e+02
7.920000000000000000e+02
7.800000000000000000e+02
7.730000000000000000e+02
8.480000000000000000e+02
7.390000000000000000e+02
7.840000000000000000e+02
7.800000000000000000e+02
8.210000000000000000e+02
8.220000000000000000e+02
7.880000000000000000e+02
8.540000000000000000e+02
8.540000000000000000e+02
7.570000000000000000e+02
8.600000000000000000e+02
8.570000000000000000e+02
9.210000000000000000e+02
8.900000000000000000e+02
9.300000000000000000e+02
9.810000000000000000e+02
9.340000000000000000e+02
9.700000000000000000e+02
9.570000000000000000e+02
9.710000000000000000e+02
1.013000000000000000e+03
9.850000000000000000e+02
1.011000000000000000e+03
9.430000000000000000e+02
8.660000000000000000e+02
8.620000000000000000e+02
8.460000000000000000e+02
9.540000000000000000e+02
9.640000000000000000e+02
8.620000000000000000e+02
9.080000000000000000e+02
1.028000000000000000e+03
1.042000000000000000e+03
9.740000000000000000e+02
1.030000000000000000e+03
1.000000000000000000e+03
1.061000000000000000e+03
1.178000000000000000e+03
1.426000000000000000e+03
1.241000000000000000e+03
1.351000000000000000e+03
1.683000000000000000e+03
1.355000000000000000e+03
1.234000000000000000e+03
1.354000000000000000e+03
1.105000000000000000e+03
1.102000000000000000e+03
9.770000000000000000e+02
9.770000000000000000e+02
9.130000000000000000e+02
9.270000000000000000e+02
8.240000000000000000e+02
8.360000000000000000e+02
7.980000000000000000e+02
7.560000000000000000e+02
7.340000000000000000e+02
8.440000000000000000e+02
8.220000000000000000e+02
8.240000000000000000e+02
7.530000000000000000e+02
8.190000000000000000e+02
8.680000000000000000e+02
8.390000000000000000e+02
9.810000000000000000e+02
8.910000000000000000e+02
8.760000000000000000e+02
8.100000000000000000e+02
8.630000000000000000e+02
7.720000000000000000e+02
7.660000000000000000e+02
7.590000000000000000e+02
7.160000000000000000e+02
8.400000000000000000e+02
8.370000000000000000e+02
8.470000000000000000e+02
7.790000000000000000e+02
7.770000000000000000e+02
7.860000000000000000e+02
7.980000000000000000e+02
7.260000000000000000e+02
7.810000000000000000e+02
7.170000000000000000e+02
8.830000000000000000e+02
8.140000000000000000e+02
7.490000000000000000e+02
6.360000000000000000e+02
5.740000000000000000e+02
6.220000000000000000e+02
6.550000000000000000e+02
7.150000000000000000e+02
8.760000000000000000e+02
9.660000000000000000e+02
8.820000000000000000e+02
1.498000000000000000e+03
2.445000000000000000e+03
3.756000000000000000e+03
1.822000000000000000e+03
1.768000000000000000e+03
2.079000000000000000e+03
2.403000000000000000e+03
6.168000000000000000e+03
6.537000000000000000e+03
9.342000000000000000e+03
8.961000000000000000e+03
2.754100000000000000e+04
1.532100000000000000e+04
1.853500000000000000e+04
1.493000000000000000e+03
4.140000000000000000e+02
2.890000000000000000e+02
2.100000000000000000e+02
2.680000000000000000e+02
2.480000000000000000e+02
4.000000000000000000e+01
9.200000000000000000e+01
3.200000000000000000e+01
