7.110000000000000000e+03
1.203000000000000000e+03
2.494000000000000000e+03
1.328000000000000000e+03
1.748000000000000000e+03
1.814000000000000000e+03
1.336000000000000000e+03
1.364000000000000000e+03
1.018000000000000000e+03
9.660000000000000000e+02
7.730000000000000000e+02
7.250000000000000000e+02
6.700000000000000000e+02
5.950000000000000000e+02
6.010000000000000000e+02
5.840000000000000000e+02
5.600000000000000000e+02
5.810000000000000000e+02
6.040000000000000000e+02
5.940000000000000000e+02
6.620000000000000000e+02
7.070000000000000000e+02
7.390000000000000000e+02
7.820000000000000000e+02
8.490000000000000000e+02
9.290000000000000000e+02
9.900000000000000000e+02
1.029000000000000000e+03
1.165000000000000000e+03
1.306000000000000000e+03
1.443000000000000000e+03
1.642000000000000000e+03
1.820000000000000000e+03
1.887000000000000000e+03
2.087000000000000000e+03
2.137000000000000000e+03
2.061000000000000000e+03
1.934000000000000000e+03
1.849000000000000000e+03
1.913000000000000000e+03
1.880000000000000000e+03
1.864000000000000000e+03
1.867000000000000000e+03
2.108000000000000000e+03
2.123000000000000000e+03
2.179000000000000000e+03
2.379000000000000000e+03
2.449000000000000000e+03
2.664000000000000000e+03
2.922000000000000000e+03
2.998000000000000000e+03
3.327000000000000000e+03
3.816000000000000000e+03
3.808000000000000000e+03
4.026000000000000000e+03
3.833000000000000000e+03
3.719000000000000000e+03
3.711000000000000000e+03
4.121000000000000000e+03
4.466000000000000000e+03
5.239000000000000000e+03
5.421000000000000000e+03
5.693000000000000000e+03
5.330000000000000000e+03
5.061000000000000000e+03
4.730000000000000000e+03
4.330000000000000000e+03
3.881000000000000000e+03
3.797000000000000000e+03
3.837000000000000000e+03
3.898000000000000000e+03
3.973000000000000000e+03
3.702000000000000000e+03
3.423000000000000000e+03
3.007000000000000000e+03
2.854000000000000000e+03
2.740000000000000000e+03
2.708000000000000000e+03
2.680000000000000000e+03
2.597000000000000000e+03
2.919000000000000000e+03
3.169000000000000000e+03
3.171000000000000000e+03
3.087000000000000000e+03
3.190000000000000000e+03
3.251000000000000000e+03
3.343000000000000000e+03
3.169000000000000000e+03
2.944000000000000000e+03
2.996000000000000000e+03
3.607000000000000000e+03
4.258000000000000000e+03
4.275000000000000000e+03
4.482000000000000000e+03
4.473000000000000000e+03
4.774000000000000000e+03
5.281000000000000000e+03
6.131000000000000000e+03
6.091000000000000000e+03
5.384000000000000000e+03
4.635000000000000000e+03
3.954000000000000000e+03
3.261000000000000000e+03
2.829000000000000000e+03
2.575000000000000000e+03
2.643000000000000000e+03
2.719000000000000000e+03
2.679000000000000000e+03
2.782000000000000000e+03
2.733000000000000000e+03
2.866000000000000000e+03
2.930000000000000000e+03
2.909000000000000000e+03
3.044000000000000000e+03
3.163000000000000000e+03
3.541000000000000000e+03
3.652000000000000000e+03
3.715000000000000000e+03
3.685000000000000000e+03
3.537000000000000000e+03
3.457000000000000000e+03
3.434000000000000000e+03
3.390000000000000000e+03
3.589000000000000000e+03
3.577000000000000000e+03
3.852000000000000000e+03
3.659000000000000000e+03
3.648000000000000000e+03
3.835000000000000000e+03
3.873000000000000000e+03
3.804000000000000000e+03
3.679000000000000000e+03
3.892000000000000000e+03
3.789000000000000000e+03
3.866000000000000000e+03
3.745000000000000000e+03
3.517000000000000000e+03
3.609000000000000000e+03
3.603000000000000000e+03
3.593000000000000000e+03
3.552000000000000000e+03
3.542000000000000000e+03
3.555000000000000000e+03
3.678000000000000000e+03
3.887000000000000000e+03
4.124000000000000000e+03
4.529000000000000000e+03
4.824000000000000000e+03
5.037000000000000000e+03
5.246000000000000000e+03
5.470000000000000000e+03
5.699000000000000000e+03
5.625000000000000000e+03
5.536000000000000000e+03
5.644000000000000000e+03
5.920000000000000000e+03
6.288000000000000000e+03
6.467000000000000000e+03
6.469000000000000000e+03
6.570000000000000000e+03
6.535000000000000000e+03
6.201000000000000000e+03
6.079000000000000000e+03
5.748000000000000000e+03
5.641000000000000000e+03
5.639000000000000000e+03
5.567000000000000000e+03
5.345000000000000000e+03
5.401000000000000000e+03
5.400000000000000000e+03
5.672000000000000000e+03
5.642000000000000000e+03
5.608000000000000000e+03
5.904000000000000000e+03
6.010000000000000000e+03
6.266000000000000000e+03
6.414000000000000000e+03
6.724000000000000000e+03
6.707000000000000000e+03
6.771000000000000000e+03
6.817000000000000000e+03
6.718000000000000000e+03
6.586000000000000000e+03
6.562000000000000000e+03
6.529000000000000000e+03
6.437000000000000000e+03
6.381000000000000000e+03
6.578000000000000000e+03
6.425000000000000000e+03
6.279000000000000000e+03
6.342000000000000000e+03
6.360000000000000000e+03
6.627000000000000000e+03
6.739000000000000000e+03
6.919000000000000000e+03
7.076000000000000000e+03
7.246000000000000000e+03
7.278000000000000000e+03
7.405000000000000000e+03
7.700000000000000000e+03
7.881000000000000000e+03
8.282000000000000000e+03
8.621000000000000000e+03
8.855000000000000000e+03
8.965000000000000000e+03
9.202000000000000000e+03
9.117000000000000000e+03
9.527000000000000000e+03
9.529000000000000000e+03
9.854000000000000000e+03
1.006800000000000000e+04
1.017300000000000000e+04
1.024400000000000000e+04
1.036300000000000000e+04
1.048600000000000000e+04
1.073800000000000000e+04
1.120600000000000000e+04
1.171300000000000000e+04
1.208900000000000000e+04
1.213400000000000000e+04
1.238600000000000000e+04
1.269300000000000000e+04
1.251900000000000000e+04
1.248000000000000000e+04
1.240200000000000000e+04
1.233900000000000000e+04
1.224600000000000000e+04
1.223200000000000000e+04
1.256000000000000000e+04
1.215900000000000000e+04
1.178600000000000000e+04
1.148900000000000000e+04
1.111900000000000000e+04
1.062800000000000000e+04
1.015200000000000000e+04
1.018200000000000000e+04
1.013200000000000000e+04
1.068000000000000000e+04
1.079200000000000000e+04
1.081200000000000000e+04
1.091700000000000000e+04
1.040900000000000000e+04
1.017800000000000000e+04
9.990000000000000000e+03
9.573000000000000000e+03
9.234000000000000000e+03
8.891000000000000000e+03
8.740000000000000000e+03
8.629000000000000000e+03
8.865000000000000000e+03
9.510000000000000000e+03
1.049600000000000000e+04
1.352300000000000000e+04
1.933200000000000000e+04
2.713900000000000000e+04
6.678100000000000000e+04
1.167800000000000000e+04
3.931000000000000000e+03
2.762000000000000000e+03
1.909000000000000000e+03
1.489000000000000000e+03
1.299000000000000000e+03
1.114000000000000000e+03
1.154000000000000000e+03
1.142000000000000000e+03
1.237000000000000000e+03
1.443000000000000000e+03
1.605000000000000000e+03
1.808000000000000000e+03
2.153000000000000000e+03
2.348000000000000000e+03
2.263000000000000000e+03
2.080000000000000000e+03
1.866000000000000000e+03
1.718000000000000000e+03
1.554000000000000000e+03
1.606000000000000000e+03
1.478000000000000000e+03
1.638000000000000000e+03
1.470000000000000000e+03
1.393000000000000000e+03
1.390000000000000000e+03
1.454000000000000000e+03
1.528000000000000000e+03
1.575000000000000000e+03
1.658000000000000000e+03
1.815000000000000000e+03
1.982000000000000000e+03
2.232000000000000000e+03
2.380000000000000000e+03
2.808000000000000000e+03
3.176000000000000000e+03
3.668000000000000000e+03
4.028000000000000000e+03
4.560000000000000000e+03
4.673000000000000000e+03
4.978000000000000000e+03
5.027000000000000000e+03
5.509000000000000000e+03
5.875000000000000000e+03
5.934000000000000000e+03
5.741000000000000000e+03
5.441000000000000000e+03
4.840000000000000000e+03
4.461000000000000000e+03
4.213000000000000000e+03
4.086000000000000000e+03
3.983000000000000000e+03
4.155000000000000000e+03
3.954000000000000000e+03
3.898000000000000000e+03
3.737000000000000000e+03
3.844000000000000000e+03
3.644000000000000000e+03
3.654000000000000000e+03
3.333000000000000000e+03
3.076000000000000000e+03
2.831000000000000000e+03
2.807000000000000000e+03
2.825000000000000000e+03
2.705000000000000000e+03
2.622000000000000000e+03
2.671000000000000000e+03
2.694000000000000000e+03
2.947000000000000000e+03
3.267000000000000000e+03
3.509000000000000000e+03
3.521000000000000000e+03
3.800000000000000000e+03
4.037000000000000000e+03
4.434000000000000000e+03
4.261000000000000000e+03
4.053000000000000000e+03
3.960000000000000000e+03
4.155000000000000000e+03
4.124000000000000000e+03
3.953000000000000000e+03
3.960000000000000000e+03
4.171000000000000000e+03
4.715000000000000000e+03
4.934000000000000000e+03
5.153000000000000000e+03
5.524000000000000000e+03
5.828000000000000000e+03
5.904000000000000000e+03
5.685000000000000000e+03
5.747000000000000000e+03
6.139000000000000000e+03
6.397000000000000000e+03
6.328000000000000000e+03
6.214000000000000000e+03
6.068000000000000000e+03
6.327000000000000000e+03
5.870000000000000000e+03
5.490000000000000000e+03
4.969000000000000000e+03
4.775000000000000000e+03
4.441000000000000000e+03
4.230000000000000000e+03
4.075000000000000000e+03
3.980000000000000000e+03
3.882000000000000000e+03
3.817000000000000000e+03
3.685000000000000000e+03
3.870000000000000000e+03
3.972000000000000000e+03
4.071000000000000000e+03
4.315000000000000000e+03
4.324000000000000000e+03
4.632000000000000000e+03
4.484000000000000000e+03
4.941000000000000000e+03
4.958000000000000000e+03
5.136000000000000000e+03
5.524000000000000000e+03
5.689000000000000000e+03
5.777000000000000000e+03
5.857000000000000000e+03
5.881000000000000000e+03
5.735000000000000000e+03
5.508000000000000000e+03
5.235000000000000000e+03
5.266000000000000000e+03
5.067000000000000000e+03
5.062000000000000000e+03
5.160000000000000000e+03
5.047000000000000000e+03
5.143000000000000000e+03
4.931000000000000000e+03
4.745000000000000000e+03
4.662000000000000000e+03
4.405000000000000000e+03
4.137000000000000000e+03
4.065000000000000000e+03
3.938000000000000000e+03
4.005000000000000000e+03
3.720000000000000000e+03
3.779000000000000000e+03
3.892000000000000000e+03
3.763000000000000000e+03
3.862000000000000000e+03
4.016000000000000000e+03
4.314000000000000000e+03
4.331000000000000000e+03
4.413000000000000000e+03
4.525000000000000000e+03
4.677000000000000000e+03
4.809000000000000000e+03
5.116000000000000000e+03
5.510000000000000000e+03
5.926000000000000000e+03
6.152000000000000000e+03
6.286000000000000000e+03
6.432000000000000000e+03
6.755000000000000000e+03
6.973000000000000000e+03
7.302000000000000000e+03
7.458000000000000000e+03
7.834000000000000000e+03
8.022000000000000000e+03
8.250000000000000000e+03
8.407000000000000000e+03
8.351000000000000000e+03
8.824000000000000000e+03
8.828000000000000000e+03
8.784000000000000000e+03
8.846000000000000000e+03
8.785000000000000000e+03
8.810000000000000000e+03
8.672000000000000000e+03
8.370000000000000000e+03
8.551000000000000000e+03
8.227000000000000000e+03
8.308000000000000000e+03
8.236000000000000000e+03
8.379000000000000000e+03
8.315000000000000000e+03
8.440000000000000000e+03
8.724000000000000000e+03
8.669000000000000000e+03
8.568000000000000000e+03
8.565000000000000000e+03
8.484000000000000000e+03
8.801000000000000000e+03
8.929000000000000000e+03
9.050000000000000000e+03
9.181000000000000000e+03
9.182000000000000000e+03
9.538000000000000000e+03
9.853000000000000000e+03
1.010300000000000000e+04
1.006300000000000000e+04
9.944000000000000000e+03
1.005200000000000000e+04
1.016900000000000000e+04
1.077200000000000000e+04
1.082500000000000000e+04
1.103000000000000000e+04
1.137000000000000000e+04
1.138100000000000000e+04
1.145300000000000000e+04
1.138800000000000000e+04
1.146400000000000000e+04
1.152400000000000000e+04
1.150300000000000000e+04
1.159200000000000000e+04
1.184900000000000000e+04
1.258900000000000000e+04
1.288900000000000000e+04
1.290500000000000000e+04
1.306300000000000000e+04
1.354200000000000000e+04
1.355800000000000000e+04
1.291100000000000000e+04
1.249800000000000000e+04
1.192000000000000000e+04
1.049700000000000000e+04
9.632000000000000000e+03
8.948000000000000000e+03
8.735000000000000000e+03
8.062000000000000000e+03
8.022000000000000000e+03
7.647000000000000000e+03
7.402000000000000000e+03
6.664000000000000000e+03
6.273000000000000000e+03
5.683000000000000000e+03
5.183000000000000000e+03
4.830000000000000000e+03
4.755000000000000000e+03
4.591000000000000000e+03
4.460000000000000000e+03
4.501000000000000000e+03
4.420000000000000000e+03
4.245000000000000000e+03
4.347000000000000000e+03
4.448000000000000000e+03
4.529000000000000000e+03
4.487000000000000000e+03
4.288000000000000000e+03
3.494000000000000000e+03
3.137000000000000000e+03
3.100000000000000000e+03
5.039000000000000000e+03
7.346000000000000000e+03
3.744000000000000000e+03
3.913000000000000000e+03
3.242000000000000000e+03
2.769000000000000000e+03
2.809000000000000000e+03
2.627000000000000000e+03
9.506000000000000000e+03
1.881200000000000000e+04
5.312000000000000000e+03
3.642000000000000000e+03
2.627000000000000000e+03
2.206000000000000000e+03
1.971000000000000000e+03
1.659000000000000000e+03
1.549000000000000000e+03
1.529000000000000000e+03
1.456000000000000000e+03
1.456000000000000000e+03
1.577000000000000000e+03
1.656000000000000000e+03
1.722000000000000000e+03
1.820000000000000000e+03
2.055000000000000000e+03
2.087000000000000000e+03
2.206000000000000000e+03
2.178000000000000000e+03
2.518000000000000000e+03
2.790000000000000000e+03
3.150000000000000000e+03
3.257000000000000000e+03
3.112000000000000000e+03
2.957000000000000000e+03
2.836000000000000000e+03
2.864000000000000000e+03
3.146000000000000000e+03
3.163000000000000000e+03
3.337000000000000000e+03
3.824000000000000000e+03
4.108000000000000000e+03
4.381000000000000000e+03
4.419000000000000000e+03
4.369000000000000000e+03
4.180000000000000000e+03
4.183000000000000000e+03
3.901000000000000000e+03
3.854000000000000000e+03
3.565000000000000000e+03
3.356000000000000000e+03
3.294000000000000000e+03
3.023000000000000000e+03
3.102000000000000000e+03
3.175000000000000000e+03
3.100000000000000000e+03
3.113000000000000000e+03
2.998000000000000000e+03
3.033000000000000000e+03
3.085000000000000000e+03
3.140000000000000000e+03
3.360000000000000000e+03
3.624000000000000000e+03
3.850000000000000000e+03
4.011000000000000000e+03
4.191000000000000000e+03
3.855000000000000000e+03
3.789000000000000000e+03
3.439000000000000000e+03
3.157000000000000000e+03
3.173000000000000000e+03
2.973000000000000000e+03
2.808000000000000000e+03
2.788000000000000000e+03
2.873000000000000000e+03
3.080000000000000000e+03
3.077000000000000000e+03
3.114000000000000000e+03
3.344000000000000000e+03
3.585000000000000000e+03
3.665000000000000000e+03
3.895000000000000000e+03
3.856000000000000000e+03
3.907000000000000000e+03
3.927000000000000000e+03
4.206000000000000000e+03
4.561000000000000000e+03
5.159000000000000000e+03
5.264000000000000000e+03
5.721000000000000000e+03
5.646000000000000000e+03
5.270000000000000000e+03
5.014000000000000000e+03
4.836000000000000000e+03
4.842000000000000000e+03
4.926000000000000000e+03
5.026000000000000000e+03
4.795000000000000000e+03
4.955000000000000000e+03
4.966000000000000000e+03
5.075000000000000000e+03
5.167000000000000000e+03
5.470000000000000000e+03
5.623000000000000000e+03
5.471000000000000000e+03
5.342000000000000000e+03
5.605000000000000000e+03
5.862000000000000000e+03
6.234000000000000000e+03
6.301000000000000000e+03
6.594000000000000000e+03
6.526000000000000000e+03
6.837000000000000000e+03
7.740000000000000000e+03
7.668000000000000000e+03
7.464000000000000000e+03
7.610000000000000000e+03
7.342000000000000000e+03
7.265000000000000000e+03
6.790000000000000000e+03
6.521000000000000000e+03
6.260000000000000000e+03
6.030000000000000000e+03
5.686000000000000000e+03
5.459000000000000000e+03
5.353000000000000000e+03
5.314000000000000000e+03
5.562000000000000000e+03
5.383000000000000000e+03
5.537000000000000000e+03
5.577000000000000000e+03
5.727000000000000000e+03
5.787000000000000000e+03
5.650000000000000000e+03
5.629000000000000000e+03
5.525000000000000000e+03
5.445000000000000000e+03
5.304000000000000000e+03
5.265000000000000000e+03
5.076000000000000000e+03
5.156000000000000000e+03
5.195000000000000000e+03
5.206000000000000000e+03
5.333000000000000000e+03
5.363000000000000000e+03
5.664000000000000000e+03
5.710000000000000000e+03
5.639000000000000000e+03
5.427000000000000000e+03
5.121000000000000000e+03
5.100000000000000000e+03
5.229000000000000000e+03
5.221000000000000000e+03
5.151000000000000000e+03
5.269000000000000000e+03
5.242000000000000000e+03
5.509000000000000000e+03
5.473000000000000000e+03
5.660000000000000000e+03
5.837000000000000000e+03
6.002000000000000000e+03
6.211000000000000000e+03
6.233000000000000000e+03
6.185000000000000000e+03
5.940000000000000000e+03
5.906000000000000000e+03
5.938000000000000000e+03
6.195000000000000000e+03
6.421000000000000000e+03
6.365000000000000000e+03
6.252000000000000000e+03
6.124000000000000000e+03
6.199000000000000000e+03
6.196000000000000000e+03
6.263000000000000000e+03
6.610000000000000000e+03
6.689000000000000000e+03
6.968000000000000000e+03
6.956000000000000000e+03
7.211000000000000000e+03
7.346000000000000000e+03
7.718000000000000000e+03
8.010000000000000000e+03
8.291000000000000000e+03
8.305000000000000000e+03
8.054000000000000000e+03
7.423000000000000000e+03
7.290000000000000000e+03
8.102000000000000000e+03
8.833000000000000000e+03
9.457000000000000000e+03
9.325000000000000000e+03
8.578000000000000000e+03
7.714000000000000000e+03
6.623000000000000000e+03
6.333000000000000000e+03
5.905000000000000000e+03
5.615000000000000000e+03
5.567000000000000000e+03
5.578000000000000000e+03
5.666000000000000000e+03
5.791000000000000000e+03
5.781000000000000000e+03
6.132000000000000000e+03
6.345000000000000000e+03
6.511000000000000000e+03
6.812000000000000000e+03
7.063000000000000000e+03
7.316000000000000000e+03
7.665000000000000000e+03
7.917000000000000000e+03
8.100000000000000000e+03
8.232000000000000000e+03
8.337000000000000000e+03
8.686000000000000000e+03
8.714000000000000000e+03
8.734000000000000000e+03
8.625000000000000000e+03
8.408000000000000000e+03
8.610000000000000000e+03
8.412000000000000000e+03
8.710000000000000000e+03
8.388000000000000000e+03
8.528000000000000000e+03
8.578000000000000000e+03
8.818000000000000000e+03
8.829000000000000000e+03
8.852000000000000000e+03
9.176000000000000000e+03
9.211000000000000000e+03
9.532000000000000000e+03
9.464000000000000000e+03
9.573000000000000000e+03
9.683000000000000000e+03
9.569000000000000000e+03
9.558000000000000000e+03
9.375000000000000000e+03
9.323000000000000000e+03
9.066000000000000000e+03
8.868000000000000000e+03
8.772000000000000000e+03
8.111000000000000000e+03
7.788000000000000000e+03
7.198000000000000000e+03
6.429000000000000000e+03
5.881000000000000000e+03
5.322000000000000000e+03
4.938000000000000000e+03
4.615000000000000000e+03
4.655000000000000000e+03
4.374000000000000000e+03
4.300000000000000000e+03
4.256000000000000000e+03
3.948000000000000000e+03
3.895000000000000000e+03
3.955000000000000000e+03
4.013000000000000000e+03
4.149000000000000000e+03
3.955000000000000000e+03
4.166000000000000000e+03
4.157000000000000000e+03
4.346000000000000000e+03
4.795000000000000000e+03
6.008000000000000000e+03
1.066500000000000000e+04
2.545800000000000000e+04
