1.029000000000000000e+03
1.510000000000000000e+02
1.510000000000000000e+02
1.600000000000000000e+02
1.610000000000000000e+02
1.430000000000000000e+02
1.550000000000000000e+02
1.790000000000000000e+02
1.660000000000000000e+02
1.490000000000000000e+02
1.420000000000000000e+02
1.450000000000000000e+02
1.790000000000000000e+02
2.210000000000000000e+02
1.940000000000000000e+02
2.230000000000000000e+02
2.430000000000000000e+02
2.530000000000000000e+02
3.080000000000000000e+02
3.140000000000000000e+02
3.210000000000000000e+02
3.750000000000000000e+02
3.700000000000000000e+02
4.250000000000000000e+02
4.280000000000000000e+02
4.830000000000000000e+02
4.770000000000000000e+02
5.460000000000000000e+02
5.420000000000000000e+02
6.540000000000000000e+02
6.960000000000000000e+02
7.340000000000000000e+02
7.650000000000000000e+02
7.960000000000000000e+02
9.050000000000000000e+02
8.190000000000000000e+02
8.950000000000000000e+02
9.890000000000000000e+02
9.820000000000000000e+02
1.044000000000000000e+03
1.154000000000000000e+03
1.154000000000000000e+03
1.279000000000000000e+03
1.234000000000000000e+03
1.240000000000000000e+03
1.310000000000000000e+03
1.314000000000000000e+03
1.413000000000000000e+03
1.399000000000000000e+03
1.444000000000000000e+03
1.461000000000000000e+03
1.438000000000000000e+03
1.461000000000000000e+03
1.508000000000000000e+03
1.528000000000000000e+03
1.558000000000000000e+03
1.474000000000000000e+03
1.545000000000000000e+03
1.585000000000000000e+03
1.545000000000000000e+03
1.547000000000000000e+03
1.440000000000000000e+03
1.427000000000000000e+03
1.495000000000000000e+03
1.464000000000000000e+03
1.325000000000000000e+03
1.397000000000000000e+03
1.365000000000000000e+03
1.358000000000000000e+03
1.308000000000000000e+03
1.274000000000000000e+03
1.279000000000000000e+03
1.231000000000000000e+03
1.187000000000000000e+03
1.141000000000000000e+03
1.060000000000000000e+03
9.970000000000000000e+02
1.029000000000000000e+03
9.660000000000000000e+02
9.020000000000000000e+02
8.540000000000000000e+02
8.520000000000000000e+02
7.620000000000000000e+02
7.720000000000000000e+02
7.110000000000000000e+02
7.130000000000000000e+02
6.640000000000000000e+02
6.450000000000000000e+02
6.300000000000000000e+02
6.020000000000000000e+02
5.430000000000000000e+02
4.770000000000000000e+02
4.340000000000000000e+02
4.630000000000000000e+02
4.100000000000000000e+02
3.550000000000000000e+02
3.500000000000000000e+02
3.190000000000000000e+02
3.230000000000000000e+02
3.100000000000000000e+02
2.840000000000000000e+02
2.880000000000000000e+02
2.660000000000000000e+02
2.520000000000000000e+02
2.380000000000000000e+02
2.060000000000000000e+02
1.840000000000000000e+02
1.920000000000000000e+02
1.850000000000000000e+02
1.600000000000000000e+02
1.580000000000000000e+02
1.470000000000000000e+02
1.390000000000000000e+02
1.280000000000000000e+02
1.180000000000000000e+02
1.100000000000000000e+02
1.130000000000000000e+02
1.030000000000000000e+02
8.000000000000000000e+01
1.100000000000000000e+02
1.010000000000000000e+02
9.300000000000000000e+01
9.900000000000000000e+01
9.700000000000000000e+01
7.700000000000000000e+01
7.300000000000000000e+01
6.700000000000000000e+01
6.000000000000000000e+01
7.300000000000000000e+01
7.200000000000000000e+01
7.400000000000000000e+01
6.800000000000000000e+01
6.000000000000000000e+01
6.600000000000000000e+01
5.800000000000000000e+01
6.000000000000000000e+01
5.500000000000000000e+01
4.800000000000000000e+01
5.700000000000000000e+01
5.000000000000000000e+01
4.400000000000000000e+01
5.900000000000000000e+01
4.800000000000000000e+01
4.700000000000000000e+01
4.800000000000000000e+01
3.900000000000000000e+01
3.400000000000000000e+01
5.300000000000000000e+01
4.100000000000000000e+01
3.400000000000000000e+01
4.200000000000000000e+01
4.100000000000000000e+01
4.000000000000000000e+01
3.700000000000000000e+01
4.700000000000000000e+01
4.000000000000000000e+01
4.600000000000000000e+01
4.600000000000000000e+01
3.800000000000000000e+01
3.000000000000000000e+01
3.200000000000000000e+01
2.500000000000000000e+01
3.300000000000000000e+01
2.500000000000000000e+01
3.300000000000000000e+01
4.200000000000000000e+01
5.000000000000000000e+01
3.300000000000000000e+01
3.300000000000000000e+01
4.300000000000000000e+01
3.100000000000000000e+01
2.600000000000000000e+01
3.800000000000000000e+01
4.800000000000000000e+01
3.500000000000000000e+01
2.900000000000000000e+01
3.700000000000000000e+01
4.500000000000000000e+01
4.000000000000000000e+01
3.400000000000000000e+01
3.300000000000000000e+01
4.100000000000000000e+01
3.700000000000000000e+01
3.200000000000000000e+01
4.200000000000000000e+01
3.900000000000000000e+01
2.600000000000000000e+01
2.800000000000000000e+01
2.700000000000000000e+01
4.100000000000000000e+01
4.500000000000000000e+01
3.600000000000000000e+01
4.800000000000000000e+01
3.800000000000000000e+01
4.200000000000000000e+01
5.200000000000000000e+01
5.400000000000000000e+01
4.200000000000000000e+01
6.900000000000000000e+01
5.800000000000000000e+01
5.500000000000000000e+01
6.400000000000000000e+01
6.400000000000000000e+01
7.000000000000000000e+01
6.400000000000000000e+01
8.000000000000000000e+01
5.000000000000000000e+01
5.800000000000000000e+01
6.800000000000000000e+01
6.900000000000000000e+01
7.700000000000000000e+01
7.100000000000000000e+01
7.600000000000000000e+01
8.200000000000000000e+01
9.900000000000000000e+01
1.090000000000000000e+02
1.030000000000000000e+02
1.310000000000000000e+02
1.800000000000000000e+02
1.710000000000000000e+02
1.770000000000000000e+02
1.800000000000000000e+02
2.350000000000000000e+02
2.910000000000000000e+02
4.190000000000000000e+02
5.610000000000000000e+02
6.730000000000000000e+02
8.680000000000000000e+02
1.078000000000000000e+03
1.060000000000000000e+03
5.860000000000000000e+02
3.370000000000000000e+02
1.850000000000000000e+02
1.170000000000000000e+02
5.500000000000000000e+01
3.100000000000000000e+01
2.600000000000000000e+01
1.500000000000000000e+01
1.400000000000000000e+01
1.700000000000000000e+01
1.300000000000000000e+01
4.000000000000000000e+00
5.000000000000000000e+00
6.000000000000000000e+00
0.000000000000000000e+00
2.000000000000000000e+00
0.000000000000000000e+00
1.000000000000000000e+00
1.000000000000000000e+00
2.000000000000000000e+00
1.000000000000000000e+00
0.000000000000000000e+00
0.000000000000000000e+00
1.000000000000000000e+00
0.000000000000000000e+00
0.000000000000000000e+00
2.470000000000000000e+02
1.320000000000000000e+02
1.190000000000000000e+02
1.150000000000000000e+02
9.200000000000000000e+01
8.700000000000000000e+01
8.700000000000000000e+01
7.900000000000000000e+01
8.500000000000000000e+01
7.300000000000000000e+01
7.500000000000000000e+01
7.700000000000000000e+01
8.500000000000000000e+01
7.700000000000000000e+01
8.700000000000000000e+01
7.100000000000000000e+01
9.900000000000000000e+01
8.000000000000000000e+01
8.300000000000000000e+01
9.900000000000000000e+01
1.000000000000000000e+02
9.400000000000000000e+01
1.050000000000000000e+02
1.280000000000000000e+02
1.110000000000000000e+02
1.250000000000000000e+02
1.290000000000000000e+02
1.320000000000000000e+02
1.430000000000000000e+02
1.370000000000000000e+02
1.860000000000000000e+02
1.750000000000000000e+02
1.710000000000000000e+02
1.860000000000000000e+02
1.840000000000000000e+02
1.960000000000000000e+02
2.400000000000000000e+02
2.580000000000000000e+02
3.020000000000000000e+02
3.000000000000000000e+02
3.210000000000000000e+02
3.220000000000000000e+02
3.390000000000000000e+02
3.480000000000000000e+02
3.790000000000000000e+02
4.210000000000000000e+02
4.640000000000000000e+02
4.780000000000000000e+02
5.230000000000000000e+02
4.840000000000000000e+02
5.010000000000000000e+02
6.000000000000000000e+02
5.590000000000000000e+02
5.880000000000000000e+02
5.820000000000000000e+02
6.470000000000000000e+02
5.960000000000000000e+02
6.690000000000000000e+02
6.710000000000000000e+02
6.730000000000000000e+02
6.950000000000000000e+02
7.350000000000000000e+02
7.040000000000000000e+02
7.240000000000000000e+02
7.180000000000000000e+02
7.180000000000000000e+02
7.940000000000000000e+02
8.410000000000000000e+02
8.500000000000000000e+02
8.710000000000000000e+02
8.580000000000000000e+02
9.300000000000000000e+02
9.520000000000000000e+02
9.710000000000000000e+02
9.840000000000000000e+02
1.040000000000000000e+03
9.940000000000000000e+02
1.123000000000000000e+03
1.107000000000000000e+03
1.105000000000000000e+03
1.090000000000000000e+03
1.143000000000000000e+03
1.133000000000000000e+03
1.133000000000000000e+03
1.199000000000000000e+03
1.151000000000000000e+03
1.157000000000000000e+03
1.224000000000000000e+03
1.179000000000000000e+03
1.181000000000000000e+03
1.167000000000000000e+03
1.141000000000000000e+03
1.207000000000000000e+03
1.220000000000000000e+03
1.126000000000000000e+03
1.202000000000000000e+03
1.232000000000000000e+03
1.194000000000000000e+03
1.155000000000000000e+03
1.077000000000000000e+03
1.154000000000000000e+03
1.108000000000000000e+03
1.018000000000000000e+03
1.056000000000000000e+03
1.038000000000000000e+03
9.800000000000000000e+02
9.850000000000000000e+02
9.130000000000000000e+02
8.990000000000000000e+02
8.970000000000000000e+02
8.350000000000000000e+02
8.730000000000000000e+02
7.960000000000000000e+02
7.130000000000000000e+02
7.410000000000000000e+02
7.420000000000000000e+02
7.030000000000000000e+02
6.380000000000000000e+02
6.650000000000000000e+02
6.440000000000000000e+02
6.210000000000000000e+02
5.840000000000000000e+02
5.790000000000000000e+02
5.640000000000000000e+02
5.460000000000000000e+02
5.350000000000000000e+02
4.570000000000000000e+02
4.620000000000000000e+02
4.470000000000000000e+02
4.420000000000000000e+02
4.410000000000000000e+02
3.710000000000000000e+02
3.610000000000000000e+02
3.490000000000000000e+02
3.300000000000000000e+02
3.490000000000000000e+02
3.410000000000000000e+02
3.150000000000000000e+02
3.200000000000000000e+02
3.130000000000000000e+02
2.370000000000000000e+02
2.700000000000000000e+02
2.800000000000000000e+02
2.390000000000000000e+02
2.370000000000000000e+02
2.360000000000000000e+02
2.300000000000000000e+02
2.400000000000000000e+02
1.970000000000000000e+02
1.930000000000000000e+02
1.750000000000000000e+02
1.990000000000000000e+02
1.910000000000000000e+02
1.730000000000000000e+02
1.650000000000000000e+02
1.700000000000000000e+02
1.300000000000000000e+02
1.520000000000000000e+02
1.320000000000000000e+02
1.420000000000000000e+02
1.460000000000000000e+02
1.400000000000000000e+02
1.100000000000000000e+02
1.270000000000000000e+02
1.010000000000000000e+02
1.150000000000000000e+02
1.050000000000000000e+02
1.060000000000000000e+02
9.800000000000000000e+01
9.800000000000000000e+01
9.900000000000000000e+01
1.020000000000000000e+02
9.000000000000000000e+01
1.160000000000000000e+02
9.500000000000000000e+01
9.000000000000000000e+01
9.700000000000000000e+01
6.700000000000000000e+01
7.200000000000000000e+01
7.500000000000000000e+01
7.100000000000000000e+01
7.400000000000000000e+01
8.600000000000000000e+01
7.000000000000000000e+01
7.600000000000000000e+01
5.800000000000000000e+01
5.400000000000000000e+01
6.600000000000000000e+01
8.400000000000000000e+01
6.500000000000000000e+01
7.700000000000000000e+01
5.900000000000000000e+01
5.800000000000000000e+01
7.100000000000000000e+01
6.800000000000000000e+01
5.400000000000000000e+01
8.000000000000000000e+01
8.400000000000000000e+01
7.500000000000000000e+01
7.400000000000000000e+01
7.300000000000000000e+01
8.000000000000000000e+01
8.800000000000000000e+01
8.000000000000000000e+01
8.300000000000000000e+01
8.100000000000000000e+01
6.800000000000000000e+01
8.000000000000000000e+01
9.000000000000000000e+01
1.030000000000000000e+02
1.020000000000000000e+02
1.300000000000000000e+02
1.230000000000000000e+02
1.350000000000000000e+02
1.560000000000000000e+02
2.020000000000000000e+02
2.460000000000000000e+02
2.550000000000000000e+02
3.210000000000000000e+02
3.480000000000000000e+02
4.820000000000000000e+02
3.440000000000000000e+02
3.740000000000000000e+02
4.670000000000000000e+02
4.030000000000000000e+02
4.740000000000000000e+02
4.720000000000000000e+02
5.420000000000000000e+02
6.690000000000000000e+02
5.240000000000000000e+02
2.080000000000000000e+02
1.110000000000000000e+02
6.000000000000000000e+01
6.100000000000000000e+01
3.500000000000000000e+01
3.600000000000000000e+01
1.900000000000000000e+01
1.900000000000000000e+01
1.400000000000000000e+01
1.400000000000000000e+01
3.000000000000000000e+00
6.000000000000000000e+00
3.000000000000000000e+00
4.000000000000000000e+00
2.000000000000000000e+00
2.000000000000000000e+00
1.000000000000000000e+00
1.000000000000000000e+00
1.000000000000000000e+00
1.000000000000000000e+00
1.000000000000000000e+00
0.000000000000000000e+00
0.000000000000000000e+00
0.000000000000000000e+00
0.000000000000000000e+00
0.000000000000000000e+00
4.900000000000000000e+01
4.300000000000000000e+01
5.100000000000000000e+01
5.600000000000000000e+01
7.100000000000000000e+01
5.100000000000000000e+01
7.400000000000000000e+01
5.100000000000000000e+01
4.300000000000000000e+01
6.200000000000000000e+01
5.200000000000000000e+01
7.000000000000000000e+01
5.100000000000000000e+01
5.000000000000000000e+01
6.500000000000000000e+01
6.500000000000000000e+01
8.300000000000000000e+01
7.200000000000000000e+01
6.200000000000000000e+01
6.100000000000000000e+01
8.200000000000000000e+01
6.900000000000000000e+01
8.500000000000000000e+01
7.900000000000000000e+01
1.010000000000000000e+02
8.100000000000000000e+01
1.080000000000000000e+02
1.170000000000000000e+02
1.040000000000000000e+02
1.160000000000000000e+02
1.210000000000000000e+02
1.320000000000000000e+02
1.380000000000000000e+02
1.200000000000000000e+02
1.320000000000000000e+02
1.180000000000000000e+02
1.360000000000000000e+02
1.520000000000000000e+02
1.520000000000000000e+02
1.310000000000000000e+02
1.550000000000000000e+02
1.380000000000000000e+02
1.760000000000000000e+02
1.660000000000000000e+02
1.530000000000000000e+02
1.730000000000000000e+02
1.700000000000000000e+02
1.980000000000000000e+02
1.940000000000000000e+02
1.880000000000000000e+02
1.900000000000000000e+02
1.940000000000000000e+02
2.100000000000000000e+02
2.210000000000000000e+02
2.240000000000000000e+02
2.430000000000000000e+02
2.680000000000000000e+02
2.690000000000000000e+02
2.660000000000000000e+02
2.460000000000000000e+02
2.710000000000000000e+02
2.710000000000000000e+02
3.280000000000000000e+02
3.230000000000000000e+02
3.160000000000000000e+02
3.670000000000000000e+02
3.580000000000000000e+02
3.760000000000000000e+02
3.740000000000000000e+02
3.760000000000000000e+02
3.850000000000000000e+02
4.280000000000000000e+02
4.200000000000000000e+02
4.230000000000000000e+02
4.370000000000000000e+02
4.350000000000000000e+02
4.640000000000000000e+02
4.920000000000000000e+02
5.210000000000000000e+02
4.770000000000000000e+02
5.370000000000000000e+02
5.160000000000000000e+02
4.930000000000000000e+02
5.030000000000000000e+02
5.470000000000000000e+02
5.440000000000000000e+02
5.820000000000000000e+02
5.700000000000000000e+02
5.860000000000000000e+02
5.760000000000000000e+02
6.280000000000000000e+02
6.010000000000000000e+02
6.380000000000000000e+02
6.670000000000000000e+02
6.140000000000000000e+02
6.670000000000000000e+02
6.700000000000000000e+02
6.570000000000000000e+02
7.030000000000000000e+02
7.360000000000000000e+02
6.780000000000000000e+02
7.130000000000000000e+02
6.770000000000000000e+02
7.090000000000000000e+02
7.320000000000000000e+02
7.360000000000000000e+02
7.330000000000000000e+02
7.460000000000000000e+02
6.840000000000000000e+02
7.100000000000000000e+02
7.440000000000000000e+02
7.150000000000000000e+02
6.960000000000000000e+02
7.420000000000000000e+02
7.250000000000000000e+02
8.020000000000000000e+02
7.890000000000000000e+02
7.660000000000000000e+02
8.200000000000000000e+02
7.620000000000000000e+02
8.340000000000000000e+02
7.600000000000000000e+02
7.980000000000000000e+02
7.740000000000000000e+02
7.940000000000000000e+02
7.570000000000000000e+02
7.380000000000000000e+02
7.290000000000000000e+02
7.580000000000000000e+02
7.340000000000000000e+02
7.680000000000000000e+02
7.270000000000000000e+02
7.360000000000000000e+02
6.990000000000000000e+02
7.420000000000000000e+02
6.550000000000000000e+02
6.950000000000000000e+02
7.210000000000000000e+02
6.750000000000000000e+02
6.550000000000000000e+02
7.060000000000000000e+02
6.760000000000000000e+02
6.760000000000000000e+02
6.950000000000000000e+02
6.490000000000000000e+02
6.700000000000000000e+02
6.470000000000000000e+02
6.150000000000000000e+02
6.320000000000000000e+02
6.710000000000000000e+02
6.860000000000000000e+02
6.360000000000000000e+02
6.700000000000000000e+02
6.210000000000000000e+02
6.060000000000000000e+02
6.250000000000000000e+02
5.880000000000000000e+02
6.000000000000000000e+02
5.880000000000000000e+02
6.080000000000000000e+02
5.880000000000000000e+02
6.080000000000000000e+02
5.530000000000000000e+02
5.060000000000000000e+02
5.900000000000000000e+02
5.240000000000000000e+02
4.800000000000000000e+02
5.320000000000000000e+02
5.490000000000000000e+02
5.300000000000000000e+02
4.770000000000000000e+02
5.100000000000000000e+02
4.710000000000000000e+02
4.860000000000000000e+02
4.700000000000000000e+02
5.040000000000000000e+02
4.170000000000000000e+02
4.650000000000000000e+02
4.610000000000000000e+02
4.260000000000000000e+02
4.530000000000000000e+02
4.710000000000000000e+02
4.130000000000000000e+02
3.900000000000000000e+02
3.910000000000000000e+02
3.820000000000000000e+02
3.830000000000000000e+02
4.100000000000000000e+02
3.770000000000000000e+02
3.720000000000000000e+02
3.780000000000000000e+02
3.990000000000000000e+02
3.750000000000000000e+02
4.140000000000000000e+02
3.720000000000000000e+02
3.530000000000000000e+02
3.440000000000000000e+02
3.720000000000000000e+02
4.350000000000000000e+02
4.510000000000000000e+02
4.450000000000000000e+02
5.100000000000000000e+02
4.120000000000000000e+02
4.070000000000000000e+02
4.150000000000000000e+02
4.210000000000000000e+02
4.700000000000000000e+02
3.690000000000000000e+02
4.510000000000000000e+02
4.010000000000000000e+02
3.480000000000000000e+02
3.980000000000000000e+02
3.970000000000000000e+02
2.880000000000000000e+02
2.810000000000000000e+02
3.260000000000000000e+02
4.620000000000000000e+02
3.630000000000000000e+02
3.520000000000000000e+02
2.930000000000000000e+02
3.330000000000000000e+02
2.570000000000000000e+02
2.770000000000000000e+02
3.140000000000000000e+02
2.180000000000000000e+02
1.520000000000000000e+02
1.290000000000000000e+02
1.220000000000000000e+02
8.900000000000000000e+01
6.600000000000000000e+01
8.800000000000000000e+01
8.100000000000000000e+01
5.500000000000000000e+01
5.700000000000000000e+01
4.900000000000000000e+01
5.500000000000000000e+01
3.800000000000000000e+01
3.400000000000000000e+01
3.400000000000000000e+01
3.200000000000000000e+01
2.900000000000000000e+01
3.500000000000000000e+01
2.400000000000000000e+01
2.100000000000000000e+01
2.300000000000000000e+01
1.700000000000000000e+01
1.600000000000000000e+01
9.000000000000000000e+00
1.900000000000000000e+01
1.400000000000000000e+01
8.000000000000000000e+00
8.000000000000000000e+00
6.000000000000000000e+00
4.000000000000000000e+00
9.000000000000000000e+00
2.300000000000000000e+01
