1.492800000000000000e+04
7.294000000000000000e+03
3.177000000000000000e+03
3.092000000000000000e+03
4.847000000000000000e+03
3.357000000000000000e+03
2.242000000000000000e+03
1.995000000000000000e+03
1.704000000000000000e+03
1.378000000000000000e+03
1.188000000000000000e+03
1.240000000000000000e+03
1.167000000000000000e+03
9.970000000000000000e+02
1.055000000000000000e+03
1.045000000000000000e+03
9.670000000000000000e+02
9.250000000000000000e+02
9.340000000000000000e+02
9.890000000000000000e+02
9.210000000000000000e+02
9.490000000000000000e+02
9.610000000000000000e+02
1.034000000000000000e+03
1.090000000000000000e+03
1.276000000000000000e+03
1.403000000000000000e+03
1.269000000000000000e+03
1.385000000000000000e+03
1.332000000000000000e+03
1.327000000000000000e+03
1.204000000000000000e+03
1.213000000000000000e+03
1.213000000000000000e+03
1.106000000000000000e+03
1.357000000000000000e+03
1.425000000000000000e+03
1.377000000000000000e+03
1.490000000000000000e+03
1.711000000000000000e+03
1.837000000000000000e+03
1.778000000000000000e+03
1.780000000000000000e+03
1.955000000000000000e+03
1.961000000000000000e+03
1.982000000000000000e+03
2.051000000000000000e+03
2.243000000000000000e+03
2.552000000000000000e+03
2.937000000000000000e+03
3.622000000000000000e+03
3.431000000000000000e+03
3.526000000000000000e+03
3.087000000000000000e+03
2.021000000000000000e+03
1.765000000000000000e+03
1.264000000000000000e+03
1.186000000000000000e+03
1.105000000000000000e+03
1.102000000000000000e+03
1.130000000000000000e+03
1.481000000000000000e+03
1.978000000000000000e+03
1.647000000000000000e+03
1.922000000000000000e+03
2.300000000000000000e+03
2.255000000000000000e+03
1.831000000000000000e+03
1.343000000000000000e+03
1.054000000000000000e+03
9.520000000000000000e+02
9.670000000000000000e+02
8.700000000000000000e+02
8.970000000000000000e+02
1.064000000000000000e+03
1.070000000000000000e+03
1.240000000000000000e+03
1.189000000000000000e+03
1.148000000000000000e+03
1.198000000000000000e+03
1.250000000000000000e+03
1.136000000000000000e+03
1.211000000000000000e+03
1.294000000000000000e+03
1.377000000000000000e+03
1.462000000000000000e+03
1.477000000000000000e+03
1.516000000000000000e+03
1.505000000000000000e+03
1.417000000000000000e+03
1.547000000000000000e+03
1.501000000000000000e+03
1.675000000000000000e+03
1.751000000000000000e+03
1.787000000000000000e+03
1.991000000000000000e+03
2.540000000000000000e+03
2.898000000000000000e+03
3.046000000000000000e+03
2.457000000000000000e+03
2.212000000000000000e+03
2.402000000000000000e+03
2.858000000000000000e+03
3.531000000000000000e+03
5.503000000000000000e+03
6.192000000000000000e+03
6.469000000000000000e+03
9.215000000000000000e+03
9.893000000000000000e+03
1.137400000000000000e+04
1.470900000000000000e+04
1.339300000000000000e+04
1.297300000000000000e+04
1.251800000000000000e+04
1.134900000000000000e+04
1.091900000000000000e+04
1.260000000000000000e+04
1.160700000000000000e+04
1.168400000000000000e+04
1.265900000000000000e+04
1.176100000000000000e+04
1.190300000000000000e+04
1.175600000000000000e+04
1.108800000000000000e+04
1.188400000000000000e+04
1.331000000000000000e+04
1.232700000000000000e+04
1.258600000000000000e+04
1.329300000000000000e+04
1.209900000000000000e+04
1.269900000000000000e+04
1.334200000000000000e+04
1.283800000000000000e+04
1.213400000000000000e+04
1.289500000000000000e+04
1.171400000000000000e+04
1.140500000000000000e+04
1.153600000000000000e+04
1.083200000000000000e+04
1.049600000000000000e+04
1.079800000000000000e+04
1.100900000000000000e+04
1.121900000000000000e+04
1.098900000000000000e+04
1.041700000000000000e+04
1.108000000000000000e+04
1.135400000000000000e+04
1.121600000000000000e+04
1.168400000000000000e+04
1.149600000000000000e+04
1.133500000000000000e+04
1.174000000000000000e+04
1.195400000000000000e+04
1.128600000000000000e+04
1.138800000000000000e+04
1.185200000000000000e+04
1.126400000000000000e+04
1.111500000000000000e+04
9.263000000000000000e+03
8.704000000000000000e+03
8.461000000000000000e+03
8.953000000000000000e+03
9.436000000000000000e+03
9.350000000000000000e+03
9.464000000000000000e+03
8.613000000000000000e+03
8.010000000000000000e+03
7.801000000000000000e+03
7.570000000000000000e+03
7.286000000000000000e+03
6.946000000000000000e+03
6.498000000000000000e+03
6.526000000000000000e+03
6.094000000000000000e+03
6.581000000000000000e+03
6.240000000000000000e+03
6.024000000000000000e+03
6.357000000000000000e+03
6.036000000000000000e+03
5.626000000000000000e+03
5.658000000000000000e+03
6.199000000000000000e+03
6.923000000000000000e+03
7.783000000000000000e+03
7.202000000000000000e+03
7.143000000000000000e+03
5.790000000000000000e+03
6.453000000000000000e+03
5.922000000000000000e+03
5.538000000000000000e+03
7.132000000000000000e+03
4.224000000000000000e+03
4.076000000000000000e+03
4.107000000000000000e+03
4.243000000000000000e+03
3.579000000000000000e+03
3.417000000000000000e+03
3.140000000000000000e+03
2.770000000000000000e+03
2.580000000000000000e+03
2.486000000000000000e+03
2.332000000000000000e+03
2.495000000000000000e+03
2.487000000000000000e+03
2.562000000000000000e+03
2.697000000000000000e+03
2.473000000000000000e+03
2.955000000000000000e+03
4.956000000000000000e+03
7.901000000000000000e+03
1.328800000000000000e+04
7.561000000000000000e+03
7.408000000000000000e+03
8.479000000000000000e+03
6.175000000000000000e+03
6.688000000000000000e+03
8.117000000000000000e+03
6.838000000000000000e+03
8.311000000000000000e+03
1.088000000000000000e+04
1.845400000000000000e+04
3.596000000000000000e+04
4.180400000000000000e+04
5.695700000000000000e+04
2.085800000000000000e+04
1.841500000000000000e+04
3.996800000000000000e+04
2.119600000000000000e+04
2.242900000000000000e+04
4.445000000000000000e+04
2.600000000000000000e+04
7.143000000000000000e+03
3.993000000000000000e+03
2.794000000000000000e+03
2.291000000000000000e+03
1.830000000000000000e+03
1.637000000000000000e+03
1.619000000000000000e+03
1.388000000000000000e+03
1.277000000000000000e+03
1.208000000000000000e+03
1.088000000000000000e+03
8.530000000000000000e+02
9.330000000000000000e+02
1.091000000000000000e+03
1.236000000000000000e+03
9.510000000000000000e+02
1.177000000000000000e+03
1.605000000000000000e+03
1.844000000000000000e+03
1.099000000000000000e+03
8.260000000000000000e+02
4.060000000000000000e+02
6.470000000000000000e+02
2.050000000000000000e+02
8.840000000000000000e+02
1.780500000000000000e+04
1.263300000000000000e+04
5.651000000000000000e+03
3.771000000000000000e+03
2.316000000000000000e+03
1.701000000000000000e+03
1.634000000000000000e+03
1.516000000000000000e+03
1.228000000000000000e+03
1.132000000000000000e+03
1.106000000000000000e+03
1.091000000000000000e+03
1.096000000000000000e+03
1.033000000000000000e+03
1.073000000000000000e+03
1.018000000000000000e+03
1.045000000000000000e+03
1.110000000000000000e+03
1.346000000000000000e+03
1.438000000000000000e+03
1.454000000000000000e+03
1.374000000000000000e+03
1.404000000000000000e+03
1.332000000000000000e+03
1.234000000000000000e+03
1.222000000000000000e+03
1.166000000000000000e+03
1.227000000000000000e+03
1.247000000000000000e+03
1.374000000000000000e+03
1.330000000000000000e+03
1.341000000000000000e+03
1.469000000000000000e+03
1.712000000000000000e+03
1.837000000000000000e+03
1.834000000000000000e+03
1.798000000000000000e+03
1.921000000000000000e+03
2.043000000000000000e+03
2.030000000000000000e+03
2.229000000000000000e+03
2.320000000000000000e+03
2.467000000000000000e+03
3.146000000000000000e+03
3.748000000000000000e+03
3.581000000000000000e+03
3.440000000000000000e+03
2.878000000000000000e+03
1.909000000000000000e+03
1.519000000000000000e+03
1.178000000000000000e+03
1.139000000000000000e+03
1.117000000000000000e+03
1.109000000000000000e+03
1.136000000000000000e+03
1.468000000000000000e+03
1.993000000000000000e+03
1.632000000000000000e+03
1.898000000000000000e+03
2.267000000000000000e+03
2.202000000000000000e+03
1.791000000000000000e+03
1.367000000000000000e+03
1.024000000000000000e+03
9.420000000000000000e+02
9.660000000000000000e+02
9.100000000000000000e+02
9.590000000000000000e+02
1.090000000000000000e+03
1.144000000000000000e+03
1.235000000000000000e+03
1.240000000000000000e+03
1.120000000000000000e+03
1.248000000000000000e+03
1.150000000000000000e+03
1.144000000000000000e+03
1.252000000000000000e+03
1.329000000000000000e+03
1.394000000000000000e+03
1.422000000000000000e+03
1.459000000000000000e+03
1.500000000000000000e+03
1.425000000000000000e+03
1.467000000000000000e+03
1.473000000000000000e+03
1.530000000000000000e+03
1.612000000000000000e+03
1.698000000000000000e+03
1.782000000000000000e+03
2.014000000000000000e+03
2.430000000000000000e+03
2.874000000000000000e+03
2.941000000000000000e+03
2.422000000000000000e+03
2.209000000000000000e+03
2.450000000000000000e+03
2.830000000000000000e+03
3.536000000000000000e+03
5.416000000000000000e+03
6.215000000000000000e+03
6.274000000000000000e+03
9.231000000000000000e+03
9.916000000000000000e+03
1.140400000000000000e+04
1.482600000000000000e+04
1.336400000000000000e+04
1.287200000000000000e+04
1.242400000000000000e+04
1.134200000000000000e+04
1.090200000000000000e+04
1.258000000000000000e+04
1.153100000000000000e+04
1.172100000000000000e+04
1.264900000000000000e+04
1.177200000000000000e+04
1.194800000000000000e+04
1.175700000000000000e+04
1.109500000000000000e+04
1.181800000000000000e+04
1.328300000000000000e+04
1.235300000000000000e+04
1.259300000000000000e+04
1.328800000000000000e+04
1.202100000000000000e+04
1.265700000000000000e+04
1.328200000000000000e+04
1.301100000000000000e+04
1.285000000000000000e+04
1.423800000000000000e+04
1.354200000000000000e+04
1.390200000000000000e+04
1.232100000000000000e+04
1.108200000000000000e+04
1.107200000000000000e+04
1.116900000000000000e+04
1.125400000000000000e+04
1.051600000000000000e+04
9.617000000000000000e+03
9.575000000000000000e+03
9.901000000000000000e+03
9.777000000000000000e+03
9.755000000000000000e+03
1.058000000000000000e+04
1.061000000000000000e+04
1.134200000000000000e+04
1.229500000000000000e+04
1.162900000000000000e+04
1.169200000000000000e+04
1.139600000000000000e+04
9.161000000000000000e+03
8.469000000000000000e+03
8.061000000000000000e+03
7.339000000000000000e+03
6.721000000000000000e+03
7.027000000000000000e+03
7.378000000000000000e+03
8.066000000000000000e+03
9.072000000000000000e+03
7.228000000000000000e+03
7.108000000000000000e+03
7.424000000000000000e+03
7.138000000000000000e+03
7.534000000000000000e+03
7.674000000000000000e+03
7.201000000000000000e+03
7.147000000000000000e+03
6.709000000000000000e+03
6.106000000000000000e+03
5.941000000000000000e+03
6.558000000000000000e+03
6.276000000000000000e+03
6.257000000000000000e+03
6.431000000000000000e+03
6.137000000000000000e+03
6.001000000000000000e+03
6.124000000000000000e+03
6.192000000000000000e+03
6.809000000000000000e+03
7.211000000000000000e+03
6.435000000000000000e+03
5.982000000000000000e+03
6.081000000000000000e+03
4.990000000000000000e+03
4.650000000000000000e+03
4.356000000000000000e+03
4.150000000000000000e+03
4.065000000000000000e+03
5.231000000000000000e+03
5.031000000000000000e+03
5.060000000000000000e+03
6.716000000000000000e+03
3.695000000000000000e+03
3.633000000000000000e+03
3.702000000000000000e+03
3.553000000000000000e+03
3.419000000000000000e+03
3.941000000000000000e+03
3.449000000000000000e+03
3.450000000000000000e+03
2.962000000000000000e+03
2.661000000000000000e+03
2.712000000000000000e+03
2.526000000000000000e+03
2.399000000000000000e+03
2.453000000000000000e+03
3.170000000000000000e+03
5.085000000000000000e+03
8.067000000000000000e+03
1.314300000000000000e+04
7.511000000000000000e+03
7.228000000000000000e+03
8.078000000000000000e+03
5.631000000000000000e+03
6.232000000000000000e+03
7.529000000000000000e+03
5.799000000000000000e+03
6.540000000000000000e+03
7.717000000000000000e+03
6.545000000000000000e+03
7.795000000000000000e+03
1.700300000000000000e+04
3.344000000000000000e+04
3.927300000000000000e+04
5.604600000000000000e+04
2.044600000000000000e+04
1.812700000000000000e+04
3.915200000000000000e+04
2.030300000000000000e+04
2.183500000000000000e+04
4.391300000000000000e+04
2.505800000000000000e+04
4.865000000000000000e+03
3.233000000000000000e+03
2.733000000000000000e+03
2.837000000000000000e+03
4.444000000000000000e+03
3.241000000000000000e+03
2.347000000000000000e+03
2.210000000000000000e+03
1.696000000000000000e+03
1.434000000000000000e+03
1.521000000000000000e+03
1.241000000000000000e+03
1.165000000000000000e+03
1.142000000000000000e+03
8.370000000000000000e+02
8.880000000000000000e+02
7.370000000000000000e+02
7.940000000000000000e+02
9.510000000000000000e+02
1.260000000000000000e+03
1.203000000000000000e+03
1.662000000000000000e+03
2.355000000000000000e+03
1.241000000000000000e+03
1.588000000000000000e+03
2.078600000000000000e+04
1.158400000000000000e+04
5.831000000000000000e+03
3.908000000000000000e+03
2.188000000000000000e+03
1.625000000000000000e+03
1.575000000000000000e+03
1.319000000000000000e+03
1.278000000000000000e+03
1.162000000000000000e+03
1.077000000000000000e+03
1.024000000000000000e+03
1.063000000000000000e+03
1.130000000000000000e+03
1.289000000000000000e+03
1.405000000000000000e+03
1.430000000000000000e+03
1.402000000000000000e+03
1.415000000000000000e+03
1.395000000000000000e+03
1.377000000000000000e+03
1.338000000000000000e+03
1.369000000000000000e+03
1.255000000000000000e+03
1.310000000000000000e+03
1.494000000000000000e+03
1.607000000000000000e+03
1.571000000000000000e+03
1.710000000000000000e+03
1.825000000000000000e+03
1.845000000000000000e+03
1.782000000000000000e+03
1.820000000000000000e+03
1.897000000000000000e+03
1.841000000000000000e+03
1.964000000000000000e+03
2.123000000000000000e+03
2.535000000000000000e+03
2.938000000000000000e+03
3.786000000000000000e+03
3.674000000000000000e+03
3.443000000000000000e+03
2.992000000000000000e+03
1.988000000000000000e+03
1.509000000000000000e+03
1.165000000000000000e+03
1.055000000000000000e+03
1.046000000000000000e+03
1.066000000000000000e+03
1.082000000000000000e+03
1.454000000000000000e+03
2.087000000000000000e+03
1.669000000000000000e+03
1.761000000000000000e+03
2.041000000000000000e+03
2.015000000000000000e+03
1.727000000000000000e+03
1.231000000000000000e+03
9.350000000000000000e+02
7.840000000000000000e+02
8.310000000000000000e+02
8.340000000000000000e+02
8.300000000000000000e+02
1.074000000000000000e+03
1.117000000000000000e+03
1.192000000000000000e+03
1.176000000000000000e+03
1.163000000000000000e+03
1.162000000000000000e+03
1.137000000000000000e+03
1.214000000000000000e+03
1.169000000000000000e+03
1.298000000000000000e+03
1.348000000000000000e+03
1.389000000000000000e+03
1.448000000000000000e+03
1.442000000000000000e+03
1.407000000000000000e+03
1.374000000000000000e+03
1.428000000000000000e+03
1.481000000000000000e+03
1.629000000000000000e+03
1.673000000000000000e+03
1.576000000000000000e+03
1.869000000000000000e+03
2.318000000000000000e+03
2.752000000000000000e+03
2.956000000000000000e+03
2.468000000000000000e+03
2.200000000000000000e+03
2.438000000000000000e+03
2.869000000000000000e+03
3.609000000000000000e+03
5.581000000000000000e+03
6.262000000000000000e+03
6.349000000000000000e+03
9.313000000000000000e+03
9.886000000000000000e+03
1.147900000000000000e+04
1.489000000000000000e+04
1.345700000000000000e+04
1.304200000000000000e+04
1.263400000000000000e+04
1.131700000000000000e+04
1.091400000000000000e+04
1.260200000000000000e+04
1.148100000000000000e+04
1.169400000000000000e+04
1.264500000000000000e+04
1.179800000000000000e+04
1.190700000000000000e+04
1.180300000000000000e+04
1.109600000000000000e+04
1.183900000000000000e+04
1.331200000000000000e+04
1.235700000000000000e+04
1.261200000000000000e+04
1.331000000000000000e+04
1.204500000000000000e+04
1.266000000000000000e+04
1.329000000000000000e+04
1.276000000000000000e+04
1.183700000000000000e+04
1.214300000000000000e+04
1.030000000000000000e+04
9.415000000000000000e+03
8.895000000000000000e+03
9.905000000000000000e+03
1.006000000000000000e+04
1.004500000000000000e+04
1.037400000000000000e+04
1.048600000000000000e+04
1.069600000000000000e+04
1.025400000000000000e+04
9.752000000000000000e+03
9.747000000000000000e+03
9.715000000000000000e+03
9.798000000000000000e+03
9.877000000000000000e+03
1.042100000000000000e+04
1.018900000000000000e+04
1.072300000000000000e+04
1.127500000000000000e+04
1.092200000000000000e+04
1.064700000000000000e+04
1.048300000000000000e+04
9.204000000000000000e+03
8.917000000000000000e+03
8.865000000000000000e+03
7.469000000000000000e+03
7.088000000000000000e+03
6.956000000000000000e+03
6.334000000000000000e+03
5.930000000000000000e+03
6.189000000000000000e+03
6.453000000000000000e+03
7.659000000000000000e+03
8.863000000000000000e+03
7.248000000000000000e+03
7.090000000000000000e+03
7.267000000000000000e+03
7.003000000000000000e+03
7.199000000000000000e+03
6.374000000000000000e+03
5.892000000000000000e+03
5.025000000000000000e+03
5.216000000000000000e+03
4.983000000000000000e+03
5.420000000000000000e+03
5.953000000000000000e+03
6.201000000000000000e+03
6.560000000000000000e+03
6.419000000000000000e+03
6.099000000000000000e+03
6.230000000000000000e+03
6.412000000000000000e+03
6.903000000000000000e+03
7.206000000000000000e+03
6.678000000000000000e+03
6.024000000000000000e+03
6.185000000000000000e+03
5.160000000000000000e+03
4.470000000000000000e+03
4.128000000000000000e+03
4.008000000000000000e+03
3.919000000000000000e+03
3.866000000000000000e+03
5.179000000000000000e+03
5.141000000000000000e+03
5.114000000000000000e+03
6.589000000000000000e+03
3.563000000000000000e+03
3.571000000000000000e+03
3.636000000000000000e+03
3.521000000000000000e+03
3.374000000000000000e+03
3.651000000000000000e+03
3.281000000000000000e+03
3.256000000000000000e+03
2.661000000000000000e+03
2.495000000000000000e+03
2.488000000000000000e+03
2.431000000000000000e+03
2.398000000000000000e+03
2.304000000000000000e+03
3.124000000000000000e+03
5.080000000000000000e+03
7.910000000000000000e+03
1.315700000000000000e+04
7.451000000000000000e+03
7.184000000000000000e+03
8.160000000000000000e+03
5.580000000000000000e+03
6.105000000000000000e+03
7.434000000000000000e+03
5.664000000000000000e+03
6.461000000000000000e+03
7.575000000000000000e+03
6.490000000000000000e+03
7.808000000000000000e+03
1.689600000000000000e+04
3.318600000000000000e+04
3.933100000000000000e+04
5.590500000000000000e+04
2.028700000000000000e+04
1.779000000000000000e+04
3.898900000000000000e+04
2.003800000000000000e+04
2.158800000000000000e+04
4.361400000000000000e+04
2.517900000000000000e+04
4.604000000000000000e+03
3.060000000000000000e+03
2.955000000000000000e+03
2.622000000000000000e+03
2.734000000000000000e+03
4.427000000000000000e+03
3.269000000000000000e+03
2.365000000000000000e+03
2.184000000000000000e+03
1.650000000000000000e+03
1.403000000000000000e+03
1.500000000000000000e+03
1.288000000000000000e+03
1.233000000000000000e+03
1.228000000000000000e+03
9.100000000000000000e+02
8.680000000000000000e+02
7.650000000000000000e+02
8.100000000000000000e+02
8.660000000000000000e+02
8.770000000000000000e+02
1.154000000000000000e+03
1.992000000000000000e+03
2.904000000000000000e+03
4.066000000000000000e+03
