3.490000000000000000e+03
1.377000000000000000e+03
1.814000000000000000e+03
2.547000000000000000e+03
3.717000000000000000e+03
5.709000000000000000e+03
9.190000000000000000e+03
1.578900000000000000e+04
2.283700000000000000e+04
2.506200000000000000e+04
3.066600000000000000e+04
3.604800000000000000e+04
4.028100000000000000e+04
4.091800000000000000e+04
4.186600000000000000e+04
4.135700000000000000e+04
4.009600000000000000e+04
3.844400000000000000e+04
3.613100000000000000e+04
3.479200000000000000e+04
3.326500000000000000e+04
3.124100000000000000e+04
2.886300000000000000e+04
2.721700000000000000e+04
2.489100000000000000e+04
2.377500000000000000e+04
2.241600000000000000e+04
2.168700000000000000e+04
2.072100000000000000e+04
1.916300000000000000e+04
1.756600000000000000e+04
1.659300000000000000e+04
1.542900000000000000e+04
1.424200000000000000e+04
1.352500000000000000e+04
1.290700000000000000e+04
1.228000000000000000e+04
1.171300000000000000e+04
1.130200000000000000e+04
1.089600000000000000e+04
1.102000000000000000e+04
1.049800000000000000e+04
9.966000000000000000e+03
9.338000000000000000e+03
8.895000000000000000e+03
8.272000000000000000e+03
8.063000000000000000e+03
7.892000000000000000e+03
7.766000000000000000e+03
7.675000000000000000e+03
7.532000000000000000e+03
7.115000000000000000e+03
7.114000000000000000e+03
7.041000000000000000e+03
6.745000000000000000e+03
6.868000000000000000e+03
7.418000000000000000e+03
7.334000000000000000e+03
7.731000000000000000e+03
7.581000000000000000e+03
7.445000000000000000e+03
7.527000000000000000e+03
8.114000000000000000e+03
8.059000000000000000e+03
7.347000000000000000e+03
6.610000000000000000e+03
6.014000000000000000e+03
5.557000000000000000e+03
5.224000000000000000e+03
5.006000000000000000e+03
4.798000000000000000e+03
4.752000000000000000e+03
4.647000000000000000e+03
4.717000000000000000e+03
4.808000000000000000e+03
4.626000000000000000e+03
4.906000000000000000e+03
5.031000000000000000e+03
4.929000000000000000e+03
5.139000000000000000e+03
4.939000000000000000e+03
4.984000000000000000e+03
5.034000000000000000e+03
5.234000000000000000e+03
5.320000000000000000e+03
5.534000000000000000e+03
5.539000000000000000e+03
5.536000000000000000e+03
5.472000000000000000e+03
5.690000000000000000e+03
5.825000000000000000e+03
5.250000000000000000e+03
4.711000000000000000e+03
4.632000000000000000e+03
4.458000000000000000e+03
4.507000000000000000e+03
4.336000000000000000e+03
4.039000000000000000e+03
4.246000000000000000e+03
4.535000000000000000e+03
4.421000000000000000e+03
4.344000000000000000e+03
4.622000000000000000e+03
4.882000000000000000e+03
5.135000000000000000e+03
5.502000000000000000e+03
5.754000000000000000e+03
6.451000000000000000e+03
6.689000000000000000e+03
7.370000000000000000e+03
8.769000000000000000e+03
8.963000000000000000e+03
6.876000000000000000e+03
6.070000000000000000e+03
5.619000000000000000e+03
5.513000000000000000e+03
5.198000000000000000e+03
5.332000000000000000e+03
5.018000000000000000e+03
4.836000000000000000e+03
4.831000000000000000e+03
4.887000000000000000e+03
4.883000000000000000e+03
4.948000000000000000e+03
4.819000000000000000e+03
4.978000000000000000e+03
4.722000000000000000e+03
4.393000000000000000e+03
4.225000000000000000e+03
4.149000000000000000e+03
3.810000000000000000e+03
3.912000000000000000e+03
3.951000000000000000e+03
4.259000000000000000e+03
4.174000000000000000e+03
4.149000000000000000e+03
4.147000000000000000e+03
4.141000000000000000e+03
4.076000000000000000e+03
4.313000000000000000e+03
4.349000000000000000e+03
4.526000000000000000e+03
4.701000000000000000e+03
4.750000000000000000e+03
4.775000000000000000e+03
4.744000000000000000e+03
4.715000000000000000e+03
4.816000000000000000e+03
4.947000000000000000e+03
5.034000000000000000e+03
4.676000000000000000e+03
4.168000000000000000e+03
4.010000000000000000e+03
4.114000000000000000e+03
4.287000000000000000e+03
4.429000000000000000e+03
4.133000000000000000e+03
4.058000000000000000e+03
4.181000000000000000e+03
4.430000000000000000e+03
4.636000000000000000e+03
4.551000000000000000e+03
4.223000000000000000e+03
4.042000000000000000e+03
3.803000000000000000e+03
3.761000000000000000e+03
3.922000000000000000e+03
3.824000000000000000e+03
3.728000000000000000e+03
3.674000000000000000e+03
3.623000000000000000e+03
3.589000000000000000e+03
3.513000000000000000e+03
4.149000000000000000e+03
4.441000000000000000e+03
5.179000000000000000e+03
5.330000000000000000e+03
5.657000000000000000e+03
5.912000000000000000e+03
6.222000000000000000e+03
6.671000000000000000e+03
6.945000000000000000e+03
7.669000000000000000e+03
7.939000000000000000e+03
8.065000000000000000e+03
8.425000000000000000e+03
8.350000000000000000e+03
8.476000000000000000e+03
8.059000000000000000e+03
7.740000000000000000e+03
7.066000000000000000e+03
6.216000000000000000e+03
5.442000000000000000e+03
5.376000000000000000e+03
5.988000000000000000e+03
6.440000000000000000e+03
6.929000000000000000e+03
6.959000000000000000e+03
6.798000000000000000e+03
6.173000000000000000e+03
6.059000000000000000e+03
6.558000000000000000e+03
6.129000000000000000e+03
5.533000000000000000e+03
5.183000000000000000e+03
5.054000000000000000e+03
4.614000000000000000e+03
4.212000000000000000e+03
4.330000000000000000e+03
4.209000000000000000e+03
4.097000000000000000e+03
3.859000000000000000e+03
3.854000000000000000e+03
4.169000000000000000e+03
4.333000000000000000e+03
4.694000000000000000e+03
5.158000000000000000e+03
5.643000000000000000e+03
6.586000000000000000e+03
7.473000000000000000e+03
8.563000000000000000e+03
9.945000000000000000e+03
1.158000000000000000e+04
1.319200000000000000e+04
1.499000000000000000e+04
1.653300000000000000e+04
1.738900000000000000e+04
1.843800000000000000e+04
1.867900000000000000e+04
1.930800000000000000e+04
2.059800000000000000e+04
2.287500000000000000e+04
2.653900000000000000e+04
3.137800000000000000e+04
3.689300000000000000e+04
4.196600000000000000e+04
4.306900000000000000e+04
3.807600000000000000e+04
2.906100000000000000e+04
2.078300000000000000e+04
1.493500000000000000e+04
1.107500000000000000e+04
7.585000000000000000e+03
5.358000000000000000e+03
4.389000000000000000e+03
4.024000000000000000e+03
3.970000000000000000e+03
3.953000000000000000e+03
4.245000000000000000e+03
4.232000000000000000e+03
4.522000000000000000e+03
5.010000000000000000e+03
5.692000000000000000e+03
7.259000000000000000e+03
8.463000000000000000e+03
3.804300000000000000e+04
6.600000000000000000e+01
2.700000000000000000e+01
4.400000000000000000e+01
7.000000000000000000e+01
1.250000000000000000e+02
2.820000000000000000e+02
9.760000000000000000e+02
3.269000000000000000e+03
8.416000000000000000e+03
1.172800000000000000e+04
1.340000000000000000e+04
1.692000000000000000e+04
1.955800000000000000e+04
2.021600000000000000e+04
2.297100000000000000e+04
2.555200000000000000e+04
2.605100000000000000e+04
2.533800000000000000e+04
2.458300000000000000e+04
2.507800000000000000e+04
2.511700000000000000e+04
2.482700000000000000e+04
2.478000000000000000e+04
2.463100000000000000e+04
2.491000000000000000e+04
2.529500000000000000e+04
2.494700000000000000e+04
2.406400000000000000e+04
2.363400000000000000e+04
2.379700000000000000e+04
2.345600000000000000e+04
2.325400000000000000e+04
2.237400000000000000e+04
2.171800000000000000e+04
2.026600000000000000e+04
1.966100000000000000e+04
1.893400000000000000e+04
1.871200000000000000e+04
1.782400000000000000e+04
1.789500000000000000e+04
1.759900000000000000e+04
1.633700000000000000e+04
1.552900000000000000e+04
1.488100000000000000e+04
1.434000000000000000e+04
1.395400000000000000e+04
1.383400000000000000e+04
1.292300000000000000e+04
1.254100000000000000e+04
1.263000000000000000e+04
1.214100000000000000e+04
1.176900000000000000e+04
1.163700000000000000e+04
1.095900000000000000e+04
1.070600000000000000e+04
1.026300000000000000e+04
1.001200000000000000e+04
9.808000000000000000e+03
9.473000000000000000e+03
9.288000000000000000e+03
9.444000000000000000e+03
9.582000000000000000e+03
9.767000000000000000e+03
1.094300000000000000e+04
1.047000000000000000e+04
1.020100000000000000e+04
9.892000000000000000e+03
1.056500000000000000e+04
1.051800000000000000e+04
8.764000000000000000e+03
7.372000000000000000e+03
6.961000000000000000e+03
6.415000000000000000e+03
6.285000000000000000e+03
6.367000000000000000e+03
6.354000000000000000e+03
6.136000000000000000e+03
5.938000000000000000e+03
6.276000000000000000e+03
6.316000000000000000e+03
6.409000000000000000e+03
6.527000000000000000e+03
6.572000000000000000e+03
6.802000000000000000e+03
6.582000000000000000e+03
6.859000000000000000e+03
6.840000000000000000e+03
6.522000000000000000e+03
6.599000000000000000e+03
6.955000000000000000e+03
6.877000000000000000e+03
6.586000000000000000e+03
6.135000000000000000e+03
5.354000000000000000e+03
5.073000000000000000e+03
5.043000000000000000e+03
5.101000000000000000e+03
4.942000000000000000e+03
4.927000000000000000e+03
4.682000000000000000e+03
5.007000000000000000e+03
4.972000000000000000e+03
4.937000000000000000e+03
4.760000000000000000e+03
5.009000000000000000e+03
5.280000000000000000e+03
5.526000000000000000e+03
5.790000000000000000e+03
5.655000000000000000e+03
5.701000000000000000e+03
5.515000000000000000e+03
5.622000000000000000e+03
6.347000000000000000e+03
6.931000000000000000e+03
7.553000000000000000e+03
8.689000000000000000e+03
8.419000000000000000e+03
6.584000000000000000e+03
6.144000000000000000e+03
5.963000000000000000e+03
5.242000000000000000e+03
4.948000000000000000e+03
4.711000000000000000e+03
4.598000000000000000e+03
4.884000000000000000e+03
5.137000000000000000e+03
5.406000000000000000e+03
5.476000000000000000e+03
5.581000000000000000e+03
5.503000000000000000e+03
5.554000000000000000e+03
5.042000000000000000e+03
4.391000000000000000e+03
4.462000000000000000e+03
4.299000000000000000e+03
4.618000000000000000e+03
4.641000000000000000e+03
4.618000000000000000e+03
4.746000000000000000e+03
4.588000000000000000e+03
4.375000000000000000e+03
4.595000000000000000e+03
4.590000000000000000e+03
4.599000000000000000e+03
4.518000000000000000e+03
4.432000000000000000e+03
4.532000000000000000e+03
4.562000000000000000e+03
4.600000000000000000e+03
4.832000000000000000e+03
4.858000000000000000e+03
4.458000000000000000e+03
4.254000000000000000e+03
4.401000000000000000e+03
4.442000000000000000e+03
4.648000000000000000e+03
4.390000000000000000e+03
3.873000000000000000e+03
3.623000000000000000e+03
3.342000000000000000e+03
3.467000000000000000e+03
3.948000000000000000e+03
4.245000000000000000e+03
4.564000000000000000e+03
4.971000000000000000e+03
4.781000000000000000e+03
4.231000000000000000e+03
3.823000000000000000e+03
3.728000000000000000e+03
3.702000000000000000e+03
3.708000000000000000e+03
3.640000000000000000e+03
3.531000000000000000e+03
3.488000000000000000e+03
3.455000000000000000e+03
3.590000000000000000e+03
3.602000000000000000e+03
3.844000000000000000e+03
4.285000000000000000e+03
4.946000000000000000e+03
5.235000000000000000e+03
5.334000000000000000e+03
5.415000000000000000e+03
5.696000000000000000e+03
6.238000000000000000e+03
6.088000000000000000e+03
6.235000000000000000e+03
6.816000000000000000e+03
6.876000000000000000e+03
7.352000000000000000e+03
7.700000000000000000e+03
8.509000000000000000e+03
9.692000000000000000e+03
1.107200000000000000e+04
1.137500000000000000e+04
1.141400000000000000e+04
9.724000000000000000e+03
8.930000000000000000e+03
8.141000000000000000e+03
7.327000000000000000e+03
6.919000000000000000e+03
6.127000000000000000e+03
5.907000000000000000e+03
5.765000000000000000e+03
5.380000000000000000e+03
5.823000000000000000e+03
6.021000000000000000e+03
5.678000000000000000e+03
5.066000000000000000e+03
4.614000000000000000e+03
4.327000000000000000e+03
4.153000000000000000e+03
3.810000000000000000e+03
3.829000000000000000e+03
3.872000000000000000e+03
3.818000000000000000e+03
3.911000000000000000e+03
3.990000000000000000e+03
3.860000000000000000e+03
4.115000000000000000e+03
4.053000000000000000e+03
4.351000000000000000e+03
4.874000000000000000e+03
5.075000000000000000e+03
5.539000000000000000e+03
6.067000000000000000e+03
6.682000000000000000e+03
7.553000000000000000e+03
9.359000000000000000e+03
1.137600000000000000e+04
1.401600000000000000e+04
1.640700000000000000e+04
1.854100000000000000e+04
2.088500000000000000e+04
2.388000000000000000e+04
2.740600000000000000e+04
3.094500000000000000e+04
3.490700000000000000e+04
3.938800000000000000e+04
4.521500000000000000e+04
4.973000000000000000e+04
4.785700000000000000e+04
3.859400000000000000e+04
2.685100000000000000e+04
1.786500000000000000e+04
1.161500000000000000e+04
7.402000000000000000e+03
5.381000000000000000e+03
4.557000000000000000e+03
3.960000000000000000e+03
3.260000000000000000e+03
3.207000000000000000e+03
4.085000000000000000e+03
4.253000000000000000e+03
4.568000000000000000e+03
1.807700000000000000e+04
1.100000000000000000e+01
2.800000000000000000e+01
7.100000000000000000e+01
2.120000000000000000e+02
6.360000000000000000e+02
2.164000000000000000e+03
5.823000000000000000e+03
9.452000000000000000e+03
1.055000000000000000e+04
1.167600000000000000e+04
1.561000000000000000e+04
2.125500000000000000e+04
2.514600000000000000e+04
2.585800000000000000e+04
2.870600000000000000e+04
3.113800000000000000e+04
3.312200000000000000e+04
3.212000000000000000e+04
3.172600000000000000e+04
3.145500000000000000e+04
3.211300000000000000e+04
3.126300000000000000e+04
3.058800000000000000e+04
2.979100000000000000e+04
2.867700000000000000e+04
2.815200000000000000e+04
2.652200000000000000e+04
2.516400000000000000e+04
2.412700000000000000e+04
2.351300000000000000e+04
2.219200000000000000e+04
2.135600000000000000e+04
2.065800000000000000e+04
1.933500000000000000e+04
1.827800000000000000e+04
1.781800000000000000e+04
1.692800000000000000e+04
1.666600000000000000e+04
1.597500000000000000e+04
1.556300000000000000e+04
1.523000000000000000e+04
1.407300000000000000e+04
1.311100000000000000e+04
1.269900000000000000e+04
1.205100000000000000e+04
1.130600000000000000e+04
1.114500000000000000e+04
1.065700000000000000e+04
1.014600000000000000e+04
9.912000000000000000e+03
9.641000000000000000e+03
9.169000000000000000e+03
8.889000000000000000e+03
8.660000000000000000e+03
8.086000000000000000e+03
8.081000000000000000e+03
7.974000000000000000e+03
7.526000000000000000e+03
7.345000000000000000e+03
7.309000000000000000e+03
7.034000000000000000e+03
7.443000000000000000e+03
7.815000000000000000e+03
7.576000000000000000e+03
7.838000000000000000e+03
7.900000000000000000e+03
8.290000000000000000e+03
8.645000000000000000e+03
9.306000000000000000e+03
8.768000000000000000e+03
7.700000000000000000e+03
7.326000000000000000e+03
6.157000000000000000e+03
5.366000000000000000e+03
5.363000000000000000e+03
5.025000000000000000e+03
4.746000000000000000e+03
4.619000000000000000e+03
4.898000000000000000e+03
5.074000000000000000e+03
5.084000000000000000e+03
5.243000000000000000e+03
5.395000000000000000e+03
5.598000000000000000e+03
5.496000000000000000e+03
5.466000000000000000e+03
5.723000000000000000e+03
5.845000000000000000e+03
6.145000000000000000e+03
6.079000000000000000e+03
5.683000000000000000e+03
5.576000000000000000e+03
5.360000000000000000e+03
4.979000000000000000e+03
4.937000000000000000e+03
4.705000000000000000e+03
4.599000000000000000e+03
4.571000000000000000e+03
4.463000000000000000e+03
4.526000000000000000e+03
4.920000000000000000e+03
4.669000000000000000e+03
4.967000000000000000e+03
4.854000000000000000e+03
5.079000000000000000e+03
5.168000000000000000e+03
4.935000000000000000e+03
4.761000000000000000e+03
4.793000000000000000e+03
4.740000000000000000e+03
4.814000000000000000e+03
4.638000000000000000e+03
4.825000000000000000e+03
4.910000000000000000e+03
5.870000000000000000e+03
6.510000000000000000e+03
6.857000000000000000e+03
7.620000000000000000e+03
8.780000000000000000e+03
8.668000000000000000e+03
6.442000000000000000e+03
5.854000000000000000e+03
5.750000000000000000e+03
5.486000000000000000e+03
5.321000000000000000e+03
5.239000000000000000e+03
5.343000000000000000e+03
5.561000000000000000e+03
5.858000000000000000e+03
5.623000000000000000e+03
5.757000000000000000e+03
5.942000000000000000e+03
5.210000000000000000e+03
4.831000000000000000e+03
4.873000000000000000e+03
5.064000000000000000e+03
5.110000000000000000e+03
5.039000000000000000e+03
4.757000000000000000e+03
4.732000000000000000e+03
4.486000000000000000e+03
4.367000000000000000e+03
4.416000000000000000e+03
4.492000000000000000e+03
4.611000000000000000e+03
4.594000000000000000e+03
4.706000000000000000e+03
4.981000000000000000e+03
5.037000000000000000e+03
4.977000000000000000e+03
4.757000000000000000e+03
4.494000000000000000e+03
4.552000000000000000e+03
4.765000000000000000e+03
4.894000000000000000e+03
4.682000000000000000e+03
4.301000000000000000e+03
4.035000000000000000e+03
3.761000000000000000e+03
3.566000000000000000e+03
3.738000000000000000e+03
3.893000000000000000e+03
4.065000000000000000e+03
4.238000000000000000e+03
4.366000000000000000e+03
4.652000000000000000e+03
4.635000000000000000e+03
4.226000000000000000e+03
4.145000000000000000e+03
3.939000000000000000e+03
3.847000000000000000e+03
3.762000000000000000e+03
3.742000000000000000e+03
3.747000000000000000e+03
3.652000000000000000e+03
3.744000000000000000e+03
3.772000000000000000e+03
3.785000000000000000e+03
4.047000000000000000e+03
4.234000000000000000e+03
4.817000000000000000e+03
5.167000000000000000e+03
5.285000000000000000e+03
5.401000000000000000e+03
5.513000000000000000e+03
6.004000000000000000e+03
6.676000000000000000e+03
7.303000000000000000e+03
7.959000000000000000e+03
7.734000000000000000e+03
7.568000000000000000e+03
7.628000000000000000e+03
7.852000000000000000e+03
7.943000000000000000e+03
8.519000000000000000e+03
9.421000000000000000e+03
9.788000000000000000e+03
9.509000000000000000e+03
9.436000000000000000e+03
8.891000000000000000e+03
8.600000000000000000e+03
8.239000000000000000e+03
7.796000000000000000e+03
7.628000000000000000e+03
6.780000000000000000e+03
6.585000000000000000e+03
6.982000000000000000e+03
6.789000000000000000e+03
6.393000000000000000e+03
5.467000000000000000e+03
5.077000000000000000e+03
4.612000000000000000e+03
4.292000000000000000e+03
3.898000000000000000e+03
3.890000000000000000e+03
3.845000000000000000e+03
3.724000000000000000e+03
3.830000000000000000e+03
3.948000000000000000e+03
3.893000000000000000e+03
4.213000000000000000e+03
4.128000000000000000e+03
4.216000000000000000e+03
4.443000000000000000e+03
4.631000000000000000e+03
4.811000000000000000e+03
5.030000000000000000e+03
5.542000000000000000e+03
5.893000000000000000e+03
6.549000000000000000e+03
7.611000000000000000e+03
8.566000000000000000e+03
1.017700000000000000e+04
1.265700000000000000e+04
1.611900000000000000e+04
2.036000000000000000e+04
2.539500000000000000e+04
3.058300000000000000e+04
3.601700000000000000e+04
4.016900000000000000e+04
4.438100000000000000e+04
4.822500000000000000e+04
4.962700000000000000e+04
4.657100000000000000e+04
3.961000000000000000e+04
2.904600000000000000e+04
1.861200000000000000e+04
9.969000000000000000e+03
5.484000000000000000e+03
3.113000000000000000e+03
2.799000000000000000e+03
4.487000000000000000e+03
2.066000000000000000e+03
2.379000000000000000e+03
5.901000000000000000e+03
9.855000000000000000e+03
