1.650000000000000000e+02
5.800000000000000000e+01
1.290000000000000000e+02
1.970000000000000000e+02
2.960000000000000000e+02
6.190000000000000000e+02
7.330000000000000000e+02
9.010000000000000000e+02
9.640000000000000000e+02
1.137000000000000000e+03
1.520000000000000000e+03
1.793000000000000000e+03
2.176000000000000000e+03
2.416000000000000000e+03
2.734000000000000000e+03
2.706000000000000000e+03
2.740000000000000000e+03
2.699000000000000000e+03
2.413000000000000000e+03
2.544000000000000000e+03
2.563000000000000000e+03
2.408000000000000000e+03
2.535000000000000000e+03
2.528000000000000000e+03
2.631000000000000000e+03
2.796000000000000000e+03
2.774000000000000000e+03
3.005000000000000000e+03
2.832000000000000000e+03
3.005000000000000000e+03
3.098000000000000000e+03
3.062000000000000000e+03
3.155000000000000000e+03
3.180000000000000000e+03
3.263000000000000000e+03
3.259000000000000000e+03
3.307000000000000000e+03
3.393000000000000000e+03
3.343000000000000000e+03
3.373000000000000000e+03
3.191000000000000000e+03
3.297000000000000000e+03
3.339000000000000000e+03
3.347000000000000000e+03
3.448000000000000000e+03
3.230000000000000000e+03
3.108000000000000000e+03
3.221000000000000000e+03
3.171000000000000000e+03
3.158000000000000000e+03
3.190000000000000000e+03
3.142000000000000000e+03
3.307000000000000000e+03
3.278000000000000000e+03
3.272000000000000000e+03
3.364000000000000000e+03
2.983000000000000000e+03
3.006000000000000000e+03
2.964000000000000000e+03
2.961000000000000000e+03
2.871000000000000000e+03
2.847000000000000000e+03
2.802000000000000000e+03
2.745000000000000000e+03
2.727000000000000000e+03
2.647000000000000000e+03
2.619000000000000000e+03
2.554000000000000000e+03
2.510000000000000000e+03
2.383000000000000000e+03
2.438000000000000000e+03
2.357000000000000000e+03
2.374000000000000000e+03
2.290000000000000000e+03
2.297000000000000000e+03
2.185000000000000000e+03
2.092000000000000000e+03
2.150000000000000000e+03
2.131000000000000000e+03
2.180000000000000000e+03
2.281000000000000000e+03
2.128000000000000000e+03
2.031000000000000000e+03
2.034000000000000000e+03
1.932000000000000000e+03
1.966000000000000000e+03
1.939000000000000000e+03
1.983000000000000000e+03
1.833000000000000000e+03
1.827000000000000000e+03
1.899000000000000000e+03
1.804000000000000000e+03
1.855000000000000000e+03
1.792000000000000000e+03
1.863000000000000000e+03
1.701000000000000000e+03
1.721000000000000000e+03
1.568000000000000000e+03
1.486000000000000000e+03
1.503000000000000000e+03
1.502000000000000000e+03
1.419000000000000000e+03
1.339000000000000000e+03
1.366000000000000000e+03
1.303000000000000000e+03
1.322000000000000000e+03
1.288000000000000000e+03
1.225000000000000000e+03
1.288000000000000000e+03
1.282000000000000000e+03
1.267000000000000000e+03
1.224000000000000000e+03
1.179000000000000000e+03
1.078000000000000000e+03
1.147000000000000000e+03
1.098000000000000000e+03
1.053000000000000000e+03
1.002000000000000000e+03
1.046000000000000000e+03
9.860000000000000000e+02
1.015000000000000000e+03
1.069000000000000000e+03
9.800000000000000000e+02
9.760000000000000000e+02
9.350000000000000000e+02
9.570000000000000000e+02
9.640000000000000000e+02
9.170000000000000000e+02
9.770000000000000000e+02
9.670000000000000000e+02
9.650000000000000000e+02
9.880000000000000000e+02
9.670000000000000000e+02
9.320000000000000000e+02
1.005000000000000000e+03
9.760000000000000000e+02
1.007000000000000000e+03
1.017000000000000000e+03
1.048000000000000000e+03
1.082000000000000000e+03
1.078000000000000000e+03
1.163000000000000000e+03
1.181000000000000000e+03
1.120000000000000000e+03
1.172000000000000000e+03
1.220000000000000000e+03
1.259000000000000000e+03
1.239000000000000000e+03
1.232000000000000000e+03
1.248000000000000000e+03
1.245000000000000000e+03
1.221000000000000000e+03
1.274000000000000000e+03
1.297000000000000000e+03
1.193000000000000000e+03
1.193000000000000000e+03
1.159000000000000000e+03
1.137000000000000000e+03
1.230000000000000000e+03
1.091000000000000000e+03
1.117000000000000000e+03
1.095000000000000000e+03
1.121000000000000000e+03
1.042000000000000000e+03
1.027000000000000000e+03
1.032000000000000000e+03
9.750000000000000000e+02
1.021000000000000000e+03
9.960000000000000000e+02
9.880000000000000000e+02
1.059000000000000000e+03
1.067000000000000000e+03
9.920000000000000000e+02
9.780000000000000000e+02
9.990000000000000000e+02
9.550000000000000000e+02
9.230000000000000000e+02
9.500000000000000000e+02
8.860000000000000000e+02
8.500000000000000000e+02
8.630000000000000000e+02
8.000000000000000000e+02
8.070000000000000000e+02
8.030000000000000000e+02
7.500000000000000000e+02
7.670000000000000000e+02
7.130000000000000000e+02
6.400000000000000000e+02
5.810000000000000000e+02
6.060000000000000000e+02
5.720000000000000000e+02
5.690000000000000000e+02
4.920000000000000000e+02
4.930000000000000000e+02
4.540000000000000000e+02
4.360000000000000000e+02
4.310000000000000000e+02
4.170000000000000000e+02
3.670000000000000000e+02
3.720000000000000000e+02
3.230000000000000000e+02
3.160000000000000000e+02
3.020000000000000000e+02
3.010000000000000000e+02
2.600000000000000000e+02
2.950000000000000000e+02
2.770000000000000000e+02
2.690000000000000000e+02
2.850000000000000000e+02
2.510000000000000000e+02
2.710000000000000000e+02
2.130000000000000000e+02
2.180000000000000000e+02
2.060000000000000000e+02
2.240000000000000000e+02
2.490000000000000000e+02
2.650000000000000000e+02
2.470000000000000000e+02
2.410000000000000000e+02
2.290000000000000000e+02
2.100000000000000000e+02
2.190000000000000000e+02
2.280000000000000000e+02
2.370000000000000000e+02
2.440000000000000000e+02
2.460000000000000000e+02
2.760000000000000000e+02
2.250000000000000000e+02
2.880000000000000000e+02
2.710000000000000000e+02
2.570000000000000000e+02
2.490000000000000000e+02
2.260000000000000000e+02
2.260000000000000000e+02
2.390000000000000000e+02
2.620000000000000000e+02
2.470000000000000000e+02
2.670000000000000000e+02
2.900000000000000000e+02
2.570000000000000000e+02
2.600000000000000000e+02
2.710000000000000000e+02
3.010000000000000000e+02
2.930000000000000000e+02
2.960000000000000000e+02
2.770000000000000000e+02
2.980000000000000000e+02
2.560000000000000000e+02
3.060000000000000000e+02
3.690000000000000000e+02
4.060000000000000000e+02
4.040000000000000000e+02
3.900000000000000000e+02
4.230000000000000000e+02
4.290000000000000000e+02
1.919000000000000000e+03
4.100000000000000000e+01
4.000000000000000000e+01
6.000000000000000000e+01
7.400000000000000000e+01
1.640000000000000000e+02
4.260000000000000000e+02
5.640000000000000000e+02
6.980000000000000000e+02
7.340000000000000000e+02
1.017000000000000000e+03
1.196000000000000000e+03
1.269000000000000000e+03
1.735000000000000000e+03
2.241000000000000000e+03
2.601000000000000000e+03
2.470000000000000000e+03
2.363000000000000000e+03
2.211000000000000000e+03
1.752000000000000000e+03
1.680000000000000000e+03
1.653000000000000000e+03
1.633000000000000000e+03
1.568000000000000000e+03
1.602000000000000000e+03
1.656000000000000000e+03
1.715000000000000000e+03
1.519000000000000000e+03
1.506000000000000000e+03
1.455000000000000000e+03
1.415000000000000000e+03
1.455000000000000000e+03
1.373000000000000000e+03
1.368000000000000000e+03
1.403000000000000000e+03
1.392000000000000000e+03
1.291000000000000000e+03
1.332000000000000000e+03
1.392000000000000000e+03
1.404000000000000000e+03
1.387000000000000000e+03
1.393000000000000000e+03
1.475000000000000000e+03
1.583000000000000000e+03
1.679000000000000000e+03
1.775000000000000000e+03
1.737000000000000000e+03
1.620000000000000000e+03
1.664000000000000000e+03
1.948000000000000000e+03
1.844000000000000000e+03
1.826000000000000000e+03
1.730000000000000000e+03
1.814000000000000000e+03
1.727000000000000000e+03
1.784000000000000000e+03
1.740000000000000000e+03
1.768000000000000000e+03
1.740000000000000000e+03
1.764000000000000000e+03
1.695000000000000000e+03
1.721000000000000000e+03
1.826000000000000000e+03
1.873000000000000000e+03
1.895000000000000000e+03
1.906000000000000000e+03
1.896000000000000000e+03
1.857000000000000000e+03
1.918000000000000000e+03
2.015000000000000000e+03
1.906000000000000000e+03
1.963000000000000000e+03
2.071000000000000000e+03
2.042000000000000000e+03
2.069000000000000000e+03
2.228000000000000000e+03
2.246000000000000000e+03
2.330000000000000000e+03
2.309000000000000000e+03
2.467000000000000000e+03
2.336000000000000000e+03
2.408000000000000000e+03
2.484000000000000000e+03
2.422000000000000000e+03
2.544000000000000000e+03
2.589000000000000000e+03
2.539000000000000000e+03
2.500000000000000000e+03
2.660000000000000000e+03
2.536000000000000000e+03
2.607000000000000000e+03
2.768000000000000000e+03
2.729000000000000000e+03
2.514000000000000000e+03
2.479000000000000000e+03
2.420000000000000000e+03
2.339000000000000000e+03
2.417000000000000000e+03
2.391000000000000000e+03
2.298000000000000000e+03
2.241000000000000000e+03
2.197000000000000000e+03
2.173000000000000000e+03
2.177000000000000000e+03
2.248000000000000000e+03
2.184000000000000000e+03
2.354000000000000000e+03
2.091000000000000000e+03
2.044000000000000000e+03
2.060000000000000000e+03
1.999000000000000000e+03
2.012000000000000000e+03
1.966000000000000000e+03
2.000000000000000000e+03
1.956000000000000000e+03
1.841000000000000000e+03
1.788000000000000000e+03
1.798000000000000000e+03
1.801000000000000000e+03
1.722000000000000000e+03
1.782000000000000000e+03
1.779000000000000000e+03
1.747000000000000000e+03
1.724000000000000000e+03
1.747000000000000000e+03
1.726000000000000000e+03
1.792000000000000000e+03
1.834000000000000000e+03
1.698000000000000000e+03
1.733000000000000000e+03
1.721000000000000000e+03
1.612000000000000000e+03
1.704000000000000000e+03
1.740000000000000000e+03
1.747000000000000000e+03
1.720000000000000000e+03
1.749000000000000000e+03
1.689000000000000000e+03
1.788000000000000000e+03
1.803000000000000000e+03
1.769000000000000000e+03
1.786000000000000000e+03
1.830000000000000000e+03
1.846000000000000000e+03
1.857000000000000000e+03
1.853000000000000000e+03
1.944000000000000000e+03
1.967000000000000000e+03
1.939000000000000000e+03
1.958000000000000000e+03
1.972000000000000000e+03
1.996000000000000000e+03
1.953000000000000000e+03
2.021000000000000000e+03
1.971000000000000000e+03
1.869000000000000000e+03
1.911000000000000000e+03
1.897000000000000000e+03
1.820000000000000000e+03
1.839000000000000000e+03
1.834000000000000000e+03
1.726000000000000000e+03
1.640000000000000000e+03
1.663000000000000000e+03
1.550000000000000000e+03
1.610000000000000000e+03
1.511000000000000000e+03
1.507000000000000000e+03
1.519000000000000000e+03
1.496000000000000000e+03
1.522000000000000000e+03
1.477000000000000000e+03
1.402000000000000000e+03
1.368000000000000000e+03
1.441000000000000000e+03
1.408000000000000000e+03
1.371000000000000000e+03
1.356000000000000000e+03
1.334000000000000000e+03
1.387000000000000000e+03
1.284000000000000000e+03
1.288000000000000000e+03
1.228000000000000000e+03
1.220000000000000000e+03
1.207000000000000000e+03
1.173000000000000000e+03
1.026000000000000000e+03
1.055000000000000000e+03
9.990000000000000000e+02
9.550000000000000000e+02
9.570000000000000000e+02
9.450000000000000000e+02
7.830000000000000000e+02
8.470000000000000000e+02
7.960000000000000000e+02
7.950000000000000000e+02
7.610000000000000000e+02
7.060000000000000000e+02
7.050000000000000000e+02
6.660000000000000000e+02
6.190000000000000000e+02
5.800000000000000000e+02
5.360000000000000000e+02
5.780000000000000000e+02
5.150000000000000000e+02
5.100000000000000000e+02
4.890000000000000000e+02
4.790000000000000000e+02
4.730000000000000000e+02
4.310000000000000000e+02
4.320000000000000000e+02
4.360000000000000000e+02
4.150000000000000000e+02
4.130000000000000000e+02
4.060000000000000000e+02
3.660000000000000000e+02
4.310000000000000000e+02
3.950000000000000000e+02
3.760000000000000000e+02
3.600000000000000000e+02
3.380000000000000000e+02
2.790000000000000000e+02
2.950000000000000000e+02
3.000000000000000000e+02
2.730000000000000000e+02
2.980000000000000000e+02
3.200000000000000000e+02
2.470000000000000000e+02
2.580000000000000000e+02
2.600000000000000000e+02
2.330000000000000000e+02
2.460000000000000000e+02
2.490000000000000000e+02
2.280000000000000000e+02
2.220000000000000000e+02
1.910000000000000000e+02
1.810000000000000000e+02
1.640000000000000000e+02
1.890000000000000000e+02
1.900000000000000000e+02
2.080000000000000000e+02
2.150000000000000000e+02
1.880000000000000000e+02
1.410000000000000000e+02
1.460000000000000000e+02
1.780000000000000000e+02
1.500000000000000000e+02
1.390000000000000000e+02
1.450000000000000000e+02
1.490000000000000000e+02
1.510000000000000000e+02
1.390000000000000000e+02
1.420000000000000000e+02
1.600000000000000000e+02
1.640000000000000000e+02
1.770000000000000000e+02
5.170000000000000000e+02
7.400000000000000000e+01
3.400000000000000000e+01
6.500000000000000000e+01
9.100000000000000000e+01
1.990000000000000000e+02
4.420000000000000000e+02
5.410000000000000000e+02
6.470000000000000000e+02
6.490000000000000000e+02
9.020000000000000000e+02
1.164000000000000000e+03
1.142000000000000000e+03
1.564000000000000000e+03
1.995000000000000000e+03
2.473000000000000000e+03
2.317000000000000000e+03
2.214000000000000000e+03
2.077000000000000000e+03
1.785000000000000000e+03
1.669000000000000000e+03
1.603000000000000000e+03
1.574000000000000000e+03
1.542000000000000000e+03
1.573000000000000000e+03
1.623000000000000000e+03
1.831000000000000000e+03
1.645000000000000000e+03
1.604000000000000000e+03
1.628000000000000000e+03
1.537000000000000000e+03
1.570000000000000000e+03
1.425000000000000000e+03
1.440000000000000000e+03
1.475000000000000000e+03
1.517000000000000000e+03
1.517000000000000000e+03
1.572000000000000000e+03
1.541000000000000000e+03
1.657000000000000000e+03
1.609000000000000000e+03
1.763000000000000000e+03
1.891000000000000000e+03
2.049000000000000000e+03
2.125000000000000000e+03
2.252000000000000000e+03
2.303000000000000000e+03
2.416000000000000000e+03
2.607000000000000000e+03
2.537000000000000000e+03
2.596000000000000000e+03
2.568000000000000000e+03
2.550000000000000000e+03
2.530000000000000000e+03
2.560000000000000000e+03
2.562000000000000000e+03
2.513000000000000000e+03
2.624000000000000000e+03
2.698000000000000000e+03
2.528000000000000000e+03
2.603000000000000000e+03
2.705000000000000000e+03
2.563000000000000000e+03
2.667000000000000000e+03
2.712000000000000000e+03
2.709000000000000000e+03
2.639000000000000000e+03
2.685000000000000000e+03
2.718000000000000000e+03
2.609000000000000000e+03
2.732000000000000000e+03
2.753000000000000000e+03
2.656000000000000000e+03
2.672000000000000000e+03
2.696000000000000000e+03
2.751000000000000000e+03
2.741000000000000000e+03
2.812000000000000000e+03
2.867000000000000000e+03
2.757000000000000000e+03
2.914000000000000000e+03
2.763000000000000000e+03
2.847000000000000000e+03
2.770000000000000000e+03
2.771000000000000000e+03
2.719000000000000000e+03
2.701000000000000000e+03
2.643000000000000000e+03
2.596000000000000000e+03
2.651000000000000000e+03
2.434000000000000000e+03
2.509000000000000000e+03
2.392000000000000000e+03
2.254000000000000000e+03
2.172000000000000000e+03
2.154000000000000000e+03
2.099000000000000000e+03
2.077000000000000000e+03
2.060000000000000000e+03
2.090000000000000000e+03
2.005000000000000000e+03
1.943000000000000000e+03
1.983000000000000000e+03
1.905000000000000000e+03
1.852000000000000000e+03
1.808000000000000000e+03
1.712000000000000000e+03
1.753000000000000000e+03
1.654000000000000000e+03
1.687000000000000000e+03
1.626000000000000000e+03
1.615000000000000000e+03
1.511000000000000000e+03
1.551000000000000000e+03
1.557000000000000000e+03
1.496000000000000000e+03
1.504000000000000000e+03
1.539000000000000000e+03
1.492000000000000000e+03
1.474000000000000000e+03
1.477000000000000000e+03
1.507000000000000000e+03
1.512000000000000000e+03
1.422000000000000000e+03
1.460000000000000000e+03
1.381000000000000000e+03
1.392000000000000000e+03
1.471000000000000000e+03
1.478000000000000000e+03
1.515000000000000000e+03
1.411000000000000000e+03
1.442000000000000000e+03
1.502000000000000000e+03
1.396000000000000000e+03
1.482000000000000000e+03
1.482000000000000000e+03
1.506000000000000000e+03
1.457000000000000000e+03
1.455000000000000000e+03
1.432000000000000000e+03
1.535000000000000000e+03
1.503000000000000000e+03
1.479000000000000000e+03
1.535000000000000000e+03
1.598000000000000000e+03
1.558000000000000000e+03
1.576000000000000000e+03
1.612000000000000000e+03
1.615000000000000000e+03
1.657000000000000000e+03
1.683000000000000000e+03
1.668000000000000000e+03
1.663000000000000000e+03
1.714000000000000000e+03
1.715000000000000000e+03
1.602000000000000000e+03
1.638000000000000000e+03
1.587000000000000000e+03
1.577000000000000000e+03
1.592000000000000000e+03
1.500000000000000000e+03
1.490000000000000000e+03
1.498000000000000000e+03
1.419000000000000000e+03
1.343000000000000000e+03
1.361000000000000000e+03
1.284000000000000000e+03
1.327000000000000000e+03
1.236000000000000000e+03
1.277000000000000000e+03
1.265000000000000000e+03
1.209000000000000000e+03
1.207000000000000000e+03
1.202000000000000000e+03
1.204000000000000000e+03
1.235000000000000000e+03
1.214000000000000000e+03
1.180000000000000000e+03
1.116000000000000000e+03
1.166000000000000000e+03
1.200000000000000000e+03
1.234000000000000000e+03
1.070000000000000000e+03
1.117000000000000000e+03
1.155000000000000000e+03
1.143000000000000000e+03
1.078000000000000000e+03
1.108000000000000000e+03
1.058000000000000000e+03
9.810000000000000000e+02
9.210000000000000000e+02
8.970000000000000000e+02
8.400000000000000000e+02
8.360000000000000000e+02
7.890000000000000000e+02
8.000000000000000000e+02
7.080000000000000000e+02
6.710000000000000000e+02
6.880000000000000000e+02
6.190000000000000000e+02
6.000000000000000000e+02
5.850000000000000000e+02
5.690000000000000000e+02
5.150000000000000000e+02
4.910000000000000000e+02
5.150000000000000000e+02
4.790000000000000000e+02
4.570000000000000000e+02
4.300000000000000000e+02
4.110000000000000000e+02
3.700000000000000000e+02
3.990000000000000000e+02
3.740000000000000000e+02
3.400000000000000000e+02
3.250000000000000000e+02
3.060000000000000000e+02
3.010000000000000000e+02
2.630000000000000000e+02
2.650000000000000000e+02
2.720000000000000000e+02
2.260000000000000000e+02
2.090000000000000000e+02
2.140000000000000000e+02
1.860000000000000000e+02
1.930000000000000000e+02
1.570000000000000000e+02
1.680000000000000000e+02
1.660000000000000000e+02
1.520000000000000000e+02
1.520000000000000000e+02
1.270000000000000000e+02
1.200000000000000000e+02
1.600000000000000000e+02
1.450000000000000000e+02
1.400000000000000000e+02
1.620000000000000000e+02
1.370000000000000000e+02
1.550000000000000000e+02
1.400000000000000000e+02
1.410000000000000000e+02
1.170000000000000000e+02
1.180000000000000000e+02
1.060000000000000000e+02
1.220000000000000000e+02
9.700000000000000000e+01
1.080000000000000000e+02
1.040000000000000000e+02
1.080000000000000000e+02
1.200000000000000000e+02
1.360000000000000000e+02
1.370000000000000000e+02
1.010000000000000000e+02
1.940000000000000000e+02
1.390000000000000000e+02
6.100000000000000000e+01
1.190000000000000000e+02
1.260000000000000000e+02
