3.152500000000000000e+04
5.110000000000000000e+03
6.346000000000000000e+03
3.040000000000000000e+03
4.599000000000000000e+03
3.419000000000000000e+03
2.407000000000000000e+03
2.487000000000000000e+03
2.079000000000000000e+03
2.005000000000000000e+03
1.834000000000000000e+03
1.877000000000000000e+03
1.892000000000000000e+03
1.823000000000000000e+03
1.716000000000000000e+03
1.861000000000000000e+03
2.047000000000000000e+03
1.675000000000000000e+03
1.685000000000000000e+03
1.652000000000000000e+03
1.539000000000000000e+03
1.691000000000000000e+03
1.733000000000000000e+03
1.833000000000000000e+03
1.803000000000000000e+03
1.775000000000000000e+03
1.779000000000000000e+03
1.799000000000000000e+03
1.840000000000000000e+03
1.957000000000000000e+03
2.033000000000000000e+03
2.178000000000000000e+03
2.283000000000000000e+03
2.211000000000000000e+03
2.360000000000000000e+03
2.232000000000000000e+03
2.473000000000000000e+03
2.553000000000000000e+03
2.616000000000000000e+03
2.706000000000000000e+03
2.581000000000000000e+03
2.487000000000000000e+03
2.440000000000000000e+03
2.464000000000000000e+03
2.558000000000000000e+03
2.524000000000000000e+03
2.853000000000000000e+03
4.320000000000000000e+03
4.383000000000000000e+03
5.115000000000000000e+03
4.898000000000000000e+03
4.762000000000000000e+03
5.168000000000000000e+03
5.419000000000000000e+03
5.305000000000000000e+03
5.527000000000000000e+03
6.258000000000000000e+03
5.746000000000000000e+03
5.676000000000000000e+03
5.153000000000000000e+03
4.651000000000000000e+03
4.277000000000000000e+03
3.960000000000000000e+03
3.669000000000000000e+03
3.589000000000000000e+03
3.641000000000000000e+03
3.753000000000000000e+03
4.151000000000000000e+03
4.167000000000000000e+03
3.551000000000000000e+03
3.350000000000000000e+03
3.955000000000000000e+03
3.154000000000000000e+03
3.009000000000000000e+03
3.144000000000000000e+03
2.822000000000000000e+03
3.031000000000000000e+03
3.057000000000000000e+03
2.553000000000000000e+03
2.320000000000000000e+03
2.308000000000000000e+03
2.206000000000000000e+03
2.164000000000000000e+03
2.209000000000000000e+03
2.192000000000000000e+03
2.315000000000000000e+03
2.258000000000000000e+03
2.103000000000000000e+03
2.075000000000000000e+03
2.076000000000000000e+03
2.129000000000000000e+03
2.112000000000000000e+03
2.090000000000000000e+03
2.149000000000000000e+03
2.203000000000000000e+03
2.209000000000000000e+03
2.261000000000000000e+03
2.433000000000000000e+03
2.443000000000000000e+03
2.155000000000000000e+03
2.073000000000000000e+03
2.467000000000000000e+03
3.047000000000000000e+03
4.927000000000000000e+03
5.571000000000000000e+03
6.783000000000000000e+03
8.619000000000000000e+03
8.850000000000000000e+03
9.922000000000000000e+03
1.124500000000000000e+04
1.042000000000000000e+04
1.079800000000000000e+04
1.217200000000000000e+04
1.174400000000000000e+04
1.370900000000000000e+04
1.683000000000000000e+04
1.608200000000000000e+04
1.471400000000000000e+04
1.521400000000000000e+04
1.424200000000000000e+04
1.431100000000000000e+04
1.616600000000000000e+04
1.595600000000000000e+04
1.401600000000000000e+04
1.241500000000000000e+04
1.194600000000000000e+04
1.001100000000000000e+04
9.881000000000000000e+03
1.021700000000000000e+04
1.024100000000000000e+04
1.037200000000000000e+04
1.017000000000000000e+04
8.231000000000000000e+03
7.223000000000000000e+03
7.625000000000000000e+03
7.125000000000000000e+03
6.877000000000000000e+03
7.401000000000000000e+03
7.044000000000000000e+03
7.436000000000000000e+03
7.754000000000000000e+03
7.194000000000000000e+03
6.736000000000000000e+03
7.239000000000000000e+03
6.632000000000000000e+03
6.880000000000000000e+03
8.341000000000000000e+03
9.301000000000000000e+03
1.135000000000000000e+04
1.169800000000000000e+04
1.062900000000000000e+04
9.011000000000000000e+03
9.656000000000000000e+03
9.860000000000000000e+03
8.666000000000000000e+03
7.734000000000000000e+03
7.968000000000000000e+03
7.948000000000000000e+03
7.673000000000000000e+03
7.568000000000000000e+03
7.882000000000000000e+03
7.603000000000000000e+03
7.947000000000000000e+03
6.898000000000000000e+03
7.222000000000000000e+03
7.916000000000000000e+03
7.322000000000000000e+03
6.565000000000000000e+03
6.781000000000000000e+03
7.375000000000000000e+03
7.691000000000000000e+03
7.831000000000000000e+03
7.179000000000000000e+03
7.925000000000000000e+03
8.950000000000000000e+03
9.017000000000000000e+03
9.865000000000000000e+03
9.474000000000000000e+03
8.819000000000000000e+03
9.586000000000000000e+03
8.674000000000000000e+03
9.480000000000000000e+03
9.323000000000000000e+03
8.468000000000000000e+03
8.115000000000000000e+03
9.684000000000000000e+03
9.952000000000000000e+03
9.008000000000000000e+03
8.477000000000000000e+03
8.192000000000000000e+03
7.560000000000000000e+03
8.348000000000000000e+03
7.988000000000000000e+03
7.343000000000000000e+03
7.512000000000000000e+03
7.424000000000000000e+03
7.059000000000000000e+03
6.736000000000000000e+03
7.186000000000000000e+03
7.124000000000000000e+03
7.211000000000000000e+03
6.594000000000000000e+03
5.382000000000000000e+03
4.112000000000000000e+03
3.380000000000000000e+03
3.011000000000000000e+03
2.798000000000000000e+03
2.894000000000000000e+03
2.885000000000000000e+03
3.013000000000000000e+03
3.148000000000000000e+03
2.847000000000000000e+03
3.353000000000000000e+03
3.570000000000000000e+03
4.324000000000000000e+03
5.526000000000000000e+03
1.016300000000000000e+04
2.073800000000000000e+04
2.382100000000000000e+04
2.206700000000000000e+04
4.359700000000000000e+04
3.263800000000000000e+04
3.488400000000000000e+04
5.095700000000000000e+04
2.787000000000000000e+04
3.203000000000000000e+04
3.686000000000000000e+03
4.350000000000000000e+02
2.060000000000000000e+02
1.590000000000000000e+02
1.090000000000000000e+02
9.400000000000000000e+01
9.000000000000000000e+01
6.200000000000000000e+01
7.800000000000000000e+01
5.600000000000000000e+01
6.500000000000000000e+01
5.200000000000000000e+01
4.200000000000000000e+01
3.800000000000000000e+01
3.200000000000000000e+01
2.200000000000000000e+01
2.500000000000000000e+01
1.600000000000000000e+01
1.000000000000000000e+01
7.000000000000000000e+00
6.000000000000000000e+00
8.000000000000000000e+00
5.000000000000000000e+00
1.000000000000000000e+00
5.000000000000000000e+00
2.000000000000000000e+00
4.000000000000000000e+00
2.000000000000000000e+00
4.000000000000000000e+00
3.000000000000000000e+01
3.554900000000000000e+04
1.176700000000000000e+04
5.783000000000000000e+03
3.766000000000000000e+03
2.843000000000000000e+03
2.445000000000000000e+03
2.327000000000000000e+03
2.330000000000000000e+03
2.139000000000000000e+03
1.948000000000000000e+03
2.016000000000000000e+03
2.297000000000000000e+03
2.000000000000000000e+03
1.778000000000000000e+03
1.750000000000000000e+03
1.872000000000000000e+03
1.980000000000000000e+03
1.678000000000000000e+03
1.917000000000000000e+03
1.965000000000000000e+03
1.722000000000000000e+03
1.927000000000000000e+03
2.051000000000000000e+03
2.108000000000000000e+03
2.403000000000000000e+03
2.483000000000000000e+03
2.251000000000000000e+03
2.403000000000000000e+03
2.431000000000000000e+03
2.427000000000000000e+03
2.477000000000000000e+03
2.630000000000000000e+03
2.683000000000000000e+03
2.676000000000000000e+03
2.556000000000000000e+03
2.560000000000000000e+03
2.625000000000000000e+03
2.751000000000000000e+03
2.890000000000000000e+03
3.526000000000000000e+03
5.054000000000000000e+03
4.173000000000000000e+03
4.175000000000000000e+03
4.361000000000000000e+03
4.782000000000000000e+03
5.064000000000000000e+03
5.361000000000000000e+03
5.182000000000000000e+03
5.360000000000000000e+03
6.298000000000000000e+03
5.815000000000000000e+03
5.672000000000000000e+03
5.124000000000000000e+03
4.870000000000000000e+03
4.526000000000000000e+03
4.010000000000000000e+03
3.563000000000000000e+03
3.754000000000000000e+03
3.759000000000000000e+03
3.581000000000000000e+03
3.638000000000000000e+03
3.937000000000000000e+03
3.469000000000000000e+03
3.330000000000000000e+03
3.554000000000000000e+03
3.464000000000000000e+03
3.078000000000000000e+03
3.248000000000000000e+03
3.276000000000000000e+03
3.173000000000000000e+03
3.076000000000000000e+03
2.830000000000000000e+03
2.626000000000000000e+03
2.325000000000000000e+03
2.252000000000000000e+03
2.210000000000000000e+03
2.276000000000000000e+03
2.262000000000000000e+03
2.200000000000000000e+03
2.120000000000000000e+03
2.110000000000000000e+03
2.122000000000000000e+03
2.234000000000000000e+03
2.074000000000000000e+03
2.112000000000000000e+03
2.124000000000000000e+03
2.126000000000000000e+03
2.140000000000000000e+03
2.178000000000000000e+03
2.215000000000000000e+03
2.474000000000000000e+03
2.668000000000000000e+03
2.621000000000000000e+03
3.074000000000000000e+03
4.886000000000000000e+03
5.322000000000000000e+03
6.529000000000000000e+03
8.507000000000000000e+03
9.071000000000000000e+03
9.877000000000000000e+03
1.146500000000000000e+04
1.069200000000000000e+04
1.088400000000000000e+04
1.229400000000000000e+04
1.170900000000000000e+04
1.380600000000000000e+04
1.698800000000000000e+04
1.589000000000000000e+04
1.430900000000000000e+04
1.460300000000000000e+04
1.291700000000000000e+04
1.162300000000000000e+04
1.221200000000000000e+04
9.733000000000000000e+03
9.705000000000000000e+03
1.189100000000000000e+04
1.125500000000000000e+04
1.110500000000000000e+04
1.204400000000000000e+04
9.814000000000000000e+03
9.657000000000000000e+03
9.931000000000000000e+03
9.375000000000000000e+03
9.808000000000000000e+03
1.080400000000000000e+04
9.896000000000000000e+03
8.265000000000000000e+03
7.588000000000000000e+03
7.110000000000000000e+03
6.905000000000000000e+03
7.385000000000000000e+03
6.967000000000000000e+03
7.386000000000000000e+03
7.731000000000000000e+03
7.245000000000000000e+03
6.709000000000000000e+03
7.214000000000000000e+03
6.565000000000000000e+03
6.751000000000000000e+03
7.652000000000000000e+03
7.428000000000000000e+03
7.961000000000000000e+03
8.051000000000000000e+03
7.768000000000000000e+03
8.065000000000000000e+03
8.764000000000000000e+03
7.935000000000000000e+03
8.848000000000000000e+03
9.386000000000000000e+03
8.476000000000000000e+03
7.676000000000000000e+03
7.894000000000000000e+03
7.921000000000000000e+03
7.624000000000000000e+03
7.469000000000000000e+03
7.812000000000000000e+03
7.522000000000000000e+03
7.873000000000000000e+03
6.925000000000000000e+03
7.184000000000000000e+03
7.894000000000000000e+03
7.190000000000000000e+03
6.513000000000000000e+03
6.703000000000000000e+03
7.296000000000000000e+03
7.633000000000000000e+03
7.781000000000000000e+03
6.993000000000000000e+03
7.259000000000000000e+03
8.539000000000000000e+03
8.305000000000000000e+03
8.144000000000000000e+03
8.306000000000000000e+03
7.369000000000000000e+03
7.709000000000000000e+03
8.952000000000000000e+03
8.276000000000000000e+03
9.283000000000000000e+03
9.013000000000000000e+03
8.189000000000000000e+03
8.214000000000000000e+03
9.663000000000000000e+03
9.614000000000000000e+03
8.956000000000000000e+03
8.569000000000000000e+03
7.768000000000000000e+03
7.348000000000000000e+03
8.066000000000000000e+03
7.154000000000000000e+03
6.862000000000000000e+03
7.472000000000000000e+03
6.852000000000000000e+03
6.868000000000000000e+03
7.329000000000000000e+03
7.325000000000000000e+03
6.883000000000000000e+03
5.973000000000000000e+03
4.610000000000000000e+03
4.241000000000000000e+03
4.860000000000000000e+03
4.179000000000000000e+03
3.374000000000000000e+03
3.014000000000000000e+03
2.879000000000000000e+03
2.751000000000000000e+03
2.815000000000000000e+03
2.596000000000000000e+03
2.767000000000000000e+03
2.838000000000000000e+03
2.739000000000000000e+03
3.452000000000000000e+03
3.352000000000000000e+03
3.580000000000000000e+03
3.904000000000000000e+03
5.766000000000000000e+03
6.421000000000000000e+03
8.736000000000000000e+03
1.771500000000000000e+04
2.107200000000000000e+04
2.133300000000000000e+04
4.332200000000000000e+04
3.248700000000000000e+04
3.475700000000000000e+04
5.093400000000000000e+04
2.786200000000000000e+04
3.202500000000000000e+04
3.690000000000000000e+03
4.610000000000000000e+02
2.280000000000000000e+02
1.540000000000000000e+02
9.600000000000000000e+01
7.900000000000000000e+01
9.600000000000000000e+01
8.100000000000000000e+01
9.200000000000000000e+01
8.100000000000000000e+01
5.200000000000000000e+01
4.900000000000000000e+01
6.800000000000000000e+01
4.700000000000000000e+01
2.500000000000000000e+01
1.800000000000000000e+01
2.200000000000000000e+01
1.700000000000000000e+01
1.300000000000000000e+01
1.300000000000000000e+01
1.100000000000000000e+01
1.200000000000000000e+01
9.000000000000000000e+00
9.000000000000000000e+00
8.000000000000000000e+00
1.200000000000000000e+01
5.000000000000000000e+00
7.000000000000000000e+00
3.000000000000000000e+00
1.100000000000000000e+01
3.990000000000000000e+04
9.441000000000000000e+03
5.513000000000000000e+03
3.854000000000000000e+03
2.923000000000000000e+03
2.384000000000000000e+03
2.401000000000000000e+03
2.298000000000000000e+03
2.026000000000000000e+03
1.895000000000000000e+03
2.148000000000000000e+03
1.843000000000000000e+03
1.863000000000000000e+03
1.965000000000000000e+03
1.798000000000000000e+03
2.066000000000000000e+03
2.198000000000000000e+03
2.011000000000000000e+03
2.240000000000000000e+03
2.185000000000000000e+03
2.300000000000000000e+03
2.520000000000000000e+03
2.577000000000000000e+03
2.380000000000000000e+03
2.481000000000000000e+03
2.328000000000000000e+03
2.369000000000000000e+03
2.428000000000000000e+03
2.482000000000000000e+03
2.469000000000000000e+03
2.468000000000000000e+03
2.470000000000000000e+03
2.459000000000000000e+03
2.573000000000000000e+03
2.703000000000000000e+03
2.879000000000000000e+03
3.551000000000000000e+03
5.074000000000000000e+03
4.149000000000000000e+03
4.132000000000000000e+03
4.307000000000000000e+03
4.672000000000000000e+03
5.103000000000000000e+03
5.470000000000000000e+03
5.359000000000000000e+03
5.731000000000000000e+03
6.369000000000000000e+03
5.775000000000000000e+03
5.880000000000000000e+03
5.159000000000000000e+03
4.960000000000000000e+03
4.781000000000000000e+03
4.064000000000000000e+03
3.671000000000000000e+03
3.698000000000000000e+03
3.488000000000000000e+03
3.411000000000000000e+03
3.677000000000000000e+03
4.136000000000000000e+03
3.490000000000000000e+03
3.565000000000000000e+03
3.751000000000000000e+03
3.345000000000000000e+03
3.088000000000000000e+03
2.956000000000000000e+03
3.010000000000000000e+03
2.983000000000000000e+03
2.826000000000000000e+03
2.356000000000000000e+03
2.396000000000000000e+03
2.343000000000000000e+03
2.236000000000000000e+03
2.422000000000000000e+03
2.293000000000000000e+03
2.098000000000000000e+03
2.129000000000000000e+03
2.117000000000000000e+03
2.147000000000000000e+03
2.121000000000000000e+03
2.136000000000000000e+03
2.116000000000000000e+03
2.157000000000000000e+03
2.151000000000000000e+03
2.186000000000000000e+03
2.064000000000000000e+03
2.122000000000000000e+03
2.177000000000000000e+03
2.415000000000000000e+03
3.053000000000000000e+03
3.668000000000000000e+03
5.576000000000000000e+03
6.145000000000000000e+03
6.731000000000000000e+03
8.545000000000000000e+03
8.911000000000000000e+03
9.744000000000000000e+03
1.098000000000000000e+04
1.033400000000000000e+04
1.070800000000000000e+04
1.209900000000000000e+04
1.163400000000000000e+04
1.359200000000000000e+04
1.683500000000000000e+04
1.608500000000000000e+04
1.441200000000000000e+04
1.452900000000000000e+04
1.267100000000000000e+04
1.115000000000000000e+04
1.138800000000000000e+04
8.663000000000000000e+03
8.578000000000000000e+03
8.625000000000000000e+03
1.059200000000000000e+04
1.032900000000000000e+04
1.055100000000000000e+04
1.154200000000000000e+04
9.781000000000000000e+03
9.648000000000000000e+03
9.898000000000000000e+03
9.301000000000000000e+03
9.763000000000000000e+03
1.080400000000000000e+04
9.904000000000000000e+03
8.347000000000000000e+03
7.620000000000000000e+03
7.063000000000000000e+03
6.931000000000000000e+03
7.432000000000000000e+03
7.028000000000000000e+03
7.583000000000000000e+03
7.806000000000000000e+03
7.172000000000000000e+03
6.762000000000000000e+03
7.289000000000000000e+03
6.602000000000000000e+03
6.675000000000000000e+03
7.645000000000000000e+03
7.509000000000000000e+03
8.024000000000000000e+03
8.119000000000000000e+03
7.932000000000000000e+03
8.167000000000000000e+03
8.661000000000000000e+03
7.804000000000000000e+03
8.826000000000000000e+03
9.323000000000000000e+03
8.282000000000000000e+03
6.829000000000000000e+03
5.877000000000000000e+03
4.638000000000000000e+03
4.432000000000000000e+03
5.294000000000000000e+03
6.260000000000000000e+03
6.979000000000000000e+03
7.636000000000000000e+03
7.435000000000000000e+03
7.878000000000000000e+03
6.921000000000000000e+03
7.197000000000000000e+03
7.937000000000000000e+03
7.207000000000000000e+03
6.531000000000000000e+03
6.760000000000000000e+03
7.342000000000000000e+03
7.763000000000000000e+03
7.825000000000000000e+03
6.975000000000000000e+03
7.263000000000000000e+03
8.608000000000000000e+03
8.307000000000000000e+03
8.194000000000000000e+03
8.381000000000000000e+03
7.361000000000000000e+03
7.676000000000000000e+03
8.965000000000000000e+03
8.290000000000000000e+03
9.243000000000000000e+03
8.984000000000000000e+03
8.099000000000000000e+03
8.195000000000000000e+03
9.611000000000000000e+03
9.560000000000000000e+03
8.881000000000000000e+03
8.448000000000000000e+03
7.802000000000000000e+03
7.262000000000000000e+03
7.877000000000000000e+03
7.211000000000000000e+03
6.683000000000000000e+03
6.929000000000000000e+03
6.615000000000000000e+03
6.126000000000000000e+03
6.085000000000000000e+03
6.231000000000000000e+03
5.486000000000000000e+03
5.708000000000000000e+03
6.348000000000000000e+03
5.223000000000000000e+03
4.447000000000000000e+03
5.021000000000000000e+03
4.134000000000000000e+03
3.329000000000000000e+03
3.116000000000000000e+03
2.889000000000000000e+03
2.756000000000000000e+03
2.776000000000000000e+03
2.597000000000000000e+03
2.772000000000000000e+03
2.805000000000000000e+03
2.821000000000000000e+03
3.397000000000000000e+03
3.291000000000000000e+03
3.608000000000000000e+03
3.983000000000000000e+03
5.789000000000000000e+03
6.402000000000000000e+03
8.786000000000000000e+03
1.775200000000000000e+04
2.104600000000000000e+04
2.129900000000000000e+04
4.328900000000000000e+04
3.248000000000000000e+04
3.472000000000000000e+04
5.093100000000000000e+04
2.787000000000000000e+04
3.202200000000000000e+04
3.690000000000000000e+03
4.230000000000000000e+02
2.100000000000000000e+02
1.510000000000000000e+02
1.030000000000000000e+02
8.600000000000000000e+01
7.800000000000000000e+01
9.600000000000000000e+01
5.900000000000000000e+01
6.000000000000000000e+01
6.900000000000000000e+01
6.500000000000000000e+01
3.100000000000000000e+01
3.000000000000000000e+01
2.600000000000000000e+01
2.700000000000000000e+01
3.100000000000000000e+01
1.900000000000000000e+01
2.300000000000000000e+01
2.300000000000000000e+01
2.100000000000000000e+01
2.700000000000000000e+01
2.600000000000000000e+01
3.500000000000000000e+01
2.800000000000000000e+01
3.500000000000000000e+01
4.400000000000000000e+01
3.000000000000000000e+01
2.600000000000000000e+01
5.100000000000000000e+02
