1.068800000000000000e+04
2.014000000000000000e+03
4.559000000000000000e+03
2.944000000000000000e+03
4.735000000000000000e+03
4.349000000000000000e+03
3.724000000000000000e+03
3.796000000000000000e+03
3.405000000000000000e+03
3.457000000000000000e+03
3.322000000000000000e+03
3.352000000000000000e+03
3.393000000000000000e+03
3.260000000000000000e+03
3.113000000000000000e+03
3.249000000000000000e+03
3.187000000000000000e+03
3.040000000000000000e+03
3.255000000000000000e+03
3.525000000000000000e+03
4.474000000000000000e+03
4.959000000000000000e+03
5.386000000000000000e+03
6.450000000000000000e+03
6.526000000000000000e+03
6.122000000000000000e+03
5.515000000000000000e+03
5.039000000000000000e+03
4.376000000000000000e+03
4.305000000000000000e+03
4.344000000000000000e+03
4.584000000000000000e+03
4.457000000000000000e+03
4.291000000000000000e+03
4.570000000000000000e+03
4.379000000000000000e+03
4.161000000000000000e+03
4.277000000000000000e+03
4.335000000000000000e+03
4.022000000000000000e+03
3.856000000000000000e+03
4.031000000000000000e+03
3.719000000000000000e+03
3.838000000000000000e+03
3.904000000000000000e+03
3.942000000000000000e+03
4.033000000000000000e+03
4.336000000000000000e+03
4.355000000000000000e+03
4.842000000000000000e+03
5.394000000000000000e+03
6.849000000000000000e+03
8.780000000000000000e+03
1.149100000000000000e+04
1.413400000000000000e+04
1.704100000000000000e+04
1.868200000000000000e+04
1.943800000000000000e+04
1.895200000000000000e+04
1.764800000000000000e+04
1.640300000000000000e+04
1.567300000000000000e+04
1.503100000000000000e+04
1.430200000000000000e+04
1.362800000000000000e+04
1.296000000000000000e+04
1.197500000000000000e+04
1.173400000000000000e+04
1.168900000000000000e+04
1.171400000000000000e+04
1.232300000000000000e+04
1.235700000000000000e+04
1.249900000000000000e+04
1.253300000000000000e+04
1.311300000000000000e+04
1.371100000000000000e+04
1.351900000000000000e+04
1.336000000000000000e+04
1.280500000000000000e+04
1.227000000000000000e+04
1.177000000000000000e+04
1.133900000000000000e+04
1.103100000000000000e+04
1.097000000000000000e+04
1.063300000000000000e+04
1.047400000000000000e+04
1.055100000000000000e+04
1.042800000000000000e+04
1.000900000000000000e+04
1.022500000000000000e+04
9.700000000000000000e+03
9.851000000000000000e+03
9.960000000000000000e+03
9.805000000000000000e+03
9.831000000000000000e+03
9.621000000000000000e+03
9.186000000000000000e+03
8.996000000000000000e+03
9.062000000000000000e+03
8.633000000000000000e+03
8.484000000000000000e+03
8.044000000000000000e+03
7.921000000000000000e+03
7.669000000000000000e+03
7.457000000000000000e+03
6.970000000000000000e+03
6.794000000000000000e+03
6.458000000000000000e+03
6.272000000000000000e+03
6.342000000000000000e+03
6.038000000000000000e+03
6.031000000000000000e+03
5.981000000000000000e+03
6.228000000000000000e+03
6.087000000000000000e+03
6.066000000000000000e+03
5.967000000000000000e+03
6.015000000000000000e+03
6.072000000000000000e+03
6.109000000000000000e+03
5.994000000000000000e+03
6.111000000000000000e+03
5.920000000000000000e+03
6.205000000000000000e+03
6.264000000000000000e+03
6.246000000000000000e+03
6.296000000000000000e+03
6.272000000000000000e+03
6.365000000000000000e+03
6.323000000000000000e+03
6.438000000000000000e+03
6.781000000000000000e+03
6.890000000000000000e+03
7.099000000000000000e+03
7.299000000000000000e+03
7.511000000000000000e+03
7.586000000000000000e+03
7.543000000000000000e+03
7.988000000000000000e+03
7.966000000000000000e+03
8.287000000000000000e+03
8.271000000000000000e+03
8.413000000000000000e+03
8.525000000000000000e+03
8.876000000000000000e+03
9.223000000000000000e+03
9.250000000000000000e+03
9.681000000000000000e+03
9.930000000000000000e+03
1.038400000000000000e+04
1.045600000000000000e+04
1.087600000000000000e+04
1.120100000000000000e+04
1.143600000000000000e+04
1.152900000000000000e+04
1.184600000000000000e+04
1.188100000000000000e+04
1.198000000000000000e+04
1.201100000000000000e+04
1.186900000000000000e+04
1.164000000000000000e+04
1.163600000000000000e+04
1.206000000000000000e+04
1.280700000000000000e+04
1.446300000000000000e+04
1.634300000000000000e+04
1.716900000000000000e+04
1.694600000000000000e+04
1.618200000000000000e+04
1.620600000000000000e+04
1.687600000000000000e+04
1.712200000000000000e+04
1.703100000000000000e+04
1.702000000000000000e+04
1.738200000000000000e+04
1.824800000000000000e+04
1.854700000000000000e+04
1.849500000000000000e+04
1.841200000000000000e+04
1.824800000000000000e+04
1.816400000000000000e+04
1.669800000000000000e+04
1.525800000000000000e+04
1.392600000000000000e+04
1.297000000000000000e+04
1.263300000000000000e+04
1.233700000000000000e+04
1.220400000000000000e+04
1.174600000000000000e+04
1.111600000000000000e+04
1.073400000000000000e+04
1.032800000000000000e+04
1.013400000000000000e+04
1.004600000000000000e+04
9.821000000000000000e+03
9.611000000000000000e+03
9.223000000000000000e+03
9.285000000000000000e+03
8.841000000000000000e+03
9.030000000000000000e+03
9.073000000000000000e+03
9.145000000000000000e+03
1.005000000000000000e+04
1.085000000000000000e+04
1.257900000000000000e+04
1.540300000000000000e+04
1.762900000000000000e+04
1.979600000000000000e+04
2.178800000000000000e+04
2.302800000000000000e+04
2.125700000000000000e+04
2.134600000000000000e+04
2.444800000000000000e+04
2.449300000000000000e+04
3.005800000000000000e+04
3.429000000000000000e+04
3.745200000000000000e+04
3.690200000000000000e+04
3.545700000000000000e+04
3.491900000000000000e+04
3.720100000000000000e+04
4.077600000000000000e+04
3.450100000000000000e+04
2.048200000000000000e+04
9.508000000000000000e+03
3.758000000000000000e+03
2.193000000000000000e+03
1.130000000000000000e+03
1.044000000000000000e+03
1.039000000000000000e+03
9.340000000000000000e+02
8.270000000000000000e+02
7.240000000000000000e+02
8.220000000000000000e+02
5.710000000000000000e+02
5.130000000000000000e+02
4.580000000000000000e+02
4.040000000000000000e+02
3.210000000000000000e+02
2.920000000000000000e+02
2.300000000000000000e+02
1.890000000000000000e+02
8.700000000000000000e+01
7.300000000000000000e+01
5.700000000000000000e+01
4.900000000000000000e+01
4.900000000000000000e+01
2.800000000000000000e+01
3.500000000000000000e+01
2.800000000000000000e+01
4.400000000000000000e+01
5.000000000000000000e+01
3.200000000000000000e+01
4.300000000000000000e+01
3.300000000000000000e+01
2.690000000000000000e+02
1.597400000000000000e+04
7.246000000000000000e+03
6.120000000000000000e+03
5.056000000000000000e+03
4.175000000000000000e+03
3.605000000000000000e+03
3.210000000000000000e+03
2.978000000000000000e+03
2.710000000000000000e+03
2.739000000000000000e+03
3.013000000000000000e+03
2.916000000000000000e+03
2.940000000000000000e+03
3.238000000000000000e+03
4.008000000000000000e+03
5.868000000000000000e+03
6.267000000000000000e+03
5.746000000000000000e+03
5.476000000000000000e+03
5.079000000000000000e+03
5.383000000000000000e+03
5.388000000000000000e+03
5.295000000000000000e+03
4.902000000000000000e+03
4.333000000000000000e+03
3.946000000000000000e+03
3.994000000000000000e+03
3.844000000000000000e+03
3.505000000000000000e+03
3.254000000000000000e+03
3.243000000000000000e+03
3.346000000000000000e+03
3.083000000000000000e+03
2.861000000000000000e+03
2.854000000000000000e+03
2.837000000000000000e+03
2.724000000000000000e+03
2.820000000000000000e+03
2.828000000000000000e+03
2.774000000000000000e+03
2.828000000000000000e+03
2.857000000000000000e+03
2.838000000000000000e+03
3.130000000000000000e+03
3.235000000000000000e+03
3.302000000000000000e+03
3.982000000000000000e+03
5.146000000000000000e+03
6.933000000000000000e+03
9.355000000000000000e+03
1.314400000000000000e+04
1.649000000000000000e+04
1.855500000000000000e+04
1.820500000000000000e+04
1.694000000000000000e+04
1.576700000000000000e+04
1.465500000000000000e+04
1.383700000000000000e+04
1.329200000000000000e+04
1.258900000000000000e+04
1.221100000000000000e+04
1.157300000000000000e+04
1.087400000000000000e+04
1.027300000000000000e+04
1.013600000000000000e+04
1.039700000000000000e+04
1.089700000000000000e+04
1.111100000000000000e+04
1.167700000000000000e+04
1.222800000000000000e+04
1.275500000000000000e+04
1.288900000000000000e+04
1.260900000000000000e+04
1.232100000000000000e+04
1.182000000000000000e+04
1.125000000000000000e+04
1.070800000000000000e+04
1.025200000000000000e+04
1.016500000000000000e+04
1.009000000000000000e+04
9.912000000000000000e+03
9.974000000000000000e+03
9.836000000000000000e+03
9.844000000000000000e+03
9.925000000000000000e+03
9.731000000000000000e+03
9.893000000000000000e+03
1.020200000000000000e+04
9.984000000000000000e+03
9.933000000000000000e+03
9.559000000000000000e+03
9.519000000000000000e+03
9.355000000000000000e+03
9.063000000000000000e+03
8.814000000000000000e+03
8.275000000000000000e+03
7.798000000000000000e+03
7.220000000000000000e+03
6.907000000000000000e+03
6.603000000000000000e+03
6.457000000000000000e+03
6.056000000000000000e+03
6.203000000000000000e+03
6.058000000000000000e+03
6.035000000000000000e+03
6.045000000000000000e+03
5.910000000000000000e+03
5.848000000000000000e+03
5.868000000000000000e+03
5.764000000000000000e+03
5.750000000000000000e+03
5.822000000000000000e+03
5.695000000000000000e+03
5.628000000000000000e+03
5.560000000000000000e+03
5.333000000000000000e+03
5.591000000000000000e+03
5.517000000000000000e+03
5.615000000000000000e+03
5.843000000000000000e+03
6.571000000000000000e+03
7.561000000000000000e+03
8.123000000000000000e+03
8.396000000000000000e+03
8.490000000000000000e+03
8.853000000000000000e+03
9.163000000000000000e+03
9.526000000000000000e+03
9.868000000000000000e+03
1.017200000000000000e+04
1.070600000000000000e+04
1.123800000000000000e+04
1.182700000000000000e+04
1.251900000000000000e+04
1.304500000000000000e+04
1.352800000000000000e+04
1.353000000000000000e+04
1.230800000000000000e+04
1.168200000000000000e+04
1.136300000000000000e+04
1.134400000000000000e+04
1.193700000000000000e+04
1.148600000000000000e+04
1.094000000000000000e+04
1.070900000000000000e+04
1.091700000000000000e+04
1.126200000000000000e+04
1.132900000000000000e+04
1.175800000000000000e+04
1.167100000000000000e+04
1.165700000000000000e+04
1.148400000000000000e+04
1.085500000000000000e+04
1.120200000000000000e+04
1.138700000000000000e+04
1.166300000000000000e+04
1.222200000000000000e+04
1.255200000000000000e+04
1.266800000000000000e+04
1.253900000000000000e+04
1.242200000000000000e+04
1.255000000000000000e+04
1.237000000000000000e+04
1.241000000000000000e+04
1.278600000000000000e+04
1.300300000000000000e+04
1.292800000000000000e+04
1.319200000000000000e+04
1.393100000000000000e+04
1.490400000000000000e+04
1.572800000000000000e+04
1.592900000000000000e+04
1.660000000000000000e+04
1.675700000000000000e+04
1.670600000000000000e+04
1.710500000000000000e+04
1.773800000000000000e+04
1.844600000000000000e+04
1.833200000000000000e+04
1.816900000000000000e+04
1.825000000000000000e+04
1.863200000000000000e+04
1.836300000000000000e+04
1.804700000000000000e+04
1.700200000000000000e+04
1.641800000000000000e+04
1.641000000000000000e+04
1.705600000000000000e+04
1.875200000000000000e+04
2.083100000000000000e+04
2.341500000000000000e+04
2.570700000000000000e+04
2.616900000000000000e+04
2.433000000000000000e+04
2.292600000000000000e+04
2.328400000000000000e+04
2.414900000000000000e+04
2.449800000000000000e+04
2.690300000000000000e+04
2.969600000000000000e+04
3.511400000000000000e+04
3.597900000000000000e+04
3.840300000000000000e+04
3.600700000000000000e+04
4.050800000000000000e+04
3.620100000000000000e+04
2.662600000000000000e+04
2.376600000000000000e+04
2.044800000000000000e+04
1.423600000000000000e+04
9.848000000000000000e+03
7.897000000000000000e+03
5.832000000000000000e+03
4.038000000000000000e+03
3.202000000000000000e+03
2.824000000000000000e+03
2.664000000000000000e+03
2.537000000000000000e+03
2.481000000000000000e+03
2.110000000000000000e+03
1.979000000000000000e+03
1.910000000000000000e+03
1.789000000000000000e+03
1.727000000000000000e+03
1.539000000000000000e+03
1.507000000000000000e+03
1.359000000000000000e+03
1.356000000000000000e+03
1.442000000000000000e+03
1.422000000000000000e+03
1.488000000000000000e+03
1.458000000000000000e+03
1.403000000000000000e+03
1.468000000000000000e+03
1.416000000000000000e+03
1.378000000000000000e+03
1.138000000000000000e+03
9.870000000000000000e+02
8.640000000000000000e+02
8.690000000000000000e+02
9.230000000000000000e+02
1.020000000000000000e+03
1.218000000000000000e+03
1.767000000000000000e+03
1.592000000000000000e+03
1.291000000000000000e+03
1.090000000000000000e+03
7.690000000000000000e+02
4.900000000000000000e+02
4.400000000000000000e+02
4.000000000000000000e+02
2.070000000000000000e+02
1.030000000000000000e+02
1.150000000000000000e+02
1.000000000000000000e+02
1.210000000000000000e+02
1.480900000000000000e+04
6.765000000000000000e+03
5.076000000000000000e+03
5.265000000000000000e+03
4.573000000000000000e+03
4.001000000000000000e+03
3.739000000000000000e+03
3.487000000000000000e+03
3.472000000000000000e+03
3.566000000000000000e+03
3.933000000000000000e+03
4.117000000000000000e+03
4.620000000000000000e+03
5.136000000000000000e+03
6.182000000000000000e+03
6.780000000000000000e+03
6.019000000000000000e+03
5.087000000000000000e+03
5.262000000000000000e+03
6.250000000000000000e+03
6.786000000000000000e+03
6.521000000000000000e+03
5.671000000000000000e+03
4.573000000000000000e+03
4.141000000000000000e+03
3.830000000000000000e+03
3.725000000000000000e+03
3.681000000000000000e+03
3.864000000000000000e+03
3.836000000000000000e+03
3.627000000000000000e+03
3.838000000000000000e+03
4.111000000000000000e+03
4.108000000000000000e+03
4.028000000000000000e+03
4.114000000000000000e+03
4.154000000000000000e+03
4.104000000000000000e+03
4.833000000000000000e+03
5.856000000000000000e+03
7.015000000000000000e+03
8.058000000000000000e+03
9.176000000000000000e+03
9.851000000000000000e+03
1.129500000000000000e+04
1.252200000000000000e+04
1.413900000000000000e+04
1.586600000000000000e+04
1.750600000000000000e+04
1.860300000000000000e+04
1.874500000000000000e+04
1.796500000000000000e+04
1.743400000000000000e+04
1.697800000000000000e+04
1.590100000000000000e+04
1.481000000000000000e+04
1.481300000000000000e+04
1.480700000000000000e+04
1.535700000000000000e+04
1.600600000000000000e+04
1.594500000000000000e+04
1.499500000000000000e+04
1.379600000000000000e+04
1.371100000000000000e+04
1.306400000000000000e+04
1.329100000000000000e+04
1.374400000000000000e+04
1.446400000000000000e+04
1.521500000000000000e+04
1.635800000000000000e+04
1.769800000000000000e+04
1.784400000000000000e+04
1.739700000000000000e+04
1.733500000000000000e+04
1.746900000000000000e+04
1.726200000000000000e+04
1.725600000000000000e+04
1.665600000000000000e+04
1.638800000000000000e+04
1.617200000000000000e+04
1.617000000000000000e+04
1.616400000000000000e+04
1.577000000000000000e+04
1.525100000000000000e+04
1.484200000000000000e+04
1.420800000000000000e+04
1.405200000000000000e+04
1.348700000000000000e+04
1.307500000000000000e+04
1.342700000000000000e+04
1.312500000000000000e+04
1.241200000000000000e+04
1.216500000000000000e+04
1.157900000000000000e+04
1.128800000000000000e+04
1.128700000000000000e+04
1.120500000000000000e+04
1.107700000000000000e+04
1.086200000000000000e+04
1.076800000000000000e+04
1.018100000000000000e+04
1.014900000000000000e+04
1.007200000000000000e+04
9.453000000000000000e+03
9.108000000000000000e+03
9.147000000000000000e+03
8.846000000000000000e+03
8.920000000000000000e+03
8.758000000000000000e+03
8.894000000000000000e+03
8.578000000000000000e+03
8.843000000000000000e+03
8.715000000000000000e+03
8.749000000000000000e+03
8.544000000000000000e+03
8.767000000000000000e+03
8.765000000000000000e+03
8.823000000000000000e+03
8.787000000000000000e+03
8.471000000000000000e+03
8.262000000000000000e+03
8.029000000000000000e+03
8.089000000000000000e+03
8.053000000000000000e+03
8.006000000000000000e+03
8.800000000000000000e+03
8.898000000000000000e+03
9.143000000000000000e+03
8.971000000000000000e+03
8.432000000000000000e+03
8.460000000000000000e+03
8.473000000000000000e+03
8.749000000000000000e+03
8.680000000000000000e+03
8.521000000000000000e+03
8.370000000000000000e+03
7.554000000000000000e+03
7.328000000000000000e+03
7.168000000000000000e+03
7.037000000000000000e+03
7.130000000000000000e+03
6.907000000000000000e+03
7.010000000000000000e+03
7.372000000000000000e+03
7.656000000000000000e+03
7.326000000000000000e+03
7.551000000000000000e+03
8.408000000000000000e+03
9.293000000000000000e+03
1.013800000000000000e+04
1.021700000000000000e+04
1.087600000000000000e+04
1.102600000000000000e+04
1.076000000000000000e+04
1.229800000000000000e+04
1.254500000000000000e+04
1.259600000000000000e+04
1.326800000000000000e+04
1.291000000000000000e+04
1.323900000000000000e+04
1.452400000000000000e+04
1.479900000000000000e+04
1.609000000000000000e+04
1.802500000000000000e+04
1.965600000000000000e+04
1.922500000000000000e+04
1.839500000000000000e+04
1.732900000000000000e+04
1.838300000000000000e+04
1.963600000000000000e+04
2.036100000000000000e+04
2.459800000000000000e+04
2.744500000000000000e+04
2.704200000000000000e+04
2.823400000000000000e+04
2.691500000000000000e+04
2.557600000000000000e+04
2.374700000000000000e+04
2.267200000000000000e+04
1.989400000000000000e+04
1.700800000000000000e+04
1.605400000000000000e+04
1.594000000000000000e+04
1.351900000000000000e+04
1.064200000000000000e+04
9.654000000000000000e+03
9.218000000000000000e+03
8.877000000000000000e+03
8.544000000000000000e+03
8.609000000000000000e+03
8.266000000000000000e+03
7.972000000000000000e+03
7.962000000000000000e+03
7.797000000000000000e+03
7.953000000000000000e+03
8.079000000000000000e+03
8.149000000000000000e+03
8.191000000000000000e+03
8.649000000000000000e+03
8.731000000000000000e+03
9.062000000000000000e+03
9.228000000000000000e+03
9.437000000000000000e+03
9.489000000000000000e+03
9.584000000000000000e+03
9.396000000000000000e+03
9.099000000000000000e+03
8.720000000000000000e+03
8.561000000000000000e+03
8.181000000000000000e+03
7.780000000000000000e+03
7.593000000000000000e+03
7.199000000000000000e+03
6.783000000000000000e+03
6.363000000000000000e+03
6.178000000000000000e+03
5.566000000000000000e+03
5.277000000000000000e+03
5.069000000000000000e+03
4.692000000000000000e+03
4.422000000000000000e+03
4.098000000000000000e+03
3.918000000000000000e+03
3.520000000000000000e+03
3.169000000000000000e+03
2.982000000000000000e+03
2.648000000000000000e+03
2.459000000000000000e+03
2.277000000000000000e+03
2.150000000000000000e+03
2.092000000000000000e+03
1.996000000000000000e+03
2.021000000000000000e+03
1.949000000000000000e+03
1.855000000000000000e+03
1.803000000000000000e+03
1.563000000000000000e+03
1.580000000000000000e+03
1.351000000000000000e+03
1.394000000000000000e+03
1.422000000000000000e+03
1.468000000000000000e+03
1.453000000000000000e+03
1.502000000000000000e+03
1.603000000000000000e+03
1.717000000000000000e+03
1.814000000000000000e+03
1.676000000000000000e+03
1.630000000000000000e+03
1.401000000000000000e+03
1.361000000000000000e+03
1.530000000000000000e+03
1.673000000000000000e+03
1.511000000000000000e+03
1.432000000000000000e+03
2.763000000000000000e+03
