1.825000000000000000e+03
7.340000000000000000e+02
1.243000000000000000e+03
9.798000000000000000e+03
6.873000000000000000e+03
6.521000000000000000e+03
7.056000000000000000e+03
5.798000000000000000e+03
3.229000000000000000e+03
2.820000000000000000e+03
2.230000000000000000e+03
1.913000000000000000e+03
1.469000000000000000e+03
1.071000000000000000e+03
8.620000000000000000e+02
5.830000000000000000e+02
5.460000000000000000e+02
5.130000000000000000e+02
5.110000000000000000e+02
4.740000000000000000e+02
4.420000000000000000e+02
4.140000000000000000e+02
3.480000000000000000e+02
3.590000000000000000e+02
3.370000000000000000e+02
3.400000000000000000e+02
3.340000000000000000e+02
2.880000000000000000e+02
2.360000000000000000e+02
1.980000000000000000e+02
2.190000000000000000e+02
2.210000000000000000e+02
2.050000000000000000e+02
1.900000000000000000e+02
1.820000000000000000e+02
1.930000000000000000e+02
1.950000000000000000e+02
2.300000000000000000e+02
1.870000000000000000e+02
1.700000000000000000e+02
2.360000000000000000e+02
2.310000000000000000e+02
2.270000000000000000e+02
2.340000000000000000e+02
2.240000000000000000e+02
2.240000000000000000e+02
2.450000000000000000e+02
2.560000000000000000e+02
2.800000000000000000e+02
2.400000000000000000e+02
2.440000000000000000e+02
2.620000000000000000e+02
2.440000000000000000e+02
2.790000000000000000e+02
2.780000000000000000e+02
2.900000000000000000e+02
2.720000000000000000e+02
3.090000000000000000e+02
3.220000000000000000e+02
2.860000000000000000e+02
3.650000000000000000e+02
3.550000000000000000e+02
4.030000000000000000e+02
3.730000000000000000e+02
4.290000000000000000e+02
4.340000000000000000e+02
4.530000000000000000e+02
4.600000000000000000e+02
4.240000000000000000e+02
4.540000000000000000e+02
4.160000000000000000e+02
4.450000000000000000e+02
5.200000000000000000e+02
5.020000000000000000e+02
5.130000000000000000e+02
5.240000000000000000e+02
5.040000000000000000e+02
4.550000000000000000e+02
4.620000000000000000e+02
4.530000000000000000e+02
4.870000000000000000e+02
4.420000000000000000e+02
4.080000000000000000e+02
4.860000000000000000e+02
4.850000000000000000e+02
5.150000000000000000e+02
5.270000000000000000e+02
5.550000000000000000e+02
5.700000000000000000e+02
5.420000000000000000e+02
5.830000000000000000e+02
5.360000000000000000e+02
5.290000000000000000e+02
5.170000000000000000e+02
4.430000000000000000e+02
4.630000000000000000e+02
4.390000000000000000e+02
4.720000000000000000e+02
4.900000000000000000e+02
4.160000000000000000e+02
4.540000000000000000e+02
4.120000000000000000e+02
4.090000000000000000e+02
4.330000000000000000e+02
4.150000000000000000e+02
3.830000000000000000e+02
4.470000000000000000e+02
3.750000000000000000e+02
3.690000000000000000e+02
3.850000000000000000e+02
3.620000000000000000e+02
3.290000000000000000e+02
3.160000000000000000e+02
2.990000000000000000e+02
2.830000000000000000e+02
3.050000000000000000e+02
2.690000000000000000e+02
2.580000000000000000e+02
2.930000000000000000e+02
2.490000000000000000e+02
2.580000000000000000e+02
2.730000000000000000e+02
2.480000000000000000e+02
2.530000000000000000e+02
2.650000000000000000e+02
2.130000000000000000e+02
2.280000000000000000e+02
2.110000000000000000e+02
2.070000000000000000e+02
2.020000000000000000e+02
1.930000000000000000e+02
2.100000000000000000e+02
1.980000000000000000e+02
1.980000000000000000e+02
2.000000000000000000e+02
2.170000000000000000e+02
2.290000000000000000e+02
1.870000000000000000e+02
1.700000000000000000e+02
1.530000000000000000e+02
1.430000000000000000e+02
1.100000000000000000e+02
9.400000000000000000e+01
8.200000000000000000e+01
9.900000000000000000e+01
6.900000000000000000e+01
6.800000000000000000e+01
6.800000000000000000e+01
5.500000000000000000e+01
4.500000000000000000e+01
4.800000000000000000e+01
5.600000000000000000e+01
4.500000000000000000e+01
4.600000000000000000e+01
4.300000000000000000e+01
4.100000000000000000e+01
3.500000000000000000e+01
5.200000000000000000e+01
6.000000000000000000e+01
4.700000000000000000e+01
4.100000000000000000e+01
4.300000000000000000e+01
3.100000000000000000e+01
2.500000000000000000e+01
9.000000000000000000e+00
7.000000000000000000e+00
9.000000000000000000e+00
7.000000000000000000e+00
7.000000000000000000e+00
1.100000000000000000e+01
3.000000000000000000e+00
8.000000000000000000e+00
1.000000000000000000e+00
7.000000000000000000e+00
4.000000000000000000e+00
4.000000000000000000e+00
3.000000000000000000e+00
5.000000000000000000e+00
2.000000000000000000e+00
0.000000000000000000e+00
3.000000000000000000e+00
2.000000000000000000e+00
4.000000000000000000e+00
3.000000000000000000e+00
3.000000000000000000e+00
1.000000000000000000e+00
4.000000000000000000e+00
2.000000000000000000e+00
1.000000000000000000e+00
0.000000000000000000e+00
0.000000000000000000e+00
1.000000000000000000e+00
0.000000000000000000e+00
0.000000000000000000e+00
0.000000000000000000e+00
0.000000000000000000e+00
0.000000000000000000e+00
0.000000000000000000e+00
0.000000000000000000e+00
0.000000000000000000e+00
0.000000000000000000e+00
0.000000000000000000e+00
0.000000000000000000e+00
0.000000000000000000e+00
0.000000000000000000e+00
0.000000000000000000e+00
0.000000000000000000e+00
0.000000000000000000e+00
0.000000000000000000e+00
0.000000000000000000e+00
0.000000000000000000e+00
0.000000000000000000e+00
0.000000000000000000e+00
0.000000000000000000e+00
0.000000000000000000e+00
0.000000000000000000e+00
0.000000000000000000e+00
0.000000000000000000e+00
0.000000000000000000e+00
0.000000000000000000e+00
0.000000000000000000e+00
0.000000000000000000e+00
0.000000000000000000e+00
0.000000000000000000e+00
0.000000000000000000e+00
0.000000000000000000e+00
0.000000000000000000e+00
0.000000000000000000e+00
0.000000000000000000e+00
0.000000000000000000e+00
0.000000000000000000e+00
0.000000000000000000e+00
0.000000000000000000e+00
0.000000000000000000e+00
0.000000000000000000e+00
0.000000000000000000e+00
0.000000000000000000e+00
0.000000000000000000e+00
0.000000000000000000e+00
0.000000000000000000e+00
0.000000000000000000e+00
0.000000000000000000e+00
0.000000000000000000e+00
0.000000000000000000e+00
0.000000000000000000e+00
0.000000000000000000e+00
0.000000000000000000e+00
0.000000000000000000e+00
0.000000000000000000e+00
0.000000000000000000e+00
0.000000000000000000e+00
0.000000000000000000e+00
0.000000000000000000e+00
0.000000000000000000e+00
0.000000000000000000e+00
0.000000000000000000e+00
7.400000000000000000e+01
1.390000000000000000e+02
6.870000000000000000e+02
1.011800000000000000e+04
7.298000000000000000e+03
5.733000000000000000e+03
6.656000000000000000e+03
5.483000000000000000e+03
2.253000000000000000e+03
1.499000000000000000e+03
1.082000000000000000e+03
9.660000000000000000e+02
1.171000000000000000e+03
1.044000000000000000e+03
9.390000000000000000e+02
7.130000000000000000e+02
5.420000000000000000e+02
4.170000000000000000e+02
3.530000000000000000e+02
3.190000000000000000e+02
3.130000000000000000e+02
3.090000000000000000e+02
2.900000000000000000e+02
2.480000000000000000e+02
1.980000000000000000e+02
1.990000000000000000e+02
1.550000000000000000e+02
1.320000000000000000e+02
1.390000000000000000e+02
1.310000000000000000e+02
1.040000000000000000e+02
9.800000000000000000e+01
9.900000000000000000e+01
1.000000000000000000e+02
1.210000000000000000e+02
7.200000000000000000e+01
8.800000000000000000e+01
8.000000000000000000e+01
7.800000000000000000e+01
9.300000000000000000e+01
6.800000000000000000e+01
6.800000000000000000e+01
8.200000000000000000e+01
7.700000000000000000e+01
8.300000000000000000e+01
1.020000000000000000e+02
1.290000000000000000e+02
1.470000000000000000e+02
1.630000000000000000e+02
2.230000000000000000e+02
1.790000000000000000e+02
1.850000000000000000e+02
1.910000000000000000e+02
2.350000000000000000e+02
2.930000000000000000e+02
2.750000000000000000e+02
2.460000000000000000e+02
2.310000000000000000e+02
2.240000000000000000e+02
2.350000000000000000e+02
2.090000000000000000e+02
1.810000000000000000e+02
2.060000000000000000e+02
1.970000000000000000e+02
2.130000000000000000e+02
2.010000000000000000e+02
1.900000000000000000e+02
1.240000000000000000e+02
1.270000000000000000e+02
7.900000000000000000e+01
8.100000000000000000e+01
6.000000000000000000e+01
4.200000000000000000e+01
3.100000000000000000e+01
4.100000000000000000e+01
3.900000000000000000e+01
3.200000000000000000e+01
4.400000000000000000e+01
4.200000000000000000e+01
4.300000000000000000e+01
6.400000000000000000e+01
5.500000000000000000e+01
5.600000000000000000e+01
6.300000000000000000e+01
5.000000000000000000e+01
5.000000000000000000e+01
6.800000000000000000e+01
6.400000000000000000e+01
5.200000000000000000e+01
6.700000000000000000e+01
6.000000000000000000e+01
6.300000000000000000e+01
5.400000000000000000e+01
6.700000000000000000e+01
7.000000000000000000e+01
8.000000000000000000e+01
8.700000000000000000e+01
9.500000000000000000e+01
9.200000000000000000e+01
8.800000000000000000e+01
8.500000000000000000e+01
9.300000000000000000e+01
6.700000000000000000e+01
9.300000000000000000e+01
9.600000000000000000e+01
9.100000000000000000e+01
1.160000000000000000e+02
8.800000000000000000e+01
8.800000000000000000e+01
9.000000000000000000e+01
8.300000000000000000e+01
9.100000000000000000e+01
9.500000000000000000e+01
1.080000000000000000e+02
1.310000000000000000e+02
1.350000000000000000e+02
1.510000000000000000e+02
1.620000000000000000e+02
1.400000000000000000e+02
1.520000000000000000e+02
1.640000000000000000e+02
1.730000000000000000e+02
2.060000000000000000e+02
1.980000000000000000e+02
1.780000000000000000e+02
2.200000000000000000e+02
2.110000000000000000e+02
2.220000000000000000e+02
2.180000000000000000e+02
2.230000000000000000e+02
2.420000000000000000e+02
2.360000000000000000e+02
2.650000000000000000e+02
2.480000000000000000e+02
2.740000000000000000e+02
2.700000000000000000e+02
2.720000000000000000e+02
3.020000000000000000e+02
3.350000000000000000e+02
3.500000000000000000e+02
3.540000000000000000e+02
3.660000000000000000e+02
3.250000000000000000e+02
3.780000000000000000e+02
3.890000000000000000e+02
4.070000000000000000e+02
4.050000000000000000e+02
4.380000000000000000e+02
4.420000000000000000e+02
5.040000000000000000e+02
5.440000000000000000e+02
6.150000000000000000e+02
6.150000000000000000e+02
6.000000000000000000e+02
5.830000000000000000e+02
5.710000000000000000e+02
6.440000000000000000e+02
7.280000000000000000e+02
7.900000000000000000e+02
8.800000000000000000e+02
8.970000000000000000e+02
9.340000000000000000e+02
8.790000000000000000e+02
8.890000000000000000e+02
9.050000000000000000e+02
8.670000000000000000e+02
8.670000000000000000e+02
8.630000000000000000e+02
8.470000000000000000e+02
8.480000000000000000e+02
8.890000000000000000e+02
9.040000000000000000e+02
7.930000000000000000e+02
7.480000000000000000e+02
8.370000000000000000e+02
7.710000000000000000e+02
7.210000000000000000e+02
7.080000000000000000e+02
7.160000000000000000e+02
7.890000000000000000e+02
8.370000000000000000e+02
8.160000000000000000e+02
8.420000000000000000e+02
8.370000000000000000e+02
6.570000000000000000e+02
5.100000000000000000e+02
4.200000000000000000e+02
3.700000000000000000e+02
2.990000000000000000e+02
2.170000000000000000e+02
1.570000000000000000e+02
1.100000000000000000e+02
9.000000000000000000e+01
6.400000000000000000e+01
5.800000000000000000e+01
4.000000000000000000e+01
2.500000000000000000e+01
2.000000000000000000e+01
2.200000000000000000e+01
2.300000000000000000e+01
1.500000000000000000e+01
1.600000000000000000e+01
1.600000000000000000e+01
8.000000000000000000e+00
1.100000000000000000e+01
1.100000000000000000e+01
1.000000000000000000e+01
8.000000000000000000e+00
9.000000000000000000e+00
9.000000000000000000e+00
5.000000000000000000e+00
7.000000000000000000e+00
8.000000000000000000e+00
6.000000000000000000e+00
2.000000000000000000e+00
1.000000000000000000e+00
4.000000000000000000e+00
6.000000000000000000e+00
2.000000000000000000e+00
5.000000000000000000e+00
5.000000000000000000e+00
3.000000000000000000e+00
2.000000000000000000e+00
1.000000000000000000e+00
5.000000000000000000e+00
1.000000000000000000e+00
2.000000000000000000e+00
2.000000000000000000e+00
1.000000000000000000e+00
0.000000000000000000e+00
0.000000000000000000e+00
0.000000000000000000e+00
0.000000000000000000e+00
1.000000000000000000e+00
0.000000000000000000e+00
0.000000000000000000e+00
0.000000000000000000e+00
0.000000000000000000e+00
0.000000000000000000e+00
0.000000000000000000e+00
0.000000000000000000e+00
0.000000000000000000e+00
0.000000000000000000e+00
0.000000000000000000e+00
0.000000000000000000e+00
0.000000000000000000e+00
0.000000000000000000e+00
0.000000000000000000e+00
0.000000000000000000e+00
0.000000000000000000e+00
0.000000000000000000e+00
0.000000000000000000e+00
0.000000000000000000e+00
0.000000000000000000e+00
0.000000000000000000e+00
0.000000000000000000e+00
3.400000000000000000e+01
1.170000000000000000e+02
7.880000000000000000e+02
9.929000000000000000e+03
6.910000000000000000e+03
5.768000000000000000e+03
6.905000000000000000e+03
5.686000000000000000e+03
2.576000000000000000e+03
1.903000000000000000e+03
1.542000000000000000e+03
1.395000000000000000e+03
1.343000000000000000e+03
1.094000000000000000e+03
8.900000000000000000e+02
6.910000000000000000e+02
5.240000000000000000e+02
4.740000000000000000e+02
3.900000000000000000e+02
2.550000000000000000e+02
2.050000000000000000e+02
1.780000000000000000e+02
1.630000000000000000e+02
1.620000000000000000e+02
1.590000000000000000e+02
1.310000000000000000e+02
1.290000000000000000e+02
1.420000000000000000e+02
1.850000000000000000e+02
2.140000000000000000e+02
2.110000000000000000e+02
2.770000000000000000e+02
3.310000000000000000e+02
3.540000000000000000e+02
3.910000000000000000e+02
3.700000000000000000e+02
3.070000000000000000e+02
3.180000000000000000e+02
3.380000000000000000e+02
3.190000000000000000e+02
2.840000000000000000e+02
2.590000000000000000e+02
2.150000000000000000e+02
1.600000000000000000e+02
8.700000000000000000e+01
3.700000000000000000e+01
2.900000000000000000e+01
1.900000000000000000e+01
3.300000000000000000e+01
2.500000000000000000e+01
1.600000000000000000e+01
2.300000000000000000e+01
2.500000000000000000e+01
2.200000000000000000e+01
1.800000000000000000e+01
1.600000000000000000e+01
1.300000000000000000e+01
1.900000000000000000e+01
2.300000000000000000e+01
2.000000000000000000e+01
1.600000000000000000e+01
2.100000000000000000e+01
1.800000000000000000e+01
2.700000000000000000e+01
1.000000000000000000e+01
3.500000000000000000e+01
1.600000000000000000e+01
1.400000000000000000e+01
1.300000000000000000e+01
2.100000000000000000e+01
2.100000000000000000e+01
2.000000000000000000e+01
2.200000000000000000e+01
2.900000000000000000e+01
2.200000000000000000e+01
2.000000000000000000e+01
3.300000000000000000e+01
2.400000000000000000e+01
3.100000000000000000e+01
2.400000000000000000e+01
3.200000000000000000e+01
2.300000000000000000e+01
2.000000000000000000e+01
2.500000000000000000e+01
2.600000000000000000e+01
3.000000000000000000e+01
2.900000000000000000e+01
2.900000000000000000e+01
2.200000000000000000e+01
2.100000000000000000e+01
3.000000000000000000e+01
2.600000000000000000e+01
3.700000000000000000e+01
3.400000000000000000e+01
5.000000000000000000e+01
5.100000000000000000e+01
6.200000000000000000e+01
6.300000000000000000e+01
4.900000000000000000e+01
6.200000000000000000e+01
6.200000000000000000e+01
5.600000000000000000e+01
5.100000000000000000e+01
5.200000000000000000e+01
4.800000000000000000e+01
5.400000000000000000e+01
7.100000000000000000e+01
6.200000000000000000e+01
6.200000000000000000e+01
7.500000000000000000e+01
8.900000000000000000e+01
6.800000000000000000e+01
6.700000000000000000e+01
6.600000000000000000e+01
8.000000000000000000e+01
9.000000000000000000e+01
9.400000000000000000e+01
7.500000000000000000e+01
9.100000000000000000e+01
1.060000000000000000e+02
9.300000000000000000e+01
1.020000000000000000e+02
7.800000000000000000e+01
8.300000000000000000e+01
7.400000000000000000e+01
7.200000000000000000e+01
7.400000000000000000e+01
8.300000000000000000e+01
7.600000000000000000e+01
7.600000000000000000e+01
8.300000000000000000e+01
7.100000000000000000e+01
7.500000000000000000e+01
9.400000000000000000e+01
1.000000000000000000e+02
8.800000000000000000e+01
1.130000000000000000e+02
1.210000000000000000e+02
9.100000000000000000e+01
1.210000000000000000e+02
1.160000000000000000e+02
1.060000000000000000e+02
1.370000000000000000e+02
1.210000000000000000e+02
1.310000000000000000e+02
1.500000000000000000e+02
1.610000000000000000e+02
1.690000000000000000e+02
2.050000000000000000e+02
1.840000000000000000e+02
1.780000000000000000e+02
2.630000000000000000e+02
2.660000000000000000e+02
2.510000000000000000e+02
3.040000000000000000e+02
3.170000000000000000e+02
3.140000000000000000e+02
3.720000000000000000e+02
3.320000000000000000e+02
3.490000000000000000e+02
3.350000000000000000e+02
3.200000000000000000e+02
3.020000000000000000e+02
3.160000000000000000e+02
3.210000000000000000e+02
3.690000000000000000e+02
3.610000000000000000e+02
4.050000000000000000e+02
3.980000000000000000e+02
4.020000000000000000e+02
5.270000000000000000e+02
4.780000000000000000e+02
5.080000000000000000e+02
5.320000000000000000e+02
5.660000000000000000e+02
5.530000000000000000e+02
5.690000000000000000e+02
5.390000000000000000e+02
5.140000000000000000e+02
4.980000000000000000e+02
4.660000000000000000e+02
5.070000000000000000e+02
5.370000000000000000e+02
5.380000000000000000e+02
5.780000000000000000e+02
6.380000000000000000e+02
6.950000000000000000e+02
7.260000000000000000e+02
8.090000000000000000e+02
8.350000000000000000e+02
8.050000000000000000e+02
8.320000000000000000e+02
8.670000000000000000e+02
9.090000000000000000e+02
8.530000000000000000e+02
7.160000000000000000e+02
6.500000000000000000e+02
6.900000000000000000e+02
5.280000000000000000e+02
4.850000000000000000e+02
4.980000000000000000e+02
5.000000000000000000e+02
4.450000000000000000e+02
4.980000000000000000e+02
5.050000000000000000e+02
5.370000000000000000e+02
5.220000000000000000e+02
6.580000000000000000e+02
5.910000000000000000e+02
5.630000000000000000e+02
5.200000000000000000e+02
5.900000000000000000e+02
5.420000000000000000e+02
5.210000000000000000e+02
4.610000000000000000e+02
4.090000000000000000e+02
3.840000000000000000e+02
3.770000000000000000e+02
3.260000000000000000e+02
2.860000000000000000e+02
2.550000000000000000e+02
2.220000000000000000e+02
1.930000000000000000e+02
1.770000000000000000e+02
1.660000000000000000e+02
9.500000000000000000e+01
9.300000000000000000e+01
7.600000000000000000e+01
6.600000000000000000e+01
6.700000000000000000e+01
6.500000000000000000e+01
4.300000000000000000e+01
5.000000000000000000e+01
4.100000000000000000e+01
3.100000000000000000e+01
3.300000000000000000e+01
4.000000000000000000e+01
2.000000000000000000e+01
1.300000000000000000e+01
2.600000000000000000e+01
1.800000000000000000e+01
9.000000000000000000e+00
1.500000000000000000e+01
9.000000000000000000e+00
9.000000000000000000e+00
7.000000000000000000e+00
5.000000000000000000e+00
4.000000000000000000e+00
6.000000000000000000e+00
7.000000000000000000e+00
2.000000000000000000e+00
2.000000000000000000e+00
4.000000000000000000e+00
2.000000000000000000e+00
2.000000000000000000e+00
9.000000000000000000e+00
