3.250000000000000000e+02
1.330000000000000000e+02
3.090000000000000000e+02
2.900000000000000000e+02
3.660000000000000000e+02
5.840000000000000000e+02
7.580000000000000000e+02
9.570000000000000000e+02
1.013000000000000000e+03
1.098000000000000000e+03
1.135000000000000000e+03
1.075000000000000000e+03
1.002000000000000000e+03
8.830000000000000000e+02
8.040000000000000000e+02
7.080000000000000000e+02
6.310000000000000000e+02
6.200000000000000000e+02
5.950000000000000000e+02
5.720000000000000000e+02
6.090000000000000000e+02
6.300000000000000000e+02
7.060000000000000000e+02
6.310000000000000000e+02
7.370000000000000000e+02
6.730000000000000000e+02
7.490000000000000000e+02
7.020000000000000000e+02
7.020000000000000000e+02
6.490000000000000000e+02
6.840000000000000000e+02
6.580000000000000000e+02
6.760000000000000000e+02
8.510000000000000000e+02
7.950000000000000000e+02
8.630000000000000000e+02
7.730000000000000000e+02
8.280000000000000000e+02
9.140000000000000000e+02
9.910000000000000000e+02
9.570000000000000000e+02
1.094000000000000000e+03
9.410000000000000000e+02
1.020000000000000000e+03
1.031000000000000000e+03
1.071000000000000000e+03
1.093000000000000000e+03
1.188000000000000000e+03
1.209000000000000000e+03
1.227000000000000000e+03
1.184000000000000000e+03
1.265000000000000000e+03
1.411000000000000000e+03
1.426000000000000000e+03
1.425000000000000000e+03
1.452000000000000000e+03
1.397000000000000000e+03
1.404000000000000000e+03
1.431000000000000000e+03
1.372000000000000000e+03
1.363000000000000000e+03
1.415000000000000000e+03
1.195000000000000000e+03
1.114000000000000000e+03
1.141000000000000000e+03
1.053000000000000000e+03
1.003000000000000000e+03
1.006000000000000000e+03
1.008000000000000000e+03
1.027000000000000000e+03
1.084000000000000000e+03
1.095000000000000000e+03
1.067000000000000000e+03
1.068000000000000000e+03
1.018000000000000000e+03
9.860000000000000000e+02
9.980000000000000000e+02
9.040000000000000000e+02
8.940000000000000000e+02
8.610000000000000000e+02
8.160000000000000000e+02
7.950000000000000000e+02
7.730000000000000000e+02
7.450000000000000000e+02
7.200000000000000000e+02
6.620000000000000000e+02
6.460000000000000000e+02
5.930000000000000000e+02
5.800000000000000000e+02
6.260000000000000000e+02
5.980000000000000000e+02
5.500000000000000000e+02
5.000000000000000000e+02
4.530000000000000000e+02
4.650000000000000000e+02
4.610000000000000000e+02
4.290000000000000000e+02
4.010000000000000000e+02
3.990000000000000000e+02
4.140000000000000000e+02
3.730000000000000000e+02
3.680000000000000000e+02
4.200000000000000000e+02
3.560000000000000000e+02
3.150000000000000000e+02
3.510000000000000000e+02
2.800000000000000000e+02
3.110000000000000000e+02
3.580000000000000000e+02
2.990000000000000000e+02
3.180000000000000000e+02
2.910000000000000000e+02
2.400000000000000000e+02
2.710000000000000000e+02
2.510000000000000000e+02
2.540000000000000000e+02
2.570000000000000000e+02
2.510000000000000000e+02
2.250000000000000000e+02
2.300000000000000000e+02
2.560000000000000000e+02
2.130000000000000000e+02
2.210000000000000000e+02
2.230000000000000000e+02
1.970000000000000000e+02
1.840000000000000000e+02
1.800000000000000000e+02
1.690000000000000000e+02
1.750000000000000000e+02
1.760000000000000000e+02
1.590000000000000000e+02
1.720000000000000000e+02
1.370000000000000000e+02
1.490000000000000000e+02
1.420000000000000000e+02
1.410000000000000000e+02
1.240000000000000000e+02
1.160000000000000000e+02
1.160000000000000000e+02
9.900000000000000000e+01
1.280000000000000000e+02
1.050000000000000000e+02
8.200000000000000000e+01
1.060000000000000000e+02
1.010000000000000000e+02
1.030000000000000000e+02
9.000000000000000000e+01
9.200000000000000000e+01
1.040000000000000000e+02
1.050000000000000000e+02
8.800000000000000000e+01
9.500000000000000000e+01
8.000000000000000000e+01
6.300000000000000000e+01
7.800000000000000000e+01
7.700000000000000000e+01
5.400000000000000000e+01
8.400000000000000000e+01
7.200000000000000000e+01
5.200000000000000000e+01
5.000000000000000000e+01
4.200000000000000000e+01
5.900000000000000000e+01
4.900000000000000000e+01
4.900000000000000000e+01
3.500000000000000000e+01
2.700000000000000000e+01
4.000000000000000000e+01
4.300000000000000000e+01
3.700000000000000000e+01
2.100000000000000000e+01
3.300000000000000000e+01
4.700000000000000000e+01
3.500000000000000000e+01
2.900000000000000000e+01
2.000000000000000000e+01
3.100000000000000000e+01
3.600000000000000000e+01
3.500000000000000000e+01
1.700000000000000000e+01
2.300000000000000000e+01
2.200000000000000000e+01
2.300000000000000000e+01
1.600000000000000000e+01
2.300000000000000000e+01
1.800000000000000000e+01
1.400000000000000000e+01
1.700000000000000000e+01
1.300000000000000000e+01
2.100000000000000000e+01
1.000000000000000000e+01
1.600000000000000000e+01
5.000000000000000000e+00
4.000000000000000000e+00
4.000000000000000000e+00
1.000000000000000000e+00
4.000000000000000000e+00
1.000000000000000000e+00
0.000000000000000000e+00
2.000000000000000000e+00
0.000000000000000000e+00
0.000000000000000000e+00
1.000000000000000000e+00
0.000000000000000000e+00
0.000000000000000000e+00
0.000000000000000000e+00
1.000000000000000000e+00
0.000000000000000000e+00
0.000000000000000000e+00
0.000000000000000000e+00
0.000000000000000000e+00
0.000000000000000000e+00
0.000000000000000000e+00
0.000000000000000000e+00
0.000000000000000000e+00
0.000000000000000000e+00
0.000000000000000000e+00
0.000000000000000000e+00
0.000000000000000000e+00
0.000000000000000000e+00
0.000000000000000000e+00
0.000000000000000000e+00
0.000000000000000000e+00
0.000000000000000000e+00
0.000000000000000000e+00
0.000000000000000000e+00
0.000000000000000000e+00
0.000000000000000000e+00
0.000000000000000000e+00
0.000000000000000000e+00
0.000000000000000000e+00
0.000000000000000000e+00
0.000000000000000000e+00
0.000000000000000000e+00
0.000000000000000000e+00
0.000000000000000000e+00
0.000000000000000000e+00
0.000000000000000000e+00
0.000000000000000000e+00
0.000000000000000000e+00
0.000000000000000000e+00
0.000000000000000000e+00
0.000000000000000000e+00
0.000000000000000000e+00
0.000000000000000000e+00
0.000000000000000000e+00
0.000000000000000000e+00
0.000000000000000000e+00
0.000000000000000000e+00
0.000000000000000000e+00
0.000000000000000000e+00
0.000000000000000000e+00
0.000000000000000000e+00
0.000000000000000000e+00
0.000000000000000000e+00
0.000000000000000000e+00
3.743000000000000000e+03
5.309000000000000000e+03
8.196000000000000000e+03
7.254000000000000000e+03
4.921000000000000000e+03
3.627000000000000000e+03
2.910000000000000000e+03
2.594000000000000000e+03
2.346000000000000000e+03
1.976000000000000000e+03
1.794000000000000000e+03
1.685000000000000000e+03
1.582000000000000000e+03
1.530000000000000000e+03
1.432000000000000000e+03
1.368000000000000000e+03
1.349000000000000000e+03
1.303000000000000000e+03
1.132000000000000000e+03
1.159000000000000000e+03
1.085000000000000000e+03
1.037000000000000000e+03
1.007000000000000000e+03
1.035000000000000000e+03
9.830000000000000000e+02
9.300000000000000000e+02
9.160000000000000000e+02
8.120000000000000000e+02
8.160000000000000000e+02
8.390000000000000000e+02
7.600000000000000000e+02
7.070000000000000000e+02
7.140000000000000000e+02
6.720000000000000000e+02
6.970000000000000000e+02
7.530000000000000000e+02
8.020000000000000000e+02
7.550000000000000000e+02
7.120000000000000000e+02
7.010000000000000000e+02
7.020000000000000000e+02
7.660000000000000000e+02
7.220000000000000000e+02
7.620000000000000000e+02
6.560000000000000000e+02
6.700000000000000000e+02
6.220000000000000000e+02
6.380000000000000000e+02
6.600000000000000000e+02
6.100000000000000000e+02
6.110000000000000000e+02
5.250000000000000000e+02
5.160000000000000000e+02
5.180000000000000000e+02
5.120000000000000000e+02
4.970000000000000000e+02
4.760000000000000000e+02
4.580000000000000000e+02
4.650000000000000000e+02
4.360000000000000000e+02
4.650000000000000000e+02
4.040000000000000000e+02
4.030000000000000000e+02
4.320000000000000000e+02
3.970000000000000000e+02
4.030000000000000000e+02
3.820000000000000000e+02
4.270000000000000000e+02
3.400000000000000000e+02
3.550000000000000000e+02
3.710000000000000000e+02
2.960000000000000000e+02
2.910000000000000000e+02
2.510000000000000000e+02
1.920000000000000000e+02
1.960000000000000000e+02
1.510000000000000000e+02
1.890000000000000000e+02
1.540000000000000000e+02
1.860000000000000000e+02
1.570000000000000000e+02
1.700000000000000000e+02
1.700000000000000000e+02
1.540000000000000000e+02
1.440000000000000000e+02
1.550000000000000000e+02
1.360000000000000000e+02
1.340000000000000000e+02
1.270000000000000000e+02
1.240000000000000000e+02
1.570000000000000000e+02
1.420000000000000000e+02
1.500000000000000000e+02
1.390000000000000000e+02
1.310000000000000000e+02
1.010000000000000000e+02
1.080000000000000000e+02
9.600000000000000000e+01
1.080000000000000000e+02
1.120000000000000000e+02
8.500000000000000000e+01
1.070000000000000000e+02
1.210000000000000000e+02
1.130000000000000000e+02
1.030000000000000000e+02
1.300000000000000000e+02
1.210000000000000000e+02
1.110000000000000000e+02
1.360000000000000000e+02
8.600000000000000000e+01
6.300000000000000000e+01
6.500000000000000000e+01
6.900000000000000000e+01
4.600000000000000000e+01
5.400000000000000000e+01
5.400000000000000000e+01
5.400000000000000000e+01
4.100000000000000000e+01
4.600000000000000000e+01
5.100000000000000000e+01
5.000000000000000000e+01
5.300000000000000000e+01
3.700000000000000000e+01
4.800000000000000000e+01
2.900000000000000000e+01
4.900000000000000000e+01
3.900000000000000000e+01
4.400000000000000000e+01
4.500000000000000000e+01
4.600000000000000000e+01
4.700000000000000000e+01
4.100000000000000000e+01
3.400000000000000000e+01
2.900000000000000000e+01
2.500000000000000000e+01
3.400000000000000000e+01
3.500000000000000000e+01
2.700000000000000000e+01
3.600000000000000000e+01
2.800000000000000000e+01
2.900000000000000000e+01
3.300000000000000000e+01
5.400000000000000000e+01
3.700000000000000000e+01
3.800000000000000000e+01
2.700000000000000000e+01
3.600000000000000000e+01
3.600000000000000000e+01
4.100000000000000000e+01
3.300000000000000000e+01
3.300000000000000000e+01
2.800000000000000000e+01
4.600000000000000000e+01
3.700000000000000000e+01
3.900000000000000000e+01
2.500000000000000000e+01
3.400000000000000000e+01
2.700000000000000000e+01
3.200000000000000000e+01
3.100000000000000000e+01
2.800000000000000000e+01
2.700000000000000000e+01
2.800000000000000000e+01
3.400000000000000000e+01
2.600000000000000000e+01
2.500000000000000000e+01
2.300000000000000000e+01
2.100000000000000000e+01
2.100000000000000000e+01
2.100000000000000000e+01
1.200000000000000000e+01
1.600000000000000000e+01
1.000000000000000000e+01
1.300000000000000000e+01
1.200000000000000000e+01
1.100000000000000000e+01
1.100000000000000000e+01
8.000000000000000000e+00
8.000000000000000000e+00
5.000000000000000000e+00
6.000000000000000000e+00
7.000000000000000000e+00
3.000000000000000000e+00
6.000000000000000000e+00
3.000000000000000000e+00
2.000000000000000000e+00
2.000000000000000000e+00
0.000000000000000000e+00
3.000000000000000000e+00
2.000000000000000000e+00
1.000000000000000000e+00
5.000000000000000000e+00
1.000000000000000000e+00
2.000000000000000000e+00
2.000000000000000000e+00
1.000000000000000000e+00
0.000000000000000000e+00
3.000000000000000000e+00
0.000000000000000000e+00
1.000000000000000000e+00
1.000000000000000000e+00
0.000000000000000000e+00
0.000000000000000000e+00
0.000000000000000000e+00
0.000000000000000000e+00
0.000000000000000000e+00
0.000000000000000000e+00
0.000000000000000000e+00
0.000000000000000000e+00
0.000000000000000000e+00
0.000000000000000000e+00
0.000000000000000000e+00
0.000000000000000000e+00
0.000000000000000000e+00
0.000000000000000000e+00
0.000000000000000000e+00
0.000000000000000000e+00
0.000000000000000000e+00
0.000000000000000000e+00
0.000000000000000000e+00
0.000000000000000000e+00
0.000000000000000000e+00
0.000000000000000000e+00
0.000000000000000000e+00
0.000000000000000000e+00
0.000000000000000000e+00
0.000000000000000000e+00
0.000000000000000000e+00
0.000000000000000000e+00
0.000000000000000000e+00
0.000000000000000000e+00
0.000000000000000000e+00
0.000000000000000000e+00
0.000000000000000000e+00
0.000000000000000000e+00
0.000000000000000000e+00
0.000000000000000000e+00
0.000000000000000000e+00
0.000000000000000000e+00
0.000000000000000000e+00
0.000000000000000000e+00
0.000000000000000000e+00
0.000000000000000000e+00
0.000000000000000000e+00
0.000000000000000000e+00
0.000000000000000000e+00
0.000000000000000000e+00
0.000000000000000000e+00
0.000000000000000000e+00
0.000000000000000000e+00
0.000000000000000000e+00
0.000000000000000000e+00
0.000000000000000000e+00
0.000000000000000000e+00
0.000000000000000000e+00
0.000000000000000000e+00
3.000000000000000000e+01
6.400000000000000000e+01
9.300000000000000000e+01
1.560000000000000000e+02
2.920000000000000000e+02
3.560000000000000000e+02
5.120000000000000000e+02
5.930000000000000000e+02
6.380000000000000000e+02
6.020000000000000000e+02
5.910000000000000000e+02
5.890000000000000000e+02
5.810000000000000000e+02
5.410000000000000000e+02
5.170000000000000000e+02
4.530000000000000000e+02
4.530000000000000000e+02
3.930000000000000000e+02
3.180000000000000000e+02
2.890000000000000000e+02
2.880000000000000000e+02
2.810000000000000000e+02
2.740000000000000000e+02
2.670000000000000000e+02
2.420000000000000000e+02
2.510000000000000000e+02
2.290000000000000000e+02
2.170000000000000000e+02
2.370000000000000000e+02
2.470000000000000000e+02
1.970000000000000000e+02
2.220000000000000000e+02
2.370000000000000000e+02
2.560000000000000000e+02
2.390000000000000000e+02
2.660000000000000000e+02
3.000000000000000000e+02
2.910000000000000000e+02
2.950000000000000000e+02
2.940000000000000000e+02
3.170000000000000000e+02
3.140000000000000000e+02
3.490000000000000000e+02
2.690000000000000000e+02
2.530000000000000000e+02
2.680000000000000000e+02
2.820000000000000000e+02
2.420000000000000000e+02
2.500000000000000000e+02
2.660000000000000000e+02
2.130000000000000000e+02
1.650000000000000000e+02
1.640000000000000000e+02
1.580000000000000000e+02
1.880000000000000000e+02
1.710000000000000000e+02
1.590000000000000000e+02
1.840000000000000000e+02
1.580000000000000000e+02
1.530000000000000000e+02
1.580000000000000000e+02
1.600000000000000000e+02
1.580000000000000000e+02
1.470000000000000000e+02
1.650000000000000000e+02
1.690000000000000000e+02
1.550000000000000000e+02
1.730000000000000000e+02
1.720000000000000000e+02
1.700000000000000000e+02
1.990000000000000000e+02
2.000000000000000000e+02
1.710000000000000000e+02
1.910000000000000000e+02
1.900000000000000000e+02
1.830000000000000000e+02
1.840000000000000000e+02
1.670000000000000000e+02
1.940000000000000000e+02
2.000000000000000000e+02
2.050000000000000000e+02
1.810000000000000000e+02
1.970000000000000000e+02
2.160000000000000000e+02
2.150000000000000000e+02
2.290000000000000000e+02
1.900000000000000000e+02
2.000000000000000000e+02
2.100000000000000000e+02
2.070000000000000000e+02
2.460000000000000000e+02
2.680000000000000000e+02
2.650000000000000000e+02
3.260000000000000000e+02
3.680000000000000000e+02
5.180000000000000000e+02
4.600000000000000000e+02
4.310000000000000000e+02
4.020000000000000000e+02
4.680000000000000000e+02
5.180000000000000000e+02
4.370000000000000000e+02
4.590000000000000000e+02
4.320000000000000000e+02
4.700000000000000000e+02
4.580000000000000000e+02
5.040000000000000000e+02
4.540000000000000000e+02
4.810000000000000000e+02
5.590000000000000000e+02
6.230000000000000000e+02
6.110000000000000000e+02
5.510000000000000000e+02
5.560000000000000000e+02
5.710000000000000000e+02
6.170000000000000000e+02
5.230000000000000000e+02
5.330000000000000000e+02
5.240000000000000000e+02
5.350000000000000000e+02
5.470000000000000000e+02
5.720000000000000000e+02
6.660000000000000000e+02
5.520000000000000000e+02
5.410000000000000000e+02
5.640000000000000000e+02
5.830000000000000000e+02
5.980000000000000000e+02
6.100000000000000000e+02
6.840000000000000000e+02
7.170000000000000000e+02
7.490000000000000000e+02
7.240000000000000000e+02
7.710000000000000000e+02
7.820000000000000000e+02
6.940000000000000000e+02
7.460000000000000000e+02
7.640000000000000000e+02
7.290000000000000000e+02
7.690000000000000000e+02
7.660000000000000000e+02
7.950000000000000000e+02
8.460000000000000000e+02
7.580000000000000000e+02
8.410000000000000000e+02
7.740000000000000000e+02
8.560000000000000000e+02
9.070000000000000000e+02
9.640000000000000000e+02
1.022000000000000000e+03
1.040000000000000000e+03
9.940000000000000000e+02
1.189000000000000000e+03
1.081000000000000000e+03
1.111000000000000000e+03
1.085000000000000000e+03
1.007000000000000000e+03
9.250000000000000000e+02
8.680000000000000000e+02
8.830000000000000000e+02
9.780000000000000000e+02
1.070000000000000000e+03
9.730000000000000000e+02
1.010000000000000000e+03
1.019000000000000000e+03
9.520000000000000000e+02
9.150000000000000000e+02
9.130000000000000000e+02
1.006000000000000000e+03
9.180000000000000000e+02
9.210000000000000000e+02
9.110000000000000000e+02
8.740000000000000000e+02
8.710000000000000000e+02
8.310000000000000000e+02
7.520000000000000000e+02
6.970000000000000000e+02
6.810000000000000000e+02
6.350000000000000000e+02
6.280000000000000000e+02
5.940000000000000000e+02
5.600000000000000000e+02
5.240000000000000000e+02
4.640000000000000000e+02
4.670000000000000000e+02
4.000000000000000000e+02
4.120000000000000000e+02
4.050000000000000000e+02
3.760000000000000000e+02
3.770000000000000000e+02
3.540000000000000000e+02
3.610000000000000000e+02
3.310000000000000000e+02
3.110000000000000000e+02
3.330000000000000000e+02
3.180000000000000000e+02
2.780000000000000000e+02
2.690000000000000000e+02
2.740000000000000000e+02
2.660000000000000000e+02
2.290000000000000000e+02
1.980000000000000000e+02
2.120000000000000000e+02
2.090000000000000000e+02
1.670000000000000000e+02
1.790000000000000000e+02
1.790000000000000000e+02
1.530000000000000000e+02
1.470000000000000000e+02
1.210000000000000000e+02
1.560000000000000000e+02
1.020000000000000000e+02
1.050000000000000000e+02
1.240000000000000000e+02
1.010000000000000000e+02
8.800000000000000000e+01
9.400000000000000000e+01
7.400000000000000000e+01
9.300000000000000000e+01
8.400000000000000000e+01
7.600000000000000000e+01
8.100000000000000000e+01
6.400000000000000000e+01
5.000000000000000000e+01
5.300000000000000000e+01
4.600000000000000000e+01
4.400000000000000000e+01
3.100000000000000000e+01
3.700000000000000000e+01
3.600000000000000000e+01
3.000000000000000000e+01
2.500000000000000000e+01
1.900000000000000000e+01
1.600000000000000000e+01
2.100000000000000000e+01
1.300000000000000000e+01
1.100000000000000000e+01
6.000000000000000000e+00
4.000000000000000000e+00
1.000000000000000000e+01
7.000000000000000000e+00
4.000000000000000000e+00
1.100000000000000000e+01
6.000000000000000000e+00
8.000000000000000000e+00
8.000000000000000000e+00
3.000000000000000000e+00
2.000000000000000000e+00
5.000000000000000000e+00
1.000000000000000000e+00
3.000000000000000000e+00
3.000000000000000000e+00
2.000000000000000000e+00
2.000000000000000000e+00
1.000000000000000000e+00
9.000000000000000000e+00
