2.360000000000000000e+02
7.500000000000000000e+01
9.500000000000000000e+01
1.770000000000000000e+02
2.260000000000000000e+02
3.220000000000000000e+02
5.120000000000000000e+02
5.280000000000000000e+02
1.990000000000000000e+02
4.180000000000000000e+02
4.230000000000000000e+02
3.780000000000000000e+02
3.960000000000000000e+02
3.610000000000000000e+02
2.950000000000000000e+02
3.370000000000000000e+02
4.110000000000000000e+02
4.310000000000000000e+02
3.730000000000000000e+02
3.990000000000000000e+02
4.480000000000000000e+02
4.770000000000000000e+02
4.670000000000000000e+02
4.120000000000000000e+02
4.100000000000000000e+02
5.580000000000000000e+02
5.910000000000000000e+02
4.890000000000000000e+02
5.000000000000000000e+02
5.570000000000000000e+02
5.110000000000000000e+02
5.070000000000000000e+02
5.050000000000000000e+02
5.700000000000000000e+02
6.440000000000000000e+02
6.560000000000000000e+02
6.710000000000000000e+02
6.760000000000000000e+02
7.220000000000000000e+02
8.540000000000000000e+02
8.570000000000000000e+02
1.243000000000000000e+03
1.764000000000000000e+03
2.124000000000000000e+03
2.142000000000000000e+03
2.644000000000000000e+03
2.622000000000000000e+03
2.459000000000000000e+03
3.039000000000000000e+03
3.026000000000000000e+03
2.924000000000000000e+03
2.638000000000000000e+03
2.205000000000000000e+03
2.040000000000000000e+03
1.689000000000000000e+03
1.685000000000000000e+03
1.761000000000000000e+03
1.669000000000000000e+03
1.525000000000000000e+03
1.397000000000000000e+03
1.307000000000000000e+03
1.234000000000000000e+03
1.219000000000000000e+03
1.188000000000000000e+03
1.226000000000000000e+03
1.253000000000000000e+03
1.325000000000000000e+03
1.199000000000000000e+03
1.120000000000000000e+03
1.293000000000000000e+03
1.332000000000000000e+03
1.214000000000000000e+03
1.244000000000000000e+03
1.116000000000000000e+03
1.088000000000000000e+03
1.143000000000000000e+03
1.039000000000000000e+03
1.033000000000000000e+03
1.043000000000000000e+03
1.034000000000000000e+03
9.140000000000000000e+02
8.250000000000000000e+02
7.200000000000000000e+02
7.580000000000000000e+02
6.680000000000000000e+02
5.910000000000000000e+02
5.000000000000000000e+02
6.070000000000000000e+02
5.840000000000000000e+02
5.450000000000000000e+02
5.360000000000000000e+02
5.570000000000000000e+02
5.430000000000000000e+02
5.670000000000000000e+02
4.080000000000000000e+02
4.240000000000000000e+02
3.960000000000000000e+02
3.630000000000000000e+02
3.150000000000000000e+02
3.720000000000000000e+02
3.010000000000000000e+02
3.050000000000000000e+02
2.530000000000000000e+02
1.880000000000000000e+02
1.450000000000000000e+02
1.360000000000000000e+02
1.470000000000000000e+02
1.030000000000000000e+02
9.800000000000000000e+01
9.500000000000000000e+01
8.000000000000000000e+01
7.400000000000000000e+01
5.800000000000000000e+01
5.700000000000000000e+01
5.800000000000000000e+01
6.500000000000000000e+01
6.300000000000000000e+01
5.900000000000000000e+01
4.100000000000000000e+01
5.000000000000000000e+01
4.600000000000000000e+01
4.300000000000000000e+01
6.300000000000000000e+01
5.200000000000000000e+01
5.200000000000000000e+01
4.200000000000000000e+01
4.600000000000000000e+01
5.400000000000000000e+01
3.600000000000000000e+01
4.400000000000000000e+01
5.500000000000000000e+01
4.400000000000000000e+01
4.700000000000000000e+01
4.000000000000000000e+01
4.500000000000000000e+01
2.900000000000000000e+01
3.600000000000000000e+01
3.000000000000000000e+01
3.000000000000000000e+01
2.400000000000000000e+01
2.400000000000000000e+01
2.900000000000000000e+01
2.900000000000000000e+01
2.200000000000000000e+01
1.800000000000000000e+01
1.900000000000000000e+01
1.900000000000000000e+01
2.200000000000000000e+01
1.200000000000000000e+01
1.600000000000000000e+01
2.100000000000000000e+01
2.400000000000000000e+01
1.800000000000000000e+01
1.600000000000000000e+01
1.500000000000000000e+01
1.400000000000000000e+01
1.000000000000000000e+01
1.700000000000000000e+01
1.800000000000000000e+01
1.700000000000000000e+01
2.000000000000000000e+01
1.400000000000000000e+01
1.700000000000000000e+01
1.700000000000000000e+01
1.900000000000000000e+01
1.100000000000000000e+01
2.700000000000000000e+01
1.400000000000000000e+01
1.600000000000000000e+01
1.400000000000000000e+01
1.300000000000000000e+01
1.600000000000000000e+01
7.000000000000000000e+00
9.000000000000000000e+00
1.200000000000000000e+01
1.000000000000000000e+01
1.000000000000000000e+01
1.800000000000000000e+01
8.000000000000000000e+00
8.000000000000000000e+00
1.400000000000000000e+01
7.000000000000000000e+00
4.000000000000000000e+00
1.100000000000000000e+01
1.000000000000000000e+01
1.600000000000000000e+01
6.000000000000000000e+00
1.100000000000000000e+01
9.000000000000000000e+00
4.000000000000000000e+00
6.000000000000000000e+00
9.000000000000000000e+00
1.000000000000000000e+01
1.200000000000000000e+01
4.000000000000000000e+00
8.000000000000000000e+00
8.000000000000000000e+00
7.000000000000000000e+00
7.000000000000000000e+00
2.000000000000000000e+00
1.300000000000000000e+01
7.000000000000000000e+00
8.000000000000000000e+00
1.200000000000000000e+01
7.000000000000000000e+00
7.000000000000000000e+00
6.000000000000000000e+00
6.000000000000000000e+00
1.400000000000000000e+01
1.400000000000000000e+01
5.000000000000000000e+00
5.000000000000000000e+00
5.000000000000000000e+00
3.000000000000000000e+00
2.000000000000000000e+00
3.000000000000000000e+00
3.000000000000000000e+00
2.000000000000000000e+00
6.000000000000000000e+00
0.000000000000000000e+00
0.000000000000000000e+00
0.000000000000000000e+00
2.000000000000000000e+00
2.000000000000000000e+00
0.000000000000000000e+00
0.000000000000000000e+00
0.000000000000000000e+00
0.000000000000000000e+00
0.000000000000000000e+00
0.000000000000000000e+00
0.000000000000000000e+00
0.000000000000000000e+00
0.000000000000000000e+00
0.000000000000000000e+00
0.000000000000000000e+00
0.000000000000000000e+00
0.000000000000000000e+00
0.000000000000000000e+00
0.000000000000000000e+00
0.000000000000000000e+00
0.000000000000000000e+00
0.000000000000000000e+00
0.000000000000000000e+00
0.000000000000000000e+00
0.000000000000000000e+00
0.000000000000000000e+00
0.000000000000000000e+00
0.000000000000000000e+00
0.000000000000000000e+00
0.000000000000000000e+00
0.000000000000000000e+00
0.000000000000000000e+00
0.000000000000000000e+00
0.000000000000000000e+00
0.000000000000000000e+00
0.000000000000000000e+00
2.369000000000000000e+03
4.195000000000000000e+03
7.477000000000000000e+03
5.657000000000000000e+03
3.511000000000000000e+03
1.920000000000000000e+03
1.334000000000000000e+03
1.127000000000000000e+03
9.690000000000000000e+02
8.240000000000000000e+02
7.480000000000000000e+02
6.950000000000000000e+02
6.580000000000000000e+02
6.210000000000000000e+02
5.140000000000000000e+02
5.710000000000000000e+02
5.120000000000000000e+02
4.840000000000000000e+02
4.950000000000000000e+02
4.850000000000000000e+02
4.610000000000000000e+02
4.590000000000000000e+02
4.430000000000000000e+02
4.800000000000000000e+02
4.610000000000000000e+02
4.920000000000000000e+02
4.450000000000000000e+02
4.480000000000000000e+02
4.820000000000000000e+02
5.270000000000000000e+02
7.050000000000000000e+02
6.740000000000000000e+02
6.900000000000000000e+02
9.140000000000000000e+02
1.387000000000000000e+03
1.746000000000000000e+03
1.524000000000000000e+03
1.559000000000000000e+03
1.551000000000000000e+03
1.559000000000000000e+03
1.423000000000000000e+03
1.759000000000000000e+03
1.763000000000000000e+03
1.711000000000000000e+03
1.501000000000000000e+03
1.404000000000000000e+03
1.551000000000000000e+03
1.502000000000000000e+03
1.340000000000000000e+03
1.179000000000000000e+03
1.097000000000000000e+03
1.084000000000000000e+03
1.137000000000000000e+03
1.254000000000000000e+03
1.794000000000000000e+03
1.691000000000000000e+03
1.379000000000000000e+03
1.328000000000000000e+03
1.487000000000000000e+03
1.363000000000000000e+03
1.223000000000000000e+03
1.031000000000000000e+03
9.220000000000000000e+02
8.540000000000000000e+02
8.490000000000000000e+02
7.830000000000000000e+02
8.140000000000000000e+02
6.740000000000000000e+02
7.350000000000000000e+02
7.140000000000000000e+02
5.570000000000000000e+02
4.630000000000000000e+02
4.130000000000000000e+02
4.200000000000000000e+02
3.240000000000000000e+02
2.600000000000000000e+02
3.480000000000000000e+02
3.130000000000000000e+02
2.200000000000000000e+02
1.730000000000000000e+02
1.380000000000000000e+02
1.080000000000000000e+02
9.800000000000000000e+01
6.700000000000000000e+01
8.000000000000000000e+01
5.200000000000000000e+01
5.100000000000000000e+01
6.900000000000000000e+01
5.500000000000000000e+01
5.600000000000000000e+01
6.500000000000000000e+01
6.000000000000000000e+01
5.900000000000000000e+01
5.300000000000000000e+01
5.900000000000000000e+01
6.200000000000000000e+01
7.700000000000000000e+01
6.700000000000000000e+01
6.000000000000000000e+01
5.900000000000000000e+01
5.100000000000000000e+01
5.500000000000000000e+01
6.300000000000000000e+01
4.800000000000000000e+01
5.800000000000000000e+01
4.700000000000000000e+01
4.800000000000000000e+01
6.400000000000000000e+01
5.800000000000000000e+01
4.900000000000000000e+01
4.900000000000000000e+01
6.400000000000000000e+01
5.400000000000000000e+01
4.100000000000000000e+01
6.700000000000000000e+01
6.000000000000000000e+01
5.900000000000000000e+01
4.600000000000000000e+01
4.800000000000000000e+01
4.300000000000000000e+01
4.700000000000000000e+01
5.200000000000000000e+01
6.400000000000000000e+01
6.600000000000000000e+01
5.700000000000000000e+01
4.600000000000000000e+01
3.700000000000000000e+01
4.300000000000000000e+01
4.000000000000000000e+01
4.400000000000000000e+01
2.600000000000000000e+01
4.300000000000000000e+01
2.900000000000000000e+01
3.600000000000000000e+01
3.100000000000000000e+01
3.600000000000000000e+01
2.600000000000000000e+01
2.600000000000000000e+01
3.200000000000000000e+01
2.300000000000000000e+01
2.700000000000000000e+01
3.500000000000000000e+01
4.000000000000000000e+01
3.600000000000000000e+01
2.700000000000000000e+01
3.000000000000000000e+01
3.800000000000000000e+01
2.100000000000000000e+01
4.100000000000000000e+01
4.500000000000000000e+01
3.900000000000000000e+01
3.600000000000000000e+01
3.300000000000000000e+01
3.500000000000000000e+01
2.600000000000000000e+01
2.800000000000000000e+01
3.800000000000000000e+01
3.300000000000000000e+01
3.200000000000000000e+01
3.400000000000000000e+01
3.100000000000000000e+01
3.500000000000000000e+01
5.000000000000000000e+01
3.200000000000000000e+01
3.500000000000000000e+01
4.200000000000000000e+01
2.600000000000000000e+01
2.700000000000000000e+01
2.700000000000000000e+01
2.700000000000000000e+01
3.900000000000000000e+01
3.100000000000000000e+01
3.200000000000000000e+01
2.600000000000000000e+01
3.700000000000000000e+01
2.800000000000000000e+01
2.500000000000000000e+01
3.900000000000000000e+01
3.200000000000000000e+01
2.900000000000000000e+01
3.600000000000000000e+01
1.800000000000000000e+01
1.900000000000000000e+01
3.700000000000000000e+01
2.900000000000000000e+01
3.600000000000000000e+01
2.200000000000000000e+01
2.700000000000000000e+01
2.800000000000000000e+01
3.500000000000000000e+01
2.700000000000000000e+01
2.700000000000000000e+01
3.300000000000000000e+01
1.900000000000000000e+01
1.400000000000000000e+01
2.400000000000000000e+01
1.800000000000000000e+01
1.400000000000000000e+01
1.300000000000000000e+01
9.000000000000000000e+00
1.200000000000000000e+01
1.100000000000000000e+01
1.500000000000000000e+01
1.300000000000000000e+01
1.700000000000000000e+01
1.100000000000000000e+01
1.100000000000000000e+01
1.000000000000000000e+01
1.300000000000000000e+01
4.000000000000000000e+00
5.000000000000000000e+00
8.000000000000000000e+00
1.200000000000000000e+01
1.100000000000000000e+01
9.000000000000000000e+00
5.000000000000000000e+00
7.000000000000000000e+00
1.200000000000000000e+01
6.000000000000000000e+00
9.000000000000000000e+00
3.000000000000000000e+00
4.000000000000000000e+00
1.000000000000000000e+00
1.000000000000000000e+00
0.000000000000000000e+00
2.000000000000000000e+00
2.000000000000000000e+00
0.000000000000000000e+00
0.000000000000000000e+00
0.000000000000000000e+00
0.000000000000000000e+00
0.000000000000000000e+00
0.000000000000000000e+00
0.000000000000000000e+00
0.000000000000000000e+00
0.000000000000000000e+00
0.000000000000000000e+00
0.000000000000000000e+00
0.000000000000000000e+00
0.000000000000000000e+00
0.000000000000000000e+00
0.000000000000000000e+00
0.000000000000000000e+00
0.000000000000000000e+00
0.000000000000000000e+00
0.000000000000000000e+00
0.000000000000000000e+00
0.000000000000000000e+00
0.000000000000000000e+00
0.000000000000000000e+00
0.000000000000000000e+00
0.000000000000000000e+00
0.000000000000000000e+00
0.000000000000000000e+00
0.000000000000000000e+00
0.000000000000000000e+00
2.200000000000000000e+01
1.400000000000000000e+01
1.300000000000000000e+01
3.600000000000000000e+01
2.310000000000000000e+02
4.790000000000000000e+02
7.170000000000000000e+02
3.950000000000000000e+02
3.880000000000000000e+02
3.830000000000000000e+02
3.680000000000000000e+02
3.510000000000000000e+02
4.250000000000000000e+02
4.360000000000000000e+02
5.170000000000000000e+02
4.750000000000000000e+02
4.140000000000000000e+02
4.030000000000000000e+02
4.320000000000000000e+02
4.560000000000000000e+02
5.250000000000000000e+02
5.340000000000000000e+02
5.440000000000000000e+02
4.790000000000000000e+02
5.690000000000000000e+02
5.660000000000000000e+02
5.000000000000000000e+02
5.840000000000000000e+02
6.830000000000000000e+02
6.650000000000000000e+02
8.670000000000000000e+02
9.910000000000000000e+02
1.155000000000000000e+03
1.307000000000000000e+03
1.099000000000000000e+03
1.100000000000000000e+03
1.240000000000000000e+03
1.748000000000000000e+03
2.130000000000000000e+03
1.588000000000000000e+03
1.292000000000000000e+03
1.332000000000000000e+03
1.561000000000000000e+03
1.970000000000000000e+03
2.038000000000000000e+03
2.092000000000000000e+03
2.258000000000000000e+03
2.083000000000000000e+03
2.251000000000000000e+03
1.760000000000000000e+03
1.788000000000000000e+03
1.847000000000000000e+03
1.710000000000000000e+03
1.594000000000000000e+03
1.210000000000000000e+03
9.990000000000000000e+02
9.030000000000000000e+02
8.150000000000000000e+02
6.590000000000000000e+02
5.880000000000000000e+02
5.810000000000000000e+02
6.060000000000000000e+02
5.830000000000000000e+02
5.370000000000000000e+02
5.250000000000000000e+02
6.210000000000000000e+02
5.760000000000000000e+02
5.640000000000000000e+02
5.890000000000000000e+02
4.410000000000000000e+02
3.410000000000000000e+02
3.730000000000000000e+02
3.350000000000000000e+02
2.890000000000000000e+02
3.010000000000000000e+02
2.100000000000000000e+02
2.190000000000000000e+02
1.850000000000000000e+02
1.640000000000000000e+02
1.460000000000000000e+02
1.290000000000000000e+02
1.240000000000000000e+02
9.900000000000000000e+01
1.040000000000000000e+02
1.380000000000000000e+02
1.040000000000000000e+02
1.200000000000000000e+02
1.080000000000000000e+02
1.080000000000000000e+02
1.130000000000000000e+02
1.130000000000000000e+02
1.130000000000000000e+02
9.800000000000000000e+01
1.080000000000000000e+02
1.090000000000000000e+02
8.700000000000000000e+01
1.250000000000000000e+02
1.010000000000000000e+02
1.080000000000000000e+02
1.140000000000000000e+02
1.150000000000000000e+02
1.060000000000000000e+02
1.130000000000000000e+02
1.160000000000000000e+02
1.410000000000000000e+02
1.260000000000000000e+02
1.280000000000000000e+02
1.060000000000000000e+02
1.190000000000000000e+02
1.100000000000000000e+02
1.140000000000000000e+02
1.070000000000000000e+02
1.050000000000000000e+02
1.160000000000000000e+02
9.400000000000000000e+01
1.180000000000000000e+02
1.040000000000000000e+02
1.130000000000000000e+02
1.140000000000000000e+02
1.250000000000000000e+02
1.130000000000000000e+02
1.110000000000000000e+02
1.100000000000000000e+02
1.210000000000000000e+02
1.500000000000000000e+02
1.430000000000000000e+02
1.290000000000000000e+02
1.630000000000000000e+02
1.910000000000000000e+02
1.860000000000000000e+02
2.200000000000000000e+02
2.260000000000000000e+02
2.050000000000000000e+02
1.980000000000000000e+02
2.130000000000000000e+02
2.110000000000000000e+02
2.080000000000000000e+02
2.410000000000000000e+02
2.290000000000000000e+02
2.290000000000000000e+02
2.280000000000000000e+02
2.800000000000000000e+02
3.140000000000000000e+02
3.480000000000000000e+02
3.650000000000000000e+02
3.350000000000000000e+02
3.420000000000000000e+02
3.410000000000000000e+02
3.210000000000000000e+02
3.570000000000000000e+02
4.080000000000000000e+02
3.830000000000000000e+02
4.450000000000000000e+02
4.520000000000000000e+02
5.400000000000000000e+02
4.690000000000000000e+02
4.950000000000000000e+02
4.960000000000000000e+02
5.630000000000000000e+02
5.620000000000000000e+02
6.350000000000000000e+02
5.730000000000000000e+02
6.570000000000000000e+02
6.350000000000000000e+02
6.440000000000000000e+02
5.650000000000000000e+02
5.800000000000000000e+02
6.130000000000000000e+02
5.890000000000000000e+02
5.200000000000000000e+02
4.720000000000000000e+02
4.370000000000000000e+02
4.980000000000000000e+02
5.100000000000000000e+02
5.310000000000000000e+02
5.240000000000000000e+02
5.130000000000000000e+02
4.990000000000000000e+02
4.590000000000000000e+02
4.040000000000000000e+02
3.890000000000000000e+02
3.410000000000000000e+02
3.410000000000000000e+02
3.770000000000000000e+02
3.900000000000000000e+02
2.740000000000000000e+02
3.140000000000000000e+02
4.500000000000000000e+02
3.420000000000000000e+02
3.810000000000000000e+02
3.530000000000000000e+02
3.060000000000000000e+02
2.440000000000000000e+02
2.470000000000000000e+02
2.760000000000000000e+02
2.310000000000000000e+02
2.200000000000000000e+02
2.130000000000000000e+02
1.980000000000000000e+02
1.590000000000000000e+02
1.220000000000000000e+02
1.220000000000000000e+02
6.200000000000000000e+01
3.600000000000000000e+01
3.300000000000000000e+01
1.800000000000000000e+01
1.100000000000000000e+01
1.300000000000000000e+01
1.200000000000000000e+01
9.000000000000000000e+00
5.000000000000000000e+00
4.000000000000000000e+00
3.000000000000000000e+00
2.000000000000000000e+00
3.000000000000000000e+00
4.000000000000000000e+00
2.000000000000000000e+00
4.000000000000000000e+00
0.000000000000000000e+00
2.000000000000000000e+00
2.000000000000000000e+00
0.000000000000000000e+00
2.000000000000000000e+00
0.000000000000000000e+00
0.000000000000000000e+00
0.000000000000000000e+00
1.000000000000000000e+00
2.000000000000000000e+00
0.000000000000000000e+00
0.000000000000000000e+00
1.000000000000000000e+00
0.000000000000000000e+00
0.000000000000000000e+00
1.000000000000000000e+00
1.000000000000000000e+00
1.000000000000000000e+00
0.000000000000000000e+00
0.000000000000000000e+00
0.000000000000000000e+00
1.000000000000000000e+00
0.000000000000000000e+00
0.000000000000000000e+00
0.000000000000000000e+00
0.000000000000000000e+00
1.000000000000000000e+00
0.000000000000000000e+00
0.000000000000000000e+00
0.000000000000000000e+00
0.000000000000000000e+00
0.000000000000000000e+00
0.000000000000000000e+00
0.000000000000000000e+00
0.000000000000000000e+00
0.000000000000000000e+00
1.000000000000000000e+00
0.000000000000000000e+00
