2.170000000000000000e+04
5.073000000000000000e+03
7.538000000000000000e+03
6.836000000000000000e+03
8.717000000000000000e+03
9.050000000000000000e+03
8.749000000000000000e+03
8.375000000000000000e+03
8.244000000000000000e+03
7.394000000000000000e+03
7.129000000000000000e+03
6.598000000000000000e+03
6.578000000000000000e+03
6.272000000000000000e+03
6.134000000000000000e+03
6.182000000000000000e+03
6.097000000000000000e+03
6.416000000000000000e+03
6.316000000000000000e+03
6.066000000000000000e+03
5.966000000000000000e+03
6.028000000000000000e+03
5.918000000000000000e+03
6.103000000000000000e+03
5.941000000000000000e+03
5.890000000000000000e+03
5.799000000000000000e+03
5.810000000000000000e+03
5.670000000000000000e+03
5.923000000000000000e+03
5.580000000000000000e+03
5.581000000000000000e+03
5.446000000000000000e+03
5.445000000000000000e+03
5.117000000000000000e+03
5.152000000000000000e+03
4.939000000000000000e+03
4.997000000000000000e+03
4.820000000000000000e+03
4.828000000000000000e+03
4.933000000000000000e+03
4.799000000000000000e+03
4.819000000000000000e+03
4.869000000000000000e+03
4.876000000000000000e+03
4.867000000000000000e+03
4.902000000000000000e+03
4.677000000000000000e+03
4.633000000000000000e+03
4.630000000000000000e+03
4.660000000000000000e+03
4.638000000000000000e+03
4.522000000000000000e+03
4.587000000000000000e+03
4.611000000000000000e+03
4.553000000000000000e+03
4.613000000000000000e+03
4.407000000000000000e+03
4.573000000000000000e+03
4.640000000000000000e+03
4.514000000000000000e+03
4.545000000000000000e+03
4.476000000000000000e+03
4.579000000000000000e+03
4.550000000000000000e+03
4.573000000000000000e+03
4.325000000000000000e+03
4.441000000000000000e+03
4.399000000000000000e+03
4.431000000000000000e+03
4.298000000000000000e+03
4.346000000000000000e+03
4.334000000000000000e+03
4.240000000000000000e+03
4.437000000000000000e+03
4.425000000000000000e+03
4.401000000000000000e+03
4.608000000000000000e+03
4.546000000000000000e+03
4.417000000000000000e+03
4.265000000000000000e+03
4.211000000000000000e+03
4.060000000000000000e+03
3.965000000000000000e+03
3.775000000000000000e+03
3.755000000000000000e+03
3.692000000000000000e+03
3.514000000000000000e+03
3.438000000000000000e+03
3.434000000000000000e+03
3.309000000000000000e+03
3.296000000000000000e+03
3.285000000000000000e+03
3.196000000000000000e+03
3.307000000000000000e+03
3.139000000000000000e+03
3.102000000000000000e+03
3.082000000000000000e+03
3.054000000000000000e+03
2.948000000000000000e+03
2.826000000000000000e+03
2.758000000000000000e+03
2.812000000000000000e+03
2.764000000000000000e+03
2.673000000000000000e+03
2.815000000000000000e+03
2.775000000000000000e+03
2.751000000000000000e+03
2.820000000000000000e+03
2.649000000000000000e+03
2.755000000000000000e+03
2.765000000000000000e+03
2.591000000000000000e+03
2.595000000000000000e+03
2.621000000000000000e+03
2.460000000000000000e+03
2.486000000000000000e+03
2.481000000000000000e+03
2.442000000000000000e+03
2.378000000000000000e+03
2.305000000000000000e+03
2.355000000000000000e+03
2.219000000000000000e+03
2.298000000000000000e+03
2.381000000000000000e+03
2.276000000000000000e+03
2.291000000000000000e+03
2.434000000000000000e+03
2.578000000000000000e+03
2.520000000000000000e+03
2.583000000000000000e+03
2.582000000000000000e+03
2.739000000000000000e+03
2.728000000000000000e+03
2.694000000000000000e+03
2.578000000000000000e+03
2.642000000000000000e+03
2.622000000000000000e+03
2.505000000000000000e+03
2.509000000000000000e+03
2.501000000000000000e+03
2.439000000000000000e+03
2.319000000000000000e+03
2.397000000000000000e+03
2.341000000000000000e+03
2.432000000000000000e+03
2.349000000000000000e+03
2.451000000000000000e+03
2.394000000000000000e+03
2.613000000000000000e+03
2.580000000000000000e+03
2.661000000000000000e+03
2.697000000000000000e+03
2.887000000000000000e+03
2.995000000000000000e+03
3.015000000000000000e+03
3.212000000000000000e+03
3.428000000000000000e+03
3.500000000000000000e+03
3.498000000000000000e+03
3.726000000000000000e+03
3.665000000000000000e+03
3.809000000000000000e+03
3.802000000000000000e+03
3.824000000000000000e+03
3.811000000000000000e+03
3.980000000000000000e+03
3.894000000000000000e+03
3.975000000000000000e+03
4.065000000000000000e+03
4.059000000000000000e+03
4.280000000000000000e+03
4.452000000000000000e+03
4.737000000000000000e+03
4.916000000000000000e+03
5.378000000000000000e+03
5.588000000000000000e+03
5.961000000000000000e+03
6.150000000000000000e+03
6.228000000000000000e+03
6.324000000000000000e+03
6.331000000000000000e+03
6.171000000000000000e+03
5.812000000000000000e+03
5.464000000000000000e+03
5.251000000000000000e+03
4.873000000000000000e+03
4.402000000000000000e+03
4.231000000000000000e+03
3.864000000000000000e+03
3.743000000000000000e+03
3.615000000000000000e+03
3.531000000000000000e+03
3.452000000000000000e+03
3.435000000000000000e+03
3.262000000000000000e+03
3.221000000000000000e+03
3.042000000000000000e+03
2.891000000000000000e+03
2.833000000000000000e+03
2.618000000000000000e+03
2.395000000000000000e+03
2.169000000000000000e+03
1.880000000000000000e+03
1.750000000000000000e+03
1.600000000000000000e+03
1.433000000000000000e+03
1.382000000000000000e+03
1.397000000000000000e+03
1.406000000000000000e+03
1.353000000000000000e+03
1.423000000000000000e+03
1.377000000000000000e+03
1.389000000000000000e+03
1.397000000000000000e+03
1.417000000000000000e+03
1.422000000000000000e+03
1.422000000000000000e+03
1.448000000000000000e+03
1.514000000000000000e+03
1.501000000000000000e+03
1.422000000000000000e+03
1.480000000000000000e+03
1.498000000000000000e+03
1.783000000000000000e+03
1.772000000000000000e+03
1.880000000000000000e+03
2.152000000000000000e+03
2.505000000000000000e+03
2.139000000000000000e+03
1.812000000000000000e+03
1.733000000000000000e+03
1.347000000000000000e+03
1.273000000000000000e+03
1.056000000000000000e+03
1.055000000000000000e+03
8.960000000000000000e+02
8.460000000000000000e+02
7.670000000000000000e+02
7.310000000000000000e+02
6.420000000000000000e+02
6.170000000000000000e+02
5.640000000000000000e+02
5.510000000000000000e+02
4.640000000000000000e+02
4.340000000000000000e+02
4.670000000000000000e+02
3.770000000000000000e+02
3.750000000000000000e+02
2.980000000000000000e+02
2.790000000000000000e+02
2.750000000000000000e+02
2.020000000000000000e+02
2.280000000000000000e+02
2.040000000000000000e+02
1.032000000000000000e+03
7.540000000000000000e+03
5.621000000000000000e+03
6.405000000000000000e+03
5.809000000000000000e+03
6.234000000000000000e+03
7.014000000000000000e+03
6.737000000000000000e+03
6.376000000000000000e+03
6.246000000000000000e+03
5.651000000000000000e+03
5.437000000000000000e+03
5.492000000000000000e+03
5.266000000000000000e+03
4.993000000000000000e+03
4.696000000000000000e+03
4.559000000000000000e+03
4.088000000000000000e+03
4.041000000000000000e+03
3.992000000000000000e+03
3.769000000000000000e+03
4.022000000000000000e+03
3.966000000000000000e+03
3.958000000000000000e+03
3.966000000000000000e+03
4.093000000000000000e+03
4.053000000000000000e+03
4.182000000000000000e+03
4.037000000000000000e+03
4.225000000000000000e+03
4.262000000000000000e+03
4.172000000000000000e+03
4.054000000000000000e+03
4.178000000000000000e+03
4.135000000000000000e+03
3.978000000000000000e+03
4.105000000000000000e+03
4.057000000000000000e+03
4.060000000000000000e+03
4.135000000000000000e+03
4.119000000000000000e+03
4.185000000000000000e+03
4.198000000000000000e+03
4.279000000000000000e+03
4.467000000000000000e+03
4.467000000000000000e+03
4.362000000000000000e+03
4.540000000000000000e+03
4.753000000000000000e+03
4.826000000000000000e+03
5.003000000000000000e+03
5.033000000000000000e+03
5.016000000000000000e+03
4.997000000000000000e+03
5.194000000000000000e+03
5.139000000000000000e+03
4.964000000000000000e+03
5.181000000000000000e+03
5.095000000000000000e+03
5.342000000000000000e+03
5.132000000000000000e+03
5.424000000000000000e+03
5.423000000000000000e+03
5.516000000000000000e+03
5.508000000000000000e+03
5.684000000000000000e+03
5.609000000000000000e+03
5.572000000000000000e+03
5.578000000000000000e+03
5.556000000000000000e+03
5.342000000000000000e+03
5.113000000000000000e+03
5.283000000000000000e+03
5.145000000000000000e+03
5.287000000000000000e+03
5.278000000000000000e+03
5.295000000000000000e+03
5.611000000000000000e+03
5.689000000000000000e+03
5.743000000000000000e+03
6.006000000000000000e+03
5.944000000000000000e+03
5.873000000000000000e+03
5.662000000000000000e+03
5.486000000000000000e+03
5.313000000000000000e+03
5.162000000000000000e+03
5.104000000000000000e+03
4.926000000000000000e+03
4.910000000000000000e+03
4.752000000000000000e+03
4.571000000000000000e+03
4.397000000000000000e+03
4.570000000000000000e+03
4.452000000000000000e+03
4.181000000000000000e+03
4.189000000000000000e+03
4.085000000000000000e+03
4.052000000000000000e+03
3.997000000000000000e+03
4.087000000000000000e+03
4.059000000000000000e+03
3.909000000000000000e+03
3.979000000000000000e+03
3.855000000000000000e+03
3.726000000000000000e+03
3.725000000000000000e+03
3.606000000000000000e+03
3.750000000000000000e+03
3.776000000000000000e+03
3.758000000000000000e+03
3.765000000000000000e+03
3.704000000000000000e+03
3.728000000000000000e+03
3.674000000000000000e+03
3.569000000000000000e+03
3.599000000000000000e+03
3.556000000000000000e+03
3.408000000000000000e+03
3.480000000000000000e+03
3.481000000000000000e+03
3.361000000000000000e+03
3.254000000000000000e+03
3.254000000000000000e+03
3.195000000000000000e+03
3.112000000000000000e+03
3.056000000000000000e+03
3.040000000000000000e+03
2.958000000000000000e+03
2.840000000000000000e+03
2.866000000000000000e+03
2.785000000000000000e+03
2.689000000000000000e+03
2.676000000000000000e+03
2.558000000000000000e+03
2.481000000000000000e+03
2.487000000000000000e+03
2.388000000000000000e+03
2.287000000000000000e+03
2.328000000000000000e+03
2.330000000000000000e+03
2.295000000000000000e+03
2.254000000000000000e+03
2.209000000000000000e+03
2.165000000000000000e+03
2.139000000000000000e+03
2.180000000000000000e+03
2.137000000000000000e+03
2.184000000000000000e+03
2.110000000000000000e+03
2.088000000000000000e+03
2.186000000000000000e+03
2.078000000000000000e+03
2.214000000000000000e+03
2.215000000000000000e+03
2.249000000000000000e+03
2.216000000000000000e+03
2.236000000000000000e+03
2.277000000000000000e+03
2.263000000000000000e+03
2.365000000000000000e+03
2.275000000000000000e+03
2.344000000000000000e+03
2.452000000000000000e+03
2.394000000000000000e+03
2.468000000000000000e+03
2.624000000000000000e+03
2.655000000000000000e+03
2.723000000000000000e+03
2.736000000000000000e+03
2.808000000000000000e+03
2.988000000000000000e+03
3.104000000000000000e+03
3.244000000000000000e+03
3.385000000000000000e+03
3.423000000000000000e+03
3.426000000000000000e+03
3.623000000000000000e+03
3.484000000000000000e+03
3.687000000000000000e+03
3.755000000000000000e+03
3.634000000000000000e+03
3.618000000000000000e+03
3.523000000000000000e+03
3.514000000000000000e+03
3.590000000000000000e+03
3.508000000000000000e+03
3.571000000000000000e+03
3.714000000000000000e+03
3.778000000000000000e+03
4.124000000000000000e+03
4.363000000000000000e+03
4.708000000000000000e+03
4.863000000000000000e+03
5.294000000000000000e+03
5.726000000000000000e+03
5.726000000000000000e+03
5.998000000000000000e+03
5.922000000000000000e+03
5.834000000000000000e+03
5.794000000000000000e+03
5.371000000000000000e+03
4.978000000000000000e+03
4.907000000000000000e+03
4.533000000000000000e+03
4.430000000000000000e+03
4.538000000000000000e+03
4.681000000000000000e+03
4.467000000000000000e+03
4.684000000000000000e+03
4.617000000000000000e+03
4.675000000000000000e+03
4.237000000000000000e+03
4.162000000000000000e+03
4.034000000000000000e+03
3.175000000000000000e+03
2.722000000000000000e+03
2.440000000000000000e+03
2.031000000000000000e+03
1.903000000000000000e+03
1.706000000000000000e+03
1.617000000000000000e+03
1.529000000000000000e+03
1.396000000000000000e+03
1.364000000000000000e+03
1.260000000000000000e+03
1.235000000000000000e+03
1.185000000000000000e+03
1.151000000000000000e+03
1.097000000000000000e+03
1.012000000000000000e+03
9.080000000000000000e+02
9.490000000000000000e+02
7.990000000000000000e+02
7.910000000000000000e+02
7.970000000000000000e+02
7.090000000000000000e+02
6.210000000000000000e+02
6.000000000000000000e+02
6.100000000000000000e+02
5.880000000000000000e+02
5.710000000000000000e+02
4.560000000000000000e+02
4.400000000000000000e+02
4.380000000000000000e+02
3.590000000000000000e+02
3.320000000000000000e+02
3.240000000000000000e+02
2.800000000000000000e+02
2.860000000000000000e+02
2.790000000000000000e+02
2.100000000000000000e+02
1.790000000000000000e+02
1.920000000000000000e+02
1.760000000000000000e+02
2.320000000000000000e+02
5.540000000000000000e+02
7.748000000000000000e+03
5.348000000000000000e+03
6.087000000000000000e+03
6.256000000000000000e+03
6.681000000000000000e+03
7.612000000000000000e+03
7.589000000000000000e+03
7.265000000000000000e+03
6.994000000000000000e+03
6.433000000000000000e+03
5.871000000000000000e+03
5.226000000000000000e+03
4.638000000000000000e+03
4.275000000000000000e+03
4.147000000000000000e+03
3.894000000000000000e+03
3.982000000000000000e+03
3.872000000000000000e+03
3.696000000000000000e+03
3.626000000000000000e+03
3.840000000000000000e+03
3.694000000000000000e+03
3.795000000000000000e+03
3.808000000000000000e+03
3.745000000000000000e+03
3.797000000000000000e+03
3.747000000000000000e+03
3.880000000000000000e+03
3.691000000000000000e+03
3.880000000000000000e+03
3.931000000000000000e+03
3.792000000000000000e+03
3.747000000000000000e+03
3.840000000000000000e+03
3.859000000000000000e+03
3.813000000000000000e+03
3.798000000000000000e+03
3.895000000000000000e+03
3.896000000000000000e+03
3.814000000000000000e+03
3.924000000000000000e+03
3.966000000000000000e+03
4.062000000000000000e+03
4.087000000000000000e+03
4.071000000000000000e+03
4.293000000000000000e+03
4.425000000000000000e+03
4.419000000000000000e+03
4.615000000000000000e+03
4.564000000000000000e+03
4.826000000000000000e+03
4.721000000000000000e+03
4.701000000000000000e+03
4.788000000000000000e+03
4.812000000000000000e+03
4.753000000000000000e+03
4.714000000000000000e+03
4.946000000000000000e+03
5.009000000000000000e+03
5.116000000000000000e+03
4.968000000000000000e+03
5.109000000000000000e+03
5.140000000000000000e+03
5.270000000000000000e+03
5.308000000000000000e+03
5.325000000000000000e+03
5.223000000000000000e+03
5.296000000000000000e+03
5.203000000000000000e+03
5.170000000000000000e+03
5.143000000000000000e+03
5.189000000000000000e+03
5.313000000000000000e+03
5.291000000000000000e+03
5.357000000000000000e+03
5.543000000000000000e+03
5.568000000000000000e+03
5.507000000000000000e+03
5.667000000000000000e+03
5.603000000000000000e+03
5.697000000000000000e+03
5.767000000000000000e+03
5.503000000000000000e+03
5.634000000000000000e+03
5.744000000000000000e+03
5.552000000000000000e+03
5.366000000000000000e+03
5.215000000000000000e+03
5.086000000000000000e+03
5.033000000000000000e+03
4.842000000000000000e+03
4.788000000000000000e+03
4.654000000000000000e+03
4.688000000000000000e+03
4.633000000000000000e+03
4.488000000000000000e+03
4.445000000000000000e+03
4.381000000000000000e+03
4.318000000000000000e+03
4.502000000000000000e+03
4.422000000000000000e+03
4.405000000000000000e+03
4.385000000000000000e+03
4.306000000000000000e+03
4.209000000000000000e+03
4.246000000000000000e+03
4.238000000000000000e+03
4.180000000000000000e+03
4.094000000000000000e+03
3.946000000000000000e+03
3.964000000000000000e+03
3.911000000000000000e+03
3.727000000000000000e+03
3.769000000000000000e+03
3.696000000000000000e+03
3.556000000000000000e+03
3.532000000000000000e+03
3.452000000000000000e+03
3.399000000000000000e+03
3.451000000000000000e+03
3.381000000000000000e+03
3.322000000000000000e+03
3.270000000000000000e+03
3.212000000000000000e+03
3.168000000000000000e+03
2.939000000000000000e+03
3.024000000000000000e+03
2.869000000000000000e+03
2.851000000000000000e+03
2.860000000000000000e+03
2.718000000000000000e+03
2.614000000000000000e+03
2.602000000000000000e+03
2.600000000000000000e+03
2.519000000000000000e+03
2.411000000000000000e+03
2.529000000000000000e+03
2.391000000000000000e+03
2.355000000000000000e+03
2.266000000000000000e+03
2.352000000000000000e+03
2.294000000000000000e+03
2.387000000000000000e+03
2.266000000000000000e+03
2.306000000000000000e+03
2.257000000000000000e+03
2.277000000000000000e+03
2.270000000000000000e+03
2.280000000000000000e+03
2.331000000000000000e+03
2.296000000000000000e+03
2.286000000000000000e+03
2.327000000000000000e+03
2.231000000000000000e+03
2.261000000000000000e+03
2.199000000000000000e+03
2.109000000000000000e+03
2.207000000000000000e+03
2.152000000000000000e+03
2.162000000000000000e+03
2.248000000000000000e+03
2.243000000000000000e+03
2.130000000000000000e+03
2.206000000000000000e+03
2.194000000000000000e+03
2.099000000000000000e+03
2.212000000000000000e+03
2.049000000000000000e+03
2.094000000000000000e+03
2.057000000000000000e+03
2.046000000000000000e+03
1.998000000000000000e+03
2.091000000000000000e+03
2.019000000000000000e+03
2.092000000000000000e+03
2.027000000000000000e+03
2.080000000000000000e+03
2.031000000000000000e+03
2.136000000000000000e+03
2.204000000000000000e+03
2.337000000000000000e+03
2.451000000000000000e+03
2.534000000000000000e+03
2.753000000000000000e+03
3.068000000000000000e+03
3.149000000000000000e+03
3.453000000000000000e+03
3.540000000000000000e+03
3.856000000000000000e+03
3.847000000000000000e+03
4.175000000000000000e+03
4.371000000000000000e+03
4.536000000000000000e+03
4.498000000000000000e+03
4.787000000000000000e+03
4.405000000000000000e+03
4.235000000000000000e+03
4.215000000000000000e+03
4.121000000000000000e+03
4.044000000000000000e+03
4.212000000000000000e+03
4.362000000000000000e+03
4.540000000000000000e+03
5.022000000000000000e+03
5.170000000000000000e+03
5.471000000000000000e+03
5.820000000000000000e+03
5.624000000000000000e+03
5.833000000000000000e+03
5.745000000000000000e+03
5.726000000000000000e+03
5.671000000000000000e+03
5.447000000000000000e+03
5.244000000000000000e+03
5.046000000000000000e+03
4.701000000000000000e+03
4.590000000000000000e+03
4.467000000000000000e+03
4.554000000000000000e+03
4.297000000000000000e+03
4.069000000000000000e+03
3.857000000000000000e+03
3.423000000000000000e+03
3.040000000000000000e+03
2.522000000000000000e+03
2.208000000000000000e+03
1.943000000000000000e+03
1.669000000000000000e+03
1.373000000000000000e+03
1.127000000000000000e+03
1.100000000000000000e+03
1.001000000000000000e+03
8.230000000000000000e+02
8.150000000000000000e+02
7.740000000000000000e+02
6.710000000000000000e+02
6.730000000000000000e+02
6.090000000000000000e+02
5.850000000000000000e+02
5.550000000000000000e+02
5.120000000000000000e+02
5.000000000000000000e+02
4.260000000000000000e+02
4.330000000000000000e+02
4.360000000000000000e+02
3.570000000000000000e+02
3.100000000000000000e+02
3.060000000000000000e+02
2.920000000000000000e+02
2.650000000000000000e+02
2.480000000000000000e+02
2.280000000000000000e+02
2.730000000000000000e+02
1.610000000000000000e+02
1.860000000000000000e+02
7.750000000000000000e+02
