2.156800000000000000e+04
5.862000000000000000e+03
5.430000000000000000e+03
4.855000000000000000e+03
4.847000000000000000e+03
4.816000000000000000e+03
4.516000000000000000e+03
4.391000000000000000e+03
3.889000000000000000e+03
3.691000000000000000e+03
3.665000000000000000e+03
3.533000000000000000e+03
3.452000000000000000e+03
3.398000000000000000e+03
3.008000000000000000e+03
2.713000000000000000e+03
2.776000000000000000e+03
2.821000000000000000e+03
3.002000000000000000e+03
3.009000000000000000e+03
2.980000000000000000e+03
2.829000000000000000e+03
2.783000000000000000e+03
2.630000000000000000e+03
2.684000000000000000e+03
2.590000000000000000e+03
2.482000000000000000e+03
2.441000000000000000e+03
2.333000000000000000e+03
2.324000000000000000e+03
2.171000000000000000e+03
2.112000000000000000e+03
2.016000000000000000e+03
2.576000000000000000e+03
3.178000000000000000e+03
2.711000000000000000e+03
2.690000000000000000e+03
3.250000000000000000e+03
3.115000000000000000e+03
2.583000000000000000e+03
2.319000000000000000e+03
2.659000000000000000e+03
2.748000000000000000e+03
2.499000000000000000e+03
2.565000000000000000e+03
2.421000000000000000e+03
2.157000000000000000e+03
1.874000000000000000e+03
1.787000000000000000e+03
1.667000000000000000e+03
1.837000000000000000e+03
1.672000000000000000e+03
1.772000000000000000e+03
1.708000000000000000e+03
1.509000000000000000e+03
1.448000000000000000e+03
1.382000000000000000e+03
1.436000000000000000e+03
1.460000000000000000e+03
1.536000000000000000e+03
1.461000000000000000e+03
1.361000000000000000e+03
1.323000000000000000e+03
1.256000000000000000e+03
1.231000000000000000e+03
1.349000000000000000e+03
1.448000000000000000e+03
1.444000000000000000e+03
1.418000000000000000e+03
1.443000000000000000e+03
1.467000000000000000e+03
1.518000000000000000e+03
1.569000000000000000e+03
1.695000000000000000e+03
1.733000000000000000e+03
1.738000000000000000e+03
1.829000000000000000e+03
1.779000000000000000e+03
1.737000000000000000e+03
1.609000000000000000e+03
1.524000000000000000e+03
1.528000000000000000e+03
1.576000000000000000e+03
1.589000000000000000e+03
1.572000000000000000e+03
1.509000000000000000e+03
1.444000000000000000e+03
1.423000000000000000e+03
1.617000000000000000e+03
1.919000000000000000e+03
2.098000000000000000e+03
1.919000000000000000e+03
2.057000000000000000e+03
2.038000000000000000e+03
2.029000000000000000e+03
1.706000000000000000e+03
1.639000000000000000e+03
1.857000000000000000e+03
1.917000000000000000e+03
1.881000000000000000e+03
1.930000000000000000e+03
1.958000000000000000e+03
2.040000000000000000e+03
2.011000000000000000e+03
2.153000000000000000e+03
2.112000000000000000e+03
1.963000000000000000e+03
1.901000000000000000e+03
1.731000000000000000e+03
1.908000000000000000e+03
2.200000000000000000e+03
2.283000000000000000e+03
2.319000000000000000e+03
2.164000000000000000e+03
1.969000000000000000e+03
1.860000000000000000e+03
1.869000000000000000e+03
2.024000000000000000e+03
2.095000000000000000e+03
2.293000000000000000e+03
2.334000000000000000e+03
2.400000000000000000e+03
2.275000000000000000e+03
1.993000000000000000e+03
2.022000000000000000e+03
2.105000000000000000e+03
2.194000000000000000e+03
2.318000000000000000e+03
2.329000000000000000e+03
2.191000000000000000e+03
2.056000000000000000e+03
1.831000000000000000e+03
1.785000000000000000e+03
1.765000000000000000e+03
1.852000000000000000e+03
1.923000000000000000e+03
1.930000000000000000e+03
1.920000000000000000e+03
1.701000000000000000e+03
1.518000000000000000e+03
1.461000000000000000e+03
1.494000000000000000e+03
1.483000000000000000e+03
1.538000000000000000e+03
1.481000000000000000e+03
1.546000000000000000e+03
1.449000000000000000e+03
1.376000000000000000e+03
1.366000000000000000e+03
1.367000000000000000e+03
1.323000000000000000e+03
1.230000000000000000e+03
1.177000000000000000e+03
1.197000000000000000e+03
1.086000000000000000e+03
1.116000000000000000e+03
1.066000000000000000e+03
1.013000000000000000e+03
1.029000000000000000e+03
1.015000000000000000e+03
1.041000000000000000e+03
1.029000000000000000e+03
1.057000000000000000e+03
1.017000000000000000e+03
1.077000000000000000e+03
1.116000000000000000e+03
1.287000000000000000e+03
1.223000000000000000e+03
1.268000000000000000e+03
1.270000000000000000e+03
1.201000000000000000e+03
1.229000000000000000e+03
1.186000000000000000e+03
1.145000000000000000e+03
1.156000000000000000e+03
1.096000000000000000e+03
1.074000000000000000e+03
1.043000000000000000e+03
1.077000000000000000e+03
1.029000000000000000e+03
1.004000000000000000e+03
9.920000000000000000e+02
1.027000000000000000e+03
1.059000000000000000e+03
1.162000000000000000e+03
1.087000000000000000e+03
9.580000000000000000e+02
8.620000000000000000e+02
9.090000000000000000e+02
8.770000000000000000e+02
8.410000000000000000e+02
8.970000000000000000e+02
8.780000000000000000e+02
1.027000000000000000e+03
9.710000000000000000e+02
9.250000000000000000e+02
1.004000000000000000e+03
1.062000000000000000e+03
1.105000000000000000e+03
1.091000000000000000e+03
1.238000000000000000e+03
1.221000000000000000e+03
1.232000000000000000e+03
1.180000000000000000e+03
1.146000000000000000e+03
1.128000000000000000e+03
1.042000000000000000e+03
1.046000000000000000e+03
1.128000000000000000e+03
1.142000000000000000e+03
9.790000000000000000e+02
9.520000000000000000e+02
1.001000000000000000e+03
9.260000000000000000e+02
9.650000000000000000e+02
9.470000000000000000e+02
9.370000000000000000e+02
8.900000000000000000e+02
9.430000000000000000e+02
9.410000000000000000e+02
8.770000000000000000e+02
9.160000000000000000e+02
9.040000000000000000e+02
8.600000000000000000e+02
8.370000000000000000e+02
7.150000000000000000e+02
7.520000000000000000e+02
8.020000000000000000e+02
8.250000000000000000e+02
8.880000000000000000e+02
8.560000000000000000e+02
7.540000000000000000e+02
7.260000000000000000e+02
8.280000000000000000e+02
7.820000000000000000e+02
6.510000000000000000e+02
7.830000000000000000e+02
7.290000000000000000e+02
5.360000000000000000e+02
6.560000000000000000e+02
6.050000000000000000e+02
6.530000000000000000e+02
5.390000000000000000e+02
5.920000000000000000e+02
5.740000000000000000e+02
5.300000000000000000e+02
6.140000000000000000e+02
6.740000000000000000e+02
8.030000000000000000e+02
8.930000000000000000e+02
1.310000000000000000e+03
1.653000000000000000e+03
1.325000000000000000e+03
3.200000000000000000e+03
2.969000000000000000e+03
3.711450000000000000e+05
2.011800000000000000e+04
6.950000000000000000e+03
5.386000000000000000e+03
4.929000000000000000e+03
4.641000000000000000e+03
4.478000000000000000e+03
4.303000000000000000e+03
4.184000000000000000e+03
3.729000000000000000e+03
3.596000000000000000e+03
3.534000000000000000e+03
3.411000000000000000e+03
3.368000000000000000e+03
3.316000000000000000e+03
3.125000000000000000e+03
2.751000000000000000e+03
2.833000000000000000e+03
2.743000000000000000e+03
2.901000000000000000e+03
2.908000000000000000e+03
2.915000000000000000e+03
2.890000000000000000e+03
2.719000000000000000e+03
2.609000000000000000e+03
2.574000000000000000e+03
2.529000000000000000e+03
2.549000000000000000e+03
2.521000000000000000e+03
2.359000000000000000e+03
2.362000000000000000e+03
2.144000000000000000e+03
2.034000000000000000e+03
1.851000000000000000e+03
2.524000000000000000e+03
3.084000000000000000e+03
2.708000000000000000e+03
2.707000000000000000e+03
3.245000000000000000e+03
3.064000000000000000e+03
2.476000000000000000e+03
2.235000000000000000e+03
2.593000000000000000e+03
2.705000000000000000e+03
2.516000000000000000e+03
2.589000000000000000e+03
2.427000000000000000e+03
2.208000000000000000e+03
1.880000000000000000e+03
1.773000000000000000e+03
1.709000000000000000e+03
1.888000000000000000e+03
1.730000000000000000e+03
1.830000000000000000e+03
1.718000000000000000e+03
1.507000000000000000e+03
1.455000000000000000e+03
1.363000000000000000e+03
1.379000000000000000e+03
1.363000000000000000e+03
1.485000000000000000e+03
1.387000000000000000e+03
1.348000000000000000e+03
1.245000000000000000e+03
1.197000000000000000e+03
1.146000000000000000e+03
1.266000000000000000e+03
1.307000000000000000e+03
1.261000000000000000e+03
1.206000000000000000e+03
1.203000000000000000e+03
1.153000000000000000e+03
1.140000000000000000e+03
1.124000000000000000e+03
1.062000000000000000e+03
1.121000000000000000e+03
1.030000000000000000e+03
1.162000000000000000e+03
1.013000000000000000e+03
9.860000000000000000e+02
9.330000000000000000e+02
8.960000000000000000e+02
9.050000000000000000e+02
9.550000000000000000e+02
9.670000000000000000e+02
1.033000000000000000e+03
1.031000000000000000e+03
8.910000000000000000e+02
8.900000000000000000e+02
8.950000000000000000e+02
9.730000000000000000e+02
1.073000000000000000e+03
1.132000000000000000e+03
1.214000000000000000e+03
1.383000000000000000e+03
1.272000000000000000e+03
1.255000000000000000e+03
1.337000000000000000e+03
1.437000000000000000e+03
1.603000000000000000e+03
1.609000000000000000e+03
1.487000000000000000e+03
1.406000000000000000e+03
1.305000000000000000e+03
1.396000000000000000e+03
1.410000000000000000e+03
1.253000000000000000e+03
1.234000000000000000e+03
1.169000000000000000e+03
1.159000000000000000e+03
1.310000000000000000e+03
1.530000000000000000e+03
1.676000000000000000e+03
1.915000000000000000e+03
2.080000000000000000e+03
2.429000000000000000e+03
2.175000000000000000e+03
2.105000000000000000e+03
2.151000000000000000e+03
1.971000000000000000e+03
1.895000000000000000e+03
1.941000000000000000e+03
1.987000000000000000e+03
2.106000000000000000e+03
2.033000000000000000e+03
1.879000000000000000e+03
1.756000000000000000e+03
1.725000000000000000e+03
1.917000000000000000e+03
2.134000000000000000e+03
2.223000000000000000e+03
2.277000000000000000e+03
2.136000000000000000e+03
1.966000000000000000e+03
1.824000000000000000e+03
1.856000000000000000e+03
1.950000000000000000e+03
2.002000000000000000e+03
2.199000000000000000e+03
2.267000000000000000e+03
2.154000000000000000e+03
1.999000000000000000e+03
1.939000000000000000e+03
1.981000000000000000e+03
1.938000000000000000e+03
1.957000000000000000e+03
1.934000000000000000e+03
2.105000000000000000e+03
2.268000000000000000e+03
2.100000000000000000e+03
1.929000000000000000e+03
1.745000000000000000e+03
1.743000000000000000e+03
1.694000000000000000e+03
1.892000000000000000e+03
1.843000000000000000e+03
1.966000000000000000e+03
1.877000000000000000e+03
1.752000000000000000e+03
1.436000000000000000e+03
1.442000000000000000e+03
1.466000000000000000e+03
1.496000000000000000e+03
1.577000000000000000e+03
1.416000000000000000e+03
1.458000000000000000e+03
1.459000000000000000e+03
1.331000000000000000e+03
1.302000000000000000e+03
1.326000000000000000e+03
1.300000000000000000e+03
1.279000000000000000e+03
1.141000000000000000e+03
1.131000000000000000e+03
1.107000000000000000e+03
1.070000000000000000e+03
9.410000000000000000e+02
9.840000000000000000e+02
1.048000000000000000e+03
1.026000000000000000e+03
1.026000000000000000e+03
1.050000000000000000e+03
1.035000000000000000e+03
1.001000000000000000e+03
1.111000000000000000e+03
1.169000000000000000e+03
1.299000000000000000e+03
1.246000000000000000e+03
1.240000000000000000e+03
1.183000000000000000e+03
1.176000000000000000e+03
1.101000000000000000e+03
1.140000000000000000e+03
1.215000000000000000e+03
1.254000000000000000e+03
1.210000000000000000e+03
1.178000000000000000e+03
1.086000000000000000e+03
1.052000000000000000e+03
1.080000000000000000e+03
1.074000000000000000e+03
1.112000000000000000e+03
1.208000000000000000e+03
1.198000000000000000e+03
1.255000000000000000e+03
1.265000000000000000e+03
1.135000000000000000e+03
1.017000000000000000e+03
9.410000000000000000e+02
9.710000000000000000e+02
9.630000000000000000e+02
9.820000000000000000e+02
9.640000000000000000e+02
1.001000000000000000e+03
9.490000000000000000e+02
8.990000000000000000e+02
1.002000000000000000e+03
1.112000000000000000e+03
1.026000000000000000e+03
1.097000000000000000e+03
1.093000000000000000e+03
1.086000000000000000e+03
1.031000000000000000e+03
9.350000000000000000e+02
9.080000000000000000e+02
8.270000000000000000e+02
8.420000000000000000e+02
9.790000000000000000e+02
9.400000000000000000e+02
9.590000000000000000e+02
8.660000000000000000e+02
7.480000000000000000e+02
8.010000000000000000e+02
7.950000000000000000e+02
8.210000000000000000e+02
7.920000000000000000e+02
8.440000000000000000e+02
8.910000000000000000e+02
9.480000000000000000e+02
8.930000000000000000e+02
9.350000000000000000e+02
8.750000000000000000e+02
9.680000000000000000e+02
9.820000000000000000e+02
9.090000000000000000e+02
8.310000000000000000e+02
8.700000000000000000e+02
9.150000000000000000e+02
1.119000000000000000e+03
1.224000000000000000e+03
1.226000000000000000e+03
1.400000000000000000e+03
1.737000000000000000e+03
1.994000000000000000e+03
2.993000000000000000e+03
5.450000000000000000e+03
3.748650000000000000e+05
1.845900000000000000e+04
6.576000000000000000e+03
4.894000000000000000e+03
4.941000000000000000e+03
4.792000000000000000e+03
4.499000000000000000e+03
4.487000000000000000e+03
4.419000000000000000e+03
3.975000000000000000e+03
3.775000000000000000e+03
3.678000000000000000e+03
3.504000000000000000e+03
3.394000000000000000e+03
3.373000000000000000e+03
3.049000000000000000e+03
2.749000000000000000e+03
3.025000000000000000e+03
2.984000000000000000e+03
3.069000000000000000e+03
3.049000000000000000e+03
2.924000000000000000e+03
2.985000000000000000e+03
2.847000000000000000e+03
2.655000000000000000e+03
2.550000000000000000e+03
2.454000000000000000e+03
2.455000000000000000e+03
2.541000000000000000e+03
2.331000000000000000e+03
2.329000000000000000e+03
2.157000000000000000e+03
2.031000000000000000e+03
1.857000000000000000e+03
2.561000000000000000e+03
3.131000000000000000e+03
2.691000000000000000e+03
2.719000000000000000e+03
3.262000000000000000e+03
2.973000000000000000e+03
2.444000000000000000e+03
2.219000000000000000e+03
2.438000000000000000e+03
2.619000000000000000e+03
2.297000000000000000e+03
2.361000000000000000e+03
2.249000000000000000e+03
1.990000000000000000e+03
1.677000000000000000e+03
1.554000000000000000e+03
1.602000000000000000e+03
1.801000000000000000e+03
1.626000000000000000e+03
1.789000000000000000e+03
1.620000000000000000e+03
1.386000000000000000e+03
1.403000000000000000e+03
1.289000000000000000e+03
1.281000000000000000e+03
1.378000000000000000e+03
1.442000000000000000e+03
1.369000000000000000e+03
1.313000000000000000e+03
1.232000000000000000e+03
1.210000000000000000e+03
1.110000000000000000e+03
1.180000000000000000e+03
1.254000000000000000e+03
1.196000000000000000e+03
1.094000000000000000e+03
1.151000000000000000e+03
1.074000000000000000e+03
1.050000000000000000e+03
9.230000000000000000e+02
9.730000000000000000e+02
9.660000000000000000e+02
9.790000000000000000e+02
1.029000000000000000e+03
9.470000000000000000e+02
9.330000000000000000e+02
8.970000000000000000e+02
8.870000000000000000e+02
8.690000000000000000e+02
9.180000000000000000e+02
9.630000000000000000e+02
9.800000000000000000e+02
9.930000000000000000e+02
8.810000000000000000e+02
8.460000000000000000e+02
8.740000000000000000e+02
8.660000000000000000e+02
9.190000000000000000e+02
9.280000000000000000e+02
8.250000000000000000e+02
8.700000000000000000e+02
7.880000000000000000e+02
7.220000000000000000e+02
7.250000000000000000e+02
7.260000000000000000e+02
6.860000000000000000e+02
6.710000000000000000e+02
6.570000000000000000e+02
6.640000000000000000e+02
6.280000000000000000e+02
6.020000000000000000e+02
6.110000000000000000e+02
6.510000000000000000e+02
6.420000000000000000e+02
6.090000000000000000e+02
5.900000000000000000e+02
5.690000000000000000e+02
5.800000000000000000e+02
5.660000000000000000e+02
6.100000000000000000e+02
5.720000000000000000e+02
5.900000000000000000e+02
5.600000000000000000e+02
6.110000000000000000e+02
5.770000000000000000e+02
5.520000000000000000e+02
5.770000000000000000e+02
5.610000000000000000e+02
5.630000000000000000e+02
5.800000000000000000e+02
5.990000000000000000e+02
5.910000000000000000e+02
5.920000000000000000e+02
6.220000000000000000e+02
6.270000000000000000e+02
5.830000000000000000e+02
6.530000000000000000e+02
6.560000000000000000e+02
7.020000000000000000e+02
7.300000000000000000e+02
9.280000000000000000e+02
1.019000000000000000e+03
1.043000000000000000e+03
1.065000000000000000e+03
1.107000000000000000e+03
1.140000000000000000e+03
1.307000000000000000e+03
1.356000000000000000e+03
1.211000000000000000e+03
1.155000000000000000e+03
1.150000000000000000e+03
1.240000000000000000e+03
1.201000000000000000e+03
1.094000000000000000e+03
1.134000000000000000e+03
1.082000000000000000e+03
1.133000000000000000e+03
1.301000000000000000e+03
1.511000000000000000e+03
1.678000000000000000e+03
1.835000000000000000e+03
1.917000000000000000e+03
2.287000000000000000e+03
1.979000000000000000e+03
1.892000000000000000e+03
1.991000000000000000e+03
1.834000000000000000e+03
1.807000000000000000e+03
2.006000000000000000e+03
1.963000000000000000e+03
2.102000000000000000e+03
2.041000000000000000e+03
1.833000000000000000e+03
1.631000000000000000e+03
1.663000000000000000e+03
1.891000000000000000e+03
2.114000000000000000e+03
2.168000000000000000e+03
2.149000000000000000e+03
1.927000000000000000e+03
1.853000000000000000e+03
1.772000000000000000e+03
1.762000000000000000e+03
1.901000000000000000e+03
2.084000000000000000e+03
2.284000000000000000e+03
2.461000000000000000e+03
2.400000000000000000e+03
2.066000000000000000e+03
2.045000000000000000e+03
2.133000000000000000e+03
2.284000000000000000e+03
2.363000000000000000e+03
2.341000000000000000e+03
2.158000000000000000e+03
1.947000000000000000e+03
1.873000000000000000e+03
1.775000000000000000e+03
1.853000000000000000e+03
1.916000000000000000e+03
2.054000000000000000e+03
1.960000000000000000e+03
1.783000000000000000e+03
1.603000000000000000e+03
1.520000000000000000e+03
1.544000000000000000e+03
1.579000000000000000e+03
1.638000000000000000e+03
1.603000000000000000e+03
1.614000000000000000e+03
1.622000000000000000e+03
1.508000000000000000e+03
1.506000000000000000e+03
1.452000000000000000e+03
1.350000000000000000e+03
1.265000000000000000e+03
1.232000000000000000e+03
1.190000000000000000e+03
1.084000000000000000e+03
1.087000000000000000e+03
9.690000000000000000e+02
1.014000000000000000e+03
1.027000000000000000e+03
1.074000000000000000e+03
1.021000000000000000e+03
1.140000000000000000e+03
1.058000000000000000e+03
9.830000000000000000e+02
1.055000000000000000e+03
1.129000000000000000e+03
1.238000000000000000e+03
1.241000000000000000e+03
1.233000000000000000e+03
1.155000000000000000e+03
1.151000000000000000e+03
1.152000000000000000e+03
1.126000000000000000e+03
1.190000000000000000e+03
1.077000000000000000e+03
9.820000000000000000e+02
1.006000000000000000e+03
9.630000000000000000e+02
9.970000000000000000e+02
1.020000000000000000e+03
9.940000000000000000e+02
1.028000000000000000e+03
1.039000000000000000e+03
1.120000000000000000e+03
1.200000000000000000e+03
1.087000000000000000e+03
1.100000000000000000e+03
1.040000000000000000e+03
1.125000000000000000e+03
1.101000000000000000e+03
1.370000000000000000e+03
1.746000000000000000e+03
1.961000000000000000e+03
2.191000000000000000e+03
3.049000000000000000e+03
3.834000000000000000e+03
5.220000000000000000e+03
1.010200000000000000e+04
3.854020000000000000e+05
