1.771300000000000000e+04
1.112000000000000000e+04
9.042000000000000000e+03
1.156300000000000000e+04
1.542200000000000000e+04
9.566000000000000000e+03
8.390000000000000000e+03
6.033000000000000000e+03
5.704000000000000000e+03
6.812000000000000000e+03
6.542000000000000000e+03
6.023000000000000000e+03
5.271000000000000000e+03
4.774000000000000000e+03
4.592000000000000000e+03
5.296000000000000000e+03
6.318000000000000000e+03
7.116000000000000000e+03
6.993000000000000000e+03
7.503000000000000000e+03
7.566000000000000000e+03
8.059000000000000000e+03
8.800000000000000000e+03
8.041000000000000000e+03
7.828000000000000000e+03
7.202000000000000000e+03
6.244000000000000000e+03
6.488000000000000000e+03
5.919000000000000000e+03
5.355000000000000000e+03
5.442000000000000000e+03
6.214000000000000000e+03
6.292000000000000000e+03
6.076000000000000000e+03
6.233000000000000000e+03
5.873000000000000000e+03
5.793000000000000000e+03
5.438000000000000000e+03
5.569000000000000000e+03
5.415000000000000000e+03
5.387000000000000000e+03
5.916000000000000000e+03
6.025000000000000000e+03
5.672000000000000000e+03
4.632000000000000000e+03
4.410000000000000000e+03
4.216000000000000000e+03
4.022000000000000000e+03
4.171000000000000000e+03
4.257000000000000000e+03
4.374000000000000000e+03
4.165000000000000000e+03
4.282000000000000000e+03
4.214000000000000000e+03
4.020000000000000000e+03
3.967000000000000000e+03
3.881000000000000000e+03
4.012000000000000000e+03
3.900000000000000000e+03
4.157000000000000000e+03
4.326000000000000000e+03
4.154000000000000000e+03
4.194000000000000000e+03
4.378000000000000000e+03
4.097000000000000000e+03
4.083000000000000000e+03
3.771000000000000000e+03
3.781000000000000000e+03
3.921000000000000000e+03
4.376000000000000000e+03
4.955000000000000000e+03
6.180000000000000000e+03
5.367000000000000000e+03
5.127000000000000000e+03
5.383000000000000000e+03
5.880000000000000000e+03
6.575000000000000000e+03
7.966000000000000000e+03
9.558000000000000000e+03
1.382600000000000000e+04
1.395400000000000000e+04
1.680800000000000000e+04
1.946200000000000000e+04
2.499700000000000000e+04
3.459800000000000000e+04
3.992200000000000000e+04
3.058600000000000000e+04
2.115800000000000000e+04
2.195300000000000000e+04
2.514500000000000000e+04
2.280600000000000000e+04
2.160500000000000000e+04
1.645600000000000000e+04
1.610000000000000000e+04
2.031300000000000000e+04
2.077600000000000000e+04
2.015300000000000000e+04
2.173000000000000000e+04
2.469300000000000000e+04
2.894700000000000000e+04
2.775300000000000000e+04
2.871000000000000000e+04
3.697700000000000000e+04
3.140800000000000000e+04
2.894600000000000000e+04
3.985900000000000000e+04
2.979500000000000000e+04
1.923500000000000000e+04
1.910500000000000000e+04
1.755700000000000000e+04
1.680700000000000000e+04
1.776700000000000000e+04
1.837000000000000000e+04
2.528100000000000000e+04
3.494800000000000000e+04
1.502700000000000000e+04
1.038800000000000000e+04
5.797000000000000000e+03
5.228000000000000000e+03
4.511000000000000000e+03
4.186000000000000000e+03
3.920000000000000000e+03
3.928000000000000000e+03
3.920000000000000000e+03
3.838000000000000000e+03
4.262000000000000000e+03
4.294000000000000000e+03
4.381000000000000000e+03
4.291000000000000000e+03
4.567000000000000000e+03
4.447000000000000000e+03
4.659000000000000000e+03
4.421000000000000000e+03
4.338000000000000000e+03
4.278000000000000000e+03
4.483000000000000000e+03
4.484000000000000000e+03
4.084000000000000000e+03
3.963000000000000000e+03
3.797000000000000000e+03
3.356000000000000000e+03
3.583000000000000000e+03
3.466000000000000000e+03
3.491000000000000000e+03
3.306000000000000000e+03
3.444000000000000000e+03
3.434000000000000000e+03
3.495000000000000000e+03
3.536000000000000000e+03
3.551000000000000000e+03
3.452000000000000000e+03
3.411000000000000000e+03
3.450000000000000000e+03
3.433000000000000000e+03
3.488000000000000000e+03
3.819000000000000000e+03
3.887000000000000000e+03
4.155000000000000000e+03
4.503000000000000000e+03
4.593000000000000000e+03
4.839000000000000000e+03
5.556000000000000000e+03
5.753000000000000000e+03
6.461000000000000000e+03
7.118000000000000000e+03
7.979000000000000000e+03
8.646000000000000000e+03
9.803000000000000000e+03
1.097200000000000000e+04
1.253300000000000000e+04
1.461600000000000000e+04
1.660000000000000000e+04
1.779600000000000000e+04
1.798600000000000000e+04
1.803700000000000000e+04
1.802500000000000000e+04
1.833800000000000000e+04
1.944700000000000000e+04
2.040800000000000000e+04
2.161800000000000000e+04
2.151400000000000000e+04
2.033300000000000000e+04
1.899300000000000000e+04
1.799000000000000000e+04
1.756600000000000000e+04
1.714100000000000000e+04
1.625000000000000000e+04
1.439600000000000000e+04
1.266600000000000000e+04
1.109100000000000000e+04
9.795000000000000000e+03
8.568000000000000000e+03
7.045000000000000000e+03
5.946000000000000000e+03
4.834000000000000000e+03
4.042000000000000000e+03
3.060000000000000000e+03
2.250000000000000000e+03
1.820000000000000000e+03
1.427000000000000000e+03
1.198000000000000000e+03
1.012000000000000000e+03
9.750000000000000000e+02
8.770000000000000000e+02
8.160000000000000000e+02
8.130000000000000000e+02
7.900000000000000000e+02
7.460000000000000000e+02
9.210000000000000000e+02
8.220000000000000000e+02
9.030000000000000000e+02
9.530000000000000000e+02
8.690000000000000000e+02
8.530000000000000000e+02
9.360000000000000000e+02
9.890000000000000000e+02
1.012000000000000000e+03
1.086000000000000000e+03
1.170000000000000000e+03
1.036000000000000000e+03
1.083000000000000000e+03
1.004000000000000000e+03
1.171000000000000000e+03
1.248000000000000000e+03
1.813000000000000000e+03
1.988000000000000000e+03
1.957000000000000000e+03
1.498000000000000000e+03
1.538000000000000000e+03
1.402000000000000000e+03
1.307000000000000000e+03
1.130000000000000000e+03
9.810000000000000000e+02
9.110000000000000000e+02
8.180000000000000000e+02
7.520000000000000000e+02
7.510000000000000000e+02
7.130000000000000000e+02
6.480000000000000000e+02
6.310000000000000000e+02
6.120000000000000000e+02
6.260000000000000000e+02
5.220000000000000000e+02
5.430000000000000000e+02
4.590000000000000000e+02
4.330000000000000000e+02
3.990000000000000000e+02
3.260000000000000000e+02
2.900000000000000000e+02
2.340000000000000000e+02
2.080000000000000000e+02
2.090000000000000000e+02
1.790000000000000000e+02
2.000000000000000000e+02
1.320000000000000000e+02
6.060000000000000000e+02
1.882900000000000000e+04
1.262600000000000000e+04
8.693000000000000000e+03
1.152700000000000000e+04
1.538500000000000000e+04
9.985000000000000000e+03
9.244000000000000000e+03
6.786000000000000000e+03
5.328000000000000000e+03
6.518000000000000000e+03
6.708000000000000000e+03
6.530000000000000000e+03
5.825000000000000000e+03
5.110000000000000000e+03
5.196000000000000000e+03
6.606000000000000000e+03
8.545000000000000000e+03
9.960000000000000000e+03
9.453000000000000000e+03
8.715000000000000000e+03
6.911000000000000000e+03
6.174000000000000000e+03
7.591000000000000000e+03
8.044000000000000000e+03
7.161000000000000000e+03
6.912000000000000000e+03
7.058000000000000000e+03
7.353000000000000000e+03
6.793000000000000000e+03
6.590000000000000000e+03
6.911000000000000000e+03
7.051000000000000000e+03
7.347000000000000000e+03
7.518000000000000000e+03
8.022000000000000000e+03
8.017000000000000000e+03
5.885000000000000000e+03
5.174000000000000000e+03
5.036000000000000000e+03
4.873000000000000000e+03
4.943000000000000000e+03
5.118000000000000000e+03
5.191000000000000000e+03
5.515000000000000000e+03
5.659000000000000000e+03
5.065000000000000000e+03
4.733000000000000000e+03
4.566000000000000000e+03
4.628000000000000000e+03
4.774000000000000000e+03
4.959000000000000000e+03
4.982000000000000000e+03
5.138000000000000000e+03
5.208000000000000000e+03
5.185000000000000000e+03
5.011000000000000000e+03
5.292000000000000000e+03
5.062000000000000000e+03
5.339000000000000000e+03
5.411000000000000000e+03
5.543000000000000000e+03
5.850000000000000000e+03
6.115000000000000000e+03
5.930000000000000000e+03
6.469000000000000000e+03
8.703000000000000000e+03
8.913000000000000000e+03
8.491000000000000000e+03
8.738000000000000000e+03
1.027100000000000000e+04
1.175900000000000000e+04
1.423000000000000000e+04
1.779800000000000000e+04
2.563500000000000000e+04
3.138400000000000000e+04
3.531200000000000000e+04
3.083400000000000000e+04
2.667800000000000000e+04
2.365100000000000000e+04
2.696900000000000000e+04
2.950700000000000000e+04
2.513300000000000000e+04
1.940400000000000000e+04
1.714000000000000000e+04
1.930900000000000000e+04
2.052500000000000000e+04
1.843500000000000000e+04
1.770500000000000000e+04
2.297800000000000000e+04
3.494700000000000000e+04
5.089900000000000000e+04
4.726200000000000000e+04
3.820700000000000000e+04
4.343200000000000000e+04
3.382900000000000000e+04
2.705100000000000000e+04
2.693200000000000000e+04
2.039900000000000000e+04
1.423600000000000000e+04
1.692600000000000000e+04
1.813700000000000000e+04
2.457800000000000000e+04
3.459400000000000000e+04
1.080300000000000000e+04
5.156000000000000000e+03
4.625000000000000000e+03
4.435000000000000000e+03
4.107000000000000000e+03
3.921000000000000000e+03
4.109000000000000000e+03
4.404000000000000000e+03
4.107000000000000000e+03
4.414000000000000000e+03
4.657000000000000000e+03
4.661000000000000000e+03
4.748000000000000000e+03
4.862000000000000000e+03
4.996000000000000000e+03
5.513000000000000000e+03
5.295000000000000000e+03
5.449000000000000000e+03
5.442000000000000000e+03
4.962000000000000000e+03
4.818000000000000000e+03
4.409000000000000000e+03
4.145000000000000000e+03
3.878000000000000000e+03
3.672000000000000000e+03
3.499000000000000000e+03
3.407000000000000000e+03
3.422000000000000000e+03
3.069000000000000000e+03
2.962000000000000000e+03
2.884000000000000000e+03
2.715000000000000000e+03
2.713000000000000000e+03
2.521000000000000000e+03
2.515000000000000000e+03
2.584000000000000000e+03
2.571000000000000000e+03
2.591000000000000000e+03
2.559000000000000000e+03
2.640000000000000000e+03
2.556000000000000000e+03
2.405000000000000000e+03
2.503000000000000000e+03
2.320000000000000000e+03
2.409000000000000000e+03
2.366000000000000000e+03
2.612000000000000000e+03
2.465000000000000000e+03
2.633000000000000000e+03
2.811000000000000000e+03
2.922000000000000000e+03
3.278000000000000000e+03
3.477000000000000000e+03
3.548000000000000000e+03
4.009000000000000000e+03
4.343000000000000000e+03
4.908000000000000000e+03
5.396000000000000000e+03
6.043000000000000000e+03
6.322000000000000000e+03
7.064000000000000000e+03
7.763000000000000000e+03
8.337000000000000000e+03
9.355000000000000000e+03
1.062900000000000000e+04
1.204000000000000000e+04
1.401200000000000000e+04
1.575100000000000000e+04
1.683600000000000000e+04
1.710500000000000000e+04
1.698800000000000000e+04
1.693900000000000000e+04
1.754900000000000000e+04
1.854400000000000000e+04
1.878700000000000000e+04
1.967900000000000000e+04
2.086400000000000000e+04
2.042900000000000000e+04
1.844600000000000000e+04
1.700200000000000000e+04
1.674600000000000000e+04
1.582300000000000000e+04
1.536800000000000000e+04
1.462600000000000000e+04
1.278500000000000000e+04
1.121700000000000000e+04
9.933000000000000000e+03
8.632000000000000000e+03
7.646000000000000000e+03
6.171000000000000000e+03
5.197000000000000000e+03
4.225000000000000000e+03
3.321000000000000000e+03
2.593000000000000000e+03
1.974000000000000000e+03
1.601000000000000000e+03
1.320000000000000000e+03
1.220000000000000000e+03
1.069000000000000000e+03
1.082000000000000000e+03
9.720000000000000000e+02
8.670000000000000000e+02
8.390000000000000000e+02
8.740000000000000000e+02
9.110000000000000000e+02
8.760000000000000000e+02
7.230000000000000000e+02
7.780000000000000000e+02
8.190000000000000000e+02
9.930000000000000000e+02
8.640000000000000000e+02
8.180000000000000000e+02
9.010000000000000000e+02
9.770000000000000000e+02
1.295000000000000000e+03
1.652000000000000000e+03
1.800000000000000000e+03
1.606000000000000000e+03
1.290000000000000000e+03
1.333000000000000000e+03
1.270000000000000000e+03
1.129000000000000000e+03
8.910000000000000000e+02
7.720000000000000000e+02
7.190000000000000000e+02
6.370000000000000000e+02
6.130000000000000000e+02
6.070000000000000000e+02
5.350000000000000000e+02
5.180000000000000000e+02
5.300000000000000000e+02
5.400000000000000000e+02
5.020000000000000000e+02
4.960000000000000000e+02
4.830000000000000000e+02
5.870000000000000000e+02
5.310000000000000000e+02
4.450000000000000000e+02
4.530000000000000000e+02
4.180000000000000000e+02
3.680000000000000000e+02
3.380000000000000000e+02
2.720000000000000000e+02
2.560000000000000000e+02
2.090000000000000000e+02
2.150000000000000000e+02
1.810000000000000000e+02
1.580000000000000000e+02
1.310000000000000000e+02
1.460000000000000000e+02
1.600000000000000000e+02
1.980000000000000000e+02
2.630000000000000000e+02
1.846500000000000000e+04
1.287700000000000000e+04
8.590000000000000000e+03
1.154600000000000000e+04
1.569800000000000000e+04
1.010600000000000000e+04
9.541000000000000000e+03
7.123000000000000000e+03
5.646000000000000000e+03
6.896000000000000000e+03
7.037000000000000000e+03
7.016000000000000000e+03
6.833000000000000000e+03
6.327000000000000000e+03
6.136000000000000000e+03
6.702000000000000000e+03
7.815000000000000000e+03
9.039000000000000000e+03
8.718000000000000000e+03
8.284000000000000000e+03
7.038000000000000000e+03
6.486000000000000000e+03
8.349000000000000000e+03
9.032000000000000000e+03
8.178000000000000000e+03
8.068000000000000000e+03
7.702000000000000000e+03
7.700000000000000000e+03
7.127000000000000000e+03
7.004000000000000000e+03
7.320000000000000000e+03
8.494000000000000000e+03
8.695000000000000000e+03
8.120000000000000000e+03
8.082000000000000000e+03
8.179000000000000000e+03
6.608000000000000000e+03
6.241000000000000000e+03
6.297000000000000000e+03
6.459000000000000000e+03
6.180000000000000000e+03
6.127000000000000000e+03
5.770000000000000000e+03
5.383000000000000000e+03
5.443000000000000000e+03
5.710000000000000000e+03
6.078000000000000000e+03
5.622000000000000000e+03
5.232000000000000000e+03
5.631000000000000000e+03
5.892000000000000000e+03
5.968000000000000000e+03
6.111000000000000000e+03
6.203000000000000000e+03
7.400000000000000000e+03
7.246000000000000000e+03
7.634000000000000000e+03
8.136000000000000000e+03
8.947000000000000000e+03
1.075300000000000000e+04
1.367500000000000000e+04
1.677400000000000000e+04
2.364200000000000000e+04
3.489300000000000000e+04
4.610500000000000000e+04
4.575700000000000000e+04
3.676000000000000000e+04
3.043300000000000000e+04
2.626400000000000000e+04
2.099000000000000000e+04
1.959300000000000000e+04
2.166000000000000000e+04
2.241100000000000000e+04
2.259200000000000000e+04
2.474200000000000000e+04
2.991100000000000000e+04
3.810800000000000000e+04
4.313800000000000000e+04
4.162300000000000000e+04
3.073600000000000000e+04
2.492400000000000000e+04
2.992100000000000000e+04
2.342600000000000000e+04
2.348200000000000000e+04
2.441000000000000000e+04
2.196400000000000000e+04
2.307100000000000000e+04
2.597700000000000000e+04
2.226000000000000000e+04
2.681900000000000000e+04
3.711600000000000000e+04
1.380600000000000000e+04
7.392000000000000000e+03
5.481000000000000000e+03
5.327000000000000000e+03
5.143000000000000000e+03
4.385000000000000000e+03
4.889000000000000000e+03
5.083000000000000000e+03
5.095000000000000000e+03
4.811000000000000000e+03
4.900000000000000000e+03
5.210000000000000000e+03
4.595000000000000000e+03
4.899000000000000000e+03
4.991000000000000000e+03
4.865000000000000000e+03
4.749000000000000000e+03
4.537000000000000000e+03
4.420000000000000000e+03
4.660000000000000000e+03
4.333000000000000000e+03
4.331000000000000000e+03
4.069000000000000000e+03
3.940000000000000000e+03
4.062000000000000000e+03
3.675000000000000000e+03
3.616000000000000000e+03
3.362000000000000000e+03
3.454000000000000000e+03
3.269000000000000000e+03
3.302000000000000000e+03
3.173000000000000000e+03
3.028000000000000000e+03
2.869000000000000000e+03
2.670000000000000000e+03
2.466000000000000000e+03
2.422000000000000000e+03
2.109000000000000000e+03
2.120000000000000000e+03
2.053000000000000000e+03
2.205000000000000000e+03
2.047000000000000000e+03
2.096000000000000000e+03
2.043000000000000000e+03
1.955000000000000000e+03
2.084000000000000000e+03
2.094000000000000000e+03
2.041000000000000000e+03
1.995000000000000000e+03
2.185000000000000000e+03
2.199000000000000000e+03
2.252000000000000000e+03
2.125000000000000000e+03
2.221000000000000000e+03
2.345000000000000000e+03
2.100000000000000000e+03
2.373000000000000000e+03
2.324000000000000000e+03
2.414000000000000000e+03
2.577000000000000000e+03
2.885000000000000000e+03
2.909000000000000000e+03
3.095000000000000000e+03
3.232000000000000000e+03
3.312000000000000000e+03
3.624000000000000000e+03
3.892000000000000000e+03
4.423000000000000000e+03
5.213000000000000000e+03
5.627000000000000000e+03
6.203000000000000000e+03
6.766000000000000000e+03
7.194000000000000000e+03
8.175000000000000000e+03
9.179000000000000000e+03
1.039400000000000000e+04
1.205100000000000000e+04
1.401600000000000000e+04
1.576900000000000000e+04
1.680000000000000000e+04
1.727700000000000000e+04
1.667200000000000000e+04
1.621000000000000000e+04
1.643000000000000000e+04
1.693800000000000000e+04
1.704500000000000000e+04
1.748400000000000000e+04
1.838700000000000000e+04
1.897000000000000000e+04
1.822500000000000000e+04
1.675600000000000000e+04
1.566200000000000000e+04
1.543900000000000000e+04
1.494400000000000000e+04
1.458200000000000000e+04
1.404700000000000000e+04
1.232700000000000000e+04
1.093900000000000000e+04
9.838000000000000000e+03
8.788000000000000000e+03
7.709000000000000000e+03
6.187000000000000000e+03
5.223000000000000000e+03
4.114000000000000000e+03
3.207000000000000000e+03
2.538000000000000000e+03
1.960000000000000000e+03
1.691000000000000000e+03
1.285000000000000000e+03
1.039000000000000000e+03
9.850000000000000000e+02
8.670000000000000000e+02
7.630000000000000000e+02
8.020000000000000000e+02
7.680000000000000000e+02
7.410000000000000000e+02
6.950000000000000000e+02
7.000000000000000000e+02
7.670000000000000000e+02
9.520000000000000000e+02
1.188000000000000000e+03
9.800000000000000000e+02
1.365000000000000000e+03
1.588000000000000000e+03
1.489000000000000000e+03
1.159000000000000000e+03
1.393000000000000000e+03
1.111000000000000000e+03
1.104000000000000000e+03
8.850000000000000000e+02
7.100000000000000000e+02
6.670000000000000000e+02
6.320000000000000000e+02
6.260000000000000000e+02
5.910000000000000000e+02
5.160000000000000000e+02
4.880000000000000000e+02
4.790000000000000000e+02
4.110000000000000000e+02
3.910000000000000000e+02
3.990000000000000000e+02
3.930000000000000000e+02
4.150000000000000000e+02
3.910000000000000000e+02
4.160000000000000000e+02
3.920000000000000000e+02
4.330000000000000000e+02
4.640000000000000000e+02
4.600000000000000000e+02
3.880000000000000000e+02
4.220000000000000000e+02
3.500000000000000000e+02
3.160000000000000000e+02
3.210000000000000000e+02
2.490000000000000000e+02
2.220000000000000000e+02
1.990000000000000000e+02
1.940000000000000000e+02
1.730000000000000000e+02
1.440000000000000000e+02
1.430000000000000000e+02
1.540000000000000000e+02
1.010000000000000000e+02
1.450000000000000000e+02
3.780000000000000000e+02
