9.590000000000000000e+02
1.320000000000000000e+02
3.980000000000000000e+02
3.770000000000000000e+02
4.860000000000000000e+02
6.970000000000000000e+02
4.870000000000000000e+02
6.540000000000000000e+02
5.810000000000000000e+02
8.340000000000000000e+02
7.630000000000000000e+02
1.028000000000000000e+03
1.071000000000000000e+03
1.316000000000000000e+03
1.446000000000000000e+03
1.472000000000000000e+03
1.577000000000000000e+03
1.496000000000000000e+03
1.578000000000000000e+03
1.613000000000000000e+03
1.599000000000000000e+03
1.567000000000000000e+03
1.723000000000000000e+03
1.770000000000000000e+03
1.723000000000000000e+03
1.828000000000000000e+03
1.856000000000000000e+03
1.796000000000000000e+03
1.829000000000000000e+03
1.927000000000000000e+03
2.009000000000000000e+03
1.937000000000000000e+03
1.959000000000000000e+03
1.988000000000000000e+03
1.968000000000000000e+03
2.068000000000000000e+03
1.995000000000000000e+03
2.036000000000000000e+03
2.057000000000000000e+03
1.974000000000000000e+03
1.949000000000000000e+03
1.936000000000000000e+03
1.992000000000000000e+03
1.994000000000000000e+03
2.053000000000000000e+03
2.022000000000000000e+03
2.057000000000000000e+03
2.056000000000000000e+03
1.958000000000000000e+03
2.024000000000000000e+03
1.982000000000000000e+03
1.900000000000000000e+03
1.958000000000000000e+03
2.155000000000000000e+03
2.030000000000000000e+03
1.902000000000000000e+03
1.975000000000000000e+03
1.912000000000000000e+03
1.847000000000000000e+03
1.821000000000000000e+03
1.787000000000000000e+03
1.808000000000000000e+03
1.765000000000000000e+03
1.782000000000000000e+03
1.700000000000000000e+03
1.648000000000000000e+03
1.621000000000000000e+03
1.638000000000000000e+03
1.618000000000000000e+03
1.648000000000000000e+03
1.617000000000000000e+03
1.564000000000000000e+03
1.630000000000000000e+03
1.658000000000000000e+03
1.593000000000000000e+03
1.668000000000000000e+03
1.558000000000000000e+03
1.563000000000000000e+03
1.583000000000000000e+03
1.620000000000000000e+03
1.605000000000000000e+03
1.661000000000000000e+03
1.687000000000000000e+03
1.545000000000000000e+03
1.733000000000000000e+03
1.687000000000000000e+03
1.707000000000000000e+03
1.817000000000000000e+03
1.779000000000000000e+03
1.804000000000000000e+03
2.044000000000000000e+03
1.988000000000000000e+03
2.066000000000000000e+03
2.282000000000000000e+03
2.166000000000000000e+03
2.092000000000000000e+03
2.141000000000000000e+03
2.183000000000000000e+03
2.240000000000000000e+03
2.105000000000000000e+03
2.066000000000000000e+03
1.973000000000000000e+03
1.896000000000000000e+03
1.789000000000000000e+03
1.770000000000000000e+03
1.733000000000000000e+03
1.653000000000000000e+03
1.690000000000000000e+03
1.721000000000000000e+03
1.699000000000000000e+03
1.695000000000000000e+03
1.657000000000000000e+03
1.624000000000000000e+03
1.698000000000000000e+03
1.685000000000000000e+03
1.683000000000000000e+03
1.716000000000000000e+03
1.737000000000000000e+03
1.669000000000000000e+03
1.688000000000000000e+03
1.686000000000000000e+03
1.699000000000000000e+03
1.794000000000000000e+03
1.743000000000000000e+03
1.800000000000000000e+03
1.731000000000000000e+03
1.737000000000000000e+03
1.815000000000000000e+03
1.900000000000000000e+03
1.873000000000000000e+03
1.841000000000000000e+03
1.944000000000000000e+03
1.764000000000000000e+03
1.787000000000000000e+03
1.772000000000000000e+03
1.740000000000000000e+03
1.669000000000000000e+03
1.699000000000000000e+03
1.680000000000000000e+03
1.630000000000000000e+03
1.641000000000000000e+03
1.558000000000000000e+03
1.625000000000000000e+03
1.614000000000000000e+03
1.539000000000000000e+03
1.526000000000000000e+03
1.475000000000000000e+03
1.398000000000000000e+03
1.291000000000000000e+03
1.389000000000000000e+03
1.240000000000000000e+03
1.176000000000000000e+03
1.179000000000000000e+03
1.098000000000000000e+03
1.044000000000000000e+03
1.050000000000000000e+03
1.022000000000000000e+03
9.760000000000000000e+02
9.620000000000000000e+02
8.370000000000000000e+02
8.680000000000000000e+02
8.750000000000000000e+02
8.530000000000000000e+02
8.010000000000000000e+02
8.210000000000000000e+02
7.450000000000000000e+02
7.730000000000000000e+02
7.590000000000000000e+02
7.380000000000000000e+02
6.940000000000000000e+02
6.710000000000000000e+02
7.100000000000000000e+02
6.020000000000000000e+02
6.840000000000000000e+02
6.210000000000000000e+02
6.670000000000000000e+02
6.460000000000000000e+02
6.150000000000000000e+02
6.390000000000000000e+02
6.410000000000000000e+02
6.110000000000000000e+02
6.370000000000000000e+02
5.570000000000000000e+02
6.340000000000000000e+02
6.000000000000000000e+02
5.640000000000000000e+02
6.440000000000000000e+02
5.020000000000000000e+02
5.590000000000000000e+02
5.640000000000000000e+02
5.380000000000000000e+02
5.810000000000000000e+02
5.250000000000000000e+02
5.560000000000000000e+02
5.230000000000000000e+02
4.850000000000000000e+02
4.780000000000000000e+02
4.670000000000000000e+02
4.410000000000000000e+02
4.420000000000000000e+02
4.100000000000000000e+02
4.230000000000000000e+02
4.260000000000000000e+02
3.960000000000000000e+02
3.910000000000000000e+02
4.240000000000000000e+02
3.480000000000000000e+02
3.940000000000000000e+02
3.720000000000000000e+02
3.730000000000000000e+02
3.470000000000000000e+02
3.450000000000000000e+02
3.120000000000000000e+02
3.030000000000000000e+02
3.480000000000000000e+02
3.030000000000000000e+02
2.810000000000000000e+02
3.010000000000000000e+02
2.790000000000000000e+02
2.910000000000000000e+02
3.010000000000000000e+02
3.050000000000000000e+02
3.010000000000000000e+02
3.280000000000000000e+02
3.770000000000000000e+02
4.300000000000000000e+02
4.310000000000000000e+02
4.510000000000000000e+02
4.010000000000000000e+02
3.970000000000000000e+02
3.920000000000000000e+02
3.610000000000000000e+02
3.370000000000000000e+02
2.950000000000000000e+02
2.700000000000000000e+02
2.740000000000000000e+02
2.410000000000000000e+02
2.000000000000000000e+02
2.010000000000000000e+02
2.130000000000000000e+02
1.870000000000000000e+02
1.840000000000000000e+02
1.630000000000000000e+02
1.790000000000000000e+02
1.780000000000000000e+02
1.930000000000000000e+02
1.940000000000000000e+02
1.750000000000000000e+02
2.020000000000000000e+02
2.210000000000000000e+02
2.310000000000000000e+02
2.780000000000000000e+02
3.810000000000000000e+02
4.990000000000000000e+02
6.250000000000000000e+02
1.122000000000000000e+03
1.316000000000000000e+03
7.920000000000000000e+02
8.570000000000000000e+02
9.910000000000000000e+02
1.169000000000000000e+03
1.147000000000000000e+03
1.112000000000000000e+03
1.117000000000000000e+03
1.071000000000000000e+03
1.111000000000000000e+03
1.015000000000000000e+03
1.051000000000000000e+03
1.052000000000000000e+03
1.164000000000000000e+03
1.083000000000000000e+03
1.053000000000000000e+03
1.042000000000000000e+03
1.030000000000000000e+03
1.075000000000000000e+03
1.094000000000000000e+03
1.043000000000000000e+03
1.067000000000000000e+03
1.053000000000000000e+03
1.116000000000000000e+03
1.163000000000000000e+03
1.186000000000000000e+03
1.189000000000000000e+03
1.191000000000000000e+03
1.220000000000000000e+03
1.195000000000000000e+03
1.232000000000000000e+03
1.303000000000000000e+03
1.330000000000000000e+03
1.217000000000000000e+03
1.322000000000000000e+03
1.454000000000000000e+03
1.390000000000000000e+03
1.431000000000000000e+03
1.434000000000000000e+03
1.464000000000000000e+03
1.446000000000000000e+03
1.583000000000000000e+03
1.482000000000000000e+03
1.605000000000000000e+03
1.655000000000000000e+03
1.671000000000000000e+03
1.712000000000000000e+03
1.785000000000000000e+03
1.807000000000000000e+03
1.788000000000000000e+03
1.766000000000000000e+03
1.772000000000000000e+03
1.817000000000000000e+03
1.749000000000000000e+03
1.754000000000000000e+03
1.757000000000000000e+03
1.710000000000000000e+03
1.760000000000000000e+03
1.787000000000000000e+03
1.772000000000000000e+03
1.851000000000000000e+03
1.707000000000000000e+03
1.813000000000000000e+03
1.772000000000000000e+03
1.789000000000000000e+03
1.767000000000000000e+03
1.769000000000000000e+03
1.781000000000000000e+03
1.778000000000000000e+03
1.761000000000000000e+03
1.744000000000000000e+03
1.780000000000000000e+03
1.695000000000000000e+03
1.759000000000000000e+03
1.837000000000000000e+03
1.825000000000000000e+03
1.801000000000000000e+03
1.810000000000000000e+03
1.735000000000000000e+03
1.753000000000000000e+03
1.735000000000000000e+03
1.800000000000000000e+03
1.782000000000000000e+03
1.708000000000000000e+03
1.878000000000000000e+03
1.767000000000000000e+03
1.844000000000000000e+03
1.840000000000000000e+03
1.826000000000000000e+03
1.793000000000000000e+03
1.810000000000000000e+03
1.828000000000000000e+03
1.894000000000000000e+03
1.826000000000000000e+03
1.925000000000000000e+03
1.994000000000000000e+03
2.131000000000000000e+03
2.106000000000000000e+03
2.179000000000000000e+03
2.147000000000000000e+03
2.240000000000000000e+03
2.433000000000000000e+03
2.318000000000000000e+03
2.291000000000000000e+03
2.228000000000000000e+03
2.120000000000000000e+03
2.127000000000000000e+03
2.030000000000000000e+03
1.998000000000000000e+03
1.991000000000000000e+03
1.911000000000000000e+03
1.982000000000000000e+03
1.961000000000000000e+03
1.953000000000000000e+03
1.987000000000000000e+03
2.120000000000000000e+03
2.023000000000000000e+03
2.030000000000000000e+03
2.093000000000000000e+03
1.996000000000000000e+03
2.018000000000000000e+03
2.112000000000000000e+03
2.159000000000000000e+03
2.103000000000000000e+03
2.184000000000000000e+03
2.214000000000000000e+03
2.275000000000000000e+03
2.290000000000000000e+03
2.156000000000000000e+03
2.205000000000000000e+03
2.069000000000000000e+03
2.087000000000000000e+03
2.090000000000000000e+03
2.065000000000000000e+03
1.927000000000000000e+03
1.983000000000000000e+03
1.918000000000000000e+03
1.810000000000000000e+03
1.836000000000000000e+03
1.733000000000000000e+03
1.693000000000000000e+03
1.697000000000000000e+03
1.574000000000000000e+03
1.639000000000000000e+03
1.517000000000000000e+03
1.548000000000000000e+03
1.405000000000000000e+03
1.438000000000000000e+03
1.364000000000000000e+03
1.348000000000000000e+03
1.347000000000000000e+03
1.297000000000000000e+03
1.308000000000000000e+03
1.198000000000000000e+03
1.191000000000000000e+03
1.187000000000000000e+03
1.071000000000000000e+03
1.094000000000000000e+03
1.440000000000000000e+03
9.150000000000000000e+02
9.330000000000000000e+02
8.420000000000000000e+02
8.940000000000000000e+02
8.900000000000000000e+02
8.750000000000000000e+02
8.110000000000000000e+02
7.870000000000000000e+02
7.790000000000000000e+02
7.480000000000000000e+02
7.940000000000000000e+02
7.900000000000000000e+02
7.800000000000000000e+02
7.620000000000000000e+02
7.410000000000000000e+02
7.090000000000000000e+02
6.970000000000000000e+02
6.990000000000000000e+02
6.990000000000000000e+02
6.700000000000000000e+02
6.340000000000000000e+02
6.510000000000000000e+02
6.440000000000000000e+02
6.230000000000000000e+02
6.010000000000000000e+02
6.370000000000000000e+02
5.960000000000000000e+02
6.240000000000000000e+02
5.190000000000000000e+02
5.640000000000000000e+02
5.540000000000000000e+02
5.350000000000000000e+02
5.380000000000000000e+02
5.200000000000000000e+02
5.020000000000000000e+02
4.950000000000000000e+02
4.860000000000000000e+02
4.510000000000000000e+02
4.240000000000000000e+02
4.280000000000000000e+02
4.330000000000000000e+02
4.050000000000000000e+02
4.120000000000000000e+02
3.980000000000000000e+02
4.220000000000000000e+02
3.810000000000000000e+02
3.540000000000000000e+02
4.000000000000000000e+02
3.530000000000000000e+02
3.560000000000000000e+02
3.350000000000000000e+02
3.420000000000000000e+02
3.180000000000000000e+02
3.110000000000000000e+02
3.260000000000000000e+02
3.260000000000000000e+02
3.310000000000000000e+02
3.650000000000000000e+02
2.730000000000000000e+02
2.960000000000000000e+02
2.980000000000000000e+02
2.910000000000000000e+02
2.750000000000000000e+02
2.700000000000000000e+02
2.850000000000000000e+02
3.050000000000000000e+02
3.510000000000000000e+02
3.630000000000000000e+02
3.600000000000000000e+02
3.480000000000000000e+02
3.320000000000000000e+02
3.480000000000000000e+02
3.430000000000000000e+02
2.930000000000000000e+02
2.530000000000000000e+02
2.270000000000000000e+02
2.130000000000000000e+02
2.020000000000000000e+02
1.720000000000000000e+02
1.570000000000000000e+02
1.420000000000000000e+02
1.130000000000000000e+02
1.410000000000000000e+02
1.050000000000000000e+02
1.210000000000000000e+02
1.310000000000000000e+02
1.080000000000000000e+02
1.430000000000000000e+02
1.490000000000000000e+02
1.350000000000000000e+02
1.530000000000000000e+02
1.690000000000000000e+02
2.010000000000000000e+02
2.970000000000000000e+02
4.890000000000000000e+02
6.860000000000000000e+02
9.710000000000000000e+02
3.522000000000000000e+03
1.521000000000000000e+03
1.315000000000000000e+03
1.331000000000000000e+03
1.259000000000000000e+03
1.201000000000000000e+03
1.140000000000000000e+03
1.173000000000000000e+03
1.163000000000000000e+03
1.123000000000000000e+03
1.125000000000000000e+03
1.130000000000000000e+03
1.053000000000000000e+03
1.061000000000000000e+03
1.079000000000000000e+03
1.047000000000000000e+03
1.004000000000000000e+03
1.052000000000000000e+03
9.880000000000000000e+02
1.063000000000000000e+03
1.096000000000000000e+03
1.129000000000000000e+03
1.205000000000000000e+03
1.207000000000000000e+03
1.225000000000000000e+03
1.163000000000000000e+03
1.268000000000000000e+03
1.235000000000000000e+03
1.236000000000000000e+03
1.225000000000000000e+03
1.228000000000000000e+03
1.259000000000000000e+03
1.255000000000000000e+03
1.297000000000000000e+03
1.321000000000000000e+03
1.331000000000000000e+03
1.372000000000000000e+03
1.369000000000000000e+03
1.385000000000000000e+03
1.433000000000000000e+03
1.443000000000000000e+03
1.408000000000000000e+03
1.387000000000000000e+03
1.384000000000000000e+03
1.518000000000000000e+03
1.429000000000000000e+03
1.493000000000000000e+03
1.513000000000000000e+03
1.589000000000000000e+03
1.527000000000000000e+03
1.630000000000000000e+03
1.659000000000000000e+03
1.586000000000000000e+03
1.677000000000000000e+03
1.754000000000000000e+03
1.669000000000000000e+03
1.712000000000000000e+03
1.773000000000000000e+03
1.803000000000000000e+03
1.747000000000000000e+03
1.790000000000000000e+03
1.803000000000000000e+03
1.822000000000000000e+03
1.761000000000000000e+03
1.792000000000000000e+03
1.698000000000000000e+03
1.857000000000000000e+03
1.862000000000000000e+03
1.781000000000000000e+03
1.830000000000000000e+03
1.758000000000000000e+03
1.755000000000000000e+03
1.868000000000000000e+03
1.830000000000000000e+03
1.778000000000000000e+03
1.827000000000000000e+03
1.810000000000000000e+03
1.884000000000000000e+03
1.853000000000000000e+03
1.708000000000000000e+03
1.875000000000000000e+03
1.931000000000000000e+03
1.844000000000000000e+03
1.922000000000000000e+03
1.761000000000000000e+03
1.711000000000000000e+03
1.726000000000000000e+03
1.745000000000000000e+03
1.782000000000000000e+03
1.849000000000000000e+03
1.912000000000000000e+03
1.846000000000000000e+03
1.953000000000000000e+03
1.889000000000000000e+03
2.031000000000000000e+03
2.082000000000000000e+03
2.147000000000000000e+03
2.238000000000000000e+03
2.404000000000000000e+03
2.519000000000000000e+03
2.379000000000000000e+03
2.352000000000000000e+03
2.229000000000000000e+03
2.102000000000000000e+03
2.097000000000000000e+03
2.127000000000000000e+03
2.149000000000000000e+03
2.685000000000000000e+03
2.146000000000000000e+03
2.108000000000000000e+03
2.127000000000000000e+03
2.122000000000000000e+03
2.038000000000000000e+03
1.992000000000000000e+03
2.012000000000000000e+03
1.965000000000000000e+03
1.991000000000000000e+03
2.003000000000000000e+03
1.974000000000000000e+03
1.912000000000000000e+03
1.829000000000000000e+03
1.814000000000000000e+03
2.002000000000000000e+03
1.982000000000000000e+03
1.848000000000000000e+03
1.934000000000000000e+03
1.878000000000000000e+03
1.870000000000000000e+03
1.892000000000000000e+03
1.888000000000000000e+03
1.772000000000000000e+03
1.833000000000000000e+03
1.846000000000000000e+03
1.902000000000000000e+03
1.821000000000000000e+03
1.791000000000000000e+03
1.771000000000000000e+03
1.758000000000000000e+03
1.821000000000000000e+03
1.764000000000000000e+03
1.707000000000000000e+03
1.678000000000000000e+03
1.810000000000000000e+03
1.693000000000000000e+03
1.621000000000000000e+03
1.614000000000000000e+03
1.540000000000000000e+03
1.502000000000000000e+03
1.511000000000000000e+03
1.408000000000000000e+03
1.346000000000000000e+03
1.327000000000000000e+03
1.261000000000000000e+03
1.299000000000000000e+03
1.290000000000000000e+03
1.255000000000000000e+03
1.239000000000000000e+03
1.106000000000000000e+03
1.189000000000000000e+03
1.188000000000000000e+03
1.056000000000000000e+03
1.097000000000000000e+03
1.009000000000000000e+03
9.850000000000000000e+02
9.360000000000000000e+02
8.760000000000000000e+02
9.280000000000000000e+02
8.210000000000000000e+02
8.480000000000000000e+02
8.190000000000000000e+02
7.980000000000000000e+02
7.550000000000000000e+02
7.770000000000000000e+02
7.520000000000000000e+02
7.860000000000000000e+02
7.240000000000000000e+02
6.660000000000000000e+02
6.450000000000000000e+02
6.550000000000000000e+02
6.040000000000000000e+02
6.110000000000000000e+02
6.640000000000000000e+02
6.000000000000000000e+02
6.350000000000000000e+02
5.830000000000000000e+02
5.710000000000000000e+02
5.870000000000000000e+02
5.430000000000000000e+02
5.900000000000000000e+02
5.310000000000000000e+02
5.150000000000000000e+02
5.510000000000000000e+02
5.110000000000000000e+02
4.670000000000000000e+02
4.900000000000000000e+02
4.360000000000000000e+02
4.800000000000000000e+02
4.370000000000000000e+02
4.600000000000000000e+02
4.320000000000000000e+02
4.490000000000000000e+02
3.900000000000000000e+02
3.950000000000000000e+02
4.380000000000000000e+02
3.870000000000000000e+02
3.970000000000000000e+02
3.930000000000000000e+02
3.670000000000000000e+02
4.100000000000000000e+02
3.840000000000000000e+02
4.030000000000000000e+02
3.730000000000000000e+02
4.160000000000000000e+02
3.900000000000000000e+02
4.010000000000000000e+02
3.350000000000000000e+02
3.520000000000000000e+02
3.290000000000000000e+02
2.870000000000000000e+02
2.910000000000000000e+02
3.090000000000000000e+02
2.890000000000000000e+02
2.790000000000000000e+02
2.410000000000000000e+02
2.930000000000000000e+02
2.880000000000000000e+02
3.240000000000000000e+02
3.610000000000000000e+02
3.620000000000000000e+02
3.460000000000000000e+02
3.010000000000000000e+02
2.850000000000000000e+02
3.250000000000000000e+02
3.230000000000000000e+02
2.930000000000000000e+02
4.880000000000000000e+02
5.250000000000000000e+02
2.600000000000000000e+02
1.340000000000000000e+02
1.220000000000000000e+02
1.080000000000000000e+02
7.700000000000000000e+01
6.500000000000000000e+01
4.600000000000000000e+01
4.200000000000000000e+01
4.200000000000000000e+01
3.100000000000000000e+01
3.300000000000000000e+01
2.700000000000000000e+01
2.300000000000000000e+01
1.700000000000000000e+01
1.600000000000000000e+01
1.500000000000000000e+01
1.200000000000000000e+01
8.000000000000000000e+00
3.800000000000000000e+01
