7.210000000000000000e+02
6.800000000000000000e+01
1.160000000000000000e+02
1.210000000000000000e+02
1.470000000000000000e+02
2.380000000000000000e+02
2.250000000000000000e+02
3.310000000000000000e+02
3.740000000000000000e+02
5.440000000000000000e+02
6.570000000000000000e+02
8.960000000000000000e+02
1.312000000000000000e+03
1.791000000000000000e+03
2.964000000000000000e+03
3.877000000000000000e+03
7.719000000000000000e+03
5.186000000000000000e+03
5.542000000000000000e+03
4.350000000000000000e+03
4.268000000000000000e+03
3.930000000000000000e+03
3.860000000000000000e+03
3.207000000000000000e+03
3.068000000000000000e+03
3.235000000000000000e+03
3.164000000000000000e+03
2.766000000000000000e+03
2.602000000000000000e+03
2.411000000000000000e+03
2.392000000000000000e+03
2.171000000000000000e+03
1.868000000000000000e+03
1.816000000000000000e+03
1.819000000000000000e+03
1.809000000000000000e+03
1.752000000000000000e+03
1.804000000000000000e+03
1.931000000000000000e+03
1.683000000000000000e+03
1.549000000000000000e+03
1.631000000000000000e+03
1.496000000000000000e+03
1.531000000000000000e+03
1.604000000000000000e+03
1.531000000000000000e+03
1.599000000000000000e+03
1.537000000000000000e+03
1.391000000000000000e+03
1.308000000000000000e+03
1.137000000000000000e+03
1.110000000000000000e+03
9.010000000000000000e+02
8.320000000000000000e+02
9.320000000000000000e+02
8.470000000000000000e+02
8.730000000000000000e+02
8.680000000000000000e+02
8.670000000000000000e+02
8.170000000000000000e+02
9.960000000000000000e+02
9.320000000000000000e+02
1.158000000000000000e+03
1.213000000000000000e+03
1.279000000000000000e+03
1.398000000000000000e+03
1.574000000000000000e+03
1.583000000000000000e+03
1.584000000000000000e+03
1.424000000000000000e+03
1.564000000000000000e+03
1.646000000000000000e+03
1.714000000000000000e+03
1.903000000000000000e+03
1.985000000000000000e+03
2.125000000000000000e+03
2.272000000000000000e+03
2.121000000000000000e+03
2.259000000000000000e+03
2.270000000000000000e+03
2.221000000000000000e+03
2.161000000000000000e+03
2.103000000000000000e+03
2.171000000000000000e+03
2.288000000000000000e+03
2.328000000000000000e+03
2.234000000000000000e+03
2.483000000000000000e+03
2.371000000000000000e+03
2.524000000000000000e+03
2.937000000000000000e+03
2.319000000000000000e+03
2.845000000000000000e+03
2.191000000000000000e+03
3.181000000000000000e+03
1.927000000000000000e+03
2.525000000000000000e+03
1.894000000000000000e+03
2.270000000000000000e+03
1.881000000000000000e+03
1.565000000000000000e+03
1.509000000000000000e+03
1.304000000000000000e+03
1.339000000000000000e+03
1.183000000000000000e+03
1.192000000000000000e+03
1.134000000000000000e+03
1.173000000000000000e+03
1.133000000000000000e+03
1.054000000000000000e+03
1.067000000000000000e+03
1.030000000000000000e+03
1.021000000000000000e+03
9.930000000000000000e+02
9.950000000000000000e+02
9.610000000000000000e+02
9.810000000000000000e+02
9.440000000000000000e+02
9.330000000000000000e+02
9.420000000000000000e+02
9.290000000000000000e+02
8.170000000000000000e+02
8.430000000000000000e+02
8.530000000000000000e+02
7.840000000000000000e+02
7.300000000000000000e+02
7.110000000000000000e+02
6.420000000000000000e+02
6.160000000000000000e+02
6.030000000000000000e+02
5.650000000000000000e+02
5.280000000000000000e+02
4.860000000000000000e+02
4.710000000000000000e+02
5.050000000000000000e+02
4.600000000000000000e+02
4.540000000000000000e+02
4.650000000000000000e+02
4.230000000000000000e+02
4.430000000000000000e+02
4.620000000000000000e+02
4.480000000000000000e+02
4.330000000000000000e+02
4.720000000000000000e+02
5.010000000000000000e+02
4.740000000000000000e+02
4.920000000000000000e+02
4.840000000000000000e+02
5.340000000000000000e+02
6.330000000000000000e+02
6.880000000000000000e+02
8.410000000000000000e+02
1.010000000000000000e+03
1.024000000000000000e+03
1.097000000000000000e+03
1.079000000000000000e+03
1.138000000000000000e+03
1.036000000000000000e+03
7.470000000000000000e+02
7.500000000000000000e+02
7.360000000000000000e+02
7.940000000000000000e+02
7.660000000000000000e+02
6.820000000000000000e+02
6.980000000000000000e+02
7.310000000000000000e+02
5.960000000000000000e+02
4.370000000000000000e+02
3.900000000000000000e+02
3.480000000000000000e+02
3.220000000000000000e+02
3.260000000000000000e+02
2.910000000000000000e+02
2.660000000000000000e+02
2.680000000000000000e+02
2.680000000000000000e+02
2.960000000000000000e+02
2.940000000000000000e+02
3.100000000000000000e+02
2.900000000000000000e+02
3.360000000000000000e+02
3.150000000000000000e+02
3.440000000000000000e+02
3.440000000000000000e+02
3.730000000000000000e+02
3.430000000000000000e+02
3.500000000000000000e+02
4.200000000000000000e+02
4.270000000000000000e+02
4.130000000000000000e+02
4.360000000000000000e+02
4.580000000000000000e+02
4.670000000000000000e+02
5.490000000000000000e+02
5.690000000000000000e+02
5.650000000000000000e+02
6.480000000000000000e+02
6.310000000000000000e+02
5.890000000000000000e+02
6.170000000000000000e+02
6.070000000000000000e+02
6.430000000000000000e+02
6.150000000000000000e+02
6.500000000000000000e+02
6.450000000000000000e+02
7.120000000000000000e+02
7.710000000000000000e+02
6.920000000000000000e+02
8.130000000000000000e+02
7.260000000000000000e+02
7.480000000000000000e+02
8.280000000000000000e+02
7.760000000000000000e+02
8.100000000000000000e+02
7.750000000000000000e+02
7.120000000000000000e+02
7.300000000000000000e+02
6.140000000000000000e+02
6.010000000000000000e+02
6.590000000000000000e+02
6.130000000000000000e+02
5.900000000000000000e+02
6.080000000000000000e+02
5.410000000000000000e+02
6.100000000000000000e+02
6.540000000000000000e+02
6.820000000000000000e+02
7.080000000000000000e+02
7.710000000000000000e+02
6.930000000000000000e+02
7.380000000000000000e+02
6.990000000000000000e+02
7.690000000000000000e+02
8.170000000000000000e+02
7.700000000000000000e+02
7.250000000000000000e+02
7.450000000000000000e+02
7.140000000000000000e+02
6.200000000000000000e+02
6.580000000000000000e+02
7.250000000000000000e+02
8.490000000000000000e+02
1.045000000000000000e+03
1.053000000000000000e+03
1.168000000000000000e+03
1.204000000000000000e+03
1.322000000000000000e+03
1.450000000000000000e+03
1.582000000000000000e+03
1.565000000000000000e+03
1.556000000000000000e+03
1.208000000000000000e+03
6.600000000000000000e+02
5.270000000000000000e+02
3.630000000000000000e+02
2.694000000000000000e+03
3.969000000000000000e+03
5.500000000000000000e+02
5.290000000000000000e+02
4.920000000000000000e+02
4.390000000000000000e+02
4.470000000000000000e+02
5.080000000000000000e+02
6.990000000000000000e+02
8.990000000000000000e+02
1.500000000000000000e+03
2.148000000000000000e+03
3.403000000000000000e+03
3.703000000000000000e+03
5.081000000000000000e+03
5.090000000000000000e+03
5.210000000000000000e+03
4.616000000000000000e+03
4.422000000000000000e+03
4.124000000000000000e+03
4.177000000000000000e+03
3.968000000000000000e+03
3.722000000000000000e+03
3.589000000000000000e+03
3.236000000000000000e+03
2.677000000000000000e+03
2.388000000000000000e+03
2.197000000000000000e+03
2.096000000000000000e+03
2.137000000000000000e+03
1.964000000000000000e+03
2.051000000000000000e+03
2.101000000000000000e+03
2.247000000000000000e+03
2.155000000000000000e+03
2.633000000000000000e+03
3.853000000000000000e+03
2.828000000000000000e+03
2.240000000000000000e+03
1.903000000000000000e+03
1.825000000000000000e+03
1.980000000000000000e+03
1.832000000000000000e+03
1.788000000000000000e+03
1.721000000000000000e+03
1.679000000000000000e+03
1.796000000000000000e+03
1.648000000000000000e+03
1.596000000000000000e+03
1.549000000000000000e+03
1.564000000000000000e+03
1.474000000000000000e+03
1.214000000000000000e+03
1.150000000000000000e+03
1.138000000000000000e+03
1.057000000000000000e+03
1.088000000000000000e+03
1.117000000000000000e+03
1.159000000000000000e+03
1.088000000000000000e+03
1.086000000000000000e+03
1.086000000000000000e+03
9.810000000000000000e+02
9.920000000000000000e+02
1.003000000000000000e+03
9.990000000000000000e+02
1.004000000000000000e+03
9.460000000000000000e+02
9.640000000000000000e+02
9.360000000000000000e+02
9.580000000000000000e+02
9.910000000000000000e+02
9.810000000000000000e+02
1.124000000000000000e+03
1.126000000000000000e+03
1.182000000000000000e+03
1.282000000000000000e+03
1.366000000000000000e+03
1.414000000000000000e+03
1.513000000000000000e+03
1.457000000000000000e+03
1.323000000000000000e+03
1.310000000000000000e+03
1.352000000000000000e+03
1.377000000000000000e+03
1.416000000000000000e+03
1.437000000000000000e+03
1.520000000000000000e+03
1.817000000000000000e+03
2.005000000000000000e+03
2.174000000000000000e+03
2.078000000000000000e+03
1.993000000000000000e+03
1.887000000000000000e+03
1.946000000000000000e+03
1.820000000000000000e+03
1.674000000000000000e+03
1.629000000000000000e+03
1.837000000000000000e+03
2.145000000000000000e+03
2.003000000000000000e+03
2.157000000000000000e+03
2.198000000000000000e+03
2.162000000000000000e+03
2.019000000000000000e+03
1.748000000000000000e+03
1.536000000000000000e+03
1.402000000000000000e+03
1.369000000000000000e+03
1.461000000000000000e+03
1.420000000000000000e+03
9.680000000000000000e+02
9.210000000000000000e+02
8.900000000000000000e+02
8.280000000000000000e+02
8.220000000000000000e+02
8.000000000000000000e+02
8.390000000000000000e+02
8.050000000000000000e+02
8.160000000000000000e+02
8.080000000000000000e+02
8.000000000000000000e+02
7.710000000000000000e+02
7.880000000000000000e+02
7.990000000000000000e+02
8.060000000000000000e+02
8.360000000000000000e+02
8.390000000000000000e+02
7.510000000000000000e+02
8.690000000000000000e+02
8.210000000000000000e+02
8.030000000000000000e+02
7.280000000000000000e+02
7.700000000000000000e+02
6.990000000000000000e+02
6.920000000000000000e+02
6.580000000000000000e+02
6.940000000000000000e+02
6.740000000000000000e+02
7.180000000000000000e+02
6.920000000000000000e+02
6.570000000000000000e+02
6.420000000000000000e+02
7.040000000000000000e+02
8.360000000000000000e+02
9.760000000000000000e+02
1.000000000000000000e+03
1.070000000000000000e+03
1.025000000000000000e+03
9.900000000000000000e+02
9.280000000000000000e+02
9.330000000000000000e+02
8.810000000000000000e+02
7.750000000000000000e+02
8.070000000000000000e+02
6.890000000000000000e+02
6.240000000000000000e+02
5.330000000000000000e+02
5.600000000000000000e+02
4.690000000000000000e+02
4.440000000000000000e+02
4.410000000000000000e+02
4.810000000000000000e+02
3.880000000000000000e+02
4.100000000000000000e+02
3.870000000000000000e+02
3.970000000000000000e+02
3.940000000000000000e+02
4.570000000000000000e+02
5.190000000000000000e+02
5.450000000000000000e+02
4.430000000000000000e+02
3.440000000000000000e+02
3.420000000000000000e+02
3.210000000000000000e+02
3.180000000000000000e+02
3.680000000000000000e+02
3.780000000000000000e+02
3.640000000000000000e+02
4.380000000000000000e+02
4.940000000000000000e+02
4.990000000000000000e+02
4.650000000000000000e+02
4.780000000000000000e+02
4.960000000000000000e+02
5.210000000000000000e+02
5.840000000000000000e+02
5.350000000000000000e+02
6.040000000000000000e+02
5.590000000000000000e+02
5.450000000000000000e+02
6.020000000000000000e+02
5.840000000000000000e+02
5.710000000000000000e+02
6.180000000000000000e+02
7.010000000000000000e+02
6.800000000000000000e+02
7.590000000000000000e+02
7.510000000000000000e+02
7.280000000000000000e+02
8.290000000000000000e+02
8.320000000000000000e+02
7.650000000000000000e+02
7.410000000000000000e+02
7.000000000000000000e+02
7.220000000000000000e+02
7.360000000000000000e+02
6.630000000000000000e+02
7.200000000000000000e+02
6.580000000000000000e+02
6.630000000000000000e+02
7.260000000000000000e+02
6.410000000000000000e+02
6.870000000000000000e+02
6.700000000000000000e+02
6.360000000000000000e+02
6.570000000000000000e+02
6.590000000000000000e+02
6.600000000000000000e+02
6.380000000000000000e+02
6.670000000000000000e+02
6.840000000000000000e+02
7.050000000000000000e+02
8.310000000000000000e+02
7.980000000000000000e+02
7.220000000000000000e+02
7.020000000000000000e+02
6.420000000000000000e+02
5.300000000000000000e+02
4.910000000000000000e+02
5.770000000000000000e+02
6.790000000000000000e+02
7.230000000000000000e+02
8.030000000000000000e+02
8.380000000000000000e+02
8.570000000000000000e+02
8.670000000000000000e+02
8.780000000000000000e+02
9.810000000000000000e+02
9.470000000000000000e+02
1.144000000000000000e+03
1.237000000000000000e+03
1.202000000000000000e+03
1.347000000000000000e+03
1.212000000000000000e+03
1.073000000000000000e+03
1.053000000000000000e+03
7.700000000000000000e+02
5.180000000000000000e+02
3.690000000000000000e+02
3.140000000000000000e+02
2.330000000000000000e+02
2.340000000000000000e+02
2.330000000000000000e+02
2.160000000000000000e+02
2.700000000000000000e+02
1.033000000000000000e+03
2.291000000000000000e+03
1.264000000000000000e+03
5.460000000000000000e+02
2.113000000000000000e+03
1.490000000000000000e+03
8.920000000000000000e+02
7.030000000000000000e+02
8.680000000000000000e+02
8.940000000000000000e+02
1.096000000000000000e+03
1.499000000000000000e+03
1.996000000000000000e+03
2.896000000000000000e+03
3.431000000000000000e+03
3.748000000000000000e+03
5.313000000000000000e+03
5.454000000000000000e+03
5.853000000000000000e+03
5.306000000000000000e+03
5.137000000000000000e+03
5.104000000000000000e+03
4.608000000000000000e+03
3.909000000000000000e+03
3.519000000000000000e+03
3.615000000000000000e+03
3.361000000000000000e+03
2.878000000000000000e+03
2.487000000000000000e+03
2.268000000000000000e+03
2.219000000000000000e+03
2.028000000000000000e+03
1.934000000000000000e+03
1.984000000000000000e+03
1.885000000000000000e+03
1.836000000000000000e+03
1.515000000000000000e+03
1.529000000000000000e+03
1.600000000000000000e+03
1.541000000000000000e+03
1.517000000000000000e+03
1.599000000000000000e+03
1.756000000000000000e+03
1.841000000000000000e+03
1.680000000000000000e+03
1.608000000000000000e+03
1.561000000000000000e+03
1.446000000000000000e+03
1.436000000000000000e+03
1.411000000000000000e+03
1.503000000000000000e+03
1.582000000000000000e+03
1.502000000000000000e+03
1.402000000000000000e+03
1.280000000000000000e+03
1.215000000000000000e+03
1.084000000000000000e+03
9.950000000000000000e+02
9.580000000000000000e+02
9.500000000000000000e+02
9.760000000000000000e+02
9.360000000000000000e+02
8.970000000000000000e+02
8.050000000000000000e+02
8.390000000000000000e+02
8.100000000000000000e+02
7.760000000000000000e+02
7.510000000000000000e+02
7.410000000000000000e+02
7.120000000000000000e+02
6.680000000000000000e+02
7.010000000000000000e+02
6.320000000000000000e+02
6.730000000000000000e+02
6.980000000000000000e+02
7.040000000000000000e+02
7.230000000000000000e+02
7.820000000000000000e+02
7.470000000000000000e+02
7.820000000000000000e+02
8.720000000000000000e+02
8.760000000000000000e+02
7.800000000000000000e+02
9.830000000000000000e+02
1.124000000000000000e+03
2.297000000000000000e+03
8.210000000000000000e+02
1.195000000000000000e+03
1.101000000000000000e+03
9.050000000000000000e+02
1.104000000000000000e+03
1.000000000000000000e+03
9.880000000000000000e+02
9.790000000000000000e+02
1.097000000000000000e+03
1.102000000000000000e+03
1.124000000000000000e+03
9.770000000000000000e+02
1.050000000000000000e+03
1.014000000000000000e+03
1.016000000000000000e+03
1.018000000000000000e+03
1.122000000000000000e+03
1.105000000000000000e+03
1.194000000000000000e+03
1.297000000000000000e+03
1.348000000000000000e+03
1.527000000000000000e+03
1.707000000000000000e+03
1.637000000000000000e+03
1.857000000000000000e+03
1.674000000000000000e+03
1.552000000000000000e+03
1.602000000000000000e+03
1.642000000000000000e+03
1.873000000000000000e+03
2.171000000000000000e+03
2.275000000000000000e+03
2.351000000000000000e+03
2.449000000000000000e+03
2.278000000000000000e+03
2.324000000000000000e+03
2.266000000000000000e+03
2.181000000000000000e+03
2.000000000000000000e+03
1.817000000000000000e+03
1.676000000000000000e+03
1.680000000000000000e+03
1.467000000000000000e+03
1.354000000000000000e+03
1.372000000000000000e+03
1.326000000000000000e+03
1.498000000000000000e+03
1.397000000000000000e+03
1.669000000000000000e+03
1.488000000000000000e+03
1.528000000000000000e+03
1.326000000000000000e+03
1.330000000000000000e+03
1.343000000000000000e+03
1.068000000000000000e+03
1.128000000000000000e+03
1.005000000000000000e+03
9.060000000000000000e+02
8.580000000000000000e+02
8.420000000000000000e+02
7.510000000000000000e+02
6.650000000000000000e+02
6.400000000000000000e+02
5.900000000000000000e+02
5.320000000000000000e+02
4.930000000000000000e+02
4.940000000000000000e+02
4.680000000000000000e+02
5.100000000000000000e+02
4.980000000000000000e+02
4.660000000000000000e+02
4.720000000000000000e+02
4.580000000000000000e+02
4.530000000000000000e+02
4.480000000000000000e+02
4.730000000000000000e+02
4.970000000000000000e+02
5.050000000000000000e+02
6.150000000000000000e+02
4.960000000000000000e+02
4.220000000000000000e+02
3.440000000000000000e+02
3.630000000000000000e+02
3.510000000000000000e+02
3.170000000000000000e+02
3.340000000000000000e+02
3.380000000000000000e+02
3.510000000000000000e+02
3.920000000000000000e+02
4.140000000000000000e+02
4.510000000000000000e+02
4.850000000000000000e+02
4.730000000000000000e+02
4.720000000000000000e+02
5.150000000000000000e+02
5.320000000000000000e+02
6.300000000000000000e+02
5.830000000000000000e+02
5.660000000000000000e+02
6.320000000000000000e+02
5.850000000000000000e+02
6.180000000000000000e+02
6.200000000000000000e+02
6.410000000000000000e+02
6.020000000000000000e+02
7.200000000000000000e+02
7.130000000000000000e+02
7.270000000000000000e+02
7.980000000000000000e+02
8.180000000000000000e+02
8.730000000000000000e+02
8.130000000000000000e+02
7.560000000000000000e+02
8.040000000000000000e+02
7.530000000000000000e+02
7.330000000000000000e+02
7.210000000000000000e+02
7.560000000000000000e+02
6.680000000000000000e+02
7.080000000000000000e+02
6.620000000000000000e+02
7.600000000000000000e+02
7.470000000000000000e+02
7.800000000000000000e+02
7.830000000000000000e+02
7.580000000000000000e+02
7.810000000000000000e+02
7.740000000000000000e+02
7.230000000000000000e+02
7.180000000000000000e+02
7.390000000000000000e+02
7.630000000000000000e+02
7.100000000000000000e+02
7.290000000000000000e+02
6.630000000000000000e+02
5.780000000000000000e+02
5.270000000000000000e+02
4.920000000000000000e+02
4.900000000000000000e+02
4.690000000000000000e+02
5.390000000000000000e+02
6.340000000000000000e+02
8.160000000000000000e+02
8.390000000000000000e+02
9.380000000000000000e+02
9.420000000000000000e+02
8.580000000000000000e+02
8.710000000000000000e+02
7.640000000000000000e+02
8.010000000000000000e+02
1.035000000000000000e+03
1.107000000000000000e+03
1.170000000000000000e+03
1.145000000000000000e+03
1.076000000000000000e+03
1.115000000000000000e+03
1.047000000000000000e+03
9.900000000000000000e+02
7.280000000000000000e+02
5.280000000000000000e+02
3.900000000000000000e+02
2.710000000000000000e+02
2.310000000000000000e+02
2.080000000000000000e+02
2.040000000000000000e+02
1.190000000000000000e+02
1.910000000000000000e+02
1.790000000000000000e+02
4.800000000000000000e+01
1.020000000000000000e+02
5.300000000000000000e+02
