5.151900000000000000e+04
2.494100000000000000e+04
1.243600000000000000e+04
1.333600000000000000e+04
1.264500000000000000e+04
1.351700000000000000e+04
1.188300000000000000e+04
1.156600000000000000e+04
1.050600000000000000e+04
1.038700000000000000e+04
9.628000000000000000e+03
9.587000000000000000e+03
9.373000000000000000e+03
9.166000000000000000e+03
9.171000000000000000e+03
9.286000000000000000e+03
9.506000000000000000e+03
9.573000000000000000e+03
9.848000000000000000e+03
1.003100000000000000e+04
1.006700000000000000e+04
1.044500000000000000e+04
1.073200000000000000e+04
1.071100000000000000e+04
1.073200000000000000e+04
1.101300000000000000e+04
1.085600000000000000e+04
1.060900000000000000e+04
9.857000000000000000e+03
9.144000000000000000e+03
8.326000000000000000e+03
7.768000000000000000e+03
7.097000000000000000e+03
6.776000000000000000e+03
6.436000000000000000e+03
6.268000000000000000e+03
5.904000000000000000e+03
5.841000000000000000e+03
5.418000000000000000e+03
5.394000000000000000e+03
5.168000000000000000e+03
4.953000000000000000e+03
4.826000000000000000e+03
4.832000000000000000e+03
4.507000000000000000e+03
4.550000000000000000e+03
4.217000000000000000e+03
3.987000000000000000e+03
3.946000000000000000e+03
3.920000000000000000e+03
3.795000000000000000e+03
3.576000000000000000e+03
3.515000000000000000e+03
3.517000000000000000e+03
3.466000000000000000e+03
3.465000000000000000e+03
3.406000000000000000e+03
3.344000000000000000e+03
3.441000000000000000e+03
3.439000000000000000e+03
3.412000000000000000e+03
3.313000000000000000e+03
3.361000000000000000e+03
3.311000000000000000e+03
3.128000000000000000e+03
3.199000000000000000e+03
3.123000000000000000e+03
3.016000000000000000e+03
3.051000000000000000e+03
3.086000000000000000e+03
3.065000000000000000e+03
2.956000000000000000e+03
2.969000000000000000e+03
2.864000000000000000e+03
2.856000000000000000e+03
2.933000000000000000e+03
2.888000000000000000e+03
2.909000000000000000e+03
2.908000000000000000e+03
2.915000000000000000e+03
2.957000000000000000e+03
2.814000000000000000e+03
2.844000000000000000e+03
2.802000000000000000e+03
2.794000000000000000e+03
2.772000000000000000e+03
2.833000000000000000e+03
2.775000000000000000e+03
2.695000000000000000e+03
2.703000000000000000e+03
2.511000000000000000e+03
2.508000000000000000e+03
2.375000000000000000e+03
2.402000000000000000e+03
2.327000000000000000e+03
2.302000000000000000e+03
2.298000000000000000e+03
2.353000000000000000e+03
2.367000000000000000e+03
2.419000000000000000e+03
2.579000000000000000e+03
2.516000000000000000e+03
2.665000000000000000e+03
2.613000000000000000e+03
2.580000000000000000e+03
2.548000000000000000e+03
2.634000000000000000e+03
2.508000000000000000e+03
2.401000000000000000e+03
2.350000000000000000e+03
2.421000000000000000e+03
2.379000000000000000e+03
2.243000000000000000e+03
2.221000000000000000e+03
2.131000000000000000e+03
2.222000000000000000e+03
2.246000000000000000e+03
2.177000000000000000e+03
2.259000000000000000e+03
2.274000000000000000e+03
2.356000000000000000e+03
2.341000000000000000e+03
2.519000000000000000e+03
2.504000000000000000e+03
2.803000000000000000e+03
2.789000000000000000e+03
2.948000000000000000e+03
3.050000000000000000e+03
3.013000000000000000e+03
2.783000000000000000e+03
2.863000000000000000e+03
2.879000000000000000e+03
2.819000000000000000e+03
2.703000000000000000e+03
2.817000000000000000e+03
2.787000000000000000e+03
3.165000000000000000e+03
2.901000000000000000e+03
3.163000000000000000e+03
3.101000000000000000e+03
3.047000000000000000e+03
3.039000000000000000e+03
2.977000000000000000e+03
3.586000000000000000e+03
3.677000000000000000e+03
4.116000000000000000e+03
4.900000000000000000e+03
5.258000000000000000e+03
5.356000000000000000e+03
5.517000000000000000e+03
5.331000000000000000e+03
4.818000000000000000e+03
4.669000000000000000e+03
4.502000000000000000e+03
4.329000000000000000e+03
4.231000000000000000e+03
4.302000000000000000e+03
4.537000000000000000e+03
4.562000000000000000e+03
4.711000000000000000e+03
4.651000000000000000e+03
4.735000000000000000e+03
4.849000000000000000e+03
4.322000000000000000e+03
4.204000000000000000e+03
3.976000000000000000e+03
3.848000000000000000e+03
4.221000000000000000e+03
4.444000000000000000e+03
4.266000000000000000e+03
4.241000000000000000e+03
3.931000000000000000e+03
3.745000000000000000e+03
3.661000000000000000e+03
3.579000000000000000e+03
3.278000000000000000e+03
3.415000000000000000e+03
3.243000000000000000e+03
3.173000000000000000e+03
2.721000000000000000e+03
2.660000000000000000e+03
1.991000000000000000e+03
1.882000000000000000e+03
1.521000000000000000e+03
1.471000000000000000e+03
1.260000000000000000e+03
1.357000000000000000e+03
1.123000000000000000e+03
1.070000000000000000e+03
1.066000000000000000e+03
9.960000000000000000e+02
9.520000000000000000e+02
9.210000000000000000e+02
7.830000000000000000e+02
8.580000000000000000e+02
8.110000000000000000e+02
7.950000000000000000e+02
8.130000000000000000e+02
8.950000000000000000e+02
8.380000000000000000e+02
9.660000000000000000e+02
1.160000000000000000e+03
9.120000000000000000e+02
8.940000000000000000e+02
8.120000000000000000e+02
8.950000000000000000e+02
7.150000000000000000e+02
8.720000000000000000e+02
6.840000000000000000e+02
5.970000000000000000e+02
5.570000000000000000e+02
5.390000000000000000e+02
4.980000000000000000e+02
4.500000000000000000e+02
4.690000000000000000e+02
4.220000000000000000e+02
4.190000000000000000e+02
3.640000000000000000e+02
4.140000000000000000e+02
3.660000000000000000e+02
3.590000000000000000e+02
4.160000000000000000e+02
3.490000000000000000e+02
4.120000000000000000e+02
3.330000000000000000e+02
3.920000000000000000e+02
3.510000000000000000e+02
3.900000000000000000e+02
3.520000000000000000e+02
3.370000000000000000e+02
3.880000000000000000e+02
3.300000000000000000e+02
3.690000000000000000e+02
3.340000000000000000e+02
3.800000000000000000e+02
3.930000000000000000e+02
4.150000000000000000e+02
4.160000000000000000e+02
3.630000000000000000e+02
4.220000000000000000e+02
3.800000000000000000e+02
4.010000000000000000e+02
3.610000000000000000e+02
4.600000000000000000e+02
4.260000000000000000e+02
3.610000000000000000e+02
4.380000000000000000e+02
3.750000000000000000e+02
3.660000000000000000e+02
3.500000000000000000e+02
4.140000000000000000e+02
4.240000000000000000e+02
2.880000000000000000e+02
3.990000000000000000e+02
2.540000000000000000e+02
3.212000000000000000e+03
3.506400000000000000e+04
2.707400000000000000e+04
1.250800000000000000e+04
1.049400000000000000e+04
9.706000000000000000e+03
9.642000000000000000e+03
9.079000000000000000e+03
8.405000000000000000e+03
8.090000000000000000e+03
8.114000000000000000e+03
7.614000000000000000e+03
7.472000000000000000e+03
7.309000000000000000e+03
6.940000000000000000e+03
6.677000000000000000e+03
6.512000000000000000e+03
6.602000000000000000e+03
6.439000000000000000e+03
6.676000000000000000e+03
6.475000000000000000e+03
6.717000000000000000e+03
6.811000000000000000e+03
6.868000000000000000e+03
7.371000000000000000e+03
7.615000000000000000e+03
7.677000000000000000e+03
7.867000000000000000e+03
8.080000000000000000e+03
8.494000000000000000e+03
8.720000000000000000e+03
8.829000000000000000e+03
8.648000000000000000e+03
8.639000000000000000e+03
8.230000000000000000e+03
7.600000000000000000e+03
7.226000000000000000e+03
6.789000000000000000e+03
6.365000000000000000e+03
6.273000000000000000e+03
6.155000000000000000e+03
6.011000000000000000e+03
6.102000000000000000e+03
6.409000000000000000e+03
6.676000000000000000e+03
6.740000000000000000e+03
6.562000000000000000e+03
6.244000000000000000e+03
5.772000000000000000e+03
5.415000000000000000e+03
5.008000000000000000e+03
4.899000000000000000e+03
4.916000000000000000e+03
4.856000000000000000e+03
4.757000000000000000e+03
4.956000000000000000e+03
5.067000000000000000e+03
5.029000000000000000e+03
5.188000000000000000e+03
5.198000000000000000e+03
5.355000000000000000e+03
5.329000000000000000e+03
5.044000000000000000e+03
5.034000000000000000e+03
4.829000000000000000e+03
4.643000000000000000e+03
4.465000000000000000e+03
4.202000000000000000e+03
3.951000000000000000e+03
3.816000000000000000e+03
3.793000000000000000e+03
3.658000000000000000e+03
3.507000000000000000e+03
3.353000000000000000e+03
3.257000000000000000e+03
3.249000000000000000e+03
3.053000000000000000e+03
3.019000000000000000e+03
2.897000000000000000e+03
2.781000000000000000e+03
2.724000000000000000e+03
2.713000000000000000e+03
2.604000000000000000e+03
2.642000000000000000e+03
2.545000000000000000e+03
2.549000000000000000e+03
2.668000000000000000e+03
2.769000000000000000e+03
2.678000000000000000e+03
2.621000000000000000e+03
2.718000000000000000e+03
2.577000000000000000e+03
2.649000000000000000e+03
2.672000000000000000e+03
2.670000000000000000e+03
2.693000000000000000e+03
2.746000000000000000e+03
2.602000000000000000e+03
2.660000000000000000e+03
2.612000000000000000e+03
2.612000000000000000e+03
2.629000000000000000e+03
2.383000000000000000e+03
2.561000000000000000e+03
2.450000000000000000e+03
2.463000000000000000e+03
2.445000000000000000e+03
2.515000000000000000e+03
2.481000000000000000e+03
2.365000000000000000e+03
2.406000000000000000e+03
2.377000000000000000e+03
2.377000000000000000e+03
2.280000000000000000e+03
2.256000000000000000e+03
2.275000000000000000e+03
2.135000000000000000e+03
2.167000000000000000e+03
2.112000000000000000e+03
2.124000000000000000e+03
2.243000000000000000e+03
2.193000000000000000e+03
2.174000000000000000e+03
2.219000000000000000e+03
2.152000000000000000e+03
2.177000000000000000e+03
2.218000000000000000e+03
2.229000000000000000e+03
2.188000000000000000e+03
2.047000000000000000e+03
2.032000000000000000e+03
2.005000000000000000e+03
1.982000000000000000e+03
1.904000000000000000e+03
1.914000000000000000e+03
1.895000000000000000e+03
1.872000000000000000e+03
1.869000000000000000e+03
1.892000000000000000e+03
1.846000000000000000e+03
1.843000000000000000e+03
1.853000000000000000e+03
1.802000000000000000e+03
1.684000000000000000e+03
1.679000000000000000e+03
1.614000000000000000e+03
1.624000000000000000e+03
1.616000000000000000e+03
1.612000000000000000e+03
1.739000000000000000e+03
1.906000000000000000e+03
2.027000000000000000e+03
2.197000000000000000e+03
2.370000000000000000e+03
2.629000000000000000e+03
2.857000000000000000e+03
3.150000000000000000e+03
3.440000000000000000e+03
3.677000000000000000e+03
4.054000000000000000e+03
4.550000000000000000e+03
5.037000000000000000e+03
5.677000000000000000e+03
6.356000000000000000e+03
6.685000000000000000e+03
7.339000000000000000e+03
7.912000000000000000e+03
8.513000000000000000e+03
9.804000000000000000e+03
1.130200000000000000e+04
1.253900000000000000e+04
1.269200000000000000e+04
1.204600000000000000e+04
1.095500000000000000e+04
9.632000000000000000e+03
8.402000000000000000e+03
6.694000000000000000e+03
4.847000000000000000e+03
3.592000000000000000e+03
2.729000000000000000e+03
2.242000000000000000e+03
1.947000000000000000e+03
2.027000000000000000e+03
2.225000000000000000e+03
2.781000000000000000e+03
2.433000000000000000e+03
2.177000000000000000e+03
1.903000000000000000e+03
1.438000000000000000e+03
1.396000000000000000e+03
1.228000000000000000e+03
1.131000000000000000e+03
1.182000000000000000e+03
1.133000000000000000e+03
1.308000000000000000e+03
1.208000000000000000e+03
1.187000000000000000e+03
1.074000000000000000e+03
1.023000000000000000e+03
9.780000000000000000e+02
1.010000000000000000e+03
1.066000000000000000e+03
1.077000000000000000e+03
9.610000000000000000e+02
1.100000000000000000e+03
1.181000000000000000e+03
1.272000000000000000e+03
1.326000000000000000e+03
1.399000000000000000e+03
1.433000000000000000e+03
1.415000000000000000e+03
1.322000000000000000e+03
1.055000000000000000e+03
1.091000000000000000e+03
1.049000000000000000e+03
1.013000000000000000e+03
1.046000000000000000e+03
1.022000000000000000e+03
1.116000000000000000e+03
1.054000000000000000e+03
7.980000000000000000e+02
6.720000000000000000e+02
5.730000000000000000e+02
4.710000000000000000e+02
4.410000000000000000e+02
3.840000000000000000e+02
3.350000000000000000e+02
2.920000000000000000e+02
2.480000000000000000e+02
2.800000000000000000e+02
2.310000000000000000e+02
2.180000000000000000e+02
2.120000000000000000e+02
2.150000000000000000e+02
2.360000000000000000e+02
2.170000000000000000e+02
2.110000000000000000e+02
1.910000000000000000e+02
1.840000000000000000e+02
2.270000000000000000e+02
2.090000000000000000e+02
1.990000000000000000e+02
2.020000000000000000e+02
2.080000000000000000e+02
2.210000000000000000e+02
2.110000000000000000e+02
2.320000000000000000e+02
2.440000000000000000e+02
2.710000000000000000e+02
2.570000000000000000e+02
2.680000000000000000e+02
3.400000000000000000e+02
3.130000000000000000e+02
3.890000000000000000e+02
3.720000000000000000e+02
3.270000000000000000e+02
9.140000000000000000e+02
1.866000000000000000e+04
2.334000000000000000e+04
6.315000000000000000e+03
6.972000000000000000e+03
6.942000000000000000e+03
4.668000000000000000e+03
4.985000000000000000e+03
4.613000000000000000e+03
4.123000000000000000e+03
3.568000000000000000e+03
3.528000000000000000e+03
3.336000000000000000e+03
2.958000000000000000e+03
3.118000000000000000e+03
3.005000000000000000e+03
2.822000000000000000e+03
2.717000000000000000e+03
2.726000000000000000e+03
2.662000000000000000e+03
2.623000000000000000e+03
2.571000000000000000e+03
2.692000000000000000e+03
2.631000000000000000e+03
2.647000000000000000e+03
2.714000000000000000e+03
2.649000000000000000e+03
2.634000000000000000e+03
2.694000000000000000e+03
2.554000000000000000e+03
2.618000000000000000e+03
2.626000000000000000e+03
2.572000000000000000e+03
2.591000000000000000e+03
2.541000000000000000e+03
2.518000000000000000e+03
2.600000000000000000e+03
2.562000000000000000e+03
2.709000000000000000e+03
2.613000000000000000e+03
2.660000000000000000e+03
2.707000000000000000e+03
2.706000000000000000e+03
2.892000000000000000e+03
2.801000000000000000e+03
2.896000000000000000e+03
2.979000000000000000e+03
2.989000000000000000e+03
3.030000000000000000e+03
2.961000000000000000e+03
3.020000000000000000e+03
3.114000000000000000e+03
3.212000000000000000e+03
2.946000000000000000e+03
3.181000000000000000e+03
3.231000000000000000e+03
3.245000000000000000e+03
3.227000000000000000e+03
3.315000000000000000e+03
3.338000000000000000e+03
3.200000000000000000e+03
3.193000000000000000e+03
3.170000000000000000e+03
3.099000000000000000e+03
3.096000000000000000e+03
2.943000000000000000e+03
2.805000000000000000e+03
2.727000000000000000e+03
2.686000000000000000e+03
2.610000000000000000e+03
2.493000000000000000e+03
2.382000000000000000e+03
2.488000000000000000e+03
2.423000000000000000e+03
2.394000000000000000e+03
2.396000000000000000e+03
2.427000000000000000e+03
2.334000000000000000e+03
2.411000000000000000e+03
2.448000000000000000e+03
2.391000000000000000e+03
2.393000000000000000e+03
2.336000000000000000e+03
2.365000000000000000e+03
2.405000000000000000e+03
2.341000000000000000e+03
2.450000000000000000e+03
2.435000000000000000e+03
2.398000000000000000e+03
2.419000000000000000e+03
2.413000000000000000e+03
2.387000000000000000e+03
2.381000000000000000e+03
2.443000000000000000e+03
2.514000000000000000e+03
2.672000000000000000e+03
2.690000000000000000e+03
2.994000000000000000e+03
3.096000000000000000e+03
3.474000000000000000e+03
3.617000000000000000e+03
3.927000000000000000e+03
3.732000000000000000e+03
3.568000000000000000e+03
3.269000000000000000e+03
3.101000000000000000e+03
2.964000000000000000e+03
2.890000000000000000e+03
2.874000000000000000e+03
2.805000000000000000e+03
2.782000000000000000e+03
2.724000000000000000e+03
2.775000000000000000e+03
2.705000000000000000e+03
2.684000000000000000e+03
2.621000000000000000e+03
2.658000000000000000e+03
2.619000000000000000e+03
2.572000000000000000e+03
2.446000000000000000e+03
2.540000000000000000e+03
2.529000000000000000e+03
2.510000000000000000e+03
2.619000000000000000e+03
2.589000000000000000e+03
2.669000000000000000e+03
2.624000000000000000e+03
2.732000000000000000e+03
2.919000000000000000e+03
2.919000000000000000e+03
3.092000000000000000e+03
3.121000000000000000e+03
3.345000000000000000e+03
3.475000000000000000e+03
3.683000000000000000e+03
3.796000000000000000e+03
3.941000000000000000e+03
3.902000000000000000e+03
4.160000000000000000e+03
4.053000000000000000e+03
4.080000000000000000e+03
4.007000000000000000e+03
3.985000000000000000e+03
3.928000000000000000e+03
3.806000000000000000e+03
3.821000000000000000e+03
3.693000000000000000e+03
3.626000000000000000e+03
3.572000000000000000e+03
3.656000000000000000e+03
3.546000000000000000e+03
3.459000000000000000e+03
3.448000000000000000e+03
3.291000000000000000e+03
3.360000000000000000e+03
3.270000000000000000e+03
3.279000000000000000e+03
3.148000000000000000e+03
3.275000000000000000e+03
3.255000000000000000e+03
3.253000000000000000e+03
3.394000000000000000e+03
3.430000000000000000e+03
3.410000000000000000e+03
3.446000000000000000e+03
3.513000000000000000e+03
3.669000000000000000e+03
3.775000000000000000e+03
3.998000000000000000e+03
4.153000000000000000e+03
4.412000000000000000e+03
5.033000000000000000e+03
5.484000000000000000e+03
6.158000000000000000e+03
7.015000000000000000e+03
7.371000000000000000e+03
8.041000000000000000e+03
7.956000000000000000e+03
7.846000000000000000e+03
7.518000000000000000e+03
7.754000000000000000e+03
6.907000000000000000e+03
7.687000000000000000e+03
7.605000000000000000e+03
8.126000000000000000e+03
7.931000000000000000e+03
7.919000000000000000e+03
7.859000000000000000e+03
8.055000000000000000e+03
8.221000000000000000e+03
8.245000000000000000e+03
8.037000000000000000e+03
7.534000000000000000e+03
6.782000000000000000e+03
6.268000000000000000e+03
6.130000000000000000e+03
5.873000000000000000e+03
5.801000000000000000e+03
5.701000000000000000e+03
5.539000000000000000e+03
5.132000000000000000e+03
4.761000000000000000e+03
4.553000000000000000e+03
4.469000000000000000e+03
4.384000000000000000e+03
4.928000000000000000e+03
5.021000000000000000e+03
5.146000000000000000e+03
4.870000000000000000e+03
4.913000000000000000e+03
4.653000000000000000e+03
4.145000000000000000e+03
3.988000000000000000e+03
4.167000000000000000e+03
4.189000000000000000e+03
4.314000000000000000e+03
4.292000000000000000e+03
4.591000000000000000e+03
4.860000000000000000e+03
5.430000000000000000e+03
5.918000000000000000e+03
6.182000000000000000e+03
6.648000000000000000e+03
6.298000000000000000e+03
5.921000000000000000e+03
4.934000000000000000e+03
4.466000000000000000e+03
3.800000000000000000e+03
3.381000000000000000e+03
2.904000000000000000e+03
2.884000000000000000e+03
2.826000000000000000e+03
2.569000000000000000e+03
2.561000000000000000e+03
2.173000000000000000e+03
2.044000000000000000e+03
2.044000000000000000e+03
1.767000000000000000e+03
1.593000000000000000e+03
1.438000000000000000e+03
1.296000000000000000e+03
1.261000000000000000e+03
1.201000000000000000e+03
1.162000000000000000e+03
1.214000000000000000e+03
1.097000000000000000e+03
9.780000000000000000e+02
8.840000000000000000e+02
8.080000000000000000e+02
7.360000000000000000e+02
6.540000000000000000e+02
5.790000000000000000e+02
5.380000000000000000e+02
5.080000000000000000e+02
4.000000000000000000e+02
5.070000000000000000e+02
5.526000000000000000e+03
