1.215100000000000000e+04
6.155000000000000000e+03
7.213000000000000000e+03
7.864000000000000000e+03
1.087800000000000000e+04
1.635500000000000000e+04
1.979400000000000000e+04
1.048700000000000000e+04
1.024900000000000000e+04
8.082000000000000000e+03
7.907000000000000000e+03
7.598000000000000000e+03
7.121000000000000000e+03
6.239000000000000000e+03
5.791000000000000000e+03
5.224000000000000000e+03
4.837000000000000000e+03
4.360000000000000000e+03
3.944000000000000000e+03
3.557000000000000000e+03
3.316000000000000000e+03
2.989000000000000000e+03
3.396000000000000000e+03
3.834000000000000000e+03
3.799000000000000000e+03
3.462000000000000000e+03
3.000000000000000000e+03
2.823000000000000000e+03
2.804000000000000000e+03
2.714000000000000000e+03
2.771000000000000000e+03
2.809000000000000000e+03
2.760000000000000000e+03
2.779000000000000000e+03
2.915000000000000000e+03
3.020000000000000000e+03
3.064000000000000000e+03
3.224000000000000000e+03
2.836000000000000000e+03
2.815000000000000000e+03
2.647000000000000000e+03
2.476000000000000000e+03
2.301000000000000000e+03
2.146000000000000000e+03
2.038000000000000000e+03
2.011000000000000000e+03
1.979000000000000000e+03
1.852000000000000000e+03
1.909000000000000000e+03
1.812000000000000000e+03
1.822000000000000000e+03
1.653000000000000000e+03
1.804000000000000000e+03
1.568000000000000000e+03
1.455000000000000000e+03
1.451000000000000000e+03
1.321000000000000000e+03
1.330000000000000000e+03
1.357000000000000000e+03
1.335000000000000000e+03
1.235000000000000000e+03
1.236000000000000000e+03
1.193000000000000000e+03
1.183000000000000000e+03
1.137000000000000000e+03
1.191000000000000000e+03
1.390000000000000000e+03
1.314000000000000000e+03
1.630000000000000000e+03
2.883000000000000000e+03
5.502000000000000000e+03
2.357000000000000000e+03
1.688000000000000000e+03
1.467000000000000000e+03
1.351000000000000000e+03
1.226000000000000000e+03
1.050000000000000000e+03
9.910000000000000000e+02
1.025000000000000000e+03
1.092000000000000000e+03
9.870000000000000000e+02
9.120000000000000000e+02
8.880000000000000000e+02
9.310000000000000000e+02
8.540000000000000000e+02
7.470000000000000000e+02
7.920000000000000000e+02
8.130000000000000000e+02
7.920000000000000000e+02
7.250000000000000000e+02
6.680000000000000000e+02
7.410000000000000000e+02
7.250000000000000000e+02
7.310000000000000000e+02
6.910000000000000000e+02
7.780000000000000000e+02
6.260000000000000000e+02
5.970000000000000000e+02
5.210000000000000000e+02
4.880000000000000000e+02
4.800000000000000000e+02
4.330000000000000000e+02
4.490000000000000000e+02
4.720000000000000000e+02
4.550000000000000000e+02
4.570000000000000000e+02
4.710000000000000000e+02
4.620000000000000000e+02
4.920000000000000000e+02
3.740000000000000000e+02
3.710000000000000000e+02
4.580000000000000000e+02
5.330000000000000000e+02
6.020000000000000000e+02
4.550000000000000000e+02
4.590000000000000000e+02
4.560000000000000000e+02
6.490000000000000000e+02
5.720000000000000000e+02
6.360000000000000000e+02
4.540000000000000000e+02
4.300000000000000000e+02
5.010000000000000000e+02
6.220000000000000000e+02
6.420000000000000000e+02
5.760000000000000000e+02
4.790000000000000000e+02
3.970000000000000000e+02
4.990000000000000000e+02
6.200000000000000000e+02
5.760000000000000000e+02
4.530000000000000000e+02
4.400000000000000000e+02
3.940000000000000000e+02
4.270000000000000000e+02
4.360000000000000000e+02
4.130000000000000000e+02
4.930000000000000000e+02
4.460000000000000000e+02
4.710000000000000000e+02
4.290000000000000000e+02
4.130000000000000000e+02
4.420000000000000000e+02
4.410000000000000000e+02
4.200000000000000000e+02
4.100000000000000000e+02
3.310000000000000000e+02
3.490000000000000000e+02
3.650000000000000000e+02
4.020000000000000000e+02
3.360000000000000000e+02
4.130000000000000000e+02
3.830000000000000000e+02
3.780000000000000000e+02
3.230000000000000000e+02
2.960000000000000000e+02
2.960000000000000000e+02
4.130000000000000000e+02
3.720000000000000000e+02
4.140000000000000000e+02
4.460000000000000000e+02
3.300000000000000000e+02
3.430000000000000000e+02
3.180000000000000000e+02
4.410000000000000000e+02
3.630000000000000000e+02
3.310000000000000000e+02
3.470000000000000000e+02
3.330000000000000000e+02
3.550000000000000000e+02
3.810000000000000000e+02
3.380000000000000000e+02
4.230000000000000000e+02
5.050000000000000000e+02
3.430000000000000000e+02
4.200000000000000000e+02
3.790000000000000000e+02
3.760000000000000000e+02
4.210000000000000000e+02
3.590000000000000000e+02
3.660000000000000000e+02
3.460000000000000000e+02
3.370000000000000000e+02
2.510000000000000000e+02
2.470000000000000000e+02
3.040000000000000000e+02
4.450000000000000000e+02
4.060000000000000000e+02
4.320000000000000000e+02
3.030000000000000000e+02
2.990000000000000000e+02
3.260000000000000000e+02
3.810000000000000000e+02
3.660000000000000000e+02
4.120000000000000000e+02
3.600000000000000000e+02
3.200000000000000000e+02
2.950000000000000000e+02
3.360000000000000000e+02
3.810000000000000000e+02
3.850000000000000000e+02
3.170000000000000000e+02
3.590000000000000000e+02
2.790000000000000000e+02
2.580000000000000000e+02
2.550000000000000000e+02
2.910000000000000000e+02
2.630000000000000000e+02
2.610000000000000000e+02
2.670000000000000000e+02
2.270000000000000000e+02
2.440000000000000000e+02
2.620000000000000000e+02
2.880000000000000000e+02
2.770000000000000000e+02
3.160000000000000000e+02
3.200000000000000000e+02
2.740000000000000000e+02
3.000000000000000000e+02
2.620000000000000000e+02
2.630000000000000000e+02
2.290000000000000000e+02
2.670000000000000000e+02
3.230000000000000000e+02
3.190000000000000000e+02
3.600000000000000000e+02
5.160000000000000000e+02
6.460000000000000000e+02
1.279000000000000000e+03
1.872000000000000000e+03
1.600000000000000000e+03
9.980000000000000000e+02
4.680000000000000000e+02
3.580000000000000000e+02
2.900000000000000000e+02
2.490000000000000000e+02
2.410000000000000000e+02
3.110000000000000000e+02
2.350000000000000000e+02
2.970000000000000000e+02
2.390000000000000000e+02
2.590000000000000000e+02
2.670000000000000000e+02
3.250000000000000000e+02
3.250000000000000000e+02
3.050000000000000000e+02
3.550000000000000000e+02
4.230000000000000000e+02
4.550000000000000000e+02
5.390000000000000000e+02
7.200000000000000000e+02
1.127000000000000000e+03
1.290000000000000000e+03
2.181000000000000000e+03
3.290000000000000000e+03
2.831270000000000000e+05
5.054800000000000000e+04
1.860400000000000000e+04
1.297600000000000000e+04
1.044300000000000000e+04
8.323000000000000000e+03
7.077000000000000000e+03
6.179000000000000000e+03
5.553000000000000000e+03
4.891000000000000000e+03
4.667000000000000000e+03
4.824000000000000000e+03
5.182000000000000000e+03
5.089000000000000000e+03
4.543000000000000000e+03
4.455000000000000000e+03
4.140000000000000000e+03
4.004000000000000000e+03
4.102000000000000000e+03
3.690000000000000000e+03
3.029000000000000000e+03
2.693000000000000000e+03
2.873000000000000000e+03
3.340000000000000000e+03
3.822000000000000000e+03
3.594000000000000000e+03
3.326000000000000000e+03
2.923000000000000000e+03
2.688000000000000000e+03
2.579000000000000000e+03
2.559000000000000000e+03
2.643000000000000000e+03
2.724000000000000000e+03
2.742000000000000000e+03
2.778000000000000000e+03
2.914000000000000000e+03
2.991000000000000000e+03
2.933000000000000000e+03
3.191000000000000000e+03
2.793000000000000000e+03
2.562000000000000000e+03
2.449000000000000000e+03
2.264000000000000000e+03
2.254000000000000000e+03
2.116000000000000000e+03
2.117000000000000000e+03
1.968000000000000000e+03
1.941000000000000000e+03
1.842000000000000000e+03
1.988000000000000000e+03
1.744000000000000000e+03
1.890000000000000000e+03
1.640000000000000000e+03
1.789000000000000000e+03
1.513000000000000000e+03
1.486000000000000000e+03
1.446000000000000000e+03
1.375000000000000000e+03
1.552000000000000000e+03
1.526000000000000000e+03
1.325000000000000000e+03
1.129000000000000000e+03
1.192000000000000000e+03
1.251000000000000000e+03
1.170000000000000000e+03
1.236000000000000000e+03
1.468000000000000000e+03
2.455000000000000000e+03
5.828000000000000000e+03
3.032000000000000000e+03
2.011000000000000000e+03
1.569000000000000000e+03
1.370000000000000000e+03
1.147000000000000000e+03
1.147000000000000000e+03
1.101000000000000000e+03
1.034000000000000000e+03
9.300000000000000000e+02
8.800000000000000000e+02
9.460000000000000000e+02
9.550000000000000000e+02
8.830000000000000000e+02
8.700000000000000000e+02
8.730000000000000000e+02
9.170000000000000000e+02
7.950000000000000000e+02
7.120000000000000000e+02
7.800000000000000000e+02
7.510000000000000000e+02
6.970000000000000000e+02
7.590000000000000000e+02
7.210000000000000000e+02
6.770000000000000000e+02
6.960000000000000000e+02
6.810000000000000000e+02
6.200000000000000000e+02
6.710000000000000000e+02
6.590000000000000000e+02
6.380000000000000000e+02
5.760000000000000000e+02
4.900000000000000000e+02
4.730000000000000000e+02
6.100000000000000000e+02
5.360000000000000000e+02
4.520000000000000000e+02
5.170000000000000000e+02
6.520000000000000000e+02
5.970000000000000000e+02
6.250000000000000000e+02
5.730000000000000000e+02
5.670000000000000000e+02
6.340000000000000000e+02
5.690000000000000000e+02
5.710000000000000000e+02
5.550000000000000000e+02
4.850000000000000000e+02
6.010000000000000000e+02
6.900000000000000000e+02
5.200000000000000000e+02
4.450000000000000000e+02
4.480000000000000000e+02
4.680000000000000000e+02
4.710000000000000000e+02
5.230000000000000000e+02
3.660000000000000000e+02
3.670000000000000000e+02
4.280000000000000000e+02
3.730000000000000000e+02
3.840000000000000000e+02
4.550000000000000000e+02
4.250000000000000000e+02
3.840000000000000000e+02
4.220000000000000000e+02
4.110000000000000000e+02
3.990000000000000000e+02
3.610000000000000000e+02
3.800000000000000000e+02
3.710000000000000000e+02
4.230000000000000000e+02
3.860000000000000000e+02
3.060000000000000000e+02
3.280000000000000000e+02
3.740000000000000000e+02
3.180000000000000000e+02
3.120000000000000000e+02
3.570000000000000000e+02
3.500000000000000000e+02
3.890000000000000000e+02
3.340000000000000000e+02
4.070000000000000000e+02
4.240000000000000000e+02
4.060000000000000000e+02
3.430000000000000000e+02
3.460000000000000000e+02
4.000000000000000000e+02
3.320000000000000000e+02
3.550000000000000000e+02
2.870000000000000000e+02
2.860000000000000000e+02
3.550000000000000000e+02
3.980000000000000000e+02
3.940000000000000000e+02
3.550000000000000000e+02
3.200000000000000000e+02
3.870000000000000000e+02
4.480000000000000000e+02
3.340000000000000000e+02
3.210000000000000000e+02
3.860000000000000000e+02
3.220000000000000000e+02
3.470000000000000000e+02
3.160000000000000000e+02
3.280000000000000000e+02
2.870000000000000000e+02
3.230000000000000000e+02
2.900000000000000000e+02
3.280000000000000000e+02
3.640000000000000000e+02
3.190000000000000000e+02
3.300000000000000000e+02
4.080000000000000000e+02
4.190000000000000000e+02
3.580000000000000000e+02
3.290000000000000000e+02
3.430000000000000000e+02
3.770000000000000000e+02
3.400000000000000000e+02
3.440000000000000000e+02
3.610000000000000000e+02
3.480000000000000000e+02
3.480000000000000000e+02
3.400000000000000000e+02
3.270000000000000000e+02
2.880000000000000000e+02
3.040000000000000000e+02
2.650000000000000000e+02
3.070000000000000000e+02
2.830000000000000000e+02
2.310000000000000000e+02
2.360000000000000000e+02
2.310000000000000000e+02
2.360000000000000000e+02
2.300000000000000000e+02
2.500000000000000000e+02
2.370000000000000000e+02
2.130000000000000000e+02
2.140000000000000000e+02
2.220000000000000000e+02
2.600000000000000000e+02
2.490000000000000000e+02
2.360000000000000000e+02
2.250000000000000000e+02
2.500000000000000000e+02
2.890000000000000000e+02
3.310000000000000000e+02
2.840000000000000000e+02
2.880000000000000000e+02
2.490000000000000000e+02
2.510000000000000000e+02
2.580000000000000000e+02
2.270000000000000000e+02
2.140000000000000000e+02
2.210000000000000000e+02
2.420000000000000000e+02
2.570000000000000000e+02
2.370000000000000000e+02
2.390000000000000000e+02
2.680000000000000000e+02
2.360000000000000000e+02
2.570000000000000000e+02
2.910000000000000000e+02
4.300000000000000000e+02
7.740000000000000000e+02
1.622000000000000000e+03
2.108000000000000000e+03
1.329000000000000000e+03
7.130000000000000000e+02
3.350000000000000000e+02
3.200000000000000000e+02
2.690000000000000000e+02
2.960000000000000000e+02
2.400000000000000000e+02
2.460000000000000000e+02
2.540000000000000000e+02
2.970000000000000000e+02
3.130000000000000000e+02
2.960000000000000000e+02
3.290000000000000000e+02
4.030000000000000000e+02
3.990000000000000000e+02
4.340000000000000000e+02
5.790000000000000000e+02
8.900000000000000000e+02
1.221000000000000000e+03
1.865000000000000000e+03
3.871000000000000000e+03
2.835670000000000000e+05
9.795000000000000000e+03
5.362000000000000000e+03
5.550000000000000000e+03
5.355000000000000000e+03
4.585000000000000000e+03
4.200000000000000000e+03
3.981000000000000000e+03
3.781000000000000000e+03
3.557000000000000000e+03
3.576000000000000000e+03
3.884000000000000000e+03
4.084000000000000000e+03
4.006000000000000000e+03
3.535000000000000000e+03
3.539000000000000000e+03
3.340000000000000000e+03
3.120000000000000000e+03
3.076000000000000000e+03
2.808000000000000000e+03
2.413000000000000000e+03
2.165000000000000000e+03
2.198000000000000000e+03
2.604000000000000000e+03
3.144000000000000000e+03
3.077000000000000000e+03
2.796000000000000000e+03
2.416000000000000000e+03
2.292000000000000000e+03
2.122000000000000000e+03
2.131000000000000000e+03
2.234000000000000000e+03
2.296000000000000000e+03
2.321000000000000000e+03
2.414000000000000000e+03
2.594000000000000000e+03
2.567000000000000000e+03
2.581000000000000000e+03
2.702000000000000000e+03
2.396000000000000000e+03
2.237000000000000000e+03
2.097000000000000000e+03
1.952000000000000000e+03
1.818000000000000000e+03
1.779000000000000000e+03
1.720000000000000000e+03
1.560000000000000000e+03
1.568000000000000000e+03
1.471000000000000000e+03
1.514000000000000000e+03
1.385000000000000000e+03
1.494000000000000000e+03
1.300000000000000000e+03
1.323000000000000000e+03
1.199000000000000000e+03
1.069000000000000000e+03
1.041000000000000000e+03
9.840000000000000000e+02
1.045000000000000000e+03
1.115000000000000000e+03
9.520000000000000000e+02
8.140000000000000000e+02
8.680000000000000000e+02
8.300000000000000000e+02
7.940000000000000000e+02
7.910000000000000000e+02
7.700000000000000000e+02
8.820000000000000000e+02
7.230000000000000000e+02
8.230000000000000000e+02
8.320000000000000000e+02
8.040000000000000000e+02
7.970000000000000000e+02
6.430000000000000000e+02
7.390000000000000000e+02
6.890000000000000000e+02
6.690000000000000000e+02
6.350000000000000000e+02
6.400000000000000000e+02
6.330000000000000000e+02
6.930000000000000000e+02
6.500000000000000000e+02
6.430000000000000000e+02
5.900000000000000000e+02
6.370000000000000000e+02
5.730000000000000000e+02
4.820000000000000000e+02
5.470000000000000000e+02
5.070000000000000000e+02
5.200000000000000000e+02
5.410000000000000000e+02
4.450000000000000000e+02
4.490000000000000000e+02
4.640000000000000000e+02
5.070000000000000000e+02
4.390000000000000000e+02
4.970000000000000000e+02
4.420000000000000000e+02
3.740000000000000000e+02
3.580000000000000000e+02
2.890000000000000000e+02
2.590000000000000000e+02
2.470000000000000000e+02
2.630000000000000000e+02
2.620000000000000000e+02
2.330000000000000000e+02
2.190000000000000000e+02
2.370000000000000000e+02
2.250000000000000000e+02
2.600000000000000000e+02
2.340000000000000000e+02
2.430000000000000000e+02
2.160000000000000000e+02
2.990000000000000000e+02
2.720000000000000000e+02
2.620000000000000000e+02
2.680000000000000000e+02
2.340000000000000000e+02
2.450000000000000000e+02
2.130000000000000000e+02
2.420000000000000000e+02
2.370000000000000000e+02
2.150000000000000000e+02
2.750000000000000000e+02
2.680000000000000000e+02
2.390000000000000000e+02
2.830000000000000000e+02
2.880000000000000000e+02
2.920000000000000000e+02
3.110000000000000000e+02
3.040000000000000000e+02
3.380000000000000000e+02
2.870000000000000000e+02
3.280000000000000000e+02
3.580000000000000000e+02
4.510000000000000000e+02
4.320000000000000000e+02
4.420000000000000000e+02
5.060000000000000000e+02
5.060000000000000000e+02
4.760000000000000000e+02
6.570000000000000000e+02
5.170000000000000000e+02
4.980000000000000000e+02
6.110000000000000000e+02
6.630000000000000000e+02
8.250000000000000000e+02
8.590000000000000000e+02
8.730000000000000000e+02
7.030000000000000000e+02
2.515000000000000000e+03
1.253000000000000000e+03
1.544000000000000000e+03
7.440000000000000000e+02
1.313000000000000000e+03
9.950000000000000000e+02
1.529000000000000000e+03
1.200000000000000000e+03
1.098000000000000000e+03
7.190000000000000000e+02
1.388000000000000000e+03
1.053000000000000000e+03
1.346000000000000000e+03
8.900000000000000000e+02
8.850000000000000000e+02
9.280000000000000000e+02
9.420000000000000000e+02
8.850000000000000000e+02
8.700000000000000000e+02
6.550000000000000000e+02
2.313000000000000000e+03
1.702000000000000000e+03
5.659000000000000000e+03
7.910000000000000000e+02
2.727000000000000000e+03
1.768000000000000000e+03
2.816000000000000000e+03
1.538000000000000000e+03
1.580000000000000000e+03
6.950000000000000000e+02
1.929000000000000000e+03
1.192000000000000000e+03
1.888000000000000000e+03
9.150000000000000000e+02
1.649000000000000000e+03
3.296000000000000000e+03
2.767000000000000000e+03
2.807000000000000000e+03
2.662000000000000000e+03
3.004000000000000000e+03
3.355000000000000000e+03
5.792000000000000000e+03
3.075000000000000000e+03
2.537000000000000000e+03
2.052000000000000000e+03
1.944000000000000000e+03
1.530000000000000000e+03
1.502000000000000000e+03
1.315000000000000000e+03
1.062000000000000000e+03
1.076000000000000000e+03
1.082000000000000000e+03
1.045000000000000000e+03
1.226000000000000000e+03
1.149000000000000000e+03
1.033000000000000000e+03
1.017000000000000000e+03
9.880000000000000000e+02
9.090000000000000000e+02
8.970000000000000000e+02
8.190000000000000000e+02
6.920000000000000000e+02
8.380000000000000000e+02
6.760000000000000000e+02
7.730000000000000000e+02
7.660000000000000000e+02
7.760000000000000000e+02
8.640000000000000000e+02
7.390000000000000000e+02
6.560000000000000000e+02
5.460000000000000000e+02
5.110000000000000000e+02
5.210000000000000000e+02
6.230000000000000000e+02
5.540000000000000000e+02
4.940000000000000000e+02
6.150000000000000000e+02
8.060000000000000000e+02
1.429000000000000000e+03
1.869000000000000000e+03
1.414000000000000000e+03
1.285000000000000000e+03
1.150000000000000000e+03
9.460000000000000000e+02
6.450000000000000000e+02
5.580000000000000000e+02
5.140000000000000000e+02
4.960000000000000000e+02
6.200000000000000000e+02
5.910000000000000000e+02
6.370000000000000000e+02
5.640000000000000000e+02
5.660000000000000000e+02
6.090000000000000000e+02
6.890000000000000000e+02
6.890000000000000000e+02
7.290000000000000000e+02
8.470000000000000000e+02
1.009000000000000000e+03
1.147000000000000000e+03
1.364000000000000000e+03
1.643000000000000000e+03
2.264000000000000000e+03
3.144000000000000000e+03
5.352000000000000000e+03
1.227100000000000000e+04
3.014360000000000000e+05
