1.838000000000000000e+03
2.140000000000000000e+02
9.110000000000000000e+02
5.590000000000000000e+02
1.593000000000000000e+03
3.938000000000000000e+03
3.622000000000000000e+03
3.755000000000000000e+03
3.540000000000000000e+03
4.233000000000000000e+03
3.585000000000000000e+03
3.882000000000000000e+03
3.623000000000000000e+03
3.083000000000000000e+03
3.127000000000000000e+03
2.556000000000000000e+03
2.675000000000000000e+03
2.373000000000000000e+03
2.504000000000000000e+03
2.568000000000000000e+03
2.590000000000000000e+03
2.777000000000000000e+03
2.910000000000000000e+03
3.077000000000000000e+03
2.996000000000000000e+03
2.949000000000000000e+03
2.992000000000000000e+03
2.913000000000000000e+03
2.929000000000000000e+03
2.682000000000000000e+03
2.580000000000000000e+03
2.451000000000000000e+03
2.267000000000000000e+03
2.098000000000000000e+03
2.036000000000000000e+03
1.946000000000000000e+03
1.849000000000000000e+03
1.784000000000000000e+03
1.755000000000000000e+03
1.877000000000000000e+03
1.843000000000000000e+03
1.953000000000000000e+03
1.888000000000000000e+03
1.978000000000000000e+03
2.113000000000000000e+03
2.159000000000000000e+03
2.343000000000000000e+03
2.624000000000000000e+03
2.776000000000000000e+03
2.967000000000000000e+03
3.316000000000000000e+03
3.901000000000000000e+03
4.205000000000000000e+03
4.589000000000000000e+03
5.122000000000000000e+03
5.484000000000000000e+03
5.938000000000000000e+03
6.037000000000000000e+03
5.697000000000000000e+03
5.588000000000000000e+03
5.348000000000000000e+03
5.322000000000000000e+03
5.327000000000000000e+03
5.455000000000000000e+03
5.485000000000000000e+03
5.523000000000000000e+03
5.392000000000000000e+03
5.798000000000000000e+03
5.662000000000000000e+03
5.636000000000000000e+03
5.662000000000000000e+03
5.644000000000000000e+03
5.724000000000000000e+03
5.582000000000000000e+03
5.424000000000000000e+03
5.224000000000000000e+03
4.857000000000000000e+03
4.593000000000000000e+03
4.774000000000000000e+03
4.729000000000000000e+03
4.807000000000000000e+03
5.115000000000000000e+03
5.241000000000000000e+03
4.985000000000000000e+03
4.695000000000000000e+03
4.470000000000000000e+03
4.405000000000000000e+03
4.298000000000000000e+03
4.202000000000000000e+03
3.999000000000000000e+03
3.856000000000000000e+03
3.729000000000000000e+03
3.741000000000000000e+03
3.682000000000000000e+03
3.729000000000000000e+03
3.696000000000000000e+03
3.559000000000000000e+03
3.522000000000000000e+03
3.453000000000000000e+03
3.333000000000000000e+03
3.219000000000000000e+03
3.066000000000000000e+03
2.985000000000000000e+03
2.893000000000000000e+03
2.837000000000000000e+03
2.840000000000000000e+03
2.778000000000000000e+03
2.735000000000000000e+03
2.980000000000000000e+03
3.002000000000000000e+03
3.057000000000000000e+03
3.105000000000000000e+03
2.982000000000000000e+03
2.910000000000000000e+03
2.937000000000000000e+03
2.967000000000000000e+03
3.028000000000000000e+03
3.114000000000000000e+03
3.186000000000000000e+03
3.179000000000000000e+03
3.473000000000000000e+03
3.486000000000000000e+03
3.563000000000000000e+03
3.658000000000000000e+03
3.489000000000000000e+03
3.392000000000000000e+03
3.202000000000000000e+03
3.068000000000000000e+03
2.991000000000000000e+03
2.866000000000000000e+03
2.930000000000000000e+03
2.751000000000000000e+03
2.733000000000000000e+03
2.632000000000000000e+03
2.650000000000000000e+03
2.623000000000000000e+03
2.512000000000000000e+03
2.584000000000000000e+03
2.678000000000000000e+03
2.870000000000000000e+03
3.075000000000000000e+03
3.088000000000000000e+03
2.968000000000000000e+03
2.822000000000000000e+03
2.630000000000000000e+03
2.332000000000000000e+03
2.155000000000000000e+03
2.013000000000000000e+03
1.924000000000000000e+03
1.811000000000000000e+03
1.707000000000000000e+03
1.618000000000000000e+03
1.544000000000000000e+03
1.490000000000000000e+03
1.368000000000000000e+03
1.351000000000000000e+03
1.324000000000000000e+03
1.195000000000000000e+03
1.195000000000000000e+03
1.247000000000000000e+03
1.131000000000000000e+03
1.215000000000000000e+03
1.160000000000000000e+03
1.190000000000000000e+03
1.051000000000000000e+03
1.106000000000000000e+03
1.060000000000000000e+03
1.056000000000000000e+03
1.024000000000000000e+03
1.051000000000000000e+03
1.084000000000000000e+03
1.052000000000000000e+03
1.056000000000000000e+03
1.065000000000000000e+03
1.097000000000000000e+03
9.870000000000000000e+02
1.029000000000000000e+03
9.390000000000000000e+02
9.590000000000000000e+02
1.038000000000000000e+03
1.049000000000000000e+03
1.098000000000000000e+03
1.086000000000000000e+03
9.880000000000000000e+02
9.560000000000000000e+02
1.035000000000000000e+03
1.003000000000000000e+03
9.160000000000000000e+02
9.330000000000000000e+02
9.120000000000000000e+02
9.160000000000000000e+02
9.350000000000000000e+02
9.250000000000000000e+02
8.830000000000000000e+02
8.620000000000000000e+02
9.380000000000000000e+02
8.520000000000000000e+02
8.830000000000000000e+02
9.940000000000000000e+02
9.800000000000000000e+02
9.890000000000000000e+02
1.051000000000000000e+03
1.132000000000000000e+03
1.104000000000000000e+03
1.173000000000000000e+03
1.191000000000000000e+03
1.126000000000000000e+03
9.900000000000000000e+02
1.062000000000000000e+03
1.120000000000000000e+03
1.092000000000000000e+03
1.083000000000000000e+03
1.101000000000000000e+03
1.021000000000000000e+03
1.053000000000000000e+03
1.082000000000000000e+03
1.078000000000000000e+03
1.104000000000000000e+03
1.025000000000000000e+03
9.860000000000000000e+02
9.760000000000000000e+02
9.820000000000000000e+02
1.003000000000000000e+03
8.710000000000000000e+02
9.700000000000000000e+02
8.900000000000000000e+02
9.800000000000000000e+02
9.970000000000000000e+02
9.370000000000000000e+02
9.590000000000000000e+02
1.028000000000000000e+03
1.037000000000000000e+03
1.027000000000000000e+03
1.044000000000000000e+03
1.013000000000000000e+03
1.032000000000000000e+03
1.062000000000000000e+03
1.120000000000000000e+03
1.247000000000000000e+03
1.257000000000000000e+03
1.261000000000000000e+03
1.330000000000000000e+03
1.352000000000000000e+03
1.414000000000000000e+03
1.682000000000000000e+03
1.890000000000000000e+03
2.187000000000000000e+03
2.262000000000000000e+03
2.442000000000000000e+03
2.597000000000000000e+03
3.480000000000000000e+03
4.046000000000000000e+03
4.660000000000000000e+03
7.247000000000000000e+03
1.009700000000000000e+04
9.001200000000000000e+05
2.319900000000000000e+04
9.151000000000000000e+03
4.880000000000000000e+03
3.617000000000000000e+03
3.149000000000000000e+03
2.828000000000000000e+03
2.501000000000000000e+03
2.251000000000000000e+03
2.051000000000000000e+03
2.009000000000000000e+03
1.800000000000000000e+03
1.674000000000000000e+03
1.577000000000000000e+03
1.617000000000000000e+03
1.498000000000000000e+03
1.368000000000000000e+03
1.415000000000000000e+03
1.424000000000000000e+03
1.386000000000000000e+03
1.336000000000000000e+03
1.417000000000000000e+03
1.450000000000000000e+03
1.454000000000000000e+03
1.472000000000000000e+03
1.739000000000000000e+03
1.823000000000000000e+03
2.081000000000000000e+03
2.188000000000000000e+03
2.436000000000000000e+03
2.743000000000000000e+03
2.957000000000000000e+03
3.152000000000000000e+03
3.241000000000000000e+03
3.455000000000000000e+03
3.621000000000000000e+03
3.763000000000000000e+03
3.839000000000000000e+03
3.828000000000000000e+03
3.829000000000000000e+03
3.883000000000000000e+03
3.762000000000000000e+03
3.888000000000000000e+03
3.879000000000000000e+03
3.908000000000000000e+03
3.874000000000000000e+03
3.592000000000000000e+03
3.587000000000000000e+03
3.416000000000000000e+03
3.335000000000000000e+03
3.231000000000000000e+03
3.344000000000000000e+03
3.211000000000000000e+03
3.351000000000000000e+03
3.469000000000000000e+03
3.713000000000000000e+03
3.942000000000000000e+03
4.180000000000000000e+03
4.356000000000000000e+03
4.396000000000000000e+03
4.426000000000000000e+03
4.110000000000000000e+03
3.951000000000000000e+03
3.912000000000000000e+03
3.647000000000000000e+03
3.736000000000000000e+03
3.821000000000000000e+03
3.957000000000000000e+03
3.849000000000000000e+03
3.618000000000000000e+03
3.637000000000000000e+03
3.718000000000000000e+03
3.811000000000000000e+03
4.047000000000000000e+03
3.814000000000000000e+03
4.146000000000000000e+03
4.322000000000000000e+03
4.567000000000000000e+03
4.694000000000000000e+03
4.868000000000000000e+03
4.651000000000000000e+03
4.753000000000000000e+03
4.584000000000000000e+03
4.419000000000000000e+03
4.239000000000000000e+03
4.212000000000000000e+03
4.414000000000000000e+03
4.466000000000000000e+03
4.527000000000000000e+03
5.022000000000000000e+03
5.113000000000000000e+03
5.231000000000000000e+03
5.269000000000000000e+03
4.854000000000000000e+03
4.818000000000000000e+03
4.438000000000000000e+03
4.177000000000000000e+03
4.013000000000000000e+03
3.919000000000000000e+03
3.808000000000000000e+03
3.880000000000000000e+03
3.743000000000000000e+03
3.733000000000000000e+03
3.762000000000000000e+03
3.446000000000000000e+03
3.492000000000000000e+03
3.221000000000000000e+03
3.148000000000000000e+03
3.250000000000000000e+03
3.300000000000000000e+03
3.305000000000000000e+03
3.164000000000000000e+03
3.097000000000000000e+03
3.104000000000000000e+03
3.110000000000000000e+03
3.057000000000000000e+03
3.071000000000000000e+03
3.078000000000000000e+03
3.139000000000000000e+03
3.209000000000000000e+03
3.408000000000000000e+03
3.455000000000000000e+03
3.714000000000000000e+03
3.696000000000000000e+03
3.599000000000000000e+03
3.336000000000000000e+03
3.307000000000000000e+03
3.234000000000000000e+03
3.091000000000000000e+03
3.171000000000000000e+03
3.039000000000000000e+03
3.102000000000000000e+03
3.209000000000000000e+03
3.175000000000000000e+03
3.066000000000000000e+03
2.700000000000000000e+03
2.533000000000000000e+03
2.304000000000000000e+03
2.084000000000000000e+03
1.955000000000000000e+03
1.968000000000000000e+03
1.858000000000000000e+03
1.888000000000000000e+03
1.710000000000000000e+03
1.733000000000000000e+03
1.707000000000000000e+03
1.655000000000000000e+03
1.596000000000000000e+03
1.532000000000000000e+03
1.535000000000000000e+03
1.533000000000000000e+03
1.455000000000000000e+03
1.488000000000000000e+03
1.497000000000000000e+03
1.585000000000000000e+03
1.517000000000000000e+03
1.460000000000000000e+03
1.506000000000000000e+03
1.393000000000000000e+03
1.432000000000000000e+03
1.411000000000000000e+03
1.366000000000000000e+03
1.323000000000000000e+03
1.304000000000000000e+03
1.281000000000000000e+03
1.268000000000000000e+03
1.174000000000000000e+03
1.193000000000000000e+03
1.224000000000000000e+03
1.180000000000000000e+03
1.115000000000000000e+03
1.041000000000000000e+03
1.095000000000000000e+03
1.018000000000000000e+03
1.093000000000000000e+03
1.101000000000000000e+03
1.126000000000000000e+03
1.051000000000000000e+03
1.089000000000000000e+03
1.032000000000000000e+03
9.890000000000000000e+02
9.690000000000000000e+02
9.680000000000000000e+02
8.390000000000000000e+02
8.970000000000000000e+02
8.740000000000000000e+02
8.360000000000000000e+02
8.020000000000000000e+02
8.600000000000000000e+02
8.450000000000000000e+02
8.070000000000000000e+02
7.990000000000000000e+02
7.730000000000000000e+02
8.440000000000000000e+02
8.060000000000000000e+02
7.970000000000000000e+02
8.460000000000000000e+02
8.960000000000000000e+02
9.810000000000000000e+02
9.400000000000000000e+02
9.680000000000000000e+02
9.990000000000000000e+02
9.750000000000000000e+02
1.043000000000000000e+03
1.004000000000000000e+03
1.050000000000000000e+03
9.630000000000000000e+02
9.650000000000000000e+02
1.089000000000000000e+03
9.720000000000000000e+02
9.880000000000000000e+02
1.086000000000000000e+03
1.016000000000000000e+03
1.084000000000000000e+03
1.149000000000000000e+03
1.080000000000000000e+03
1.061000000000000000e+03
1.010000000000000000e+03
1.060000000000000000e+03
1.041000000000000000e+03
1.004000000000000000e+03
1.028000000000000000e+03
8.940000000000000000e+02
9.290000000000000000e+02
9.120000000000000000e+02
9.170000000000000000e+02
8.880000000000000000e+02
9.050000000000000000e+02
8.720000000000000000e+02
9.050000000000000000e+02
9.290000000000000000e+02
9.780000000000000000e+02
9.240000000000000000e+02
9.140000000000000000e+02
9.490000000000000000e+02
9.530000000000000000e+02
9.500000000000000000e+02
1.005000000000000000e+03
1.037000000000000000e+03
1.116000000000000000e+03
1.228000000000000000e+03
1.235000000000000000e+03
1.299000000000000000e+03
1.392000000000000000e+03
1.452000000000000000e+03
1.754000000000000000e+03
1.873000000000000000e+03
2.046000000000000000e+03
2.248000000000000000e+03
2.325000000000000000e+03
2.890000000000000000e+03
3.549000000000000000e+03
4.045000000000000000e+03
5.236000000000000000e+03
6.832000000000000000e+03
1.301700000000000000e+04
8.956650000000000000e+05
1.662100000000000000e+04
9.200000000000000000e+03
4.550000000000000000e+03
4.035000000000000000e+03
3.256000000000000000e+03
2.779000000000000000e+03
2.544000000000000000e+03
2.259000000000000000e+03
2.081000000000000000e+03
1.844000000000000000e+03
1.822000000000000000e+03
1.681000000000000000e+03
1.595000000000000000e+03
1.475000000000000000e+03
1.457000000000000000e+03
1.288000000000000000e+03
1.202000000000000000e+03
1.230000000000000000e+03
1.192000000000000000e+03
1.206000000000000000e+03
1.127000000000000000e+03
1.148000000000000000e+03
1.102000000000000000e+03
1.133000000000000000e+03
1.119000000000000000e+03
1.193000000000000000e+03
1.117000000000000000e+03
1.249000000000000000e+03
1.320000000000000000e+03
1.399000000000000000e+03
1.433000000000000000e+03
1.569000000000000000e+03
1.635000000000000000e+03
1.889000000000000000e+03
2.079000000000000000e+03
2.232000000000000000e+03
2.329000000000000000e+03
2.530000000000000000e+03
2.705000000000000000e+03
2.842000000000000000e+03
2.776000000000000000e+03
2.780000000000000000e+03
2.841000000000000000e+03
2.760000000000000000e+03
2.683000000000000000e+03
2.720000000000000000e+03
2.679000000000000000e+03
2.723000000000000000e+03
2.667000000000000000e+03
2.761000000000000000e+03
2.800000000000000000e+03
3.018000000000000000e+03
3.047000000000000000e+03
3.359000000000000000e+03
3.606000000000000000e+03
3.809000000000000000e+03
3.785000000000000000e+03
3.621000000000000000e+03
3.343000000000000000e+03
3.190000000000000000e+03
3.014000000000000000e+03
2.985000000000000000e+03
2.897000000000000000e+03
2.781000000000000000e+03
2.577000000000000000e+03
2.342000000000000000e+03
2.107000000000000000e+03
1.984000000000000000e+03
1.877000000000000000e+03
1.831000000000000000e+03
1.963000000000000000e+03
1.968000000000000000e+03
1.918000000000000000e+03
1.817000000000000000e+03
1.865000000000000000e+03
1.870000000000000000e+03
1.823000000000000000e+03
1.923000000000000000e+03
1.962000000000000000e+03
1.965000000000000000e+03
1.775000000000000000e+03
1.719000000000000000e+03
1.700000000000000000e+03
1.648000000000000000e+03
1.615000000000000000e+03
1.570000000000000000e+03
1.620000000000000000e+03
1.686000000000000000e+03
1.727000000000000000e+03
1.659000000000000000e+03
1.628000000000000000e+03
1.463000000000000000e+03
1.475000000000000000e+03
1.469000000000000000e+03
1.380000000000000000e+03
1.297000000000000000e+03
1.266000000000000000e+03
1.274000000000000000e+03
1.343000000000000000e+03
1.361000000000000000e+03
1.357000000000000000e+03
1.233000000000000000e+03
1.301000000000000000e+03
1.289000000000000000e+03
1.312000000000000000e+03
1.357000000000000000e+03
1.371000000000000000e+03
1.530000000000000000e+03
1.464000000000000000e+03
1.586000000000000000e+03
1.472000000000000000e+03
1.502000000000000000e+03
1.476000000000000000e+03
1.447000000000000000e+03
1.469000000000000000e+03
1.381000000000000000e+03
1.374000000000000000e+03
1.429000000000000000e+03
1.445000000000000000e+03
1.458000000000000000e+03
1.485000000000000000e+03
1.515000000000000000e+03
1.522000000000000000e+03
1.659000000000000000e+03
1.706000000000000000e+03
1.591000000000000000e+03
1.674000000000000000e+03
1.750000000000000000e+03
1.751000000000000000e+03
1.868000000000000000e+03
1.967000000000000000e+03
2.118000000000000000e+03
2.229000000000000000e+03
2.446000000000000000e+03
2.734000000000000000e+03
2.797000000000000000e+03
2.663000000000000000e+03
2.377000000000000000e+03
2.111000000000000000e+03
1.950000000000000000e+03
1.820000000000000000e+03
1.868000000000000000e+03
1.671000000000000000e+03
1.705000000000000000e+03
1.737000000000000000e+03
1.692000000000000000e+03
1.685000000000000000e+03
1.639000000000000000e+03
1.655000000000000000e+03
1.828000000000000000e+03
1.737000000000000000e+03
1.906000000000000000e+03
1.986000000000000000e+03
2.274000000000000000e+03
2.277000000000000000e+03
2.387000000000000000e+03
2.473000000000000000e+03
2.606000000000000000e+03
2.677000000000000000e+03
2.787000000000000000e+03
2.948000000000000000e+03
2.982000000000000000e+03
3.272000000000000000e+03
3.654000000000000000e+03
4.004000000000000000e+03
4.314000000000000000e+03
4.455000000000000000e+03
4.423000000000000000e+03
4.249000000000000000e+03
4.160000000000000000e+03
3.897000000000000000e+03
3.794000000000000000e+03
3.660000000000000000e+03
3.555000000000000000e+03
3.626000000000000000e+03
3.907000000000000000e+03
3.948000000000000000e+03
4.088000000000000000e+03
4.171000000000000000e+03
4.377000000000000000e+03
4.311000000000000000e+03
4.356000000000000000e+03
4.496000000000000000e+03
4.615000000000000000e+03
4.862000000000000000e+03
5.184000000000000000e+03
5.391000000000000000e+03
5.673000000000000000e+03
5.499000000000000000e+03
5.199000000000000000e+03
5.053000000000000000e+03
4.945000000000000000e+03
4.523000000000000000e+03
4.451000000000000000e+03
4.305000000000000000e+03
3.996000000000000000e+03
3.966000000000000000e+03
3.941000000000000000e+03
3.973000000000000000e+03
3.911000000000000000e+03
3.967000000000000000e+03
3.757000000000000000e+03
3.592000000000000000e+03
3.386000000000000000e+03
3.209000000000000000e+03
3.070000000000000000e+03
3.114000000000000000e+03
3.059000000000000000e+03
2.977000000000000000e+03
2.936000000000000000e+03
2.854000000000000000e+03
2.870000000000000000e+03
2.804000000000000000e+03
2.650000000000000000e+03
2.514000000000000000e+03
2.341000000000000000e+03
2.368000000000000000e+03
2.302000000000000000e+03
2.206000000000000000e+03
2.249000000000000000e+03
2.026000000000000000e+03
1.972000000000000000e+03
1.854000000000000000e+03
1.874000000000000000e+03
1.820000000000000000e+03
1.742000000000000000e+03
1.749000000000000000e+03
1.704000000000000000e+03
1.697000000000000000e+03
1.728000000000000000e+03
1.706000000000000000e+03
1.731000000000000000e+03
1.686000000000000000e+03
1.558000000000000000e+03
1.682000000000000000e+03
1.726000000000000000e+03
1.773000000000000000e+03
1.691000000000000000e+03
1.684000000000000000e+03
1.619000000000000000e+03
1.412000000000000000e+03
1.462000000000000000e+03
1.532000000000000000e+03
1.567000000000000000e+03
1.814000000000000000e+03
1.869000000000000000e+03
2.070000000000000000e+03
2.202000000000000000e+03
2.344000000000000000e+03
2.743000000000000000e+03
3.438000000000000000e+03
4.033000000000000000e+03
5.270000000000000000e+03
5.927000000000000000e+03
1.270300000000000000e+04
9.012780000000000000e+05
