9.870000000000000000e+02
1.040000000000000000e+02
1.100000000000000000e+02
9.900000000000000000e+01
1.590000000000000000e+02
1.900000000000000000e+02
2.420000000000000000e+02
3.500000000000000000e+02
6.440000000000000000e+02
8.420000000000000000e+02
1.065000000000000000e+03
1.288000000000000000e+03
1.564000000000000000e+03
1.721000000000000000e+03
1.690000000000000000e+03
1.625000000000000000e+03
1.555000000000000000e+03
1.377000000000000000e+03
1.329000000000000000e+03
1.239000000000000000e+03
1.187000000000000000e+03
1.168000000000000000e+03
1.185000000000000000e+03
1.272000000000000000e+03
1.335000000000000000e+03
1.412000000000000000e+03
1.454000000000000000e+03
1.441000000000000000e+03
1.422000000000000000e+03
1.498000000000000000e+03
1.387000000000000000e+03
1.339000000000000000e+03
1.355000000000000000e+03
1.206000000000000000e+03
1.320000000000000000e+03
1.344000000000000000e+03
1.384000000000000000e+03
1.321000000000000000e+03
1.357000000000000000e+03
1.264000000000000000e+03
1.243000000000000000e+03
1.272000000000000000e+03
1.229000000000000000e+03
1.267000000000000000e+03
1.308000000000000000e+03
1.294000000000000000e+03
1.309000000000000000e+03
1.333000000000000000e+03
1.371000000000000000e+03
1.366000000000000000e+03
1.346000000000000000e+03
1.268000000000000000e+03
1.201000000000000000e+03
1.175000000000000000e+03
1.132000000000000000e+03
1.011000000000000000e+03
9.630000000000000000e+02
9.110000000000000000e+02
9.140000000000000000e+02
9.280000000000000000e+02
9.100000000000000000e+02
8.860000000000000000e+02
8.790000000000000000e+02
8.730000000000000000e+02
9.220000000000000000e+02
9.450000000000000000e+02
1.074000000000000000e+03
9.980000000000000000e+02
1.065000000000000000e+03
1.094000000000000000e+03
1.142000000000000000e+03
1.161000000000000000e+03
1.189000000000000000e+03
1.119000000000000000e+03
1.156000000000000000e+03
1.098000000000000000e+03
1.148000000000000000e+03
1.199000000000000000e+03
1.166000000000000000e+03
1.219000000000000000e+03
1.229000000000000000e+03
1.281000000000000000e+03
1.285000000000000000e+03
1.177000000000000000e+03
1.166000000000000000e+03
1.129000000000000000e+03
1.169000000000000000e+03
1.258000000000000000e+03
1.705000000000000000e+03
2.165000000000000000e+03
4.674000000000000000e+03
2.210000000000000000e+03
1.588000000000000000e+03
1.216000000000000000e+03
9.420000000000000000e+02
8.570000000000000000e+02
7.910000000000000000e+02
7.750000000000000000e+02
7.780000000000000000e+02
7.040000000000000000e+02
7.890000000000000000e+02
9.030000000000000000e+02
1.309000000000000000e+03
8.290000000000000000e+02
7.940000000000000000e+02
8.030000000000000000e+02
8.270000000000000000e+02
8.080000000000000000e+02
8.450000000000000000e+02
8.680000000000000000e+02
8.440000000000000000e+02
8.170000000000000000e+02
8.070000000000000000e+02
8.760000000000000000e+02
8.500000000000000000e+02
9.160000000000000000e+02
8.760000000000000000e+02
8.420000000000000000e+02
8.880000000000000000e+02
9.110000000000000000e+02
8.780000000000000000e+02
8.660000000000000000e+02
9.260000000000000000e+02
9.320000000000000000e+02
9.210000000000000000e+02
8.760000000000000000e+02
9.120000000000000000e+02
9.400000000000000000e+02
9.180000000000000000e+02
9.900000000000000000e+02
1.021000000000000000e+03
1.086000000000000000e+03
1.135000000000000000e+03
1.201000000000000000e+03
1.297000000000000000e+03
1.365000000000000000e+03
1.366000000000000000e+03
1.383000000000000000e+03
1.490000000000000000e+03
1.500000000000000000e+03
1.593000000000000000e+03
1.635000000000000000e+03
1.705000000000000000e+03
1.842000000000000000e+03
1.981000000000000000e+03
2.068000000000000000e+03
2.129000000000000000e+03
2.082000000000000000e+03
2.115000000000000000e+03
2.058000000000000000e+03
1.938000000000000000e+03
1.961000000000000000e+03
1.891000000000000000e+03
1.862000000000000000e+03
1.737000000000000000e+03
1.763000000000000000e+03
1.584000000000000000e+03
1.505000000000000000e+03
1.305000000000000000e+03
1.198000000000000000e+03
1.134000000000000000e+03
1.069000000000000000e+03
9.630000000000000000e+02
8.820000000000000000e+02
9.810000000000000000e+02
8.490000000000000000e+02
8.350000000000000000e+02
7.940000000000000000e+02
7.600000000000000000e+02
8.150000000000000000e+02
8.050000000000000000e+02
7.180000000000000000e+02
6.980000000000000000e+02
6.230000000000000000e+02
5.930000000000000000e+02
5.830000000000000000e+02
5.760000000000000000e+02
5.940000000000000000e+02
5.840000000000000000e+02
5.390000000000000000e+02
5.700000000000000000e+02
5.500000000000000000e+02
5.780000000000000000e+02
5.430000000000000000e+02
5.250000000000000000e+02
5.430000000000000000e+02
5.710000000000000000e+02
5.350000000000000000e+02
5.840000000000000000e+02
6.560000000000000000e+02
5.900000000000000000e+02
5.460000000000000000e+02
5.290000000000000000e+02
5.630000000000000000e+02
5.480000000000000000e+02
5.360000000000000000e+02
5.280000000000000000e+02
5.080000000000000000e+02
5.620000000000000000e+02
5.570000000000000000e+02
6.080000000000000000e+02
6.910000000000000000e+02
8.150000000000000000e+02
8.050000000000000000e+02
8.180000000000000000e+02
8.930000000000000000e+02
9.470000000000000000e+02
9.520000000000000000e+02
9.640000000000000000e+02
1.037000000000000000e+03
1.009000000000000000e+03
8.940000000000000000e+02
9.230000000000000000e+02
1.019000000000000000e+03
1.114000000000000000e+03
1.245000000000000000e+03
1.457000000000000000e+03
1.549000000000000000e+03
1.601000000000000000e+03
1.761000000000000000e+03
1.870000000000000000e+03
1.993000000000000000e+03
2.142000000000000000e+03
2.211000000000000000e+03
2.382000000000000000e+03
2.410000000000000000e+03
2.524000000000000000e+03
2.721000000000000000e+03
2.800000000000000000e+03
2.893000000000000000e+03
2.866000000000000000e+03
2.959000000000000000e+03
2.964000000000000000e+03
2.954000000000000000e+03
2.769000000000000000e+03
2.664000000000000000e+03
2.528000000000000000e+03
2.288000000000000000e+03
2.022000000000000000e+03
1.736000000000000000e+03
1.605000000000000000e+03
1.464000000000000000e+03
1.316000000000000000e+03
1.241000000000000000e+03
1.014000000000000000e+03
8.640000000000000000e+02
7.440000000000000000e+02
5.590000000000000000e+02
5.960000000000000000e+02
5.600000000000000000e+02
8.160000000000000000e+02
9.180000000000000000e+02
6.040000000000000000e+02
1.089000000000000000e+03
6.540000000000000000e+02
2.470000000000000000e+03
4.570000000000000000e+02
1.650000000000000000e+02
2.510000000000000000e+02
5.580000000000000000e+02
6.280000000000000000e+02
7.020000000000000000e+02
7.770000000000000000e+02
1.078000000000000000e+03
1.233000000000000000e+03
1.265000000000000000e+03
1.306000000000000000e+03
1.410000000000000000e+03
1.458000000000000000e+03
1.483000000000000000e+03
1.355000000000000000e+03
1.304000000000000000e+03
1.238000000000000000e+03
1.122000000000000000e+03
1.007000000000000000e+03
9.820000000000000000e+02
9.530000000000000000e+02
9.780000000000000000e+02
1.078000000000000000e+03
1.198000000000000000e+03
1.400000000000000000e+03
1.397000000000000000e+03
1.387000000000000000e+03
1.421000000000000000e+03
1.314000000000000000e+03
1.310000000000000000e+03
1.421000000000000000e+03
1.307000000000000000e+03
1.269000000000000000e+03
1.206000000000000000e+03
1.222000000000000000e+03
1.230000000000000000e+03
1.274000000000000000e+03
1.198000000000000000e+03
1.199000000000000000e+03
1.163000000000000000e+03
1.172000000000000000e+03
1.150000000000000000e+03
1.055000000000000000e+03
1.118000000000000000e+03
1.097000000000000000e+03
1.018000000000000000e+03
1.091000000000000000e+03
1.059000000000000000e+03
1.025000000000000000e+03
1.083000000000000000e+03
1.113000000000000000e+03
1.238000000000000000e+03
1.197000000000000000e+03
1.269000000000000000e+03
1.238000000000000000e+03
1.169000000000000000e+03
1.128000000000000000e+03
1.108000000000000000e+03
1.044000000000000000e+03
9.300000000000000000e+02
9.280000000000000000e+02
9.150000000000000000e+02
1.017000000000000000e+03
9.640000000000000000e+02
9.800000000000000000e+02
1.009000000000000000e+03
1.103000000000000000e+03
1.197000000000000000e+03
1.158000000000000000e+03
1.222000000000000000e+03
1.212000000000000000e+03
1.264000000000000000e+03
1.219000000000000000e+03
1.319000000000000000e+03
1.292000000000000000e+03
1.191000000000000000e+03
1.117000000000000000e+03
1.114000000000000000e+03
1.139000000000000000e+03
1.024000000000000000e+03
1.100000000000000000e+03
1.043000000000000000e+03
9.410000000000000000e+02
1.013000000000000000e+03
1.122000000000000000e+03
1.387000000000000000e+03
2.477000000000000000e+03
4.782000000000000000e+03
1.647000000000000000e+03
1.352000000000000000e+03
1.037000000000000000e+03
7.490000000000000000e+02
6.850000000000000000e+02
6.880000000000000000e+02
6.280000000000000000e+02
6.490000000000000000e+02
7.270000000000000000e+02
7.260000000000000000e+02
8.270000000000000000e+02
1.241000000000000000e+03
8.040000000000000000e+02
8.030000000000000000e+02
7.380000000000000000e+02
7.440000000000000000e+02
7.800000000000000000e+02
7.940000000000000000e+02
8.050000000000000000e+02
8.090000000000000000e+02
8.140000000000000000e+02
7.960000000000000000e+02
8.280000000000000000e+02
8.260000000000000000e+02
8.690000000000000000e+02
9.770000000000000000e+02
9.780000000000000000e+02
9.390000000000000000e+02
9.700000000000000000e+02
9.570000000000000000e+02
9.860000000000000000e+02
9.720000000000000000e+02
9.270000000000000000e+02
8.680000000000000000e+02
8.960000000000000000e+02
8.900000000000000000e+02
9.100000000000000000e+02
9.360000000000000000e+02
9.350000000000000000e+02
9.570000000000000000e+02
9.240000000000000000e+02
9.830000000000000000e+02
9.450000000000000000e+02
9.600000000000000000e+02
9.020000000000000000e+02
9.330000000000000000e+02
8.740000000000000000e+02
9.020000000000000000e+02
8.860000000000000000e+02
9.250000000000000000e+02
8.980000000000000000e+02
8.720000000000000000e+02
9.590000000000000000e+02
9.440000000000000000e+02
8.940000000000000000e+02
9.030000000000000000e+02
9.120000000000000000e+02
8.530000000000000000e+02
9.230000000000000000e+02
1.002000000000000000e+03
9.970000000000000000e+02
1.097000000000000000e+03
1.145000000000000000e+03
1.143000000000000000e+03
1.225000000000000000e+03
1.266000000000000000e+03
1.408000000000000000e+03
1.413000000000000000e+03
1.501000000000000000e+03
1.655000000000000000e+03
1.696000000000000000e+03
1.835000000000000000e+03
1.966000000000000000e+03
1.965000000000000000e+03
2.030000000000000000e+03
1.971000000000000000e+03
1.934000000000000000e+03
1.907000000000000000e+03
1.919000000000000000e+03
1.882000000000000000e+03
1.794000000000000000e+03
1.785000000000000000e+03
1.668000000000000000e+03
1.671000000000000000e+03
1.595000000000000000e+03
1.430000000000000000e+03
1.250000000000000000e+03
1.186000000000000000e+03
1.135000000000000000e+03
1.102000000000000000e+03
1.054000000000000000e+03
9.800000000000000000e+02
9.510000000000000000e+02
9.000000000000000000e+02
8.730000000000000000e+02
9.670000000000000000e+02
1.070000000000000000e+03
1.116000000000000000e+03
1.076000000000000000e+03
1.125000000000000000e+03
1.151000000000000000e+03
1.189000000000000000e+03
1.185000000000000000e+03
1.106000000000000000e+03
1.028000000000000000e+03
1.006000000000000000e+03
9.500000000000000000e+02
8.640000000000000000e+02
8.980000000000000000e+02
8.760000000000000000e+02
8.300000000000000000e+02
7.990000000000000000e+02
8.580000000000000000e+02
9.320000000000000000e+02
1.042000000000000000e+03
1.114000000000000000e+03
1.262000000000000000e+03
1.277000000000000000e+03
1.362000000000000000e+03
1.434000000000000000e+03
1.553000000000000000e+03
1.649000000000000000e+03
1.773000000000000000e+03
1.963000000000000000e+03
2.031000000000000000e+03
2.195000000000000000e+03
2.198000000000000000e+03
2.231000000000000000e+03
2.295000000000000000e+03
2.342000000000000000e+03
2.317000000000000000e+03
2.392000000000000000e+03
2.423000000000000000e+03
2.456000000000000000e+03
2.696000000000000000e+03
2.655000000000000000e+03
2.529000000000000000e+03
2.223000000000000000e+03
2.307000000000000000e+03
2.246000000000000000e+03
2.041000000000000000e+03
1.855000000000000000e+03
1.726000000000000000e+03
1.588000000000000000e+03
1.437000000000000000e+03
1.297000000000000000e+03
1.126000000000000000e+03
1.051000000000000000e+03
1.070000000000000000e+03
1.053000000000000000e+03
9.380000000000000000e+02
8.310000000000000000e+02
7.180000000000000000e+02
5.310000000000000000e+02
5.360000000000000000e+02
5.240000000000000000e+02
4.170000000000000000e+02
3.990000000000000000e+02
3.760000000000000000e+02
3.880000000000000000e+02
4.000000000000000000e+02
3.820000000000000000e+02
3.670000000000000000e+02
4.780000000000000000e+02
6.340000000000000000e+02
1.052000000000000000e+03
1.573000000000000000e+03
2.979000000000000000e+03
1.320000000000000000e+02
9.800000000000000000e+01
1.830000000000000000e+02
3.470000000000000000e+02
6.640000000000000000e+02
7.390000000000000000e+02
7.450000000000000000e+02
8.530000000000000000e+02
1.140000000000000000e+03
1.268000000000000000e+03
1.380000000000000000e+03
1.395000000000000000e+03
1.475000000000000000e+03
1.522000000000000000e+03
1.420000000000000000e+03
1.322000000000000000e+03
1.194000000000000000e+03
1.081000000000000000e+03
1.000000000000000000e+03
9.610000000000000000e+02
9.550000000000000000e+02
9.510000000000000000e+02
1.055000000000000000e+03
1.216000000000000000e+03
1.404000000000000000e+03
1.364000000000000000e+03
1.488000000000000000e+03
1.454000000000000000e+03
1.297000000000000000e+03
1.461000000000000000e+03
1.460000000000000000e+03
1.305000000000000000e+03
1.254000000000000000e+03
1.159000000000000000e+03
1.152000000000000000e+03
1.114000000000000000e+03
1.091000000000000000e+03
1.167000000000000000e+03
1.089000000000000000e+03
1.189000000000000000e+03
1.225000000000000000e+03
1.177000000000000000e+03
1.137000000000000000e+03
1.131000000000000000e+03
1.069000000000000000e+03
1.031000000000000000e+03
9.590000000000000000e+02
9.690000000000000000e+02
1.013000000000000000e+03
9.170000000000000000e+02
1.003000000000000000e+03
1.070000000000000000e+03
1.094000000000000000e+03
1.174000000000000000e+03
1.244000000000000000e+03
1.358000000000000000e+03
1.282000000000000000e+03
1.327000000000000000e+03
1.302000000000000000e+03
1.235000000000000000e+03
1.140000000000000000e+03
1.132000000000000000e+03
1.105000000000000000e+03
1.083000000000000000e+03
1.114000000000000000e+03
1.059000000000000000e+03
1.117000000000000000e+03
1.195000000000000000e+03
1.243000000000000000e+03
1.252000000000000000e+03
1.310000000000000000e+03
1.197000000000000000e+03
1.198000000000000000e+03
1.118000000000000000e+03
1.122000000000000000e+03
1.085000000000000000e+03
1.121000000000000000e+03
1.203000000000000000e+03
1.228000000000000000e+03
1.237000000000000000e+03
1.310000000000000000e+03
1.465000000000000000e+03
2.245000000000000000e+03
4.958000000000000000e+03
1.853000000000000000e+03
1.679000000000000000e+03
1.308000000000000000e+03
9.300000000000000000e+02
8.690000000000000000e+02
8.200000000000000000e+02
7.900000000000000000e+02
7.480000000000000000e+02
7.630000000000000000e+02
7.820000000000000000e+02
9.310000000000000000e+02
1.335000000000000000e+03
8.910000000000000000e+02
8.330000000000000000e+02
8.230000000000000000e+02
8.390000000000000000e+02
8.640000000000000000e+02
7.820000000000000000e+02
8.170000000000000000e+02
7.710000000000000000e+02
8.100000000000000000e+02
8.420000000000000000e+02
8.250000000000000000e+02
8.040000000000000000e+02
8.060000000000000000e+02
8.570000000000000000e+02
8.310000000000000000e+02
8.110000000000000000e+02
7.310000000000000000e+02
7.370000000000000000e+02
7.460000000000000000e+02
7.690000000000000000e+02
7.430000000000000000e+02
7.880000000000000000e+02
7.410000000000000000e+02
7.400000000000000000e+02
7.870000000000000000e+02
7.820000000000000000e+02
8.130000000000000000e+02
8.380000000000000000e+02
8.430000000000000000e+02
8.040000000000000000e+02
8.350000000000000000e+02
8.430000000000000000e+02
8.590000000000000000e+02
8.370000000000000000e+02
8.420000000000000000e+02
8.100000000000000000e+02
7.840000000000000000e+02
7.660000000000000000e+02
7.650000000000000000e+02
8.290000000000000000e+02
8.290000000000000000e+02
8.010000000000000000e+02
8.220000000000000000e+02
8.320000000000000000e+02
8.430000000000000000e+02
8.260000000000000000e+02
8.310000000000000000e+02
8.190000000000000000e+02
8.250000000000000000e+02
8.330000000000000000e+02
8.130000000000000000e+02
9.890000000000000000e+02
1.029000000000000000e+03
9.740000000000000000e+02
1.066000000000000000e+03
1.100000000000000000e+03
1.155000000000000000e+03
1.142000000000000000e+03
1.191000000000000000e+03
1.194000000000000000e+03
1.309000000000000000e+03
1.343000000000000000e+03
1.375000000000000000e+03
1.522000000000000000e+03
1.489000000000000000e+03
1.542000000000000000e+03
1.652000000000000000e+03
1.682000000000000000e+03
1.917000000000000000e+03
1.951000000000000000e+03
2.163000000000000000e+03
2.330000000000000000e+03
2.406000000000000000e+03
2.473000000000000000e+03
2.423000000000000000e+03
2.347000000000000000e+03
2.421000000000000000e+03
2.496000000000000000e+03
2.421000000000000000e+03
2.355000000000000000e+03
2.255000000000000000e+03
2.048000000000000000e+03
1.926000000000000000e+03
1.924000000000000000e+03
1.740000000000000000e+03
1.545000000000000000e+03
1.360000000000000000e+03
1.315000000000000000e+03
1.307000000000000000e+03
1.355000000000000000e+03
1.366000000000000000e+03
1.569000000000000000e+03
1.632000000000000000e+03
1.422000000000000000e+03
1.577000000000000000e+03
1.495000000000000000e+03
1.616000000000000000e+03
1.690000000000000000e+03
1.738000000000000000e+03
1.760000000000000000e+03
1.755000000000000000e+03
1.879000000000000000e+03
1.769000000000000000e+03
1.869000000000000000e+03
1.790000000000000000e+03
1.872000000000000000e+03
1.920000000000000000e+03
1.920000000000000000e+03
2.013000000000000000e+03
2.078000000000000000e+03
2.165000000000000000e+03
2.331000000000000000e+03
2.290000000000000000e+03
2.315000000000000000e+03
2.313000000000000000e+03
2.162000000000000000e+03
2.097000000000000000e+03
2.132000000000000000e+03
2.046000000000000000e+03
1.962000000000000000e+03
1.771000000000000000e+03
1.527000000000000000e+03
1.279000000000000000e+03
1.334000000000000000e+03
1.271000000000000000e+03
1.172000000000000000e+03
1.146000000000000000e+03
1.021000000000000000e+03
9.460000000000000000e+02
8.930000000000000000e+02
9.350000000000000000e+02
8.890000000000000000e+02
7.930000000000000000e+02
7.000000000000000000e+02
6.270000000000000000e+02
5.870000000000000000e+02
5.670000000000000000e+02
5.330000000000000000e+02
4.720000000000000000e+02
4.740000000000000000e+02
4.430000000000000000e+02
4.050000000000000000e+02
3.990000000000000000e+02
3.810000000000000000e+02
3.770000000000000000e+02
3.000000000000000000e+02
3.100000000000000000e+02
3.170000000000000000e+02
2.810000000000000000e+02
2.410000000000000000e+02
2.540000000000000000e+02
2.650000000000000000e+02
2.680000000000000000e+02
2.630000000000000000e+02
2.960000000000000000e+02
4.140000000000000000e+02
6.020000000000000000e+02
8.250000000000000000e+02
1.320000000000000000e+03
3.909000000000000000e+03
