4.534000000000000000e+03
9.470000000000000000e+02
1.157000000000000000e+03
1.313000000000000000e+03
1.606000000000000000e+03
1.751000000000000000e+03
1.862000000000000000e+03
2.156000000000000000e+03
2.287000000000000000e+03
2.462000000000000000e+03
2.739000000000000000e+03
2.686000000000000000e+03
2.716000000000000000e+03
2.621000000000000000e+03
2.575000000000000000e+03
2.221000000000000000e+03
2.227000000000000000e+03
2.110000000000000000e+03
1.871000000000000000e+03
1.825000000000000000e+03
1.779000000000000000e+03
1.711000000000000000e+03
1.582000000000000000e+03
1.592000000000000000e+03
1.600000000000000000e+03
1.437000000000000000e+03
1.326000000000000000e+03
1.298000000000000000e+03
1.305000000000000000e+03
1.273000000000000000e+03
1.309000000000000000e+03
1.227000000000000000e+03
1.253000000000000000e+03
1.155000000000000000e+03
1.150000000000000000e+03
1.112000000000000000e+03
1.107000000000000000e+03
1.051000000000000000e+03
1.060000000000000000e+03
9.890000000000000000e+02
1.010000000000000000e+03
9.430000000000000000e+02
9.230000000000000000e+02
8.680000000000000000e+02
8.230000000000000000e+02
7.440000000000000000e+02
6.800000000000000000e+02
6.760000000000000000e+02
6.880000000000000000e+02
6.720000000000000000e+02
6.540000000000000000e+02
5.870000000000000000e+02
5.330000000000000000e+02
5.540000000000000000e+02
4.900000000000000000e+02
4.410000000000000000e+02
4.810000000000000000e+02
4.060000000000000000e+02
4.020000000000000000e+02
4.170000000000000000e+02
3.600000000000000000e+02
3.490000000000000000e+02
3.120000000000000000e+02
3.160000000000000000e+02
3.060000000000000000e+02
2.950000000000000000e+02
2.820000000000000000e+02
2.760000000000000000e+02
2.710000000000000000e+02
2.460000000000000000e+02
2.430000000000000000e+02
2.320000000000000000e+02
2.180000000000000000e+02
2.310000000000000000e+02
1.820000000000000000e+02
2.210000000000000000e+02
2.030000000000000000e+02
1.890000000000000000e+02
1.980000000000000000e+02
1.800000000000000000e+02
1.800000000000000000e+02
1.600000000000000000e+02
1.390000000000000000e+02
1.600000000000000000e+02
1.550000000000000000e+02
1.380000000000000000e+02
1.610000000000000000e+02
1.410000000000000000e+02
1.370000000000000000e+02
1.450000000000000000e+02
1.400000000000000000e+02
1.500000000000000000e+02
1.320000000000000000e+02
1.250000000000000000e+02
1.320000000000000000e+02
1.240000000000000000e+02
1.300000000000000000e+02
1.500000000000000000e+02
1.220000000000000000e+02
1.400000000000000000e+02
1.190000000000000000e+02
1.290000000000000000e+02
1.050000000000000000e+02
1.010000000000000000e+02
1.010000000000000000e+02
1.040000000000000000e+02
9.200000000000000000e+01
9.500000000000000000e+01
8.100000000000000000e+01
7.900000000000000000e+01
7.300000000000000000e+01
6.500000000000000000e+01
7.800000000000000000e+01
6.300000000000000000e+01
7.300000000000000000e+01
7.000000000000000000e+01
6.700000000000000000e+01
5.400000000000000000e+01
6.200000000000000000e+01
5.300000000000000000e+01
5.900000000000000000e+01
4.600000000000000000e+01
4.900000000000000000e+01
4.400000000000000000e+01
6.500000000000000000e+01
7.100000000000000000e+01
5.200000000000000000e+01
4.600000000000000000e+01
6.900000000000000000e+01
5.100000000000000000e+01
4.300000000000000000e+01
4.300000000000000000e+01
3.900000000000000000e+01
4.300000000000000000e+01
4.300000000000000000e+01
3.600000000000000000e+01
5.700000000000000000e+01
4.000000000000000000e+01
4.700000000000000000e+01
4.100000000000000000e+01
5.000000000000000000e+01
4.200000000000000000e+01
4.600000000000000000e+01
4.100000000000000000e+01
3.900000000000000000e+01
4.200000000000000000e+01
3.700000000000000000e+01
4.600000000000000000e+01
4.800000000000000000e+01
5.300000000000000000e+01
4.900000000000000000e+01
4.600000000000000000e+01
4.700000000000000000e+01
4.000000000000000000e+01
3.400000000000000000e+01
4.000000000000000000e+01
4.200000000000000000e+01
5.200000000000000000e+01
3.100000000000000000e+01
4.400000000000000000e+01
6.100000000000000000e+01
4.600000000000000000e+01
6.100000000000000000e+01
5.200000000000000000e+01
4.100000000000000000e+01
4.800000000000000000e+01
5.500000000000000000e+01
4.100000000000000000e+01
4.300000000000000000e+01
4.100000000000000000e+01
5.000000000000000000e+01
4.400000000000000000e+01
4.200000000000000000e+01
5.000000000000000000e+01
5.000000000000000000e+01
3.500000000000000000e+01
3.900000000000000000e+01
5.800000000000000000e+01
4.300000000000000000e+01
5.500000000000000000e+01
4.000000000000000000e+01
4.400000000000000000e+01
5.100000000000000000e+01
4.600000000000000000e+01
4.600000000000000000e+01
4.300000000000000000e+01
2.700000000000000000e+01
4.400000000000000000e+01
4.800000000000000000e+01
4.600000000000000000e+01
4.300000000000000000e+01
5.100000000000000000e+01
5.000000000000000000e+01
4.600000000000000000e+01
5.700000000000000000e+01
4.400000000000000000e+01
4.700000000000000000e+01
5.000000000000000000e+01
4.300000000000000000e+01
4.400000000000000000e+01
4.400000000000000000e+01
4.400000000000000000e+01
4.400000000000000000e+01
5.000000000000000000e+01
4.700000000000000000e+01
4.400000000000000000e+01
5.200000000000000000e+01
5.100000000000000000e+01
5.500000000000000000e+01
4.800000000000000000e+01
5.200000000000000000e+01
5.800000000000000000e+01
4.800000000000000000e+01
6.300000000000000000e+01
6.200000000000000000e+01
7.400000000000000000e+01
5.900000000000000000e+01
6.700000000000000000e+01
8.000000000000000000e+01
8.400000000000000000e+01
8.900000000000000000e+01
7.200000000000000000e+01
7.000000000000000000e+01
5.900000000000000000e+01
6.300000000000000000e+01
6.300000000000000000e+01
5.800000000000000000e+01
5.600000000000000000e+01
7.500000000000000000e+01
5.000000000000000000e+01
5.500000000000000000e+01
4.900000000000000000e+01
3.800000000000000000e+01
2.600000000000000000e+01
9.000000000000000000e+00
9.000000000000000000e+00
5.000000000000000000e+00
1.000000000000000000e+00
1.000000000000000000e+00
1.000000000000000000e+00
0.000000000000000000e+00
0.000000000000000000e+00
2.000000000000000000e+00
0.000000000000000000e+00
0.000000000000000000e+00
0.000000000000000000e+00
0.000000000000000000e+00
0.000000000000000000e+00
0.000000000000000000e+00
0.000000000000000000e+00
0.000000000000000000e+00
0.000000000000000000e+00
0.000000000000000000e+00
0.000000000000000000e+00
0.000000000000000000e+00
0.000000000000000000e+00
1.280000000000000000e+02
1.350000000000000000e+02
1.770000000000000000e+02
2.370000000000000000e+02
2.810000000000000000e+02
3.230000000000000000e+02
4.300000000000000000e+02
4.860000000000000000e+02
5.430000000000000000e+02
5.610000000000000000e+02
6.200000000000000000e+02
6.960000000000000000e+02
7.020000000000000000e+02
7.250000000000000000e+02
8.160000000000000000e+02
8.070000000000000000e+02
9.370000000000000000e+02
9.610000000000000000e+02
1.011000000000000000e+03
1.109000000000000000e+03
1.064000000000000000e+03
1.123000000000000000e+03
1.119000000000000000e+03
1.168000000000000000e+03
1.111000000000000000e+03
1.121000000000000000e+03
1.136000000000000000e+03
1.123000000000000000e+03
1.098000000000000000e+03
1.134000000000000000e+03
1.099000000000000000e+03
1.080000000000000000e+03
1.022000000000000000e+03
1.060000000000000000e+03
1.095000000000000000e+03
1.078000000000000000e+03
1.042000000000000000e+03
1.113000000000000000e+03
1.015000000000000000e+03
1.090000000000000000e+03
1.078000000000000000e+03
1.036000000000000000e+03
1.052000000000000000e+03
1.052000000000000000e+03
9.940000000000000000e+02
1.002000000000000000e+03
9.780000000000000000e+02
9.450000000000000000e+02
9.310000000000000000e+02
9.320000000000000000e+02
8.720000000000000000e+02
8.260000000000000000e+02
8.780000000000000000e+02
7.800000000000000000e+02
8.060000000000000000e+02
7.140000000000000000e+02
7.090000000000000000e+02
7.300000000000000000e+02
7.020000000000000000e+02
6.640000000000000000e+02
6.910000000000000000e+02
6.820000000000000000e+02
7.010000000000000000e+02
6.350000000000000000e+02
6.300000000000000000e+02
6.720000000000000000e+02
6.560000000000000000e+02
6.310000000000000000e+02
6.700000000000000000e+02
6.520000000000000000e+02
6.570000000000000000e+02
6.510000000000000000e+02
6.650000000000000000e+02
6.070000000000000000e+02
6.700000000000000000e+02
6.400000000000000000e+02
6.960000000000000000e+02
6.840000000000000000e+02
6.970000000000000000e+02
6.620000000000000000e+02
7.030000000000000000e+02
6.750000000000000000e+02
7.240000000000000000e+02
7.240000000000000000e+02
6.990000000000000000e+02
7.210000000000000000e+02
7.350000000000000000e+02
7.070000000000000000e+02
7.130000000000000000e+02
6.920000000000000000e+02
7.220000000000000000e+02
7.350000000000000000e+02
7.220000000000000000e+02
7.010000000000000000e+02
7.060000000000000000e+02
7.040000000000000000e+02
7.250000000000000000e+02
6.750000000000000000e+02
6.720000000000000000e+02
6.440000000000000000e+02
6.830000000000000000e+02
6.320000000000000000e+02
6.320000000000000000e+02
6.120000000000000000e+02
5.900000000000000000e+02
5.820000000000000000e+02
5.590000000000000000e+02
5.380000000000000000e+02
5.260000000000000000e+02
5.370000000000000000e+02
4.820000000000000000e+02
4.710000000000000000e+02
4.720000000000000000e+02
4.620000000000000000e+02
4.190000000000000000e+02
3.860000000000000000e+02
3.920000000000000000e+02
3.610000000000000000e+02
3.540000000000000000e+02
3.710000000000000000e+02
3.400000000000000000e+02
2.930000000000000000e+02
3.030000000000000000e+02
2.430000000000000000e+02
2.320000000000000000e+02
2.230000000000000000e+02
2.270000000000000000e+02
1.940000000000000000e+02
2.020000000000000000e+02
1.790000000000000000e+02
1.760000000000000000e+02
1.810000000000000000e+02
1.440000000000000000e+02
1.150000000000000000e+02
1.330000000000000000e+02
1.270000000000000000e+02
1.250000000000000000e+02
9.800000000000000000e+01
1.010000000000000000e+02
1.010000000000000000e+02
9.100000000000000000e+01
1.020000000000000000e+02
9.000000000000000000e+01
7.800000000000000000e+01
8.000000000000000000e+01
8.500000000000000000e+01
8.000000000000000000e+01
7.400000000000000000e+01
6.000000000000000000e+01
5.800000000000000000e+01
8.000000000000000000e+01
6.000000000000000000e+01
6.300000000000000000e+01
7.100000000000000000e+01
6.200000000000000000e+01
5.700000000000000000e+01
7.100000000000000000e+01
5.300000000000000000e+01
6.300000000000000000e+01
6.100000000000000000e+01
5.600000000000000000e+01
6.300000000000000000e+01
5.700000000000000000e+01
5.200000000000000000e+01
5.200000000000000000e+01
5.900000000000000000e+01
6.400000000000000000e+01
5.800000000000000000e+01
6.100000000000000000e+01
6.000000000000000000e+01
7.200000000000000000e+01
5.800000000000000000e+01
5.000000000000000000e+01
5.800000000000000000e+01
5.900000000000000000e+01
6.500000000000000000e+01
4.600000000000000000e+01
5.200000000000000000e+01
5.700000000000000000e+01
6.500000000000000000e+01
4.100000000000000000e+01
4.800000000000000000e+01
7.400000000000000000e+01
5.900000000000000000e+01
5.400000000000000000e+01
4.800000000000000000e+01
5.200000000000000000e+01
5.800000000000000000e+01
5.500000000000000000e+01
4.600000000000000000e+01
6.000000000000000000e+01
6.200000000000000000e+01
5.600000000000000000e+01
4.700000000000000000e+01
4.100000000000000000e+01
5.900000000000000000e+01
4.900000000000000000e+01
5.400000000000000000e+01
5.400000000000000000e+01
6.000000000000000000e+01
3.600000000000000000e+01
5.400000000000000000e+01
5.800000000000000000e+01
5.200000000000000000e+01
6.500000000000000000e+01
6.100000000000000000e+01
5.800000000000000000e+01
6.400000000000000000e+01
5.000000000000000000e+01
5.900000000000000000e+01
5.500000000000000000e+01
6.000000000000000000e+01
6.400000000000000000e+01
6.300000000000000000e+01
6.500000000000000000e+01
6.900000000000000000e+01
6.800000000000000000e+01
7.200000000000000000e+01
8.000000000000000000e+01
8.600000000000000000e+01
6.800000000000000000e+01
6.400000000000000000e+01
7.500000000000000000e+01
6.100000000000000000e+01
7.000000000000000000e+01
8.100000000000000000e+01
7.400000000000000000e+01
9.800000000000000000e+01
8.800000000000000000e+01
9.100000000000000000e+01
7.900000000000000000e+01
3.300000000000000000e+01
2.700000000000000000e+01
2.100000000000000000e+01
1.800000000000000000e+01
8.000000000000000000e+00
1.100000000000000000e+01
4.000000000000000000e+00
3.000000000000000000e+00
1.000000000000000000e+00
4.000000000000000000e+00
2.000000000000000000e+00
0.000000000000000000e+00
0.000000000000000000e+00
0.000000000000000000e+00
0.000000000000000000e+00
0.000000000000000000e+00
0.000000000000000000e+00
1.000000000000000000e+00
0.000000000000000000e+00
0.000000000000000000e+00
0.000000000000000000e+00
0.000000000000000000e+00
0.000000000000000000e+00
0.000000000000000000e+00
0.000000000000000000e+00
7.090000000000000000e+02
3.700000000000000000e+02
5.040000000000000000e+02
7.100000000000000000e+02
8.500000000000000000e+02
1.029000000000000000e+03
1.119000000000000000e+03
1.229000000000000000e+03
1.257000000000000000e+03
1.332000000000000000e+03
1.391000000000000000e+03
1.479000000000000000e+03
1.537000000000000000e+03
1.427000000000000000e+03
1.483000000000000000e+03
1.455000000000000000e+03
1.449000000000000000e+03
1.489000000000000000e+03
1.443000000000000000e+03
1.518000000000000000e+03
1.386000000000000000e+03
1.320000000000000000e+03
1.288000000000000000e+03
1.338000000000000000e+03
1.276000000000000000e+03
1.238000000000000000e+03
1.230000000000000000e+03
1.178000000000000000e+03
1.112000000000000000e+03
1.098000000000000000e+03
1.041000000000000000e+03
9.600000000000000000e+02
9.840000000000000000e+02
9.910000000000000000e+02
9.540000000000000000e+02
8.820000000000000000e+02
9.200000000000000000e+02
8.710000000000000000e+02
8.290000000000000000e+02
8.750000000000000000e+02
8.150000000000000000e+02
8.510000000000000000e+02
8.300000000000000000e+02
8.480000000000000000e+02
8.870000000000000000e+02
8.610000000000000000e+02
8.240000000000000000e+02
8.560000000000000000e+02
8.320000000000000000e+02
8.340000000000000000e+02
8.370000000000000000e+02
8.570000000000000000e+02
8.570000000000000000e+02
8.570000000000000000e+02
8.770000000000000000e+02
8.780000000000000000e+02
8.450000000000000000e+02
8.740000000000000000e+02
8.700000000000000000e+02
8.700000000000000000e+02
8.040000000000000000e+02
8.370000000000000000e+02
8.190000000000000000e+02
7.780000000000000000e+02
7.830000000000000000e+02
7.940000000000000000e+02
7.860000000000000000e+02
7.900000000000000000e+02
7.590000000000000000e+02
7.200000000000000000e+02
6.760000000000000000e+02
6.960000000000000000e+02
6.230000000000000000e+02
6.440000000000000000e+02
6.050000000000000000e+02
5.650000000000000000e+02
5.700000000000000000e+02
5.470000000000000000e+02
5.120000000000000000e+02
4.670000000000000000e+02
4.740000000000000000e+02
4.260000000000000000e+02
4.270000000000000000e+02
3.580000000000000000e+02
4.170000000000000000e+02
3.470000000000000000e+02
3.650000000000000000e+02
3.270000000000000000e+02
3.540000000000000000e+02
3.150000000000000000e+02
3.030000000000000000e+02
2.580000000000000000e+02
2.700000000000000000e+02
2.530000000000000000e+02
2.570000000000000000e+02
2.460000000000000000e+02
2.440000000000000000e+02
2.280000000000000000e+02
2.560000000000000000e+02
2.110000000000000000e+02
2.040000000000000000e+02
1.850000000000000000e+02
1.940000000000000000e+02
1.820000000000000000e+02
1.710000000000000000e+02
2.020000000000000000e+02
1.690000000000000000e+02
1.640000000000000000e+02
1.690000000000000000e+02
1.470000000000000000e+02
1.570000000000000000e+02
1.570000000000000000e+02
1.570000000000000000e+02
1.440000000000000000e+02
1.520000000000000000e+02
1.470000000000000000e+02
1.790000000000000000e+02
1.690000000000000000e+02
1.640000000000000000e+02
1.580000000000000000e+02
1.490000000000000000e+02
1.480000000000000000e+02
1.560000000000000000e+02
1.730000000000000000e+02
1.330000000000000000e+02
1.550000000000000000e+02
1.330000000000000000e+02
1.430000000000000000e+02
1.420000000000000000e+02
1.280000000000000000e+02
1.290000000000000000e+02
1.330000000000000000e+02
1.490000000000000000e+02
1.440000000000000000e+02
1.520000000000000000e+02
1.330000000000000000e+02
1.350000000000000000e+02
1.570000000000000000e+02
1.380000000000000000e+02
1.480000000000000000e+02
1.320000000000000000e+02
1.370000000000000000e+02
1.440000000000000000e+02
1.390000000000000000e+02
1.060000000000000000e+02
1.070000000000000000e+02
1.150000000000000000e+02
1.160000000000000000e+02
1.120000000000000000e+02
1.040000000000000000e+02
1.430000000000000000e+02
1.130000000000000000e+02
1.140000000000000000e+02
1.070000000000000000e+02
1.170000000000000000e+02
1.070000000000000000e+02
1.130000000000000000e+02
1.030000000000000000e+02
1.110000000000000000e+02
1.140000000000000000e+02
1.000000000000000000e+02
1.000000000000000000e+02
1.040000000000000000e+02
9.600000000000000000e+01
1.070000000000000000e+02
8.200000000000000000e+01
9.000000000000000000e+01
9.200000000000000000e+01
8.600000000000000000e+01
7.400000000000000000e+01
6.300000000000000000e+01
9.000000000000000000e+01
9.600000000000000000e+01
7.300000000000000000e+01
7.500000000000000000e+01
6.300000000000000000e+01
6.300000000000000000e+01
7.700000000000000000e+01
5.300000000000000000e+01
5.600000000000000000e+01
6.100000000000000000e+01
6.300000000000000000e+01
7.500000000000000000e+01
5.200000000000000000e+01
6.800000000000000000e+01
6.200000000000000000e+01
6.100000000000000000e+01
5.500000000000000000e+01
5.200000000000000000e+01
6.100000000000000000e+01
6.200000000000000000e+01
4.900000000000000000e+01
5.500000000000000000e+01
6.500000000000000000e+01
5.100000000000000000e+01
6.200000000000000000e+01
5.800000000000000000e+01
7.200000000000000000e+01
5.100000000000000000e+01
7.100000000000000000e+01
5.900000000000000000e+01
6.300000000000000000e+01
6.300000000000000000e+01
5.200000000000000000e+01
5.700000000000000000e+01
5.700000000000000000e+01
5.600000000000000000e+01
7.600000000000000000e+01
6.800000000000000000e+01
8.300000000000000000e+01
6.600000000000000000e+01
7.900000000000000000e+01
8.800000000000000000e+01
8.600000000000000000e+01
8.000000000000000000e+01
9.200000000000000000e+01
1.060000000000000000e+02
1.040000000000000000e+02
1.010000000000000000e+02
1.110000000000000000e+02
1.080000000000000000e+02
1.220000000000000000e+02
1.190000000000000000e+02
1.340000000000000000e+02
1.110000000000000000e+02
1.300000000000000000e+02
1.440000000000000000e+02
1.470000000000000000e+02
1.570000000000000000e+02
1.670000000000000000e+02
1.860000000000000000e+02
1.560000000000000000e+02
1.370000000000000000e+02
1.290000000000000000e+02
1.110000000000000000e+02
9.400000000000000000e+01
6.900000000000000000e+01
5.500000000000000000e+01
6.600000000000000000e+01
3.700000000000000000e+01
4.500000000000000000e+01
2.300000000000000000e+01
2.600000000000000000e+01
2.800000000000000000e+01
1.600000000000000000e+01
1.400000000000000000e+01
1.500000000000000000e+01
7.000000000000000000e+00
8.000000000000000000e+00
8.000000000000000000e+00
5.000000000000000000e+00
3.000000000000000000e+00
2.000000000000000000e+00
0.000000000000000000e+00
1.000000000000000000e+00
6.000000000000000000e+00
