9.236000000000000000e+03
1.454000000000000000e+03
1.692000000000000000e+03
1.622000000000000000e+03
1.487000000000000000e+03
1.383000000000000000e+03
1.404000000000000000e+03
1.322000000000000000e+03
1.327000000000000000e+03
1.227000000000000000e+03
1.241000000000000000e+03
1.217000000000000000e+03
1.089000000000000000e+03
1.145000000000000000e+03
1.123000000000000000e+03
1.193000000000000000e+03
1.186000000000000000e+03
1.148000000000000000e+03
1.191000000000000000e+03
1.204000000000000000e+03
1.260000000000000000e+03
1.189000000000000000e+03
1.200000000000000000e+03
1.301000000000000000e+03
1.305000000000000000e+03
1.282000000000000000e+03
1.310000000000000000e+03
1.300000000000000000e+03
1.397000000000000000e+03
1.359000000000000000e+03
1.338000000000000000e+03
1.367000000000000000e+03
1.388000000000000000e+03
1.372000000000000000e+03
1.337000000000000000e+03
1.395000000000000000e+03
1.437000000000000000e+03
1.406000000000000000e+03
1.408000000000000000e+03
1.411000000000000000e+03
1.474000000000000000e+03
1.495000000000000000e+03
1.388000000000000000e+03
1.396000000000000000e+03
1.427000000000000000e+03
1.371000000000000000e+03
1.329000000000000000e+03
1.307000000000000000e+03
1.290000000000000000e+03
1.181000000000000000e+03
1.324000000000000000e+03
1.187000000000000000e+03
1.229000000000000000e+03
1.095000000000000000e+03
1.083000000000000000e+03
1.042000000000000000e+03
9.670000000000000000e+02
9.580000000000000000e+02
8.510000000000000000e+02
8.290000000000000000e+02
8.070000000000000000e+02
7.370000000000000000e+02
7.020000000000000000e+02
6.730000000000000000e+02
5.890000000000000000e+02
5.250000000000000000e+02
4.820000000000000000e+02
4.640000000000000000e+02
4.470000000000000000e+02
4.120000000000000000e+02
4.060000000000000000e+02
3.620000000000000000e+02
3.330000000000000000e+02
2.630000000000000000e+02
2.690000000000000000e+02
2.830000000000000000e+02
2.460000000000000000e+02
1.920000000000000000e+02
2.250000000000000000e+02
1.820000000000000000e+02
1.670000000000000000e+02
1.450000000000000000e+02
1.370000000000000000e+02
1.540000000000000000e+02
1.290000000000000000e+02
1.200000000000000000e+02
1.270000000000000000e+02
1.080000000000000000e+02
7.900000000000000000e+01
8.100000000000000000e+01
7.900000000000000000e+01
8.800000000000000000e+01
7.300000000000000000e+01
5.300000000000000000e+01
6.700000000000000000e+01
5.800000000000000000e+01
5.600000000000000000e+01
5.400000000000000000e+01
4.500000000000000000e+01
4.700000000000000000e+01
4.000000000000000000e+01
3.700000000000000000e+01
3.800000000000000000e+01
4.100000000000000000e+01
2.900000000000000000e+01
3.000000000000000000e+01
3.500000000000000000e+01
3.400000000000000000e+01
2.100000000000000000e+01
2.000000000000000000e+01
2.400000000000000000e+01
2.000000000000000000e+01
1.700000000000000000e+01
1.300000000000000000e+01
2.000000000000000000e+01
2.000000000000000000e+01
1.400000000000000000e+01
1.400000000000000000e+01
2.400000000000000000e+01
1.900000000000000000e+01
1.800000000000000000e+01
1.400000000000000000e+01
2.100000000000000000e+01
1.200000000000000000e+01
1.300000000000000000e+01
1.200000000000000000e+01
1.800000000000000000e+01
1.300000000000000000e+01
1.200000000000000000e+01
6.000000000000000000e+00
1.100000000000000000e+01
8.000000000000000000e+00
9.000000000000000000e+00
9.000000000000000000e+00
1.200000000000000000e+01
8.000000000000000000e+00
6.000000000000000000e+00
5.000000000000000000e+00
6.000000000000000000e+00
1.500000000000000000e+01
4.000000000000000000e+00
9.000000000000000000e+00
9.000000000000000000e+00
1.100000000000000000e+01
1.100000000000000000e+01
7.000000000000000000e+00
4.000000000000000000e+00
8.000000000000000000e+00
1.000000000000000000e+01
5.000000000000000000e+00
7.000000000000000000e+00
9.000000000000000000e+00
6.000000000000000000e+00
8.000000000000000000e+00
5.000000000000000000e+00
7.000000000000000000e+00
6.000000000000000000e+00
1.500000000000000000e+01
1.200000000000000000e+01
1.900000000000000000e+01
8.000000000000000000e+00
7.000000000000000000e+00
7.000000000000000000e+00
1.000000000000000000e+01
1.200000000000000000e+01
1.100000000000000000e+01
5.000000000000000000e+00
1.300000000000000000e+01
1.100000000000000000e+01
1.300000000000000000e+01
9.000000000000000000e+00
1.400000000000000000e+01
1.500000000000000000e+01
1.500000000000000000e+01
1.600000000000000000e+01
1.400000000000000000e+01
1.600000000000000000e+01
1.400000000000000000e+01
1.700000000000000000e+01
1.700000000000000000e+01
2.100000000000000000e+01
1.500000000000000000e+01
1.800000000000000000e+01
1.600000000000000000e+01
2.900000000000000000e+01
1.800000000000000000e+01
3.100000000000000000e+01
1.400000000000000000e+01
1.700000000000000000e+01
1.600000000000000000e+01
1.500000000000000000e+01
2.200000000000000000e+01
1.900000000000000000e+01
1.800000000000000000e+01
2.700000000000000000e+01
1.400000000000000000e+01
1.800000000000000000e+01
2.900000000000000000e+01
2.700000000000000000e+01
2.400000000000000000e+01
4.400000000000000000e+01
2.500000000000000000e+01
2.700000000000000000e+01
2.900000000000000000e+01
3.100000000000000000e+01
3.100000000000000000e+01
2.400000000000000000e+01
3.400000000000000000e+01
3.100000000000000000e+01
4.600000000000000000e+01
4.000000000000000000e+01
5.700000000000000000e+01
3.600000000000000000e+01
4.700000000000000000e+01
4.900000000000000000e+01
4.500000000000000000e+01
6.500000000000000000e+01
5.400000000000000000e+01
6.100000000000000000e+01
5.400000000000000000e+01
6.000000000000000000e+01
5.400000000000000000e+01
6.700000000000000000e+01
4.800000000000000000e+01
5.500000000000000000e+01
4.700000000000000000e+01
3.900000000000000000e+01
3.800000000000000000e+01
3.700000000000000000e+01
2.600000000000000000e+01
2.400000000000000000e+01
1.300000000000000000e+01
1.700000000000000000e+01
1.000000000000000000e+01
8.000000000000000000e+00
7.000000000000000000e+00
8.000000000000000000e+00
2.000000000000000000e+00
5.000000000000000000e+00
2.000000000000000000e+00
1.000000000000000000e+00
2.000000000000000000e+00
0.000000000000000000e+00
0.000000000000000000e+00
0.000000000000000000e+00
0.000000000000000000e+00
0.000000000000000000e+00
0.000000000000000000e+00
0.000000000000000000e+00
0.000000000000000000e+00
0.000000000000000000e+00
0.000000000000000000e+00
0.000000000000000000e+00
0.000000000000000000e+00
0.000000000000000000e+00
0.000000000000000000e+00
4.890000000000000000e+02
3.840000000000000000e+02
6.230000000000000000e+02
5.820000000000000000e+02
4.870000000000000000e+02
4.340000000000000000e+02
4.160000000000000000e+02
3.840000000000000000e+02
3.970000000000000000e+02
3.770000000000000000e+02
3.820000000000000000e+02
3.530000000000000000e+02
3.750000000000000000e+02
3.970000000000000000e+02
3.600000000000000000e+02
3.490000000000000000e+02
3.410000000000000000e+02
3.550000000000000000e+02
4.050000000000000000e+02
3.880000000000000000e+02
3.870000000000000000e+02
3.510000000000000000e+02
3.810000000000000000e+02
3.870000000000000000e+02
3.840000000000000000e+02
3.540000000000000000e+02
3.580000000000000000e+02
3.950000000000000000e+02
3.790000000000000000e+02
3.860000000000000000e+02
3.560000000000000000e+02
3.440000000000000000e+02
3.740000000000000000e+02
3.740000000000000000e+02
3.540000000000000000e+02
3.940000000000000000e+02
3.900000000000000000e+02
3.920000000000000000e+02
4.280000000000000000e+02
3.980000000000000000e+02
3.950000000000000000e+02
4.030000000000000000e+02
4.160000000000000000e+02
4.560000000000000000e+02
4.220000000000000000e+02
4.520000000000000000e+02
4.730000000000000000e+02
4.470000000000000000e+02
4.740000000000000000e+02
4.610000000000000000e+02
4.780000000000000000e+02
4.900000000000000000e+02
4.790000000000000000e+02
5.220000000000000000e+02
5.520000000000000000e+02
5.410000000000000000e+02
5.160000000000000000e+02
4.980000000000000000e+02
5.470000000000000000e+02
5.460000000000000000e+02
5.770000000000000000e+02
5.410000000000000000e+02
5.400000000000000000e+02
6.040000000000000000e+02
6.050000000000000000e+02
6.520000000000000000e+02
6.310000000000000000e+02
7.010000000000000000e+02
6.630000000000000000e+02
6.610000000000000000e+02
6.660000000000000000e+02
6.970000000000000000e+02
6.940000000000000000e+02
7.340000000000000000e+02
7.410000000000000000e+02
7.890000000000000000e+02
8.140000000000000000e+02
8.970000000000000000e+02
8.770000000000000000e+02
8.650000000000000000e+02
9.040000000000000000e+02
9.530000000000000000e+02
9.260000000000000000e+02
9.390000000000000000e+02
1.010000000000000000e+03
1.019000000000000000e+03
1.078000000000000000e+03
1.051000000000000000e+03
1.057000000000000000e+03
1.097000000000000000e+03
1.138000000000000000e+03
1.112000000000000000e+03
1.129000000000000000e+03
1.132000000000000000e+03
1.214000000000000000e+03
1.234000000000000000e+03
1.164000000000000000e+03
1.202000000000000000e+03
1.162000000000000000e+03
1.199000000000000000e+03
1.219000000000000000e+03
1.154000000000000000e+03
1.206000000000000000e+03
1.198000000000000000e+03
1.117000000000000000e+03
1.206000000000000000e+03
1.144000000000000000e+03
1.151000000000000000e+03
1.022000000000000000e+03
1.072000000000000000e+03
1.083000000000000000e+03
1.004000000000000000e+03
1.023000000000000000e+03
9.120000000000000000e+02
8.850000000000000000e+02
8.960000000000000000e+02
8.590000000000000000e+02
8.600000000000000000e+02
8.070000000000000000e+02
7.850000000000000000e+02
7.270000000000000000e+02
7.490000000000000000e+02
7.730000000000000000e+02
6.860000000000000000e+02
6.820000000000000000e+02
5.920000000000000000e+02
5.810000000000000000e+02
5.730000000000000000e+02
4.710000000000000000e+02
5.020000000000000000e+02
4.960000000000000000e+02
4.500000000000000000e+02
4.500000000000000000e+02
3.990000000000000000e+02
3.970000000000000000e+02
4.150000000000000000e+02
3.560000000000000000e+02
3.080000000000000000e+02
3.040000000000000000e+02
2.870000000000000000e+02
2.570000000000000000e+02
2.720000000000000000e+02
2.610000000000000000e+02
2.370000000000000000e+02
2.020000000000000000e+02
2.080000000000000000e+02
1.980000000000000000e+02
1.870000000000000000e+02
2.030000000000000000e+02
1.720000000000000000e+02
1.700000000000000000e+02
1.420000000000000000e+02
1.240000000000000000e+02
1.340000000000000000e+02
1.260000000000000000e+02
1.250000000000000000e+02
1.070000000000000000e+02
9.300000000000000000e+01
9.800000000000000000e+01
8.400000000000000000e+01
7.900000000000000000e+01
8.100000000000000000e+01
6.400000000000000000e+01
6.500000000000000000e+01
7.100000000000000000e+01
5.000000000000000000e+01
5.300000000000000000e+01
5.900000000000000000e+01
6.000000000000000000e+01
3.500000000000000000e+01
4.100000000000000000e+01
5.300000000000000000e+01
3.300000000000000000e+01
4.500000000000000000e+01
3.300000000000000000e+01
3.400000000000000000e+01
3.300000000000000000e+01
2.500000000000000000e+01
2.100000000000000000e+01
3.600000000000000000e+01
2.300000000000000000e+01
2.000000000000000000e+01
3.200000000000000000e+01
2.200000000000000000e+01
2.800000000000000000e+01
2.300000000000000000e+01
2.300000000000000000e+01
1.800000000000000000e+01
2.900000000000000000e+01
1.700000000000000000e+01
3.000000000000000000e+01
2.200000000000000000e+01
1.500000000000000000e+01
2.500000000000000000e+01
2.500000000000000000e+01
1.800000000000000000e+01
1.600000000000000000e+01
2.300000000000000000e+01
2.600000000000000000e+01
2.800000000000000000e+01
3.300000000000000000e+01
3.000000000000000000e+01
2.900000000000000000e+01
2.900000000000000000e+01
2.900000000000000000e+01
2.900000000000000000e+01
3.100000000000000000e+01
2.400000000000000000e+01
4.800000000000000000e+01
4.800000000000000000e+01
3.900000000000000000e+01
4.900000000000000000e+01
3.700000000000000000e+01
4.400000000000000000e+01
3.300000000000000000e+01
5.300000000000000000e+01
6.000000000000000000e+01
5.900000000000000000e+01
6.000000000000000000e+01
5.900000000000000000e+01
4.800000000000000000e+01
5.200000000000000000e+01
8.000000000000000000e+01
6.900000000000000000e+01
7.000000000000000000e+01
7.200000000000000000e+01
6.000000000000000000e+01
4.600000000000000000e+01
4.000000000000000000e+01
4.200000000000000000e+01
3.600000000000000000e+01
2.100000000000000000e+01
2.200000000000000000e+01
1.900000000000000000e+01
1.100000000000000000e+01
7.000000000000000000e+00
1.300000000000000000e+01
6.000000000000000000e+00
8.000000000000000000e+00
6.000000000000000000e+00
5.000000000000000000e+00
2.000000000000000000e+00
7.000000000000000000e+00
5.000000000000000000e+00
0.000000000000000000e+00
5.000000000000000000e+00
3.000000000000000000e+00
0.000000000000000000e+00
3.000000000000000000e+00
1.000000000000000000e+00
3.000000000000000000e+00
2.000000000000000000e+00
0.000000000000000000e+00
0.000000000000000000e+00
0.000000000000000000e+00
1.000000000000000000e+00
5.933000000000000000e+03
1.246000000000000000e+03
1.404000000000000000e+03
1.368000000000000000e+03
1.253000000000000000e+03
1.200000000000000000e+03
1.118000000000000000e+03
1.084000000000000000e+03
9.770000000000000000e+02
9.500000000000000000e+02
9.200000000000000000e+02
9.080000000000000000e+02
9.240000000000000000e+02
8.530000000000000000e+02
8.500000000000000000e+02
8.740000000000000000e+02
7.540000000000000000e+02
8.340000000000000000e+02
8.340000000000000000e+02
8.850000000000000000e+02
8.920000000000000000e+02
8.880000000000000000e+02
8.920000000000000000e+02
8.830000000000000000e+02
8.990000000000000000e+02
9.680000000000000000e+02
8.780000000000000000e+02
9.810000000000000000e+02
9.340000000000000000e+02
9.690000000000000000e+02
9.840000000000000000e+02
9.880000000000000000e+02
1.018000000000000000e+03
1.006000000000000000e+03
9.900000000000000000e+02
9.870000000000000000e+02
1.026000000000000000e+03
1.021000000000000000e+03
9.790000000000000000e+02
1.072000000000000000e+03
1.086000000000000000e+03
1.097000000000000000e+03
1.152000000000000000e+03
1.127000000000000000e+03
1.088000000000000000e+03
1.121000000000000000e+03
1.130000000000000000e+03
1.110000000000000000e+03
1.081000000000000000e+03
1.081000000000000000e+03
1.145000000000000000e+03
1.107000000000000000e+03
1.133000000000000000e+03
1.093000000000000000e+03
1.064000000000000000e+03
1.099000000000000000e+03
1.029000000000000000e+03
1.041000000000000000e+03
1.077000000000000000e+03
1.033000000000000000e+03
9.710000000000000000e+02
9.750000000000000000e+02
9.370000000000000000e+02
9.100000000000000000e+02
8.720000000000000000e+02
8.660000000000000000e+02
8.480000000000000000e+02
8.440000000000000000e+02
7.500000000000000000e+02
7.870000000000000000e+02
7.200000000000000000e+02
7.590000000000000000e+02
7.070000000000000000e+02
6.780000000000000000e+02
6.260000000000000000e+02
6.130000000000000000e+02
6.680000000000000000e+02
6.040000000000000000e+02
6.100000000000000000e+02
5.470000000000000000e+02
5.470000000000000000e+02
5.070000000000000000e+02
5.250000000000000000e+02
4.960000000000000000e+02
4.510000000000000000e+02
4.460000000000000000e+02
4.780000000000000000e+02
4.060000000000000000e+02
4.250000000000000000e+02
4.160000000000000000e+02
4.340000000000000000e+02
3.620000000000000000e+02
3.820000000000000000e+02
3.690000000000000000e+02
3.270000000000000000e+02
3.320000000000000000e+02
3.140000000000000000e+02
3.130000000000000000e+02
2.920000000000000000e+02
3.000000000000000000e+02
3.040000000000000000e+02
2.500000000000000000e+02
2.660000000000000000e+02
2.320000000000000000e+02
2.350000000000000000e+02
2.410000000000000000e+02
2.080000000000000000e+02
2.110000000000000000e+02
1.990000000000000000e+02
2.000000000000000000e+02
1.800000000000000000e+02
1.490000000000000000e+02
2.010000000000000000e+02
1.640000000000000000e+02
1.780000000000000000e+02
1.530000000000000000e+02
1.250000000000000000e+02
1.250000000000000000e+02
1.390000000000000000e+02
1.280000000000000000e+02
1.220000000000000000e+02
1.170000000000000000e+02
1.010000000000000000e+02
1.100000000000000000e+02
1.170000000000000000e+02
1.060000000000000000e+02
9.100000000000000000e+01
9.400000000000000000e+01
8.200000000000000000e+01
8.000000000000000000e+01
6.800000000000000000e+01
7.100000000000000000e+01
7.700000000000000000e+01
7.400000000000000000e+01
6.400000000000000000e+01
6.100000000000000000e+01
4.500000000000000000e+01
5.200000000000000000e+01
5.300000000000000000e+01
5.000000000000000000e+01
4.000000000000000000e+01
6.200000000000000000e+01
3.500000000000000000e+01
4.200000000000000000e+01
2.900000000000000000e+01
2.600000000000000000e+01
2.200000000000000000e+01
3.700000000000000000e+01
3.100000000000000000e+01
3.500000000000000000e+01
2.500000000000000000e+01
2.700000000000000000e+01
3.300000000000000000e+01
2.900000000000000000e+01
2.500000000000000000e+01
2.000000000000000000e+01
2.400000000000000000e+01
3.800000000000000000e+01
1.600000000000000000e+01
1.800000000000000000e+01
2.000000000000000000e+01
1.700000000000000000e+01
1.400000000000000000e+01
1.700000000000000000e+01
2.000000000000000000e+01
1.400000000000000000e+01
2.100000000000000000e+01
2.000000000000000000e+01
1.400000000000000000e+01
2.000000000000000000e+01
1.500000000000000000e+01
1.400000000000000000e+01
1.600000000000000000e+01
1.900000000000000000e+01
1.300000000000000000e+01
9.000000000000000000e+00
1.400000000000000000e+01
6.000000000000000000e+00
1.900000000000000000e+01
1.100000000000000000e+01
1.300000000000000000e+01
7.000000000000000000e+00
8.000000000000000000e+00
1.600000000000000000e+01
6.000000000000000000e+00
1.300000000000000000e+01
1.400000000000000000e+01
9.000000000000000000e+00
7.000000000000000000e+00
1.000000000000000000e+01
1.300000000000000000e+01
6.000000000000000000e+00
6.000000000000000000e+00
1.100000000000000000e+01
1.100000000000000000e+01
1.300000000000000000e+01
7.000000000000000000e+00
1.900000000000000000e+01
2.300000000000000000e+01
1.500000000000000000e+01
1.300000000000000000e+01
1.400000000000000000e+01
2.000000000000000000e+01
9.000000000000000000e+00
1.800000000000000000e+01
1.700000000000000000e+01
1.800000000000000000e+01
1.300000000000000000e+01
2.000000000000000000e+01
2.700000000000000000e+01
2.000000000000000000e+01
1.900000000000000000e+01
1.500000000000000000e+01
2.500000000000000000e+01
3.200000000000000000e+01
2.200000000000000000e+01
3.100000000000000000e+01
3.100000000000000000e+01
3.000000000000000000e+01
3.500000000000000000e+01
3.800000000000000000e+01
3.000000000000000000e+01
5.200000000000000000e+01
5.700000000000000000e+01
5.700000000000000000e+01
7.700000000000000000e+01
9.800000000000000000e+01
1.150000000000000000e+02
1.020000000000000000e+02
1.160000000000000000e+02
9.200000000000000000e+01
1.180000000000000000e+02
1.010000000000000000e+02
7.600000000000000000e+01
6.000000000000000000e+01
5.400000000000000000e+01
4.500000000000000000e+01
3.500000000000000000e+01
2.700000000000000000e+01
2.300000000000000000e+01
2.300000000000000000e+01
1.400000000000000000e+01
1.200000000000000000e+01
1.400000000000000000e+01
6.000000000000000000e+00
4.000000000000000000e+00
5.000000000000000000e+00
4.000000000000000000e+00
3.000000000000000000e+00
4.000000000000000000e+00
0.000000000000000000e+00
2.000000000000000000e+00
0.000000000000000000e+00
1.000000000000000000e+00
1.000000000000000000e+00
0.000000000000000000e+00
