1.340000000000000000e+03
2.120000000000000000e+02
2.190000000000000000e+02
1.870000000000000000e+02
2.090000000000000000e+02
2.250000000000000000e+02
2.790000000000000000e+02
2.530000000000000000e+02
2.550000000000000000e+02
2.480000000000000000e+02
2.520000000000000000e+02
2.590000000000000000e+02
2.720000000000000000e+02
3.030000000000000000e+02
3.080000000000000000e+02
3.160000000000000000e+02
3.600000000000000000e+02
3.290000000000000000e+02
3.610000000000000000e+02
3.120000000000000000e+02
3.490000000000000000e+02
3.590000000000000000e+02
3.950000000000000000e+02
3.860000000000000000e+02
4.270000000000000000e+02
4.370000000000000000e+02
5.180000000000000000e+02
4.900000000000000000e+02
5.140000000000000000e+02
5.220000000000000000e+02
5.710000000000000000e+02
5.830000000000000000e+02
6.650000000000000000e+02
6.650000000000000000e+02
6.890000000000000000e+02
6.820000000000000000e+02
7.890000000000000000e+02
7.620000000000000000e+02
7.980000000000000000e+02
8.890000000000000000e+02
9.420000000000000000e+02
9.880000000000000000e+02
1.061000000000000000e+03
1.085000000000000000e+03
1.162000000000000000e+03
1.183000000000000000e+03
1.261000000000000000e+03
1.344000000000000000e+03
1.432000000000000000e+03
1.502000000000000000e+03
1.539000000000000000e+03
1.574000000000000000e+03
1.597000000000000000e+03
1.719000000000000000e+03
1.765000000000000000e+03
1.848000000000000000e+03
1.762000000000000000e+03
1.758000000000000000e+03
1.810000000000000000e+03
1.820000000000000000e+03
1.865000000000000000e+03
1.907000000000000000e+03
1.840000000000000000e+03
1.754000000000000000e+03
1.787000000000000000e+03
1.817000000000000000e+03
1.820000000000000000e+03
1.748000000000000000e+03
1.780000000000000000e+03
1.740000000000000000e+03
1.650000000000000000e+03
1.647000000000000000e+03
1.583000000000000000e+03
1.587000000000000000e+03
1.586000000000000000e+03
1.455000000000000000e+03
1.420000000000000000e+03
1.335000000000000000e+03
1.334000000000000000e+03
1.200000000000000000e+03
1.195000000000000000e+03
1.154000000000000000e+03
1.088000000000000000e+03
1.005000000000000000e+03
9.190000000000000000e+02
8.680000000000000000e+02
8.530000000000000000e+02
7.560000000000000000e+02
7.390000000000000000e+02
6.840000000000000000e+02
6.310000000000000000e+02
6.010000000000000000e+02
5.630000000000000000e+02
5.460000000000000000e+02
5.380000000000000000e+02
4.270000000000000000e+02
4.500000000000000000e+02
4.020000000000000000e+02
3.430000000000000000e+02
3.460000000000000000e+02
3.300000000000000000e+02
2.860000000000000000e+02
3.070000000000000000e+02
2.720000000000000000e+02
2.520000000000000000e+02
2.160000000000000000e+02
1.730000000000000000e+02
1.690000000000000000e+02
1.700000000000000000e+02
1.530000000000000000e+02
1.370000000000000000e+02
1.400000000000000000e+02
1.160000000000000000e+02
1.090000000000000000e+02
1.120000000000000000e+02
1.000000000000000000e+02
9.500000000000000000e+01
7.800000000000000000e+01
7.600000000000000000e+01
8.100000000000000000e+01
5.600000000000000000e+01
5.600000000000000000e+01
5.200000000000000000e+01
5.200000000000000000e+01
5.000000000000000000e+01
4.200000000000000000e+01
4.300000000000000000e+01
2.800000000000000000e+01
2.900000000000000000e+01
3.300000000000000000e+01
1.800000000000000000e+01
1.800000000000000000e+01
3.000000000000000000e+01
2.000000000000000000e+01
2.200000000000000000e+01
1.500000000000000000e+01
1.500000000000000000e+01
1.700000000000000000e+01
1.600000000000000000e+01
1.200000000000000000e+01
7.000000000000000000e+00
1.200000000000000000e+01
8.000000000000000000e+00
9.000000000000000000e+00
6.000000000000000000e+00
9.000000000000000000e+00
4.000000000000000000e+00
7.000000000000000000e+00
9.000000000000000000e+00
1.000000000000000000e+01
3.000000000000000000e+00
6.000000000000000000e+00
4.000000000000000000e+00
3.000000000000000000e+00
8.000000000000000000e+00
4.000000000000000000e+00
1.000000000000000000e+00
8.000000000000000000e+00
4.000000000000000000e+00
6.000000000000000000e+00
4.000000000000000000e+00
2.000000000000000000e+00
3.000000000000000000e+00
4.000000000000000000e+00
4.000000000000000000e+00
4.000000000000000000e+00
3.000000000000000000e+00
1.000000000000000000e+00
3.000000000000000000e+00
1.000000000000000000e+00
3.000000000000000000e+00
0.000000000000000000e+00
1.000000000000000000e+00
2.000000000000000000e+00
1.000000000000000000e+00
3.000000000000000000e+00
3.000000000000000000e+00
1.000000000000000000e+00
1.000000000000000000e+00
0.000000000000000000e+00
1.000000000000000000e+00
0.000000000000000000e+00
2.000000000000000000e+00
3.000000000000000000e+00
0.000000000000000000e+00
0.000000000000000000e+00
0.000000000000000000e+00
2.000000000000000000e+00
0.000000000000000000e+00
2.000000000000000000e+00
1.000000000000000000e+00
0.000000000000000000e+00
0.000000000000000000e+00
0.000000000000000000e+00
0.000000000000000000e+00
0.000000000000000000e+00
1.000000000000000000e+00
0.000000000000000000e+00
0.000000000000000000e+00
1.000000000000000000e+00
0.000000000000000000e+00
1.000000000000000000e+00
1.000000000000000000e+00
3.000000000000000000e+00
1.000000000000000000e+00
1.000000000000000000e+00
1.000000000000000000e+00
1.000000000000000000e+00
2.000000000000000000e+00
0.000000000000000000e+00
0.000000000000000000e+00
2.000000000000000000e+00
1.000000000000000000e+00
2.000000000000000000e+00
0.000000000000000000e+00
0.000000000000000000e+00
0.000000000000000000e+00
0.000000000000000000e+00
0.000000000000000000e+00
0.000000000000000000e+00
1.000000000000000000e+00
1.000000000000000000e+00
0.000000000000000000e+00
0.000000000000000000e+00
1.000000000000000000e+00
0.000000000000000000e+00
0.000000000000000000e+00
0.000000000000000000e+00
0.000000000000000000e+00
0.000000000000000000e+00
0.000000000000000000e+00
0.000000000000000000e+00
0.000000000000000000e+00
0.000000000000000000e+00
0.000000000000000000e+00
0.000000000000000000e+00
0.000000000000000000e+00
0.000000000000000000e+00
0.000000000000000000e+00
0.000000000000000000e+00
0.000000000000000000e+00
0.000000000000000000e+00
0.000000000000000000e+00
0.000000000000000000e+00
0.000000000000000000e+00
0.000000000000000000e+00
0.000000000000000000e+00
0.000000000000000000e+00
0.000000000000000000e+00
0.000000000000000000e+00
0.000000000000000000e+00
0.000000000000000000e+00
0.000000000000000000e+00
0.000000000000000000e+00
0.000000000000000000e+00
0.000000000000000000e+00
4.320000000000000000e+02
1.170000000000000000e+02
1.400000000000000000e+02
1.550000000000000000e+02
1.420000000000000000e+02
1.340000000000000000e+02
1.430000000000000000e+02
1.590000000000000000e+02
1.330000000000000000e+02
1.480000000000000000e+02
1.380000000000000000e+02
1.410000000000000000e+02
1.390000000000000000e+02
1.390000000000000000e+02
1.270000000000000000e+02
1.640000000000000000e+02
1.530000000000000000e+02
1.630000000000000000e+02
1.540000000000000000e+02
1.690000000000000000e+02
1.370000000000000000e+02
1.800000000000000000e+02
1.690000000000000000e+02
1.470000000000000000e+02
1.630000000000000000e+02
1.660000000000000000e+02
1.680000000000000000e+02
1.800000000000000000e+02
1.650000000000000000e+02
1.810000000000000000e+02
1.830000000000000000e+02
1.700000000000000000e+02
1.720000000000000000e+02
1.930000000000000000e+02
2.000000000000000000e+02
1.710000000000000000e+02
1.840000000000000000e+02
1.910000000000000000e+02
1.960000000000000000e+02
1.740000000000000000e+02
1.880000000000000000e+02
1.800000000000000000e+02
1.860000000000000000e+02
1.840000000000000000e+02
1.910000000000000000e+02
1.860000000000000000e+02
1.870000000000000000e+02
2.110000000000000000e+02
1.710000000000000000e+02
1.980000000000000000e+02
2.220000000000000000e+02
2.100000000000000000e+02
2.000000000000000000e+02
2.380000000000000000e+02
2.040000000000000000e+02
1.970000000000000000e+02
2.330000000000000000e+02
2.390000000000000000e+02
2.630000000000000000e+02
2.770000000000000000e+02
2.680000000000000000e+02
2.860000000000000000e+02
2.800000000000000000e+02
2.950000000000000000e+02
3.060000000000000000e+02
3.060000000000000000e+02
3.090000000000000000e+02
3.100000000000000000e+02
2.850000000000000000e+02
3.020000000000000000e+02
2.680000000000000000e+02
2.750000000000000000e+02
2.540000000000000000e+02
2.690000000000000000e+02
2.570000000000000000e+02
2.440000000000000000e+02
2.400000000000000000e+02
2.970000000000000000e+02
2.640000000000000000e+02
2.930000000000000000e+02
2.870000000000000000e+02
2.930000000000000000e+02
2.950000000000000000e+02
2.800000000000000000e+02
2.750000000000000000e+02
2.890000000000000000e+02
2.860000000000000000e+02
2.920000000000000000e+02
3.070000000000000000e+02
2.950000000000000000e+02
3.290000000000000000e+02
3.320000000000000000e+02
3.640000000000000000e+02
3.730000000000000000e+02
4.010000000000000000e+02
3.860000000000000000e+02
4.360000000000000000e+02
4.250000000000000000e+02
4.080000000000000000e+02
4.680000000000000000e+02
5.100000000000000000e+02
5.380000000000000000e+02
5.910000000000000000e+02
6.180000000000000000e+02
5.800000000000000000e+02
6.080000000000000000e+02
6.900000000000000000e+02
7.020000000000000000e+02
7.720000000000000000e+02
7.960000000000000000e+02
8.400000000000000000e+02
8.520000000000000000e+02
8.730000000000000000e+02
9.800000000000000000e+02
9.690000000000000000e+02
1.003000000000000000e+03
1.150000000000000000e+03
1.146000000000000000e+03
1.203000000000000000e+03
1.217000000000000000e+03
1.267000000000000000e+03
1.317000000000000000e+03
1.341000000000000000e+03
1.363000000000000000e+03
1.301000000000000000e+03
1.324000000000000000e+03
1.404000000000000000e+03
1.358000000000000000e+03
1.368000000000000000e+03
1.387000000000000000e+03
1.415000000000000000e+03
1.357000000000000000e+03
1.393000000000000000e+03
1.403000000000000000e+03
1.372000000000000000e+03
1.362000000000000000e+03
1.419000000000000000e+03
1.324000000000000000e+03
1.350000000000000000e+03
1.296000000000000000e+03
1.347000000000000000e+03
1.309000000000000000e+03
1.278000000000000000e+03
1.249000000000000000e+03
1.300000000000000000e+03
1.202000000000000000e+03
1.132000000000000000e+03
1.117000000000000000e+03
1.164000000000000000e+03
1.093000000000000000e+03
1.058000000000000000e+03
1.026000000000000000e+03
1.025000000000000000e+03
9.940000000000000000e+02
9.720000000000000000e+02
8.910000000000000000e+02
8.120000000000000000e+02
8.080000000000000000e+02
7.760000000000000000e+02
7.280000000000000000e+02
6.790000000000000000e+02
6.400000000000000000e+02
6.350000000000000000e+02
5.700000000000000000e+02
5.320000000000000000e+02
5.070000000000000000e+02
5.090000000000000000e+02
4.640000000000000000e+02
4.480000000000000000e+02
3.820000000000000000e+02
3.320000000000000000e+02
3.280000000000000000e+02
3.440000000000000000e+02
3.200000000000000000e+02
2.760000000000000000e+02
2.640000000000000000e+02
2.670000000000000000e+02
1.970000000000000000e+02
1.920000000000000000e+02
1.780000000000000000e+02
1.580000000000000000e+02
1.660000000000000000e+02
1.380000000000000000e+02
1.250000000000000000e+02
1.140000000000000000e+02
1.120000000000000000e+02
9.200000000000000000e+01
1.050000000000000000e+02
9.100000000000000000e+01
6.100000000000000000e+01
6.500000000000000000e+01
5.700000000000000000e+01
5.600000000000000000e+01
5.500000000000000000e+01
5.400000000000000000e+01
4.600000000000000000e+01
3.900000000000000000e+01
4.400000000000000000e+01
4.000000000000000000e+01
2.800000000000000000e+01
2.800000000000000000e+01
2.700000000000000000e+01
3.000000000000000000e+01
2.500000000000000000e+01
2.100000000000000000e+01
1.900000000000000000e+01
1.600000000000000000e+01
5.000000000000000000e+00
1.100000000000000000e+01
7.000000000000000000e+00
1.200000000000000000e+01
1.300000000000000000e+01
1.000000000000000000e+01
5.000000000000000000e+00
3.000000000000000000e+00
6.000000000000000000e+00
8.000000000000000000e+00
4.000000000000000000e+00
4.000000000000000000e+00
3.000000000000000000e+00
1.000000000000000000e+00
3.000000000000000000e+00
1.000000000000000000e+00
2.000000000000000000e+00
1.000000000000000000e+00
1.000000000000000000e+00
3.000000000000000000e+00
4.000000000000000000e+00
2.000000000000000000e+00
1.000000000000000000e+00
0.000000000000000000e+00
1.000000000000000000e+00
0.000000000000000000e+00
0.000000000000000000e+00
0.000000000000000000e+00
0.000000000000000000e+00
0.000000000000000000e+00
3.000000000000000000e+00
0.000000000000000000e+00
0.000000000000000000e+00
0.000000000000000000e+00
0.000000000000000000e+00
0.000000000000000000e+00
0.000000000000000000e+00
0.000000000000000000e+00
0.000000000000000000e+00
0.000000000000000000e+00
0.000000000000000000e+00
0.000000000000000000e+00
0.000000000000000000e+00
0.000000000000000000e+00
0.000000000000000000e+00
0.000000000000000000e+00
0.000000000000000000e+00
0.000000000000000000e+00
0.000000000000000000e+00
2.300000000000000000e+02
8.000000000000000000e+01
8.900000000000000000e+01
9.800000000000000000e+01
9.000000000000000000e+01
1.030000000000000000e+02
1.310000000000000000e+02
1.060000000000000000e+02
1.200000000000000000e+02
1.260000000000000000e+02
1.510000000000000000e+02
1.320000000000000000e+02
1.310000000000000000e+02
1.200000000000000000e+02
1.190000000000000000e+02
1.320000000000000000e+02
1.290000000000000000e+02
1.230000000000000000e+02
1.280000000000000000e+02
1.320000000000000000e+02
1.310000000000000000e+02
1.300000000000000000e+02
1.370000000000000000e+02
1.180000000000000000e+02
1.520000000000000000e+02
1.260000000000000000e+02
1.190000000000000000e+02
1.300000000000000000e+02
1.290000000000000000e+02
1.370000000000000000e+02
1.440000000000000000e+02
1.550000000000000000e+02
1.340000000000000000e+02
1.400000000000000000e+02
1.340000000000000000e+02
1.620000000000000000e+02
1.620000000000000000e+02
1.420000000000000000e+02
1.610000000000000000e+02
1.530000000000000000e+02
1.680000000000000000e+02
1.720000000000000000e+02
1.710000000000000000e+02
1.550000000000000000e+02
1.760000000000000000e+02
1.940000000000000000e+02
2.050000000000000000e+02
2.090000000000000000e+02
2.020000000000000000e+02
2.330000000000000000e+02
2.070000000000000000e+02
2.280000000000000000e+02
2.440000000000000000e+02
2.790000000000000000e+02
2.650000000000000000e+02
2.700000000000000000e+02
2.690000000000000000e+02
3.050000000000000000e+02
3.250000000000000000e+02
3.630000000000000000e+02
3.750000000000000000e+02
3.620000000000000000e+02
4.170000000000000000e+02
4.230000000000000000e+02
4.580000000000000000e+02
4.600000000000000000e+02
4.950000000000000000e+02
5.050000000000000000e+02
5.260000000000000000e+02
6.010000000000000000e+02
6.120000000000000000e+02
6.450000000000000000e+02
7.280000000000000000e+02
7.940000000000000000e+02
7.450000000000000000e+02
7.810000000000000000e+02
8.360000000000000000e+02
8.730000000000000000e+02
9.350000000000000000e+02
9.520000000000000000e+02
1.016000000000000000e+03
1.034000000000000000e+03
1.105000000000000000e+03
1.084000000000000000e+03
1.095000000000000000e+03
1.187000000000000000e+03
1.179000000000000000e+03
1.240000000000000000e+03
1.208000000000000000e+03
1.301000000000000000e+03
1.276000000000000000e+03
1.305000000000000000e+03
1.301000000000000000e+03
1.300000000000000000e+03
1.322000000000000000e+03
1.375000000000000000e+03
1.303000000000000000e+03
1.349000000000000000e+03
1.350000000000000000e+03
1.384000000000000000e+03
1.389000000000000000e+03
1.348000000000000000e+03
1.320000000000000000e+03
1.351000000000000000e+03
1.414000000000000000e+03
1.363000000000000000e+03
1.366000000000000000e+03
1.337000000000000000e+03
1.273000000000000000e+03
1.315000000000000000e+03
1.323000000000000000e+03
1.286000000000000000e+03
1.264000000000000000e+03
1.292000000000000000e+03
1.226000000000000000e+03
1.218000000000000000e+03
1.159000000000000000e+03
1.138000000000000000e+03
1.198000000000000000e+03
1.161000000000000000e+03
1.114000000000000000e+03
1.121000000000000000e+03
1.009000000000000000e+03
1.015000000000000000e+03
9.250000000000000000e+02
9.570000000000000000e+02
9.360000000000000000e+02
8.850000000000000000e+02
8.660000000000000000e+02
7.690000000000000000e+02
7.840000000000000000e+02
7.120000000000000000e+02
7.220000000000000000e+02
6.320000000000000000e+02
6.170000000000000000e+02
5.740000000000000000e+02
5.500000000000000000e+02
4.960000000000000000e+02
5.200000000000000000e+02
4.460000000000000000e+02
4.080000000000000000e+02
3.960000000000000000e+02
3.550000000000000000e+02
3.540000000000000000e+02
3.110000000000000000e+02
3.090000000000000000e+02
2.760000000000000000e+02
2.760000000000000000e+02
2.770000000000000000e+02
2.440000000000000000e+02
2.370000000000000000e+02
2.180000000000000000e+02
1.870000000000000000e+02
1.890000000000000000e+02
1.670000000000000000e+02
1.520000000000000000e+02
1.750000000000000000e+02
1.640000000000000000e+02
1.760000000000000000e+02
1.780000000000000000e+02
1.890000000000000000e+02
1.890000000000000000e+02
1.990000000000000000e+02
1.830000000000000000e+02
1.800000000000000000e+02
1.510000000000000000e+02
1.620000000000000000e+02
1.240000000000000000e+02
1.380000000000000000e+02
1.090000000000000000e+02
1.140000000000000000e+02
1.140000000000000000e+02
1.120000000000000000e+02
1.090000000000000000e+02
9.800000000000000000e+01
1.130000000000000000e+02
7.800000000000000000e+01
1.090000000000000000e+02
9.800000000000000000e+01
8.900000000000000000e+01
9.000000000000000000e+01
8.800000000000000000e+01
9.300000000000000000e+01
9.100000000000000000e+01
8.600000000000000000e+01
1.010000000000000000e+02
9.800000000000000000e+01
9.500000000000000000e+01
7.200000000000000000e+01
6.300000000000000000e+01
6.200000000000000000e+01
6.000000000000000000e+01
5.100000000000000000e+01
5.600000000000000000e+01
6.300000000000000000e+01
5.800000000000000000e+01
4.000000000000000000e+01
5.400000000000000000e+01
4.900000000000000000e+01
4.100000000000000000e+01
4.000000000000000000e+01
3.000000000000000000e+01
4.600000000000000000e+01
4.600000000000000000e+01
3.300000000000000000e+01
3.800000000000000000e+01
3.300000000000000000e+01
2.900000000000000000e+01
3.200000000000000000e+01
2.600000000000000000e+01
1.600000000000000000e+01
1.800000000000000000e+01
1.400000000000000000e+01
2.100000000000000000e+01
1.000000000000000000e+01
1.300000000000000000e+01
1.200000000000000000e+01
1.300000000000000000e+01
1.000000000000000000e+01
1.000000000000000000e+01
1.300000000000000000e+01
1.200000000000000000e+01
1.400000000000000000e+01
8.000000000000000000e+00
5.000000000000000000e+00
6.000000000000000000e+00
4.000000000000000000e+00
5.000000000000000000e+00
6.000000000000000000e+00
8.000000000000000000e+00
9.000000000000000000e+00
6.000000000000000000e+00
0.000000000000000000e+00
5.000000000000000000e+00
2.000000000000000000e+00
1.000000000000000000e+00
5.000000000000000000e+00
2.000000000000000000e+00
0.000000000000000000e+00
0.000000000000000000e+00
2.000000000000000000e+00
0.000000000000000000e+00
4.000000000000000000e+00
0.000000000000000000e+00
1.000000000000000000e+00
1.000000000000000000e+00
2.000000000000000000e+00
1.000000000000000000e+00
1.000000000000000000e+00
3.000000000000000000e+00
0.000000000000000000e+00
4.000000000000000000e+00
2.000000000000000000e+00
0.000000000000000000e+00
3.000000000000000000e+00
2.700000000000000000e+01
