5.820000000000000000e+02
1.140000000000000000e+02
1.450000000000000000e+02
1.280000000000000000e+02
1.520000000000000000e+02
1.870000000000000000e+02
2.000000000000000000e+02
2.290000000000000000e+02
1.920000000000000000e+02
2.250000000000000000e+02
2.260000000000000000e+02
2.650000000000000000e+02
2.630000000000000000e+02
3.300000000000000000e+02
3.270000000000000000e+02
3.430000000000000000e+02
3.850000000000000000e+02
3.870000000000000000e+02
4.410000000000000000e+02
4.630000000000000000e+02
4.540000000000000000e+02
5.000000000000000000e+02
5.230000000000000000e+02
5.500000000000000000e+02
5.970000000000000000e+02
6.110000000000000000e+02
6.560000000000000000e+02
6.200000000000000000e+02
7.090000000000000000e+02
7.610000000000000000e+02
7.850000000000000000e+02
7.860000000000000000e+02
8.110000000000000000e+02
7.790000000000000000e+02
8.570000000000000000e+02
9.020000000000000000e+02
9.780000000000000000e+02
9.420000000000000000e+02
9.830000000000000000e+02
1.053000000000000000e+03
1.042000000000000000e+03
1.132000000000000000e+03
1.206000000000000000e+03
1.163000000000000000e+03
1.250000000000000000e+03
1.268000000000000000e+03
1.292000000000000000e+03
1.340000000000000000e+03
1.376000000000000000e+03
1.438000000000000000e+03
1.448000000000000000e+03
1.503000000000000000e+03
1.558000000000000000e+03
1.519000000000000000e+03
1.509000000000000000e+03
1.541000000000000000e+03
1.558000000000000000e+03
1.634000000000000000e+03
1.528000000000000000e+03
1.538000000000000000e+03
1.511000000000000000e+03
1.509000000000000000e+03
1.543000000000000000e+03
1.552000000000000000e+03
1.499000000000000000e+03
1.403000000000000000e+03
1.439000000000000000e+03
1.443000000000000000e+03
1.390000000000000000e+03
1.388000000000000000e+03
1.362000000000000000e+03
1.367000000000000000e+03
1.296000000000000000e+03
1.282000000000000000e+03
1.211000000000000000e+03
1.150000000000000000e+03
1.181000000000000000e+03
1.156000000000000000e+03
1.114000000000000000e+03
1.121000000000000000e+03
1.063000000000000000e+03
1.028000000000000000e+03
1.042000000000000000e+03
1.039000000000000000e+03
9.610000000000000000e+02
9.000000000000000000e+02
9.010000000000000000e+02
8.370000000000000000e+02
8.640000000000000000e+02
7.880000000000000000e+02
8.100000000000000000e+02
7.480000000000000000e+02
7.230000000000000000e+02
7.310000000000000000e+02
6.440000000000000000e+02
6.280000000000000000e+02
6.380000000000000000e+02
5.750000000000000000e+02
5.270000000000000000e+02
5.440000000000000000e+02
5.150000000000000000e+02
4.780000000000000000e+02
4.340000000000000000e+02
4.070000000000000000e+02
3.990000000000000000e+02
3.560000000000000000e+02
3.580000000000000000e+02
3.270000000000000000e+02
2.810000000000000000e+02
2.800000000000000000e+02
2.330000000000000000e+02
2.590000000000000000e+02
2.110000000000000000e+02
2.180000000000000000e+02
1.930000000000000000e+02
1.670000000000000000e+02
1.600000000000000000e+02
1.470000000000000000e+02
1.290000000000000000e+02
1.140000000000000000e+02
1.050000000000000000e+02
1.110000000000000000e+02
8.300000000000000000e+01
8.500000000000000000e+01
5.700000000000000000e+01
6.800000000000000000e+01
4.900000000000000000e+01
4.600000000000000000e+01
4.600000000000000000e+01
4.600000000000000000e+01
3.800000000000000000e+01
4.100000000000000000e+01
3.600000000000000000e+01
3.100000000000000000e+01
2.100000000000000000e+01
3.200000000000000000e+01
1.900000000000000000e+01
2.900000000000000000e+01
1.900000000000000000e+01
1.800000000000000000e+01
1.600000000000000000e+01
1.500000000000000000e+01
1.100000000000000000e+01
1.800000000000000000e+01
2.200000000000000000e+01
1.300000000000000000e+01
8.000000000000000000e+00
1.400000000000000000e+01
7.000000000000000000e+00
7.000000000000000000e+00
4.000000000000000000e+00
3.000000000000000000e+00
8.000000000000000000e+00
5.000000000000000000e+00
2.000000000000000000e+00
5.000000000000000000e+00
4.000000000000000000e+00
4.000000000000000000e+00
2.000000000000000000e+00
4.000000000000000000e+00
3.000000000000000000e+00
7.000000000000000000e+00
1.000000000000000000e+00
8.000000000000000000e+00
7.000000000000000000e+00
3.000000000000000000e+00
4.000000000000000000e+00
2.000000000000000000e+00
5.000000000000000000e+00
2.000000000000000000e+00
4.000000000000000000e+00
3.000000000000000000e+00
2.000000000000000000e+00
1.000000000000000000e+00
1.000000000000000000e+00
2.000000000000000000e+00
3.000000000000000000e+00
1.000000000000000000e+00
3.000000000000000000e+00
3.000000000000000000e+00
3.000000000000000000e+00
0.000000000000000000e+00
0.000000000000000000e+00
2.000000000000000000e+00
2.000000000000000000e+00
3.000000000000000000e+00
4.000000000000000000e+00
1.000000000000000000e+00
2.000000000000000000e+00
1.000000000000000000e+00
4.000000000000000000e+00
2.000000000000000000e+00
4.000000000000000000e+00
5.000000000000000000e+00
3.000000000000000000e+00
5.000000000000000000e+00
2.000000000000000000e+00
3.000000000000000000e+00
4.000000000000000000e+00
1.000000000000000000e+00
3.000000000000000000e+00
6.000000000000000000e+00
3.000000000000000000e+00
3.000000000000000000e+00
7.000000000000000000e+00
3.000000000000000000e+00
0.000000000000000000e+00
4.000000000000000000e+00
4.000000000000000000e+00
5.000000000000000000e+00
3.000000000000000000e+00
3.000000000000000000e+00
6.000000000000000000e+00
2.000000000000000000e+00
7.000000000000000000e+00
9.000000000000000000e+00
4.000000000000000000e+00
6.000000000000000000e+00
6.000000000000000000e+00
4.000000000000000000e+00
8.000000000000000000e+00
5.000000000000000000e+00
1.200000000000000000e+01
1.000000000000000000e+01
7.000000000000000000e+00
8.000000000000000000e+00
4.000000000000000000e+00
5.000000000000000000e+00
6.000000000000000000e+00
6.000000000000000000e+00
5.000000000000000000e+00
2.000000000000000000e+00
2.000000000000000000e+00
4.000000000000000000e+00
2.000000000000000000e+00
0.000000000000000000e+00
1.000000000000000000e+00
1.000000000000000000e+00
0.000000000000000000e+00
0.000000000000000000e+00
1.000000000000000000e+00
0.000000000000000000e+00
1.000000000000000000e+00
0.000000000000000000e+00
0.000000000000000000e+00
0.000000000000000000e+00
0.000000000000000000e+00
0.000000000000000000e+00
0.000000000000000000e+00
0.000000000000000000e+00
0.000000000000000000e+00
0.000000000000000000e+00
0.000000000000000000e+00
0.000000000000000000e+00
0.000000000000000000e+00
0.000000000000000000e+00
1.280000000000000000e+02
4.600000000000000000e+01
5.500000000000000000e+01
5.700000000000000000e+01
7.500000000000000000e+01
6.200000000000000000e+01
6.300000000000000000e+01
5.700000000000000000e+01
5.400000000000000000e+01
5.900000000000000000e+01
6.300000000000000000e+01
7.500000000000000000e+01
5.500000000000000000e+01
6.200000000000000000e+01
8.200000000000000000e+01
8.800000000000000000e+01
7.200000000000000000e+01
9.900000000000000000e+01
8.900000000000000000e+01
9.800000000000000000e+01
1.100000000000000000e+02
1.190000000000000000e+02
1.270000000000000000e+02
1.190000000000000000e+02
1.490000000000000000e+02
1.130000000000000000e+02
1.300000000000000000e+02
1.420000000000000000e+02
1.680000000000000000e+02
1.640000000000000000e+02
1.530000000000000000e+02
1.740000000000000000e+02
1.700000000000000000e+02
1.820000000000000000e+02
1.880000000000000000e+02
1.760000000000000000e+02
2.440000000000000000e+02
2.200000000000000000e+02
2.170000000000000000e+02
2.220000000000000000e+02
2.560000000000000000e+02
2.440000000000000000e+02
2.430000000000000000e+02
2.700000000000000000e+02
3.020000000000000000e+02
2.820000000000000000e+02
2.850000000000000000e+02
3.170000000000000000e+02
2.990000000000000000e+02
3.540000000000000000e+02
3.100000000000000000e+02
3.320000000000000000e+02
3.340000000000000000e+02
3.470000000000000000e+02
3.830000000000000000e+02
3.730000000000000000e+02
3.920000000000000000e+02
4.060000000000000000e+02
3.420000000000000000e+02
4.140000000000000000e+02
4.550000000000000000e+02
4.410000000000000000e+02
4.310000000000000000e+02
4.010000000000000000e+02
4.440000000000000000e+02
4.720000000000000000e+02
5.210000000000000000e+02
5.100000000000000000e+02
5.000000000000000000e+02
4.750000000000000000e+02
5.130000000000000000e+02
4.550000000000000000e+02
5.120000000000000000e+02
5.060000000000000000e+02
5.250000000000000000e+02
5.340000000000000000e+02
5.260000000000000000e+02
5.480000000000000000e+02
5.310000000000000000e+02
6.010000000000000000e+02
5.850000000000000000e+02
5.850000000000000000e+02
6.050000000000000000e+02
6.110000000000000000e+02
6.080000000000000000e+02
6.250000000000000000e+02
6.390000000000000000e+02
6.140000000000000000e+02
6.390000000000000000e+02
6.900000000000000000e+02
6.710000000000000000e+02
6.800000000000000000e+02
7.430000000000000000e+02
7.410000000000000000e+02
7.060000000000000000e+02
7.210000000000000000e+02
7.440000000000000000e+02
8.020000000000000000e+02
7.700000000000000000e+02
8.020000000000000000e+02
8.760000000000000000e+02
8.740000000000000000e+02
8.780000000000000000e+02
8.660000000000000000e+02
8.590000000000000000e+02
9.210000000000000000e+02
9.010000000000000000e+02
9.230000000000000000e+02
9.380000000000000000e+02
9.360000000000000000e+02
9.530000000000000000e+02
9.400000000000000000e+02
9.590000000000000000e+02
1.041000000000000000e+03
9.570000000000000000e+02
1.028000000000000000e+03
9.890000000000000000e+02
1.097000000000000000e+03
1.077000000000000000e+03
1.083000000000000000e+03
1.060000000000000000e+03
1.062000000000000000e+03
1.084000000000000000e+03
1.121000000000000000e+03
1.067000000000000000e+03
1.101000000000000000e+03
1.064000000000000000e+03
1.060000000000000000e+03
1.073000000000000000e+03
1.062000000000000000e+03
1.038000000000000000e+03
1.050000000000000000e+03
9.710000000000000000e+02
1.051000000000000000e+03
9.860000000000000000e+02
9.150000000000000000e+02
1.012000000000000000e+03
9.350000000000000000e+02
9.350000000000000000e+02
8.840000000000000000e+02
9.280000000000000000e+02
8.790000000000000000e+02
9.010000000000000000e+02
8.670000000000000000e+02
8.370000000000000000e+02
8.610000000000000000e+02
7.990000000000000000e+02
7.670000000000000000e+02
8.030000000000000000e+02
7.410000000000000000e+02
6.950000000000000000e+02
6.860000000000000000e+02
6.640000000000000000e+02
6.550000000000000000e+02
6.780000000000000000e+02
6.430000000000000000e+02
6.630000000000000000e+02
5.650000000000000000e+02
5.720000000000000000e+02
5.650000000000000000e+02
5.110000000000000000e+02
5.140000000000000000e+02
4.830000000000000000e+02
5.040000000000000000e+02
4.340000000000000000e+02
4.080000000000000000e+02
3.990000000000000000e+02
3.880000000000000000e+02
3.320000000000000000e+02
3.750000000000000000e+02
3.350000000000000000e+02
3.220000000000000000e+02
2.820000000000000000e+02
2.610000000000000000e+02
2.850000000000000000e+02
2.740000000000000000e+02
2.120000000000000000e+02
2.050000000000000000e+02
2.240000000000000000e+02
1.930000000000000000e+02
1.780000000000000000e+02
1.680000000000000000e+02
1.520000000000000000e+02
1.520000000000000000e+02
1.530000000000000000e+02
1.120000000000000000e+02
1.060000000000000000e+02
1.130000000000000000e+02
9.200000000000000000e+01
8.900000000000000000e+01
6.400000000000000000e+01
6.400000000000000000e+01
7.700000000000000000e+01
6.900000000000000000e+01
6.500000000000000000e+01
6.300000000000000000e+01
4.200000000000000000e+01
4.900000000000000000e+01
3.100000000000000000e+01
2.500000000000000000e+01
3.600000000000000000e+01
2.400000000000000000e+01
2.600000000000000000e+01
1.900000000000000000e+01
2.000000000000000000e+01
2.100000000000000000e+01
1.400000000000000000e+01
1.100000000000000000e+01
1.400000000000000000e+01
9.000000000000000000e+00
8.000000000000000000e+00
1.300000000000000000e+01
2.000000000000000000e+00
1.000000000000000000e+01
1.000000000000000000e+01
1.200000000000000000e+01
8.000000000000000000e+00
9.000000000000000000e+00
7.000000000000000000e+00
1.500000000000000000e+01
1.000000000000000000e+01
1.100000000000000000e+01
1.200000000000000000e+01
8.000000000000000000e+00
9.000000000000000000e+00
7.000000000000000000e+00
1.300000000000000000e+01
1.400000000000000000e+01
5.000000000000000000e+00
7.000000000000000000e+00
7.000000000000000000e+00
3.000000000000000000e+00
1.000000000000000000e+00
3.000000000000000000e+00
2.000000000000000000e+00
3.000000000000000000e+00
2.000000000000000000e+00
2.000000000000000000e+00
2.000000000000000000e+00
0.000000000000000000e+00
0.000000000000000000e+00
0.000000000000000000e+00
0.000000000000000000e+00
0.000000000000000000e+00
1.000000000000000000e+00
0.000000000000000000e+00
0.000000000000000000e+00
0.000000000000000000e+00
0.000000000000000000e+00
0.000000000000000000e+00
0.000000000000000000e+00
0.000000000000000000e+00
0.000000000000000000e+00
0.000000000000000000e+00
0.000000000000000000e+00
0.000000000000000000e+00
1.330000000000000000e+02
5.700000000000000000e+01
5.300000000000000000e+01
6.700000000000000000e+01
7.600000000000000000e+01
8.400000000000000000e+01
1.010000000000000000e+02
7.700000000000000000e+01
7.100000000000000000e+01
9.200000000000000000e+01
9.900000000000000000e+01
1.150000000000000000e+02
1.430000000000000000e+02
1.180000000000000000e+02
1.440000000000000000e+02
1.230000000000000000e+02
1.370000000000000000e+02
1.740000000000000000e+02
1.530000000000000000e+02
1.930000000000000000e+02
1.700000000000000000e+02
1.590000000000000000e+02
1.900000000000000000e+02
1.860000000000000000e+02
1.960000000000000000e+02
1.870000000000000000e+02
2.000000000000000000e+02
2.360000000000000000e+02
2.400000000000000000e+02
2.640000000000000000e+02
2.330000000000000000e+02
2.970000000000000000e+02
2.760000000000000000e+02
3.070000000000000000e+02
2.870000000000000000e+02
3.470000000000000000e+02
3.480000000000000000e+02
3.800000000000000000e+02
3.340000000000000000e+02
3.750000000000000000e+02
3.910000000000000000e+02
3.880000000000000000e+02
4.340000000000000000e+02
4.230000000000000000e+02
4.430000000000000000e+02
4.930000000000000000e+02
4.510000000000000000e+02
4.510000000000000000e+02
4.790000000000000000e+02
5.360000000000000000e+02
5.130000000000000000e+02
5.160000000000000000e+02
5.540000000000000000e+02
5.190000000000000000e+02
5.780000000000000000e+02
5.430000000000000000e+02
5.790000000000000000e+02
5.930000000000000000e+02
6.200000000000000000e+02
6.370000000000000000e+02
6.620000000000000000e+02
6.780000000000000000e+02
7.250000000000000000e+02
7.380000000000000000e+02
7.950000000000000000e+02
7.670000000000000000e+02
8.550000000000000000e+02
7.810000000000000000e+02
8.180000000000000000e+02
8.750000000000000000e+02
8.630000000000000000e+02
9.450000000000000000e+02
9.110000000000000000e+02
9.230000000000000000e+02
9.340000000000000000e+02
9.720000000000000000e+02
1.047000000000000000e+03
1.000000000000000000e+03
1.050000000000000000e+03
1.040000000000000000e+03
1.127000000000000000e+03
1.101000000000000000e+03
1.125000000000000000e+03
1.108000000000000000e+03
1.119000000000000000e+03
1.121000000000000000e+03
1.177000000000000000e+03
1.134000000000000000e+03
1.127000000000000000e+03
1.125000000000000000e+03
1.215000000000000000e+03
1.084000000000000000e+03
1.141000000000000000e+03
1.057000000000000000e+03
1.114000000000000000e+03
1.078000000000000000e+03
1.115000000000000000e+03
1.007000000000000000e+03
1.031000000000000000e+03
1.017000000000000000e+03
9.650000000000000000e+02
1.018000000000000000e+03
1.008000000000000000e+03
1.047000000000000000e+03
9.330000000000000000e+02
9.330000000000000000e+02
9.320000000000000000e+02
9.130000000000000000e+02
8.260000000000000000e+02
8.550000000000000000e+02
7.860000000000000000e+02
8.610000000000000000e+02
7.430000000000000000e+02
7.680000000000000000e+02
7.550000000000000000e+02
7.930000000000000000e+02
7.150000000000000000e+02
7.310000000000000000e+02
7.040000000000000000e+02
7.300000000000000000e+02
7.020000000000000000e+02
6.430000000000000000e+02
7.070000000000000000e+02
6.750000000000000000e+02
6.190000000000000000e+02
6.810000000000000000e+02
6.680000000000000000e+02
6.020000000000000000e+02
6.390000000000000000e+02
6.260000000000000000e+02
6.350000000000000000e+02
5.790000000000000000e+02
5.530000000000000000e+02
5.980000000000000000e+02
5.870000000000000000e+02
5.630000000000000000e+02
5.620000000000000000e+02
5.400000000000000000e+02
5.020000000000000000e+02
5.080000000000000000e+02
5.290000000000000000e+02
4.760000000000000000e+02
4.610000000000000000e+02
4.650000000000000000e+02
4.910000000000000000e+02
4.170000000000000000e+02
4.440000000000000000e+02
3.760000000000000000e+02
3.910000000000000000e+02
3.860000000000000000e+02
3.810000000000000000e+02
3.300000000000000000e+02
3.510000000000000000e+02
3.100000000000000000e+02
3.340000000000000000e+02
3.180000000000000000e+02
3.150000000000000000e+02
2.930000000000000000e+02
2.490000000000000000e+02
2.470000000000000000e+02
2.520000000000000000e+02
2.530000000000000000e+02
2.040000000000000000e+02
2.070000000000000000e+02
1.830000000000000000e+02
1.830000000000000000e+02
1.830000000000000000e+02
1.610000000000000000e+02
1.610000000000000000e+02
1.410000000000000000e+02
1.370000000000000000e+02
1.190000000000000000e+02
1.270000000000000000e+02
1.130000000000000000e+02
1.150000000000000000e+02
1.220000000000000000e+02
1.070000000000000000e+02
9.800000000000000000e+01
9.800000000000000000e+01
9.700000000000000000e+01
7.500000000000000000e+01
8.100000000000000000e+01
6.600000000000000000e+01
5.700000000000000000e+01
6.500000000000000000e+01
5.300000000000000000e+01
5.500000000000000000e+01
3.900000000000000000e+01
5.400000000000000000e+01
4.500000000000000000e+01
5.400000000000000000e+01
4.100000000000000000e+01
4.300000000000000000e+01
3.500000000000000000e+01
3.500000000000000000e+01
3.100000000000000000e+01
2.800000000000000000e+01
2.100000000000000000e+01
1.400000000000000000e+01
2.000000000000000000e+01
1.300000000000000000e+01
1.300000000000000000e+01
1.900000000000000000e+01
2.300000000000000000e+01
1.300000000000000000e+01
1.000000000000000000e+01
1.100000000000000000e+01
1.200000000000000000e+01
9.000000000000000000e+00
1.000000000000000000e+01
1.000000000000000000e+01
7.000000000000000000e+00
9.000000000000000000e+00
6.000000000000000000e+00
8.000000000000000000e+00
4.000000000000000000e+00
9.000000000000000000e+00
6.000000000000000000e+00
6.000000000000000000e+00
7.000000000000000000e+00
9.000000000000000000e+00
6.000000000000000000e+00
8.000000000000000000e+00
6.000000000000000000e+00
8.000000000000000000e+00
6.000000000000000000e+00
9.000000000000000000e+00
8.000000000000000000e+00
5.000000000000000000e+00
9.000000000000000000e+00
1.600000000000000000e+01
7.000000000000000000e+00
1.200000000000000000e+01
7.000000000000000000e+00
6.000000000000000000e+00
7.000000000000000000e+00
7.000000000000000000e+00
4.000000000000000000e+00
1.300000000000000000e+01
1.000000000000000000e+01
6.000000000000000000e+00
3.000000000000000000e+00
5.000000000000000000e+00
5.000000000000000000e+00
5.000000000000000000e+00
1.100000000000000000e+01
9.000000000000000000e+00
7.000000000000000000e+00
2.000000000000000000e+00
1.000000000000000000e+01
7.000000000000000000e+00
6.000000000000000000e+00
4.000000000000000000e+00
4.000000000000000000e+00
6.000000000000000000e+00
3.900000000000000000e+01
