8.350000000000000000e+02
1.460000000000000000e+02
4.200000000000000000e+02
2.860000000000000000e+02
7.680000000000000000e+02
7.610000000000000000e+02
7.750000000000000000e+02
1.074000000000000000e+03
1.472000000000000000e+03
2.068000000000000000e+03
2.067000000000000000e+03
1.862000000000000000e+03
1.664000000000000000e+03
1.591000000000000000e+03
1.567000000000000000e+03
1.565000000000000000e+03
1.722000000000000000e+03
1.675000000000000000e+03
1.696000000000000000e+03
1.697000000000000000e+03
1.823000000000000000e+03
1.728000000000000000e+03
1.840000000000000000e+03
1.866000000000000000e+03
1.812000000000000000e+03
2.067000000000000000e+03
2.002000000000000000e+03
2.324000000000000000e+03
2.402000000000000000e+03
2.230000000000000000e+03
2.139000000000000000e+03
2.022000000000000000e+03
1.885000000000000000e+03
1.665000000000000000e+03
1.612000000000000000e+03
1.491000000000000000e+03
1.430000000000000000e+03
1.367000000000000000e+03
1.359000000000000000e+03
1.313000000000000000e+03
1.279000000000000000e+03
1.321000000000000000e+03
1.274000000000000000e+03
1.229000000000000000e+03
1.233000000000000000e+03
1.186000000000000000e+03
1.171000000000000000e+03
1.134000000000000000e+03
1.102000000000000000e+03
1.006000000000000000e+03
1.004000000000000000e+03
9.270000000000000000e+02
9.930000000000000000e+02
8.830000000000000000e+02
8.560000000000000000e+02
8.320000000000000000e+02
7.880000000000000000e+02
7.610000000000000000e+02
7.910000000000000000e+02
7.550000000000000000e+02
7.250000000000000000e+02
7.580000000000000000e+02
7.290000000000000000e+02
7.110000000000000000e+02
7.200000000000000000e+02
6.700000000000000000e+02
6.200000000000000000e+02
5.940000000000000000e+02
6.400000000000000000e+02
6.280000000000000000e+02
5.910000000000000000e+02
6.260000000000000000e+02
6.020000000000000000e+02
5.540000000000000000e+02
5.580000000000000000e+02
5.670000000000000000e+02
5.020000000000000000e+02
5.660000000000000000e+02
5.380000000000000000e+02
4.820000000000000000e+02
5.550000000000000000e+02
5.010000000000000000e+02
5.410000000000000000e+02
5.290000000000000000e+02
4.990000000000000000e+02
5.260000000000000000e+02
5.220000000000000000e+02
4.930000000000000000e+02
4.690000000000000000e+02
4.760000000000000000e+02
5.190000000000000000e+02
5.030000000000000000e+02
5.090000000000000000e+02
5.110000000000000000e+02
5.420000000000000000e+02
4.830000000000000000e+02
5.480000000000000000e+02
5.620000000000000000e+02
5.550000000000000000e+02
5.850000000000000000e+02
5.410000000000000000e+02
5.470000000000000000e+02
6.160000000000000000e+02
5.950000000000000000e+02
6.380000000000000000e+02
6.470000000000000000e+02
6.480000000000000000e+02
6.910000000000000000e+02
6.750000000000000000e+02
6.820000000000000000e+02
7.780000000000000000e+02
7.780000000000000000e+02
8.410000000000000000e+02
8.370000000000000000e+02
8.720000000000000000e+02
8.920000000000000000e+02
9.700000000000000000e+02
9.240000000000000000e+02
1.010000000000000000e+03
1.016000000000000000e+03
1.042000000000000000e+03
1.097000000000000000e+03
1.062000000000000000e+03
1.083000000000000000e+03
1.174000000000000000e+03
1.218000000000000000e+03
1.201000000000000000e+03
1.157000000000000000e+03
1.263000000000000000e+03
1.176000000000000000e+03
1.182000000000000000e+03
1.179000000000000000e+03
1.117000000000000000e+03
1.134000000000000000e+03
1.085000000000000000e+03
1.117000000000000000e+03
1.076000000000000000e+03
1.071000000000000000e+03
9.810000000000000000e+02
9.100000000000000000e+02
9.300000000000000000e+02
8.600000000000000000e+02
8.570000000000000000e+02
8.050000000000000000e+02
7.480000000000000000e+02
6.950000000000000000e+02
6.700000000000000000e+02
6.680000000000000000e+02
6.180000000000000000e+02
5.460000000000000000e+02
5.410000000000000000e+02
5.040000000000000000e+02
4.700000000000000000e+02
4.310000000000000000e+02
4.160000000000000000e+02
4.150000000000000000e+02
3.990000000000000000e+02
3.530000000000000000e+02
3.000000000000000000e+02
3.190000000000000000e+02
3.190000000000000000e+02
2.860000000000000000e+02
2.800000000000000000e+02
2.740000000000000000e+02
2.370000000000000000e+02
1.990000000000000000e+02
2.030000000000000000e+02
2.140000000000000000e+02
1.850000000000000000e+02
1.860000000000000000e+02
1.950000000000000000e+02
1.520000000000000000e+02
1.620000000000000000e+02
1.760000000000000000e+02
1.470000000000000000e+02
1.570000000000000000e+02
1.590000000000000000e+02
1.490000000000000000e+02
1.650000000000000000e+02
1.720000000000000000e+02
1.620000000000000000e+02
1.590000000000000000e+02
1.490000000000000000e+02
1.480000000000000000e+02
1.260000000000000000e+02
1.420000000000000000e+02
1.560000000000000000e+02
1.390000000000000000e+02
1.360000000000000000e+02
1.400000000000000000e+02
1.540000000000000000e+02
1.320000000000000000e+02
1.190000000000000000e+02
1.390000000000000000e+02
1.430000000000000000e+02
1.170000000000000000e+02
1.290000000000000000e+02
1.210000000000000000e+02
1.220000000000000000e+02
1.320000000000000000e+02
1.560000000000000000e+02
1.180000000000000000e+02
1.320000000000000000e+02
1.360000000000000000e+02
1.010000000000000000e+02
1.000000000000000000e+02
1.080000000000000000e+02
1.150000000000000000e+02
1.100000000000000000e+02
1.060000000000000000e+02
1.080000000000000000e+02
1.060000000000000000e+02
9.100000000000000000e+01
1.090000000000000000e+02
9.900000000000000000e+01
1.010000000000000000e+02
9.800000000000000000e+01
9.300000000000000000e+01
1.180000000000000000e+02
1.050000000000000000e+02
8.200000000000000000e+01
1.020000000000000000e+02
9.500000000000000000e+01
8.600000000000000000e+01
9.100000000000000000e+01
9.600000000000000000e+01
8.300000000000000000e+01
1.050000000000000000e+02
7.800000000000000000e+01
7.800000000000000000e+01
7.500000000000000000e+01
8.600000000000000000e+01
8.300000000000000000e+01
7.500000000000000000e+01
9.100000000000000000e+01
8.800000000000000000e+01
7.600000000000000000e+01
8.600000000000000000e+01
8.700000000000000000e+01
9.600000000000000000e+01
9.200000000000000000e+01
8.400000000000000000e+01
7.800000000000000000e+01
8.500000000000000000e+01
8.300000000000000000e+01
1.120000000000000000e+02
7.000000000000000000e+01
8.100000000000000000e+01
7.700000000000000000e+01
7.600000000000000000e+01
7.500000000000000000e+01
7.500000000000000000e+01
6.000000000000000000e+01
7.000000000000000000e+01
7.000000000000000000e+01
5.910000000000000000e+02
1.364000000000000000e+03
6.470000000000000000e+02
7.800000000000000000e+02
1.237000000000000000e+03
1.971000000000000000e+03
1.623000000000000000e+03
1.595000000000000000e+03
1.447000000000000000e+03
1.441000000000000000e+03
1.408000000000000000e+03
1.416000000000000000e+03
1.418000000000000000e+03
1.523000000000000000e+03
1.610000000000000000e+03
1.607000000000000000e+03
1.609000000000000000e+03
1.666000000000000000e+03
1.893000000000000000e+03
1.975000000000000000e+03
1.791000000000000000e+03
1.794000000000000000e+03
1.913000000000000000e+03
1.872000000000000000e+03
1.846000000000000000e+03
1.653000000000000000e+03
1.585000000000000000e+03
1.469000000000000000e+03
1.329000000000000000e+03
1.352000000000000000e+03
1.266000000000000000e+03
1.273000000000000000e+03
1.220000000000000000e+03
1.209000000000000000e+03
1.162000000000000000e+03
1.163000000000000000e+03
1.190000000000000000e+03
1.114000000000000000e+03
1.109000000000000000e+03
1.055000000000000000e+03
1.081000000000000000e+03
1.105000000000000000e+03
1.145000000000000000e+03
1.070000000000000000e+03
1.091000000000000000e+03
1.067000000000000000e+03
1.045000000000000000e+03
1.007000000000000000e+03
1.085000000000000000e+03
1.102000000000000000e+03
1.094000000000000000e+03
1.051000000000000000e+03
1.116000000000000000e+03
1.066000000000000000e+03
1.016000000000000000e+03
1.025000000000000000e+03
1.028000000000000000e+03
9.910000000000000000e+02
1.034000000000000000e+03
9.790000000000000000e+02
9.700000000000000000e+02
9.610000000000000000e+02
9.680000000000000000e+02
9.140000000000000000e+02
9.370000000000000000e+02
9.180000000000000000e+02
8.810000000000000000e+02
8.820000000000000000e+02
9.000000000000000000e+02
8.630000000000000000e+02
8.400000000000000000e+02
8.270000000000000000e+02
7.960000000000000000e+02
7.500000000000000000e+02
7.720000000000000000e+02
7.620000000000000000e+02
7.440000000000000000e+02
7.790000000000000000e+02
6.630000000000000000e+02
7.120000000000000000e+02
7.030000000000000000e+02
6.470000000000000000e+02
6.400000000000000000e+02
6.630000000000000000e+02
6.100000000000000000e+02
6.360000000000000000e+02
6.570000000000000000e+02
6.010000000000000000e+02
5.860000000000000000e+02
6.280000000000000000e+02
5.670000000000000000e+02
5.590000000000000000e+02
5.650000000000000000e+02
6.150000000000000000e+02
5.810000000000000000e+02
6.170000000000000000e+02
5.460000000000000000e+02
5.570000000000000000e+02
5.540000000000000000e+02
5.410000000000000000e+02
6.020000000000000000e+02
6.490000000000000000e+02
6.110000000000000000e+02
6.760000000000000000e+02
6.180000000000000000e+02
6.690000000000000000e+02
7.310000000000000000e+02
6.940000000000000000e+02
6.990000000000000000e+02
7.920000000000000000e+02
8.150000000000000000e+02
8.370000000000000000e+02
8.420000000000000000e+02
8.830000000000000000e+02
8.700000000000000000e+02
9.330000000000000000e+02
9.550000000000000000e+02
1.016000000000000000e+03
9.790000000000000000e+02
1.018000000000000000e+03
1.047000000000000000e+03
1.008000000000000000e+03
1.063000000000000000e+03
1.140000000000000000e+03
1.190000000000000000e+03
1.182000000000000000e+03
1.206000000000000000e+03
1.222000000000000000e+03
1.181000000000000000e+03
1.190000000000000000e+03
1.149000000000000000e+03
1.124000000000000000e+03
1.177000000000000000e+03
1.129000000000000000e+03
1.113000000000000000e+03
1.070000000000000000e+03
1.046000000000000000e+03
9.470000000000000000e+02
8.870000000000000000e+02
9.170000000000000000e+02
8.690000000000000000e+02
8.370000000000000000e+02
7.790000000000000000e+02
7.000000000000000000e+02
7.210000000000000000e+02
6.870000000000000000e+02
6.710000000000000000e+02
6.200000000000000000e+02
5.580000000000000000e+02
5.400000000000000000e+02
4.910000000000000000e+02
4.970000000000000000e+02
4.550000000000000000e+02
4.330000000000000000e+02
4.080000000000000000e+02
4.050000000000000000e+02
3.520000000000000000e+02
3.280000000000000000e+02
3.300000000000000000e+02
3.320000000000000000e+02
2.830000000000000000e+02
2.810000000000000000e+02
2.540000000000000000e+02
2.180000000000000000e+02
2.120000000000000000e+02
2.450000000000000000e+02
1.910000000000000000e+02
1.720000000000000000e+02
1.770000000000000000e+02
1.790000000000000000e+02
1.690000000000000000e+02
1.670000000000000000e+02
1.940000000000000000e+02
1.520000000000000000e+02
1.440000000000000000e+02
1.430000000000000000e+02
1.540000000000000000e+02
1.360000000000000000e+02
1.600000000000000000e+02
1.500000000000000000e+02
1.590000000000000000e+02
1.360000000000000000e+02
1.390000000000000000e+02
1.450000000000000000e+02
1.460000000000000000e+02
1.570000000000000000e+02
1.560000000000000000e+02
1.520000000000000000e+02
1.490000000000000000e+02
1.330000000000000000e+02
1.320000000000000000e+02
1.500000000000000000e+02
1.530000000000000000e+02
1.470000000000000000e+02
1.400000000000000000e+02
1.360000000000000000e+02
1.220000000000000000e+02
1.220000000000000000e+02
1.320000000000000000e+02
1.350000000000000000e+02
1.010000000000000000e+02
1.110000000000000000e+02
1.320000000000000000e+02
1.040000000000000000e+02
1.070000000000000000e+02
1.330000000000000000e+02
1.130000000000000000e+02
9.400000000000000000e+01
9.200000000000000000e+01
1.120000000000000000e+02
9.600000000000000000e+01
1.000000000000000000e+02
8.900000000000000000e+01
1.150000000000000000e+02
9.000000000000000000e+01
1.070000000000000000e+02
7.600000000000000000e+01
8.300000000000000000e+01
8.800000000000000000e+01
8.000000000000000000e+01
8.000000000000000000e+01
7.800000000000000000e+01
7.600000000000000000e+01
9.000000000000000000e+01
7.300000000000000000e+01
8.300000000000000000e+01
7.200000000000000000e+01
7.800000000000000000e+01
8.400000000000000000e+01
8.200000000000000000e+01
8.900000000000000000e+01
5.700000000000000000e+01
8.600000000000000000e+01
6.600000000000000000e+01
7.500000000000000000e+01
8.800000000000000000e+01
7.400000000000000000e+01
7.300000000000000000e+01
7.300000000000000000e+01
8.200000000000000000e+01
5.600000000000000000e+01
5.600000000000000000e+01
7.600000000000000000e+01
5.700000000000000000e+01
6.800000000000000000e+01
6.000000000000000000e+01
6.000000000000000000e+01
5.500000000000000000e+01
5.600000000000000000e+01
4.400000000000000000e+01
7.200000000000000000e+01
7.400000000000000000e+01
5.500000000000000000e+01
5.000000000000000000e+01
4.600000000000000000e+01
8.100000000000000000e+01
2.350000000000000000e+02
2.742000000000000000e+03
6.400000000000000000e+02
7.330000000000000000e+02
1.103000000000000000e+03
1.563000000000000000e+03
2.332000000000000000e+03
2.008000000000000000e+03
2.059000000000000000e+03
2.120000000000000000e+03
2.124000000000000000e+03
2.064000000000000000e+03
2.160000000000000000e+03
2.100000000000000000e+03
1.954000000000000000e+03
1.857000000000000000e+03
1.834000000000000000e+03
1.706000000000000000e+03
1.729000000000000000e+03
1.881000000000000000e+03
1.753000000000000000e+03
1.835000000000000000e+03
1.770000000000000000e+03
1.625000000000000000e+03
1.515000000000000000e+03
1.517000000000000000e+03
1.398000000000000000e+03
1.280000000000000000e+03
1.317000000000000000e+03
1.233000000000000000e+03
1.189000000000000000e+03
1.174000000000000000e+03
1.161000000000000000e+03
1.143000000000000000e+03
1.104000000000000000e+03
1.190000000000000000e+03
1.126000000000000000e+03
1.067000000000000000e+03
1.099000000000000000e+03
9.990000000000000000e+02
1.006000000000000000e+03
1.059000000000000000e+03
9.330000000000000000e+02
1.034000000000000000e+03
9.240000000000000000e+02
9.960000000000000000e+02
9.680000000000000000e+02
1.005000000000000000e+03
9.660000000000000000e+02
9.280000000000000000e+02
9.490000000000000000e+02
9.540000000000000000e+02
8.730000000000000000e+02
9.310000000000000000e+02
9.020000000000000000e+02
9.810000000000000000e+02
9.220000000000000000e+02
8.960000000000000000e+02
8.640000000000000000e+02
8.780000000000000000e+02
8.730000000000000000e+02
8.220000000000000000e+02
8.280000000000000000e+02
8.920000000000000000e+02
8.330000000000000000e+02
8.170000000000000000e+02
7.910000000000000000e+02
7.260000000000000000e+02
7.500000000000000000e+02
7.120000000000000000e+02
7.240000000000000000e+02
6.510000000000000000e+02
6.910000000000000000e+02
6.760000000000000000e+02
6.550000000000000000e+02
6.800000000000000000e+02
6.500000000000000000e+02
6.120000000000000000e+02
6.220000000000000000e+02
5.860000000000000000e+02
5.650000000000000000e+02
5.900000000000000000e+02
5.320000000000000000e+02
5.060000000000000000e+02
5.730000000000000000e+02
5.840000000000000000e+02
5.320000000000000000e+02
5.260000000000000000e+02
5.220000000000000000e+02
5.050000000000000000e+02
5.440000000000000000e+02
4.750000000000000000e+02
5.580000000000000000e+02
5.310000000000000000e+02
5.430000000000000000e+02
5.330000000000000000e+02
5.410000000000000000e+02
5.470000000000000000e+02
5.920000000000000000e+02
5.650000000000000000e+02
5.570000000000000000e+02
6.260000000000000000e+02
5.960000000000000000e+02
6.400000000000000000e+02
6.070000000000000000e+02
6.220000000000000000e+02
6.680000000000000000e+02
7.080000000000000000e+02
6.910000000000000000e+02
7.770000000000000000e+02
7.950000000000000000e+02
8.210000000000000000e+02
8.100000000000000000e+02
8.250000000000000000e+02
9.260000000000000000e+02
9.940000000000000000e+02
9.690000000000000000e+02
1.018000000000000000e+03
1.002000000000000000e+03
1.003000000000000000e+03
1.040000000000000000e+03
1.031000000000000000e+03
1.089000000000000000e+03
1.138000000000000000e+03
1.142000000000000000e+03
1.173000000000000000e+03
1.144000000000000000e+03
1.160000000000000000e+03
1.129000000000000000e+03
1.139000000000000000e+03
1.135000000000000000e+03
1.110000000000000000e+03
1.168000000000000000e+03
1.117000000000000000e+03
1.112000000000000000e+03
1.140000000000000000e+03
1.102000000000000000e+03
1.043000000000000000e+03
9.690000000000000000e+02
1.007000000000000000e+03
9.390000000000000000e+02
9.460000000000000000e+02
9.120000000000000000e+02
7.970000000000000000e+02
7.830000000000000000e+02
7.550000000000000000e+02
7.050000000000000000e+02
6.800000000000000000e+02
5.780000000000000000e+02
5.890000000000000000e+02
5.240000000000000000e+02
5.310000000000000000e+02
4.760000000000000000e+02
4.700000000000000000e+02
4.520000000000000000e+02
4.200000000000000000e+02
3.790000000000000000e+02
3.430000000000000000e+02
3.750000000000000000e+02
3.190000000000000000e+02
3.180000000000000000e+02
2.950000000000000000e+02
2.620000000000000000e+02
2.550000000000000000e+02
2.330000000000000000e+02
2.410000000000000000e+02
2.200000000000000000e+02
2.310000000000000000e+02
2.110000000000000000e+02
1.780000000000000000e+02
1.980000000000000000e+02
1.990000000000000000e+02
1.850000000000000000e+02
1.930000000000000000e+02
1.860000000000000000e+02
2.050000000000000000e+02
2.000000000000000000e+02
1.770000000000000000e+02
2.140000000000000000e+02
2.030000000000000000e+02
1.930000000000000000e+02
1.700000000000000000e+02
1.940000000000000000e+02
1.870000000000000000e+02
1.550000000000000000e+02
1.620000000000000000e+02
1.470000000000000000e+02
1.200000000000000000e+02
1.610000000000000000e+02
1.600000000000000000e+02
1.780000000000000000e+02
1.420000000000000000e+02
1.370000000000000000e+02
1.420000000000000000e+02
1.280000000000000000e+02
1.500000000000000000e+02
1.240000000000000000e+02
1.090000000000000000e+02
1.260000000000000000e+02
1.190000000000000000e+02
1.180000000000000000e+02
1.140000000000000000e+02
1.130000000000000000e+02
1.050000000000000000e+02
1.140000000000000000e+02
9.700000000000000000e+01
1.260000000000000000e+02
1.160000000000000000e+02
9.600000000000000000e+01
9.300000000000000000e+01
9.400000000000000000e+01
9.300000000000000000e+01
8.200000000000000000e+01
8.500000000000000000e+01
8.900000000000000000e+01
8.900000000000000000e+01
7.300000000000000000e+01
9.200000000000000000e+01
7.900000000000000000e+01
9.200000000000000000e+01
8.400000000000000000e+01
7.400000000000000000e+01
6.600000000000000000e+01
8.800000000000000000e+01
7.000000000000000000e+01
6.500000000000000000e+01
6.600000000000000000e+01
7.400000000000000000e+01
6.000000000000000000e+01
7.100000000000000000e+01
8.500000000000000000e+01
6.800000000000000000e+01
6.100000000000000000e+01
4.800000000000000000e+01
5.800000000000000000e+01
7.000000000000000000e+01
4.900000000000000000e+01
6.300000000000000000e+01
6.100000000000000000e+01
5.900000000000000000e+01
4.700000000000000000e+01
4.200000000000000000e+01
5.500000000000000000e+01
4.500000000000000000e+01
5.000000000000000000e+01
5.300000000000000000e+01
5.000000000000000000e+01
4.500000000000000000e+01
4.800000000000000000e+01
6.100000000000000000e+01
5.400000000000000000e+01
4.800000000000000000e+01
7.900000000000000000e+01
7.500000000000000000e+01
2.300000000000000000e+01
6.300000000000000000e+01
1.100000000000000000e+02
