1.288300000000000000e+04
1.952000000000000000e+03
2.614000000000000000e+03
2.596000000000000000e+03
3.584000000000000000e+03
4.070000000000000000e+03
4.109000000000000000e+03
4.385000000000000000e+03
4.513000000000000000e+03
5.133000000000000000e+03
5.515000000000000000e+03
6.016000000000000000e+03
6.052000000000000000e+03
6.639000000000000000e+03
6.896000000000000000e+03
7.250000000000000000e+03
7.849000000000000000e+03
8.083000000000000000e+03
8.330000000000000000e+03
8.976000000000000000e+03
9.090000000000000000e+03
8.977000000000000000e+03
9.337000000000000000e+03
9.698000000000000000e+03
1.029800000000000000e+04
1.114200000000000000e+04
1.087200000000000000e+04
1.182800000000000000e+04
1.172700000000000000e+04
1.125600000000000000e+04
1.022600000000000000e+04
9.919000000000000000e+03
8.812000000000000000e+03
8.524000000000000000e+03
6.944000000000000000e+03
6.342000000000000000e+03
5.693000000000000000e+03
5.206000000000000000e+03
4.860000000000000000e+03
4.760000000000000000e+03
4.648000000000000000e+03
4.504000000000000000e+03
4.472000000000000000e+03
4.261000000000000000e+03
4.220000000000000000e+03
3.951000000000000000e+03
3.744000000000000000e+03
3.626000000000000000e+03
3.430000000000000000e+03
3.371000000000000000e+03
3.092000000000000000e+03
3.223000000000000000e+03
3.011000000000000000e+03
2.981000000000000000e+03
2.945000000000000000e+03
2.769000000000000000e+03
2.721000000000000000e+03
2.760000000000000000e+03
2.735000000000000000e+03
2.616000000000000000e+03
2.668000000000000000e+03
2.453000000000000000e+03
2.514000000000000000e+03
2.466000000000000000e+03
2.396000000000000000e+03
2.283000000000000000e+03
2.324000000000000000e+03
2.176000000000000000e+03
2.219000000000000000e+03
2.150000000000000000e+03
2.054000000000000000e+03
2.035000000000000000e+03
2.061000000000000000e+03
1.964000000000000000e+03
1.981000000000000000e+03
2.022000000000000000e+03
1.883000000000000000e+03
1.976000000000000000e+03
1.974000000000000000e+03
1.939000000000000000e+03
1.904000000000000000e+03
1.879000000000000000e+03
1.902000000000000000e+03
1.881000000000000000e+03
1.833000000000000000e+03
1.859000000000000000e+03
1.757000000000000000e+03
1.758000000000000000e+03
1.756000000000000000e+03
1.720000000000000000e+03
1.761000000000000000e+03
1.756000000000000000e+03
1.669000000000000000e+03
1.601000000000000000e+03
1.572000000000000000e+03
1.542000000000000000e+03
1.500000000000000000e+03
1.447000000000000000e+03
1.529000000000000000e+03
1.461000000000000000e+03
1.580000000000000000e+03
1.380000000000000000e+03
1.448000000000000000e+03
1.379000000000000000e+03
1.430000000000000000e+03
1.416000000000000000e+03
1.435000000000000000e+03
1.463000000000000000e+03
1.467000000000000000e+03
1.495000000000000000e+03
1.424000000000000000e+03
1.446000000000000000e+03
1.476000000000000000e+03
1.510000000000000000e+03
1.464000000000000000e+03
1.492000000000000000e+03
1.424000000000000000e+03
1.505000000000000000e+03
1.440000000000000000e+03
1.425000000000000000e+03
1.457000000000000000e+03
1.429000000000000000e+03
1.537000000000000000e+03
1.507000000000000000e+03
1.615000000000000000e+03
1.593000000000000000e+03
1.664000000000000000e+03
1.657000000000000000e+03
1.715000000000000000e+03
1.727000000000000000e+03
1.785000000000000000e+03
1.884000000000000000e+03
1.868000000000000000e+03
1.939000000000000000e+03
1.920000000000000000e+03
2.013000000000000000e+03
2.058000000000000000e+03
2.177000000000000000e+03
2.200000000000000000e+03
2.144000000000000000e+03
2.255000000000000000e+03
2.501000000000000000e+03
2.509000000000000000e+03
2.631000000000000000e+03
2.636000000000000000e+03
2.908000000000000000e+03
2.882000000000000000e+03
2.876000000000000000e+03
2.864000000000000000e+03
2.986000000000000000e+03
3.122000000000000000e+03
3.019000000000000000e+03
3.039000000000000000e+03
3.116000000000000000e+03
3.078000000000000000e+03
3.140000000000000000e+03
3.215000000000000000e+03
3.367000000000000000e+03
3.451000000000000000e+03
3.175000000000000000e+03
3.043000000000000000e+03
3.070000000000000000e+03
3.015000000000000000e+03
3.039000000000000000e+03
2.810000000000000000e+03
2.979000000000000000e+03
3.056000000000000000e+03
2.982000000000000000e+03
2.947000000000000000e+03
2.773000000000000000e+03
2.720000000000000000e+03
2.713000000000000000e+03
2.907000000000000000e+03
2.693000000000000000e+03
2.862000000000000000e+03
2.737000000000000000e+03
2.778000000000000000e+03
2.798000000000000000e+03
2.914000000000000000e+03
2.786000000000000000e+03
2.747000000000000000e+03
2.751000000000000000e+03
2.772000000000000000e+03
2.804000000000000000e+03
3.037000000000000000e+03
2.872000000000000000e+03
2.672000000000000000e+03
2.647000000000000000e+03
2.440000000000000000e+03
2.113000000000000000e+03
2.065000000000000000e+03
1.779000000000000000e+03
1.572000000000000000e+03
1.473000000000000000e+03
1.525000000000000000e+03
1.405000000000000000e+03
1.299000000000000000e+03
1.307000000000000000e+03
1.216000000000000000e+03
1.208000000000000000e+03
1.229000000000000000e+03
1.153000000000000000e+03
1.181000000000000000e+03
9.670000000000000000e+02
8.270000000000000000e+02
8.810000000000000000e+02
8.550000000000000000e+02
8.820000000000000000e+02
8.110000000000000000e+02
6.670000000000000000e+02
6.560000000000000000e+02
6.310000000000000000e+02
7.610000000000000000e+02
6.760000000000000000e+02
8.080000000000000000e+02
7.360000000000000000e+02
6.630000000000000000e+02
5.610000000000000000e+02
6.120000000000000000e+02
6.180000000000000000e+02
5.460000000000000000e+02
5.260000000000000000e+02
3.870000000000000000e+02
3.480000000000000000e+02
2.660000000000000000e+02
2.450000000000000000e+02
2.420000000000000000e+02
2.370000000000000000e+02
2.310000000000000000e+02
2.030000000000000000e+02
2.180000000000000000e+02
2.020000000000000000e+02
2.250000000000000000e+02
2.200000000000000000e+02
2.350000000000000000e+02
2.050000000000000000e+02
2.650000000000000000e+02
2.880000000000000000e+02
2.750000000000000000e+02
3.070000000000000000e+02
3.210000000000000000e+02
4.470000000000000000e+02
4.720000000000000000e+02
4.330000000000000000e+02
7.770000000000000000e+02
3.830000000000000000e+02
1.376000000000000000e+03
4.000000000000000000e+02
8.850000000000000000e+02
2.040000000000000000e+02
3.320000000000000000e+02
1.710000000000000000e+02
6.700000000000000000e+01
9.900000000000000000e+01
2.700000000000000000e+01
2.150000000000000000e+02
1.537000000000000000e+03
7.090000000000000000e+02
8.880000000000000000e+02
1.098000000000000000e+03
1.280000000000000000e+03
1.923000000000000000e+03
1.837000000000000000e+03
1.897000000000000000e+03
2.183000000000000000e+03
2.255000000000000000e+03
2.550000000000000000e+03
2.787000000000000000e+03
3.028000000000000000e+03
2.735000000000000000e+03
3.165000000000000000e+03
3.319000000000000000e+03
3.566000000000000000e+03
3.816000000000000000e+03
3.931000000000000000e+03
4.261000000000000000e+03
4.590000000000000000e+03
5.088000000000000000e+03
6.068000000000000000e+03
6.812000000000000000e+03
6.984000000000000000e+03
7.590000000000000000e+03
8.554000000000000000e+03
9.777000000000000000e+03
9.614000000000000000e+03
8.189000000000000000e+03
6.610000000000000000e+03
5.630000000000000000e+03
4.862000000000000000e+03
4.451000000000000000e+03
4.344000000000000000e+03
4.180000000000000000e+03
3.979000000000000000e+03
3.847000000000000000e+03
3.851000000000000000e+03
3.812000000000000000e+03
3.693000000000000000e+03
3.610000000000000000e+03
3.360000000000000000e+03
3.110000000000000000e+03
3.165000000000000000e+03
3.120000000000000000e+03
3.039000000000000000e+03
3.107000000000000000e+03
3.040000000000000000e+03
2.958000000000000000e+03
3.006000000000000000e+03
3.077000000000000000e+03
3.053000000000000000e+03
3.027000000000000000e+03
2.927000000000000000e+03
2.969000000000000000e+03
2.849000000000000000e+03
2.978000000000000000e+03
2.918000000000000000e+03
3.044000000000000000e+03
3.019000000000000000e+03
2.993000000000000000e+03
2.965000000000000000e+03
2.996000000000000000e+03
2.989000000000000000e+03
3.040000000000000000e+03
2.919000000000000000e+03
2.894000000000000000e+03
2.791000000000000000e+03
2.945000000000000000e+03
2.791000000000000000e+03
2.811000000000000000e+03
2.721000000000000000e+03
2.699000000000000000e+03
2.625000000000000000e+03
2.601000000000000000e+03
2.482000000000000000e+03
2.528000000000000000e+03
2.446000000000000000e+03
2.444000000000000000e+03
2.434000000000000000e+03
2.435000000000000000e+03
2.326000000000000000e+03
2.452000000000000000e+03
2.344000000000000000e+03
2.408000000000000000e+03
2.433000000000000000e+03
2.407000000000000000e+03
2.466000000000000000e+03
2.476000000000000000e+03
2.453000000000000000e+03
2.442000000000000000e+03
2.404000000000000000e+03
2.371000000000000000e+03
2.487000000000000000e+03
2.492000000000000000e+03
2.513000000000000000e+03
2.510000000000000000e+03
2.442000000000000000e+03
2.515000000000000000e+03
2.519000000000000000e+03
2.400000000000000000e+03
2.524000000000000000e+03
2.524000000000000000e+03
2.458000000000000000e+03
2.528000000000000000e+03
2.377000000000000000e+03
2.415000000000000000e+03
2.305000000000000000e+03
2.477000000000000000e+03
2.333000000000000000e+03
2.447000000000000000e+03
2.413000000000000000e+03
2.382000000000000000e+03
2.450000000000000000e+03
2.390000000000000000e+03
2.429000000000000000e+03
2.384000000000000000e+03
2.378000000000000000e+03
2.399000000000000000e+03
2.290000000000000000e+03
2.368000000000000000e+03
2.405000000000000000e+03
2.429000000000000000e+03
2.399000000000000000e+03
2.423000000000000000e+03
2.418000000000000000e+03
2.533000000000000000e+03
2.576000000000000000e+03
2.722000000000000000e+03
2.790000000000000000e+03
2.910000000000000000e+03
2.891000000000000000e+03
3.015000000000000000e+03
2.891000000000000000e+03
3.022000000000000000e+03
2.938000000000000000e+03
3.136000000000000000e+03
2.983000000000000000e+03
3.228000000000000000e+03
3.082000000000000000e+03
2.921000000000000000e+03
2.834000000000000000e+03
2.963000000000000000e+03
2.919000000000000000e+03
2.996000000000000000e+03
2.842000000000000000e+03
2.990000000000000000e+03
2.939000000000000000e+03
3.333000000000000000e+03
3.182000000000000000e+03
3.177000000000000000e+03
3.431000000000000000e+03
3.697000000000000000e+03
3.353000000000000000e+03
3.213000000000000000e+03
3.340000000000000000e+03
3.102000000000000000e+03
3.205000000000000000e+03
3.199000000000000000e+03
3.245000000000000000e+03
3.198000000000000000e+03
3.261000000000000000e+03
3.357000000000000000e+03
3.529000000000000000e+03
3.379000000000000000e+03
3.522000000000000000e+03
3.462000000000000000e+03
3.625000000000000000e+03
3.530000000000000000e+03
3.462000000000000000e+03
3.361000000000000000e+03
3.433000000000000000e+03
3.429000000000000000e+03
3.482000000000000000e+03
3.353000000000000000e+03
3.469000000000000000e+03
3.416000000000000000e+03
3.703000000000000000e+03
3.609000000000000000e+03
3.796000000000000000e+03
3.709000000000000000e+03
3.710000000000000000e+03
3.577000000000000000e+03
3.497000000000000000e+03
3.548000000000000000e+03
3.433000000000000000e+03
3.359000000000000000e+03
3.088000000000000000e+03
3.135000000000000000e+03
3.061000000000000000e+03
3.237000000000000000e+03
3.358000000000000000e+03
3.306000000000000000e+03
3.470000000000000000e+03
3.333000000000000000e+03
3.281000000000000000e+03
3.386000000000000000e+03
3.310000000000000000e+03
3.157000000000000000e+03
2.929000000000000000e+03
2.880000000000000000e+03
2.821000000000000000e+03
2.802000000000000000e+03
2.505000000000000000e+03
2.376000000000000000e+03
2.152000000000000000e+03
1.937000000000000000e+03
1.864000000000000000e+03
1.770000000000000000e+03
1.710000000000000000e+03
1.678000000000000000e+03
1.477000000000000000e+03
1.377000000000000000e+03
1.511000000000000000e+03
1.171000000000000000e+03
1.100000000000000000e+03
9.840000000000000000e+02
9.760000000000000000e+02
9.270000000000000000e+02
8.260000000000000000e+02
6.880000000000000000e+02
6.450000000000000000e+02
5.710000000000000000e+02
5.560000000000000000e+02
4.970000000000000000e+02
5.150000000000000000e+02
4.980000000000000000e+02
4.170000000000000000e+02
4.590000000000000000e+02
4.200000000000000000e+02
3.670000000000000000e+02
2.880000000000000000e+02
3.160000000000000000e+02
2.950000000000000000e+02
3.220000000000000000e+02
2.820000000000000000e+02
2.670000000000000000e+02
3.010000000000000000e+02
3.120000000000000000e+02
3.380000000000000000e+02
3.320000000000000000e+02
4.280000000000000000e+02
4.330000000000000000e+02
6.000000000000000000e+02
9.390000000000000000e+02
2.151000000000000000e+03
8.930000000000000000e+02
5.330000000000000000e+02
3.520000000000000000e+02
2.970000000000000000e+02
2.700000000000000000e+02
2.020000000000000000e+02
1.800000000000000000e+02
1.620000000000000000e+02
9.520000000000000000e+02
2.297000000000000000e+03
9.230000000000000000e+02
9.590000000000000000e+02
1.424000000000000000e+03
1.647000000000000000e+03
1.973000000000000000e+03
1.918000000000000000e+03
1.739000000000000000e+03
2.332000000000000000e+03
2.669000000000000000e+03
2.756000000000000000e+03
2.831000000000000000e+03
3.105000000000000000e+03
3.242000000000000000e+03
3.432000000000000000e+03
3.703000000000000000e+03
4.419000000000000000e+03
4.027000000000000000e+03
4.437000000000000000e+03
4.779000000000000000e+03
5.810000000000000000e+03
6.053000000000000000e+03
7.035000000000000000e+03
7.225000000000000000e+03
7.276000000000000000e+03
7.629000000000000000e+03
8.128000000000000000e+03
8.901000000000000000e+03
9.683000000000000000e+03
9.995000000000000000e+03
7.670000000000000000e+03
6.143000000000000000e+03
5.529000000000000000e+03
5.078000000000000000e+03
4.756000000000000000e+03
4.604000000000000000e+03
4.278000000000000000e+03
4.385000000000000000e+03
4.203000000000000000e+03
4.132000000000000000e+03
3.989000000000000000e+03
3.831000000000000000e+03
3.772000000000000000e+03
3.716000000000000000e+03
3.692000000000000000e+03
3.687000000000000000e+03
3.627000000000000000e+03
3.583000000000000000e+03
3.560000000000000000e+03
3.521000000000000000e+03
3.586000000000000000e+03
3.453000000000000000e+03
3.426000000000000000e+03
3.444000000000000000e+03
3.421000000000000000e+03
3.285000000000000000e+03
3.185000000000000000e+03
3.235000000000000000e+03
3.143000000000000000e+03
3.116000000000000000e+03
2.998000000000000000e+03
2.900000000000000000e+03
2.844000000000000000e+03
2.823000000000000000e+03
2.884000000000000000e+03
2.752000000000000000e+03
2.670000000000000000e+03
2.798000000000000000e+03
2.714000000000000000e+03
2.745000000000000000e+03
2.642000000000000000e+03
2.620000000000000000e+03
2.693000000000000000e+03
2.681000000000000000e+03
2.581000000000000000e+03
2.595000000000000000e+03
2.520000000000000000e+03
2.537000000000000000e+03
2.547000000000000000e+03
2.379000000000000000e+03
2.317000000000000000e+03
2.425000000000000000e+03
2.353000000000000000e+03
2.301000000000000000e+03
2.288000000000000000e+03
2.394000000000000000e+03
2.350000000000000000e+03
2.332000000000000000e+03
2.285000000000000000e+03
2.231000000000000000e+03
2.215000000000000000e+03
2.259000000000000000e+03
2.195000000000000000e+03
2.210000000000000000e+03
2.253000000000000000e+03
2.237000000000000000e+03
2.284000000000000000e+03
2.174000000000000000e+03
2.295000000000000000e+03
2.311000000000000000e+03
2.349000000000000000e+03
2.259000000000000000e+03
2.220000000000000000e+03
2.302000000000000000e+03
2.183000000000000000e+03
2.319000000000000000e+03
2.225000000000000000e+03
2.206000000000000000e+03
2.192000000000000000e+03
2.240000000000000000e+03
2.182000000000000000e+03
2.085000000000000000e+03
2.109000000000000000e+03
2.090000000000000000e+03
2.103000000000000000e+03
2.085000000000000000e+03
2.058000000000000000e+03
1.960000000000000000e+03
2.066000000000000000e+03
2.038000000000000000e+03
2.059000000000000000e+03
2.083000000000000000e+03
2.071000000000000000e+03
2.194000000000000000e+03
2.174000000000000000e+03
2.347000000000000000e+03
2.353000000000000000e+03
2.334000000000000000e+03
2.394000000000000000e+03
2.589000000000000000e+03
2.585000000000000000e+03
2.724000000000000000e+03
2.640000000000000000e+03
2.656000000000000000e+03
2.546000000000000000e+03
2.568000000000000000e+03
2.511000000000000000e+03
2.519000000000000000e+03
2.636000000000000000e+03
2.448000000000000000e+03
2.491000000000000000e+03
2.478000000000000000e+03
2.549000000000000000e+03
2.414000000000000000e+03
2.683000000000000000e+03
2.606000000000000000e+03
2.526000000000000000e+03
2.659000000000000000e+03
2.949000000000000000e+03
2.600000000000000000e+03
2.522000000000000000e+03
2.446000000000000000e+03
2.323000000000000000e+03
2.507000000000000000e+03
2.342000000000000000e+03
2.402000000000000000e+03
2.435000000000000000e+03
2.336000000000000000e+03
2.395000000000000000e+03
2.398000000000000000e+03
2.386000000000000000e+03
2.320000000000000000e+03
2.631000000000000000e+03
2.451000000000000000e+03
2.566000000000000000e+03
2.620000000000000000e+03
2.452000000000000000e+03
2.678000000000000000e+03
2.641000000000000000e+03
2.700000000000000000e+03
2.572000000000000000e+03
2.650000000000000000e+03
2.530000000000000000e+03
2.751000000000000000e+03
2.776000000000000000e+03
2.850000000000000000e+03
3.035000000000000000e+03
3.185000000000000000e+03
2.972000000000000000e+03
2.843000000000000000e+03
2.895000000000000000e+03
2.728000000000000000e+03
2.891000000000000000e+03
2.643000000000000000e+03
2.767000000000000000e+03
2.766000000000000000e+03
2.702000000000000000e+03
2.603000000000000000e+03
2.645000000000000000e+03
2.523000000000000000e+03
2.642000000000000000e+03
2.671000000000000000e+03
2.661000000000000000e+03
2.630000000000000000e+03
2.353000000000000000e+03
2.375000000000000000e+03
2.363000000000000000e+03
2.316000000000000000e+03
2.395000000000000000e+03
2.339000000000000000e+03
2.227000000000000000e+03
2.204000000000000000e+03
2.311000000000000000e+03
2.223000000000000000e+03
2.225000000000000000e+03
2.473000000000000000e+03
2.641000000000000000e+03
2.652000000000000000e+03
2.621000000000000000e+03
2.485000000000000000e+03
2.721000000000000000e+03
2.521000000000000000e+03
2.649000000000000000e+03
2.587000000000000000e+03
2.663000000000000000e+03
2.592000000000000000e+03
2.678000000000000000e+03
2.495000000000000000e+03
2.533000000000000000e+03
2.244000000000000000e+03
2.263000000000000000e+03
2.092000000000000000e+03
2.066000000000000000e+03
1.909000000000000000e+03
1.826000000000000000e+03
1.605000000000000000e+03
1.477000000000000000e+03
1.356000000000000000e+03
1.308000000000000000e+03
1.177000000000000000e+03
1.091000000000000000e+03
9.140000000000000000e+02
9.360000000000000000e+02
9.010000000000000000e+02
7.750000000000000000e+02
7.030000000000000000e+02
7.480000000000000000e+02
6.680000000000000000e+02
6.920000000000000000e+02
6.900000000000000000e+02
6.760000000000000000e+02
6.700000000000000000e+02
7.370000000000000000e+02
8.580000000000000000e+02
9.690000000000000000e+02
1.368000000000000000e+03
2.461000000000000000e+03
1.493000000000000000e+03
1.143000000000000000e+03
1.117000000000000000e+03
8.090000000000000000e+02
7.820000000000000000e+02
6.320000000000000000e+02
4.310000000000000000e+02
4.570000000000000000e+02
1.346000000000000000e+03
