3.210000000000000000e+02
7.300000000000000000e+01
1.010000000000000000e+03
3.120000000000000000e+02
6.430000000000000000e+02
5.150000000000000000e+02
4.800000000000000000e+02
5.370000000000000000e+02
5.400000000000000000e+02
6.260000000000000000e+02
7.880000000000000000e+02
8.570000000000000000e+02
1.313000000000000000e+03
1.260000000000000000e+03
1.567000000000000000e+03
1.601000000000000000e+03
1.661000000000000000e+03
1.500000000000000000e+03
1.627000000000000000e+03
1.625000000000000000e+03
1.636000000000000000e+03
1.596000000000000000e+03
1.695000000000000000e+03
1.643000000000000000e+03
1.690000000000000000e+03
1.675000000000000000e+03
1.657000000000000000e+03
1.658000000000000000e+03
1.729000000000000000e+03
1.738000000000000000e+03
1.754000000000000000e+03
1.801000000000000000e+03
1.710000000000000000e+03
1.652000000000000000e+03
1.734000000000000000e+03
1.701000000000000000e+03
1.704000000000000000e+03
1.781000000000000000e+03
1.699000000000000000e+03
1.667000000000000000e+03
1.675000000000000000e+03
1.670000000000000000e+03
1.579000000000000000e+03
1.527000000000000000e+03
1.560000000000000000e+03
1.406000000000000000e+03
1.452000000000000000e+03
1.475000000000000000e+03
1.467000000000000000e+03
1.399000000000000000e+03
1.423000000000000000e+03
1.490000000000000000e+03
1.463000000000000000e+03
1.446000000000000000e+03
1.348000000000000000e+03
1.408000000000000000e+03
1.411000000000000000e+03
1.337000000000000000e+03
1.296000000000000000e+03
1.457000000000000000e+03
1.326000000000000000e+03
1.350000000000000000e+03
1.309000000000000000e+03
1.389000000000000000e+03
1.289000000000000000e+03
1.231000000000000000e+03
1.267000000000000000e+03
1.198000000000000000e+03
1.137000000000000000e+03
1.147000000000000000e+03
1.117000000000000000e+03
1.077000000000000000e+03
1.034000000000000000e+03
1.056000000000000000e+03
1.008000000000000000e+03
9.780000000000000000e+02
9.750000000000000000e+02
9.140000000000000000e+02
8.830000000000000000e+02
8.830000000000000000e+02
8.950000000000000000e+02
8.970000000000000000e+02
9.270000000000000000e+02
9.840000000000000000e+02
9.460000000000000000e+02
9.190000000000000000e+02
9.930000000000000000e+02
9.160000000000000000e+02
1.048000000000000000e+03
9.620000000000000000e+02
9.100000000000000000e+02
8.630000000000000000e+02
9.120000000000000000e+02
9.080000000000000000e+02
8.810000000000000000e+02
8.760000000000000000e+02
8.010000000000000000e+02
8.270000000000000000e+02
8.340000000000000000e+02
8.530000000000000000e+02
7.110000000000000000e+02
7.690000000000000000e+02
7.500000000000000000e+02
7.310000000000000000e+02
7.100000000000000000e+02
7.050000000000000000e+02
7.080000000000000000e+02
7.190000000000000000e+02
7.130000000000000000e+02
6.830000000000000000e+02
7.600000000000000000e+02
6.930000000000000000e+02
7.830000000000000000e+02
7.130000000000000000e+02
7.900000000000000000e+02
7.880000000000000000e+02
8.170000000000000000e+02
8.280000000000000000e+02
8.830000000000000000e+02
9.050000000000000000e+02
8.850000000000000000e+02
9.290000000000000000e+02
9.420000000000000000e+02
9.800000000000000000e+02
9.660000000000000000e+02
1.140000000000000000e+03
1.085000000000000000e+03
1.983000000000000000e+03
1.287000000000000000e+03
1.256000000000000000e+03
1.093000000000000000e+03
1.234000000000000000e+03
1.311000000000000000e+03
1.399000000000000000e+03
1.463000000000000000e+03
1.512000000000000000e+03
1.583000000000000000e+03
1.622000000000000000e+03
1.653000000000000000e+03
1.686000000000000000e+03
1.983000000000000000e+03
2.053000000000000000e+03
2.254000000000000000e+03
2.251000000000000000e+03
2.518000000000000000e+03
2.636000000000000000e+03
2.510000000000000000e+03
2.677000000000000000e+03
2.841000000000000000e+03
2.631000000000000000e+03
2.485000000000000000e+03
2.449000000000000000e+03
2.486000000000000000e+03
2.310000000000000000e+03
2.344000000000000000e+03
2.231000000000000000e+03
2.308000000000000000e+03
2.270000000000000000e+03
2.314000000000000000e+03
2.314000000000000000e+03
2.361000000000000000e+03
2.367000000000000000e+03
2.190000000000000000e+03
2.209000000000000000e+03
2.053000000000000000e+03
1.900000000000000000e+03
1.623000000000000000e+03
1.600000000000000000e+03
1.584000000000000000e+03
1.562000000000000000e+03
1.509000000000000000e+03
1.558000000000000000e+03
1.530000000000000000e+03
1.490000000000000000e+03
1.606000000000000000e+03
1.387000000000000000e+03
1.465000000000000000e+03
1.349000000000000000e+03
1.341000000000000000e+03
1.221000000000000000e+03
1.160000000000000000e+03
1.049000000000000000e+03
9.790000000000000000e+02
9.610000000000000000e+02
8.040000000000000000e+02
7.770000000000000000e+02
6.630000000000000000e+02
6.600000000000000000e+02
6.290000000000000000e+02
6.540000000000000000e+02
6.120000000000000000e+02
7.090000000000000000e+02
6.740000000000000000e+02
7.490000000000000000e+02
7.320000000000000000e+02
7.330000000000000000e+02
6.090000000000000000e+02
6.350000000000000000e+02
6.590000000000000000e+02
7.300000000000000000e+02
7.300000000000000000e+02
6.930000000000000000e+02
6.860000000000000000e+02
6.800000000000000000e+02
6.040000000000000000e+02
6.140000000000000000e+02
6.280000000000000000e+02
7.100000000000000000e+02
7.280000000000000000e+02
6.690000000000000000e+02
6.390000000000000000e+02
6.160000000000000000e+02
4.720000000000000000e+02
4.460000000000000000e+02
3.900000000000000000e+02
3.540000000000000000e+02
3.590000000000000000e+02
3.130000000000000000e+02
3.290000000000000000e+02
3.220000000000000000e+02
3.450000000000000000e+02
3.640000000000000000e+02
3.480000000000000000e+02
2.990000000000000000e+02
2.870000000000000000e+02
2.300000000000000000e+02
1.950000000000000000e+02
2.200000000000000000e+02
1.840000000000000000e+02
1.850000000000000000e+02
1.590000000000000000e+02
1.850000000000000000e+02
2.180000000000000000e+02
2.540000000000000000e+02
3.010000000000000000e+02
3.860000000000000000e+02
4.860000000000000000e+02
4.070000000000000000e+02
3.740000000000000000e+02
3.980000000000000000e+02
2.700000000000000000e+02
2.440000000000000000e+02
2.380000000000000000e+02
1.500000000000000000e+02
1.390000000000000000e+02
1.270000000000000000e+02
9.700000000000000000e+01
8.800000000000000000e+01
6.600000000000000000e+01
4.500000000000000000e+01
5.400000000000000000e+01
4.300000000000000000e+01
3.200000000000000000e+01
3.500000000000000000e+01
2.100000000000000000e+01
9.300000000000000000e+01
1.537000000000000000e+03
5.620000000000000000e+02
4.160000000000000000e+02
4.280000000000000000e+02
4.310000000000000000e+02
4.060000000000000000e+02
4.070000000000000000e+02
4.350000000000000000e+02
4.080000000000000000e+02
4.910000000000000000e+02
7.130000000000000000e+02
7.940000000000000000e+02
1.228000000000000000e+03
1.095000000000000000e+03
1.304000000000000000e+03
1.278000000000000000e+03
1.458000000000000000e+03
1.471000000000000000e+03
1.524000000000000000e+03
1.569000000000000000e+03
1.663000000000000000e+03
1.600000000000000000e+03
1.636000000000000000e+03
1.590000000000000000e+03
1.501000000000000000e+03
1.465000000000000000e+03
1.479000000000000000e+03
1.471000000000000000e+03
1.550000000000000000e+03
1.674000000000000000e+03
1.734000000000000000e+03
1.628000000000000000e+03
1.566000000000000000e+03
1.510000000000000000e+03
1.554000000000000000e+03
1.500000000000000000e+03
1.629000000000000000e+03
1.635000000000000000e+03
1.578000000000000000e+03
1.628000000000000000e+03
1.664000000000000000e+03
1.625000000000000000e+03
1.500000000000000000e+03
1.514000000000000000e+03
1.526000000000000000e+03
1.457000000000000000e+03
1.450000000000000000e+03
1.411000000000000000e+03
1.454000000000000000e+03
1.461000000000000000e+03
1.473000000000000000e+03
1.485000000000000000e+03
1.452000000000000000e+03
1.434000000000000000e+03
1.441000000000000000e+03
1.453000000000000000e+03
1.406000000000000000e+03
1.370000000000000000e+03
1.411000000000000000e+03
1.415000000000000000e+03
1.336000000000000000e+03
1.436000000000000000e+03
1.369000000000000000e+03
1.356000000000000000e+03
1.328000000000000000e+03
1.255000000000000000e+03
1.310000000000000000e+03
1.310000000000000000e+03
1.262000000000000000e+03
1.190000000000000000e+03
1.124000000000000000e+03
1.061000000000000000e+03
1.066000000000000000e+03
1.022000000000000000e+03
1.060000000000000000e+03
8.810000000000000000e+02
9.630000000000000000e+02
9.310000000000000000e+02
9.750000000000000000e+02
9.720000000000000000e+02
9.480000000000000000e+02
9.560000000000000000e+02
8.460000000000000000e+02
8.630000000000000000e+02
8.230000000000000000e+02
8.630000000000000000e+02
8.650000000000000000e+02
9.180000000000000000e+02
8.680000000000000000e+02
8.860000000000000000e+02
8.550000000000000000e+02
8.440000000000000000e+02
9.110000000000000000e+02
9.420000000000000000e+02
9.950000000000000000e+02
9.010000000000000000e+02
8.320000000000000000e+02
9.090000000000000000e+02
8.580000000000000000e+02
8.820000000000000000e+02
8.370000000000000000e+02
8.710000000000000000e+02
8.220000000000000000e+02
8.580000000000000000e+02
8.600000000000000000e+02
8.500000000000000000e+02
8.850000000000000000e+02
8.540000000000000000e+02
8.190000000000000000e+02
8.480000000000000000e+02
8.470000000000000000e+02
7.750000000000000000e+02
8.330000000000000000e+02
8.670000000000000000e+02
8.700000000000000000e+02
9.320000000000000000e+02
8.620000000000000000e+02
8.810000000000000000e+02
8.830000000000000000e+02
8.620000000000000000e+02
8.430000000000000000e+02
9.150000000000000000e+02
8.270000000000000000e+02
9.410000000000000000e+02
8.880000000000000000e+02
8.600000000000000000e+02
8.930000000000000000e+02
9.980000000000000000e+02
1.045000000000000000e+03
2.115000000000000000e+03
1.249000000000000000e+03
1.290000000000000000e+03
1.201000000000000000e+03
1.212000000000000000e+03
1.211000000000000000e+03
1.293000000000000000e+03
1.328000000000000000e+03
1.381000000000000000e+03
1.429000000000000000e+03
1.308000000000000000e+03
1.470000000000000000e+03
1.439000000000000000e+03
1.538000000000000000e+03
1.605000000000000000e+03
1.854000000000000000e+03
2.042000000000000000e+03
2.322000000000000000e+03
2.344000000000000000e+03
2.569000000000000000e+03
2.731000000000000000e+03
2.643000000000000000e+03
2.783000000000000000e+03
2.839000000000000000e+03
2.644000000000000000e+03
2.435000000000000000e+03
2.381000000000000000e+03
2.420000000000000000e+03
2.300000000000000000e+03
2.379000000000000000e+03
2.300000000000000000e+03
2.372000000000000000e+03
2.378000000000000000e+03
2.527000000000000000e+03
2.435000000000000000e+03
2.431000000000000000e+03
2.618000000000000000e+03
2.466000000000000000e+03
2.312000000000000000e+03
2.184000000000000000e+03
2.068000000000000000e+03
1.771000000000000000e+03
1.811000000000000000e+03
1.861000000000000000e+03
1.819000000000000000e+03
1.768000000000000000e+03
1.673000000000000000e+03
1.726000000000000000e+03
1.508000000000000000e+03
1.552000000000000000e+03
1.435000000000000000e+03
1.416000000000000000e+03
1.375000000000000000e+03
1.359000000000000000e+03
1.254000000000000000e+03
1.198000000000000000e+03
1.071000000000000000e+03
1.050000000000000000e+03
9.610000000000000000e+02
8.970000000000000000e+02
8.520000000000000000e+02
8.040000000000000000e+02
7.260000000000000000e+02
6.220000000000000000e+02
5.770000000000000000e+02
6.150000000000000000e+02
5.690000000000000000e+02
6.270000000000000000e+02
5.720000000000000000e+02
6.250000000000000000e+02
5.910000000000000000e+02
5.970000000000000000e+02
6.010000000000000000e+02
6.570000000000000000e+02
6.470000000000000000e+02
6.540000000000000000e+02
6.090000000000000000e+02
6.540000000000000000e+02
5.410000000000000000e+02
4.310000000000000000e+02
3.950000000000000000e+02
3.840000000000000000e+02
3.800000000000000000e+02
3.540000000000000000e+02
3.330000000000000000e+02
3.120000000000000000e+02
2.920000000000000000e+02
3.150000000000000000e+02
3.360000000000000000e+02
3.410000000000000000e+02
2.770000000000000000e+02
2.560000000000000000e+02
2.130000000000000000e+02
2.160000000000000000e+02
1.910000000000000000e+02
1.820000000000000000e+02
1.700000000000000000e+02
1.550000000000000000e+02
1.700000000000000000e+02
1.370000000000000000e+02
1.510000000000000000e+02
1.630000000000000000e+02
1.840000000000000000e+02
1.790000000000000000e+02
2.380000000000000000e+02
2.760000000000000000e+02
3.130000000000000000e+02
4.390000000000000000e+02
4.510000000000000000e+02
4.410000000000000000e+02
4.130000000000000000e+02
2.730000000000000000e+02
2.410000000000000000e+02
2.140000000000000000e+02
1.910000000000000000e+02
1.390000000000000000e+02
1.150000000000000000e+02
1.020000000000000000e+02
8.300000000000000000e+01
5.500000000000000000e+01
3.100000000000000000e+01
3.900000000000000000e+01
3.000000000000000000e+01
2.200000000000000000e+01
1.300000000000000000e+01
1.800000000000000000e+01
5.900000000000000000e+01
1.941000000000000000e+03
5.180000000000000000e+02
3.870000000000000000e+02
4.060000000000000000e+02
4.270000000000000000e+02
3.870000000000000000e+02
3.650000000000000000e+02
4.300000000000000000e+02
4.130000000000000000e+02
5.630000000000000000e+02
7.220000000000000000e+02
8.220000000000000000e+02
1.238000000000000000e+03
1.131000000000000000e+03
1.328000000000000000e+03
1.330000000000000000e+03
1.580000000000000000e+03
1.602000000000000000e+03
1.668000000000000000e+03
1.639000000000000000e+03
1.707000000000000000e+03
1.569000000000000000e+03
1.609000000000000000e+03
1.498000000000000000e+03
1.390000000000000000e+03
1.425000000000000000e+03
1.530000000000000000e+03
1.407000000000000000e+03
1.596000000000000000e+03
1.596000000000000000e+03
1.683000000000000000e+03
1.567000000000000000e+03
1.545000000000000000e+03
1.554000000000000000e+03
1.474000000000000000e+03
1.494000000000000000e+03
1.529000000000000000e+03
1.520000000000000000e+03
1.629000000000000000e+03
1.503000000000000000e+03
1.610000000000000000e+03
1.559000000000000000e+03
1.535000000000000000e+03
1.427000000000000000e+03
1.520000000000000000e+03
1.420000000000000000e+03
1.405000000000000000e+03
1.405000000000000000e+03
1.479000000000000000e+03
1.411000000000000000e+03
1.338000000000000000e+03
1.375000000000000000e+03
1.291000000000000000e+03
1.370000000000000000e+03
1.380000000000000000e+03
1.348000000000000000e+03
1.345000000000000000e+03
1.420000000000000000e+03
1.345000000000000000e+03
1.341000000000000000e+03
1.347000000000000000e+03
1.327000000000000000e+03
1.315000000000000000e+03
1.285000000000000000e+03
1.313000000000000000e+03
1.226000000000000000e+03
1.240000000000000000e+03
1.284000000000000000e+03
1.227000000000000000e+03
1.233000000000000000e+03
1.255000000000000000e+03
1.171000000000000000e+03
1.024000000000000000e+03
1.097000000000000000e+03
1.031000000000000000e+03
1.036000000000000000e+03
9.670000000000000000e+02
9.730000000000000000e+02
9.290000000000000000e+02
8.760000000000000000e+02
9.090000000000000000e+02
8.770000000000000000e+02
8.650000000000000000e+02
8.900000000000000000e+02
9.260000000000000000e+02
8.470000000000000000e+02
8.900000000000000000e+02
8.120000000000000000e+02
8.460000000000000000e+02
9.200000000000000000e+02
8.450000000000000000e+02
8.360000000000000000e+02
8.600000000000000000e+02
8.950000000000000000e+02
8.390000000000000000e+02
8.890000000000000000e+02
8.630000000000000000e+02
8.830000000000000000e+02
8.560000000000000000e+02
8.790000000000000000e+02
8.290000000000000000e+02
8.400000000000000000e+02
8.290000000000000000e+02
8.720000000000000000e+02
8.550000000000000000e+02
8.340000000000000000e+02
8.870000000000000000e+02
8.470000000000000000e+02
8.570000000000000000e+02
8.930000000000000000e+02
8.820000000000000000e+02
8.340000000000000000e+02
8.540000000000000000e+02
8.920000000000000000e+02
9.220000000000000000e+02
8.870000000000000000e+02
9.120000000000000000e+02
9.010000000000000000e+02
9.150000000000000000e+02
8.650000000000000000e+02
8.770000000000000000e+02
8.890000000000000000e+02
8.460000000000000000e+02
8.700000000000000000e+02
9.020000000000000000e+02
8.670000000000000000e+02
9.330000000000000000e+02
9.540000000000000000e+02
1.146000000000000000e+03
2.038000000000000000e+03
1.234000000000000000e+03
1.201000000000000000e+03
1.119000000000000000e+03
1.199000000000000000e+03
1.203000000000000000e+03
1.198000000000000000e+03
1.327000000000000000e+03
1.271000000000000000e+03
1.296000000000000000e+03
1.324000000000000000e+03
1.305000000000000000e+03
1.377000000000000000e+03
1.465000000000000000e+03
1.563000000000000000e+03
1.633000000000000000e+03
1.872000000000000000e+03
2.015000000000000000e+03
2.280000000000000000e+03
2.255000000000000000e+03
2.482000000000000000e+03
2.671000000000000000e+03
2.614000000000000000e+03
2.768000000000000000e+03
2.888000000000000000e+03
2.640000000000000000e+03
2.592000000000000000e+03
2.442000000000000000e+03
2.522000000000000000e+03
2.419000000000000000e+03
2.348000000000000000e+03
2.333000000000000000e+03
2.370000000000000000e+03
2.442000000000000000e+03
2.503000000000000000e+03
2.403000000000000000e+03
2.468000000000000000e+03
2.561000000000000000e+03
2.436000000000000000e+03
2.360000000000000000e+03
2.186000000000000000e+03
2.163000000000000000e+03
1.919000000000000000e+03
1.907000000000000000e+03
1.858000000000000000e+03
1.955000000000000000e+03
1.943000000000000000e+03
1.852000000000000000e+03
1.863000000000000000e+03
1.727000000000000000e+03
1.699000000000000000e+03
1.615000000000000000e+03
1.452000000000000000e+03
1.454000000000000000e+03
1.441000000000000000e+03
1.316000000000000000e+03
1.241000000000000000e+03
1.223000000000000000e+03
1.177000000000000000e+03
9.990000000000000000e+02
8.780000000000000000e+02
7.210000000000000000e+02
6.850000000000000000e+02
6.260000000000000000e+02
6.240000000000000000e+02
6.030000000000000000e+02
6.060000000000000000e+02
5.610000000000000000e+02
5.730000000000000000e+02
5.780000000000000000e+02
5.990000000000000000e+02
6.140000000000000000e+02
6.330000000000000000e+02
5.830000000000000000e+02
6.230000000000000000e+02
5.300000000000000000e+02
5.620000000000000000e+02
4.550000000000000000e+02
4.630000000000000000e+02
3.840000000000000000e+02
3.950000000000000000e+02
3.150000000000000000e+02
3.420000000000000000e+02
3.190000000000000000e+02
3.530000000000000000e+02
2.930000000000000000e+02
2.950000000000000000e+02
3.220000000000000000e+02
3.100000000000000000e+02
2.730000000000000000e+02
2.110000000000000000e+02
2.310000000000000000e+02
2.130000000000000000e+02
1.970000000000000000e+02
1.820000000000000000e+02
1.720000000000000000e+02
1.790000000000000000e+02
1.460000000000000000e+02
1.580000000000000000e+02
1.410000000000000000e+02
1.360000000000000000e+02
1.260000000000000000e+02
1.430000000000000000e+02
1.380000000000000000e+02
2.310000000000000000e+02
2.290000000000000000e+02
3.090000000000000000e+02
4.390000000000000000e+02
4.640000000000000000e+02
4.000000000000000000e+02
4.320000000000000000e+02
3.110000000000000000e+02
2.690000000000000000e+02
2.080000000000000000e+02
1.910000000000000000e+02
1.750000000000000000e+02
1.250000000000000000e+02
9.300000000000000000e+01
8.500000000000000000e+01
7.100000000000000000e+01
3.500000000000000000e+01
3.500000000000000000e+01
2.500000000000000000e+01
5.600000000000000000e+01
1.000000000000000000e+01
1.000000000000000000e+01
9.000000000000000000e+00
