7.900000000000000000e+02
6.430000000000000000e+02
1.507000000000000000e+03
1.108000000000000000e+03
1.090700000000000000e+04
8.608000000000000000e+03
5.897000000000000000e+03
2.890000000000000000e+03
3.233000000000000000e+03
1.807000000000000000e+03
1.710000000000000000e+03
2.024000000000000000e+03
1.881000000000000000e+03
1.709000000000000000e+03
1.992000000000000000e+03
1.654000000000000000e+03
2.011000000000000000e+03
1.846000000000000000e+03
2.115000000000000000e+03
2.084000000000000000e+03
2.055000000000000000e+03
2.211000000000000000e+03
2.190000000000000000e+03
2.456000000000000000e+03
2.611000000000000000e+03
2.728000000000000000e+03
2.709000000000000000e+03
2.935000000000000000e+03
3.057000000000000000e+03
3.242000000000000000e+03
3.773000000000000000e+03
3.642000000000000000e+03
3.592000000000000000e+03
4.011000000000000000e+03
4.248000000000000000e+03
4.398000000000000000e+03
3.931000000000000000e+03
4.169000000000000000e+03
4.819000000000000000e+03
4.080000000000000000e+03
3.981000000000000000e+03
3.927000000000000000e+03
3.666000000000000000e+03
3.331000000000000000e+03
3.580000000000000000e+03
3.301000000000000000e+03
3.146000000000000000e+03
2.912000000000000000e+03
2.872000000000000000e+03
2.899000000000000000e+03
2.978000000000000000e+03
2.995000000000000000e+03
3.068000000000000000e+03
2.932000000000000000e+03
2.721000000000000000e+03
2.761000000000000000e+03
2.606000000000000000e+03
2.632000000000000000e+03
2.586000000000000000e+03
2.666000000000000000e+03
2.565000000000000000e+03
2.447000000000000000e+03
2.505000000000000000e+03
2.363000000000000000e+03
2.405000000000000000e+03
2.327000000000000000e+03
2.471000000000000000e+03
2.315000000000000000e+03
2.558000000000000000e+03
2.404000000000000000e+03
2.528000000000000000e+03
2.623000000000000000e+03
2.683000000000000000e+03
2.505000000000000000e+03
2.541000000000000000e+03
2.539000000000000000e+03
2.715000000000000000e+03
2.739000000000000000e+03
2.858000000000000000e+03
2.896000000000000000e+03
2.844000000000000000e+03
3.074000000000000000e+03
3.019000000000000000e+03
3.027000000000000000e+03
2.944000000000000000e+03
3.018000000000000000e+03
3.061000000000000000e+03
3.119000000000000000e+03
3.113000000000000000e+03
3.468000000000000000e+03
3.266000000000000000e+03
3.328000000000000000e+03
3.222000000000000000e+03
3.262000000000000000e+03
3.339000000000000000e+03
3.206000000000000000e+03
3.229000000000000000e+03
3.065000000000000000e+03
3.038000000000000000e+03
2.952000000000000000e+03
2.982000000000000000e+03
2.938000000000000000e+03
2.915000000000000000e+03
2.923000000000000000e+03
2.969000000000000000e+03
2.819000000000000000e+03
2.757000000000000000e+03
2.704000000000000000e+03
2.709000000000000000e+03
2.911000000000000000e+03
2.846000000000000000e+03
2.745000000000000000e+03
2.917000000000000000e+03
2.743000000000000000e+03
3.001000000000000000e+03
2.955000000000000000e+03
2.834000000000000000e+03
2.710000000000000000e+03
2.677000000000000000e+03
2.956000000000000000e+03
2.886000000000000000e+03
3.032000000000000000e+03
2.890000000000000000e+03
2.829000000000000000e+03
2.962000000000000000e+03
3.028000000000000000e+03
3.025000000000000000e+03
2.977000000000000000e+03
3.269000000000000000e+03
3.315000000000000000e+03
3.314000000000000000e+03
3.405000000000000000e+03
3.357000000000000000e+03
3.464000000000000000e+03
3.444000000000000000e+03
3.658000000000000000e+03
3.494000000000000000e+03
3.517000000000000000e+03
3.707000000000000000e+03
3.732000000000000000e+03
3.826000000000000000e+03
3.809000000000000000e+03
3.759000000000000000e+03
3.861000000000000000e+03
3.723000000000000000e+03
3.579000000000000000e+03
3.557000000000000000e+03
3.561000000000000000e+03
3.531000000000000000e+03
3.434000000000000000e+03
3.446000000000000000e+03
3.343000000000000000e+03
3.237000000000000000e+03
3.040000000000000000e+03
3.023000000000000000e+03
2.924000000000000000e+03
3.003000000000000000e+03
2.821000000000000000e+03
2.783000000000000000e+03
2.691000000000000000e+03
2.649000000000000000e+03
2.824000000000000000e+03
2.702000000000000000e+03
2.721000000000000000e+03
2.670000000000000000e+03
2.753000000000000000e+03
2.674000000000000000e+03
2.760000000000000000e+03
2.446000000000000000e+03
2.583000000000000000e+03
2.385000000000000000e+03
2.309000000000000000e+03
2.322000000000000000e+03
2.045000000000000000e+03
2.075000000000000000e+03
1.930000000000000000e+03
1.866000000000000000e+03
1.765000000000000000e+03
1.827000000000000000e+03
1.809000000000000000e+03
1.876000000000000000e+03
1.860000000000000000e+03
1.869000000000000000e+03
1.908000000000000000e+03
1.990000000000000000e+03
1.991000000000000000e+03
1.921000000000000000e+03
2.020000000000000000e+03
1.915000000000000000e+03
2.030000000000000000e+03
1.689000000000000000e+03
1.775000000000000000e+03
1.839000000000000000e+03
1.712000000000000000e+03
1.516000000000000000e+03
1.527000000000000000e+03
1.479000000000000000e+03
1.342000000000000000e+03
1.345000000000000000e+03
1.290000000000000000e+03
1.349000000000000000e+03
1.308000000000000000e+03
1.361000000000000000e+03
1.360000000000000000e+03
1.400000000000000000e+03
1.456000000000000000e+03
1.502000000000000000e+03
1.609000000000000000e+03
1.814000000000000000e+03
1.746000000000000000e+03
1.817000000000000000e+03
1.958000000000000000e+03
1.992000000000000000e+03
2.049000000000000000e+03
2.143000000000000000e+03
2.168000000000000000e+03
2.127000000000000000e+03
2.122000000000000000e+03
2.297000000000000000e+03
2.655000000000000000e+03
2.725000000000000000e+03
2.767000000000000000e+03
2.321000000000000000e+03
2.263000000000000000e+03
2.648000000000000000e+03
2.419000000000000000e+03
2.125000000000000000e+03
1.971000000000000000e+03
2.053000000000000000e+03
1.924000000000000000e+03
2.170000000000000000e+03
1.991000000000000000e+03
2.146000000000000000e+03
2.343000000000000000e+03
2.548000000000000000e+03
2.353000000000000000e+03
2.418000000000000000e+03
2.780000000000000000e+03
3.234000000000000000e+03
3.680000000000000000e+03
4.237000000000000000e+03
4.502000000000000000e+03
5.772000000000000000e+03
7.309000000000000000e+03
9.701000000000000000e+03
7.061000000000000000e+03
6.661000000000000000e+03
8.074000000000000000e+03
7.003000000000000000e+03
8.850000000000000000e+03
3.030000000000000000e+03
1.254500000000000000e+04
5.819000000000000000e+03
1.232000000000000000e+03
4.400000000000000000e+02
2.458000000000000000e+03
1.166000000000000000e+03
8.990000000000000000e+02
1.275000000000000000e+03
1.770000000000000000e+03
2.788000000000000000e+03
5.377000000000000000e+03
1.684800000000000000e+04
1.205000000000000000e+04
6.050000000000000000e+03
4.008000000000000000e+03
3.266000000000000000e+03
2.870000000000000000e+03
2.919000000000000000e+03
2.983000000000000000e+03
3.309000000000000000e+03
3.706000000000000000e+03
3.838000000000000000e+03
3.940000000000000000e+03
4.398000000000000000e+03
4.425000000000000000e+03
4.785000000000000000e+03
4.488000000000000000e+03
4.303000000000000000e+03
4.441000000000000000e+03
4.582000000000000000e+03
5.031000000000000000e+03
5.108000000000000000e+03
4.741000000000000000e+03
4.468000000000000000e+03
5.152000000000000000e+03
4.599000000000000000e+03
5.037000000000000000e+03
4.695000000000000000e+03
4.501000000000000000e+03
4.060000000000000000e+03
3.527000000000000000e+03
3.513000000000000000e+03
3.323000000000000000e+03
3.256000000000000000e+03
3.271000000000000000e+03
3.483000000000000000e+03
3.382000000000000000e+03
3.124000000000000000e+03
3.151000000000000000e+03
3.025000000000000000e+03
2.790000000000000000e+03
2.726000000000000000e+03
2.654000000000000000e+03
2.638000000000000000e+03
2.513000000000000000e+03
2.525000000000000000e+03
2.489000000000000000e+03
2.454000000000000000e+03
2.572000000000000000e+03
2.464000000000000000e+03
2.539000000000000000e+03
2.515000000000000000e+03
2.375000000000000000e+03
2.322000000000000000e+03
2.348000000000000000e+03
2.376000000000000000e+03
2.303000000000000000e+03
2.307000000000000000e+03
2.308000000000000000e+03
2.276000000000000000e+03
2.338000000000000000e+03
2.367000000000000000e+03
2.185000000000000000e+03
2.328000000000000000e+03
2.349000000000000000e+03
2.387000000000000000e+03
2.339000000000000000e+03
2.351000000000000000e+03
2.422000000000000000e+03
2.433000000000000000e+03
2.393000000000000000e+03
2.574000000000000000e+03
2.620000000000000000e+03
2.715000000000000000e+03
2.920000000000000000e+03
3.081000000000000000e+03
3.246000000000000000e+03
3.316000000000000000e+03
3.421000000000000000e+03
3.362000000000000000e+03
3.403000000000000000e+03
3.286000000000000000e+03
3.214000000000000000e+03
3.113000000000000000e+03
3.095000000000000000e+03
3.165000000000000000e+03
3.190000000000000000e+03
3.072000000000000000e+03
2.986000000000000000e+03
3.218000000000000000e+03
3.224000000000000000e+03
3.253000000000000000e+03
3.130000000000000000e+03
3.099000000000000000e+03
3.022000000000000000e+03
3.025000000000000000e+03
2.999000000000000000e+03
3.141000000000000000e+03
3.317000000000000000e+03
3.148000000000000000e+03
3.230000000000000000e+03
3.161000000000000000e+03
3.237000000000000000e+03
3.105000000000000000e+03
2.842000000000000000e+03
2.984000000000000000e+03
2.932000000000000000e+03
3.167000000000000000e+03
2.938000000000000000e+03
2.889000000000000000e+03
2.999000000000000000e+03
3.071000000000000000e+03
2.988000000000000000e+03
3.115000000000000000e+03
3.211000000000000000e+03
3.355000000000000000e+03
3.208000000000000000e+03
3.365000000000000000e+03
3.272000000000000000e+03
3.448000000000000000e+03
3.294000000000000000e+03
3.546000000000000000e+03
3.304000000000000000e+03
3.517000000000000000e+03
3.597000000000000000e+03
3.652000000000000000e+03
3.590000000000000000e+03
3.615000000000000000e+03
3.665000000000000000e+03
3.539000000000000000e+03
3.643000000000000000e+03
3.594000000000000000e+03
3.367000000000000000e+03
3.437000000000000000e+03
3.258000000000000000e+03
3.071000000000000000e+03
3.070000000000000000e+03
2.860000000000000000e+03
2.769000000000000000e+03
2.604000000000000000e+03
2.560000000000000000e+03
2.531000000000000000e+03
2.414000000000000000e+03
2.397000000000000000e+03
2.396000000000000000e+03
2.285000000000000000e+03
2.234000000000000000e+03
2.235000000000000000e+03
2.066000000000000000e+03
2.075000000000000000e+03
2.054000000000000000e+03
2.041000000000000000e+03
2.067000000000000000e+03
1.946000000000000000e+03
1.926000000000000000e+03
1.939000000000000000e+03
2.014000000000000000e+03
1.886000000000000000e+03
1.818000000000000000e+03
1.872000000000000000e+03
1.764000000000000000e+03
1.771000000000000000e+03
1.593000000000000000e+03
1.644000000000000000e+03
1.569000000000000000e+03
1.521000000000000000e+03
1.455000000000000000e+03
1.584000000000000000e+03
1.681000000000000000e+03
1.569000000000000000e+03
1.614000000000000000e+03
1.684000000000000000e+03
1.547000000000000000e+03
1.695000000000000000e+03
1.750000000000000000e+03
1.901000000000000000e+03
1.861000000000000000e+03
2.026000000000000000e+03
1.690000000000000000e+03
1.682000000000000000e+03
1.579000000000000000e+03
1.494000000000000000e+03
1.364000000000000000e+03
1.336000000000000000e+03
1.241000000000000000e+03
1.318000000000000000e+03
1.213000000000000000e+03
1.150000000000000000e+03
1.171000000000000000e+03
1.151000000000000000e+03
1.149000000000000000e+03
1.164000000000000000e+03
1.087000000000000000e+03
1.217000000000000000e+03
1.247000000000000000e+03
1.155000000000000000e+03
1.247000000000000000e+03
1.488000000000000000e+03
1.647000000000000000e+03
1.561000000000000000e+03
1.614000000000000000e+03
1.677000000000000000e+03
1.802000000000000000e+03
1.694000000000000000e+03
1.861000000000000000e+03
1.725000000000000000e+03
1.672000000000000000e+03
1.868000000000000000e+03
2.383000000000000000e+03
2.566000000000000000e+03
2.644000000000000000e+03
2.786000000000000000e+03
3.020000000000000000e+03
3.118000000000000000e+03
3.252000000000000000e+03
2.861000000000000000e+03
2.523000000000000000e+03
2.479000000000000000e+03
2.063000000000000000e+03
2.042000000000000000e+03
2.116000000000000000e+03
2.121000000000000000e+03
2.159000000000000000e+03
2.110000000000000000e+03
1.744000000000000000e+03
1.822000000000000000e+03
2.037000000000000000e+03
1.794000000000000000e+03
2.292000000000000000e+03
3.617000000000000000e+03
3.747000000000000000e+03
3.709000000000000000e+03
4.551000000000000000e+03
5.869000000000000000e+03
7.289000000000000000e+03
4.524000000000000000e+03
4.018000000000000000e+03
4.886000000000000000e+03
3.557000000000000000e+03
3.376000000000000000e+03
2.567000000000000000e+03
3.554000000000000000e+03
5.808000000000000000e+03
5.649000000000000000e+03
7.972000000000000000e+03
2.539000000000000000e+03
1.220000000000000000e+04
5.437000000000000000e+03
1.041000000000000000e+03
2.580000000000000000e+02
9.660000000000000000e+02
2.437100000000000000e+04
8.070000000000000000e+03
8.153000000000000000e+03
7.958000000000000000e+03
7.506000000000000000e+03
7.557000000000000000e+03
1.072300000000000000e+04
1.726900000000000000e+04
1.356500000000000000e+04
8.773000000000000000e+03
7.457000000000000000e+03
6.071000000000000000e+03
6.041000000000000000e+03
5.430000000000000000e+03
5.690000000000000000e+03
5.330000000000000000e+03
5.824000000000000000e+03
5.121000000000000000e+03
4.935000000000000000e+03
4.918000000000000000e+03
5.180000000000000000e+03
4.700000000000000000e+03
4.711000000000000000e+03
4.338000000000000000e+03
4.024000000000000000e+03
3.729000000000000000e+03
3.351000000000000000e+03
3.300000000000000000e+03
3.260000000000000000e+03
3.276000000000000000e+03
3.281000000000000000e+03
3.010000000000000000e+03
2.732000000000000000e+03
2.746000000000000000e+03
2.595000000000000000e+03
2.541000000000000000e+03
2.429000000000000000e+03
2.305000000000000000e+03
2.246000000000000000e+03
2.276000000000000000e+03
2.251000000000000000e+03
2.074000000000000000e+03
2.216000000000000000e+03
2.218000000000000000e+03
2.146000000000000000e+03
2.165000000000000000e+03
2.108000000000000000e+03
2.059000000000000000e+03
2.078000000000000000e+03
2.056000000000000000e+03
2.030000000000000000e+03
2.030000000000000000e+03
2.105000000000000000e+03
2.059000000000000000e+03
2.108000000000000000e+03
2.031000000000000000e+03
2.253000000000000000e+03
2.201000000000000000e+03
2.176000000000000000e+03
2.149000000000000000e+03
2.224000000000000000e+03
2.142000000000000000e+03
2.240000000000000000e+03
2.287000000000000000e+03
2.394000000000000000e+03
2.690000000000000000e+03
2.919000000000000000e+03
3.024000000000000000e+03
3.154000000000000000e+03
3.375000000000000000e+03
3.514000000000000000e+03
3.670000000000000000e+03
3.943000000000000000e+03
3.673000000000000000e+03
3.681000000000000000e+03
4.097000000000000000e+03
3.945000000000000000e+03
3.746000000000000000e+03
3.911000000000000000e+03
3.740000000000000000e+03
3.553000000000000000e+03
3.545000000000000000e+03
3.306000000000000000e+03
3.081000000000000000e+03
3.242000000000000000e+03
3.162000000000000000e+03
2.945000000000000000e+03
3.106000000000000000e+03
3.227000000000000000e+03
3.161000000000000000e+03
3.023000000000000000e+03
2.924000000000000000e+03
2.736000000000000000e+03
2.830000000000000000e+03
2.607000000000000000e+03
2.595000000000000000e+03
2.560000000000000000e+03
2.570000000000000000e+03
2.528000000000000000e+03
2.428000000000000000e+03
2.543000000000000000e+03
2.496000000000000000e+03
2.690000000000000000e+03
2.477000000000000000e+03
2.420000000000000000e+03
2.533000000000000000e+03
2.557000000000000000e+03
2.673000000000000000e+03
2.629000000000000000e+03
2.752000000000000000e+03
2.776000000000000000e+03
2.730000000000000000e+03
2.859000000000000000e+03
2.714000000000000000e+03
2.848000000000000000e+03
2.668000000000000000e+03
2.965000000000000000e+03
2.811000000000000000e+03
3.020000000000000000e+03
3.006000000000000000e+03
2.913000000000000000e+03
2.977000000000000000e+03
2.911000000000000000e+03
2.812000000000000000e+03
2.822000000000000000e+03
2.872000000000000000e+03
2.868000000000000000e+03
2.752000000000000000e+03
2.792000000000000000e+03
2.697000000000000000e+03
2.637000000000000000e+03
2.531000000000000000e+03
2.383000000000000000e+03
2.353000000000000000e+03
2.212000000000000000e+03
2.210000000000000000e+03
2.173000000000000000e+03
2.069000000000000000e+03
2.011000000000000000e+03
2.038000000000000000e+03
1.894000000000000000e+03
1.835000000000000000e+03
1.922000000000000000e+03
1.699000000000000000e+03
1.680000000000000000e+03
1.655000000000000000e+03
1.746000000000000000e+03
1.793000000000000000e+03
1.728000000000000000e+03
1.805000000000000000e+03
1.727000000000000000e+03
1.615000000000000000e+03
1.639000000000000000e+03
1.594000000000000000e+03
1.666000000000000000e+03
1.557000000000000000e+03
1.626000000000000000e+03
1.521000000000000000e+03
1.469000000000000000e+03
1.444000000000000000e+03
1.411000000000000000e+03
1.495000000000000000e+03
1.262000000000000000e+03
1.322000000000000000e+03
1.219000000000000000e+03
1.263000000000000000e+03
1.345000000000000000e+03
1.191000000000000000e+03
1.334000000000000000e+03
1.279000000000000000e+03
1.175000000000000000e+03
1.357000000000000000e+03
1.334000000000000000e+03
1.383000000000000000e+03
1.409000000000000000e+03
1.316000000000000000e+03
1.386000000000000000e+03
1.338000000000000000e+03
1.414000000000000000e+03
1.609000000000000000e+03
1.294000000000000000e+03
1.274000000000000000e+03
1.249000000000000000e+03
1.124000000000000000e+03
1.071000000000000000e+03
1.128000000000000000e+03
1.049000000000000000e+03
1.044000000000000000e+03
1.058000000000000000e+03
1.005000000000000000e+03
1.025000000000000000e+03
1.006000000000000000e+03
1.034000000000000000e+03
1.016000000000000000e+03
9.770000000000000000e+02
1.080000000000000000e+03
1.013000000000000000e+03
1.076000000000000000e+03
1.203000000000000000e+03
1.283000000000000000e+03
1.583000000000000000e+03
1.939000000000000000e+03
2.099000000000000000e+03
2.315000000000000000e+03
2.138000000000000000e+03
2.070000000000000000e+03
2.127000000000000000e+03
2.270000000000000000e+03
2.066000000000000000e+03
2.172000000000000000e+03
2.195000000000000000e+03
2.264000000000000000e+03
2.481000000000000000e+03
2.537000000000000000e+03
2.843000000000000000e+03
2.605000000000000000e+03
2.964000000000000000e+03
3.209000000000000000e+03
3.078000000000000000e+03
2.365000000000000000e+03
2.212000000000000000e+03
2.100000000000000000e+03
1.867000000000000000e+03
1.610000000000000000e+03
1.613000000000000000e+03
1.716000000000000000e+03
2.656000000000000000e+03
3.480000000000000000e+03
2.489000000000000000e+03
2.111000000000000000e+03
2.062000000000000000e+03
1.857000000000000000e+03
1.900000000000000000e+03
1.948000000000000000e+03
2.843000000000000000e+03
3.852000000000000000e+03
4.460000000000000000e+03
3.519000000000000000e+03
4.232000000000000000e+03
3.155000000000000000e+03
2.793000000000000000e+03
3.845000000000000000e+03
2.980000000000000000e+03
2.684000000000000000e+03
2.381000000000000000e+03
2.366000000000000000e+03
3.059000000000000000e+03
5.472000000000000000e+03
5.460000000000000000e+03
7.883000000000000000e+03
2.341000000000000000e+03
1.223300000000000000e+04
5.417000000000000000e+03
8.480000000000000000e+02
1.800000000000000000e+02
8.300000000000000000e+01
