1.130000000000000000e+02
5.000000000000000000e+01
8.300000000000000000e+01
1.040000000000000000e+02
3.190000000000000000e+02
3.890000000000000000e+02
5.520000000000000000e+02
7.300000000000000000e+02
1.056000000000000000e+03
1.358000000000000000e+03
1.395000000000000000e+03
1.963000000000000000e+03
1.577000000000000000e+03
1.329000000000000000e+03
1.413000000000000000e+03
1.307000000000000000e+03
1.327000000000000000e+03
1.244000000000000000e+03
1.196000000000000000e+03
1.285000000000000000e+03
1.434000000000000000e+03
1.423000000000000000e+03
1.470000000000000000e+03
1.526000000000000000e+03
1.461000000000000000e+03
1.486000000000000000e+03
1.578000000000000000e+03
1.513000000000000000e+03
1.693000000000000000e+03
1.756000000000000000e+03
1.873000000000000000e+03
1.931000000000000000e+03
1.990000000000000000e+03
2.010000000000000000e+03
2.188000000000000000e+03
2.321000000000000000e+03
2.371000000000000000e+03
2.428000000000000000e+03
2.401000000000000000e+03
2.486000000000000000e+03
2.466000000000000000e+03
2.434000000000000000e+03
2.474000000000000000e+03
2.528000000000000000e+03
2.351000000000000000e+03
2.335000000000000000e+03
2.312000000000000000e+03
2.218000000000000000e+03
2.158000000000000000e+03
2.140000000000000000e+03
2.101000000000000000e+03
1.949000000000000000e+03
1.830000000000000000e+03
1.753000000000000000e+03
1.699000000000000000e+03
1.620000000000000000e+03
1.657000000000000000e+03
1.631000000000000000e+03
1.593000000000000000e+03
1.631000000000000000e+03
1.615000000000000000e+03
1.522000000000000000e+03
1.537000000000000000e+03
1.513000000000000000e+03
1.490000000000000000e+03
1.423000000000000000e+03
1.480000000000000000e+03
1.485000000000000000e+03
1.455000000000000000e+03
1.402000000000000000e+03
1.387000000000000000e+03
1.271000000000000000e+03
1.244000000000000000e+03
1.201000000000000000e+03
1.194000000000000000e+03
1.165000000000000000e+03
1.171000000000000000e+03
1.011000000000000000e+03
1.093000000000000000e+03
1.055000000000000000e+03
1.164000000000000000e+03
1.164000000000000000e+03
1.229000000000000000e+03
1.365000000000000000e+03
1.405000000000000000e+03
1.529000000000000000e+03
1.694000000000000000e+03
1.959000000000000000e+03
2.241000000000000000e+03
2.540000000000000000e+03
2.941000000000000000e+03
3.287000000000000000e+03
3.563000000000000000e+03
3.591000000000000000e+03
3.660000000000000000e+03
3.510000000000000000e+03
3.325000000000000000e+03
3.178000000000000000e+03
3.117000000000000000e+03
2.923000000000000000e+03
2.793000000000000000e+03
2.573000000000000000e+03
2.369000000000000000e+03
2.097000000000000000e+03
2.032000000000000000e+03
2.028000000000000000e+03
1.841000000000000000e+03
1.763000000000000000e+03
1.605000000000000000e+03
1.618000000000000000e+03
1.642000000000000000e+03
1.673000000000000000e+03
1.537000000000000000e+03
1.465000000000000000e+03
1.400000000000000000e+03
1.280000000000000000e+03
1.234000000000000000e+03
1.165000000000000000e+03
1.143000000000000000e+03
1.121000000000000000e+03
1.029000000000000000e+03
9.900000000000000000e+02
9.400000000000000000e+02
9.290000000000000000e+02
9.910000000000000000e+02
9.700000000000000000e+02
9.610000000000000000e+02
8.860000000000000000e+02
8.600000000000000000e+02
9.050000000000000000e+02
8.360000000000000000e+02
8.480000000000000000e+02
9.060000000000000000e+02
8.740000000000000000e+02
9.210000000000000000e+02
7.850000000000000000e+02
8.500000000000000000e+02
7.650000000000000000e+02
6.510000000000000000e+02
7.620000000000000000e+02
7.000000000000000000e+02
6.510000000000000000e+02
7.060000000000000000e+02
7.530000000000000000e+02
7.680000000000000000e+02
7.740000000000000000e+02
8.080000000000000000e+02
8.700000000000000000e+02
7.560000000000000000e+02
8.490000000000000000e+02
8.730000000000000000e+02
8.770000000000000000e+02
8.020000000000000000e+02
7.220000000000000000e+02
7.280000000000000000e+02
7.120000000000000000e+02
6.610000000000000000e+02
6.300000000000000000e+02
5.570000000000000000e+02
4.890000000000000000e+02
4.700000000000000000e+02
4.040000000000000000e+02
4.000000000000000000e+02
4.250000000000000000e+02
3.760000000000000000e+02
3.580000000000000000e+02
3.540000000000000000e+02
3.290000000000000000e+02
3.390000000000000000e+02
4.010000000000000000e+02
3.170000000000000000e+02
3.860000000000000000e+02
3.540000000000000000e+02
4.050000000000000000e+02
3.920000000000000000e+02
4.040000000000000000e+02
4.040000000000000000e+02
3.630000000000000000e+02
3.770000000000000000e+02
4.020000000000000000e+02
3.870000000000000000e+02
4.110000000000000000e+02
4.060000000000000000e+02
4.450000000000000000e+02
4.340000000000000000e+02
5.680000000000000000e+02
9.140000000000000000e+02
7.850000000000000000e+02
9.130000000000000000e+02
1.376000000000000000e+03
1.089000000000000000e+03
1.113000000000000000e+03
1.386000000000000000e+03
1.582000000000000000e+03
1.467000000000000000e+03
1.829000000000000000e+03
1.590000000000000000e+03
1.749000000000000000e+03
2.488000000000000000e+03
1.288000000000000000e+03
1.012000000000000000e+03
8.850000000000000000e+02
9.660000000000000000e+02
1.085000000000000000e+03
9.030000000000000000e+02
6.760000000000000000e+02
8.180000000000000000e+02
5.580000000000000000e+02
3.930000000000000000e+02
4.350000000000000000e+02
2.740000000000000000e+02
2.350000000000000000e+02
2.760000000000000000e+02
2.890000000000000000e+02
2.890000000000000000e+02
3.210000000000000000e+02
2.950000000000000000e+02
2.750000000000000000e+02
3.500000000000000000e+02
2.180000000000000000e+02
1.850000000000000000e+02
1.590000000000000000e+02
1.400000000000000000e+02
1.530000000000000000e+02
1.760000000000000000e+02
2.360000000000000000e+02
9.800000000000000000e+01
7.100000000000000000e+01
6.200000000000000000e+01
3.900000000000000000e+01
6.700000000000000000e+01
7.200000000000000000e+01
5.300000000000000000e+01
2.700000000000000000e+01
1.800000000000000000e+01
1.600000000000000000e+01
1.400000000000000000e+01
2.100000000000000000e+01
1.500000000000000000e+01
1.100000000000000000e+01
4.000000000000000000e+00
1.000000000000000000e+01
1.100000000000000000e+01
1.200000000000000000e+01
5.000000000000000000e+00
1.200000000000000000e+01
1.000000000000000000e+01
8.000000000000000000e+00
1.300000000000000000e+01
1.000000000000000000e+01
1.000000000000000000e+01
1.200000000000000000e+01
7.000000000000000000e+00
1.500000000000000000e+01
6.000000000000000000e+00
5.700000000000000000e+01
3.250000000000000000e+02
2.930000000000000000e+02
3.510000000000000000e+02
5.460000000000000000e+02
7.430000000000000000e+02
9.150000000000000000e+02
1.401000000000000000e+03
1.423000000000000000e+03
1.910000000000000000e+03
1.307000000000000000e+03
1.089000000000000000e+03
1.125000000000000000e+03
9.100000000000000000e+02
8.550000000000000000e+02
8.390000000000000000e+02
8.230000000000000000e+02
7.420000000000000000e+02
7.470000000000000000e+02
7.840000000000000000e+02
7.620000000000000000e+02
8.290000000000000000e+02
8.280000000000000000e+02
8.510000000000000000e+02
7.900000000000000000e+02
8.660000000000000000e+02
8.680000000000000000e+02
8.510000000000000000e+02
9.880000000000000000e+02
1.073000000000000000e+03
9.860000000000000000e+02
1.046000000000000000e+03
9.210000000000000000e+02
9.060000000000000000e+02
9.930000000000000000e+02
9.550000000000000000e+02
1.002000000000000000e+03
9.740000000000000000e+02
1.031000000000000000e+03
1.027000000000000000e+03
1.064000000000000000e+03
1.059000000000000000e+03
9.960000000000000000e+02
1.166000000000000000e+03
1.242000000000000000e+03
1.315000000000000000e+03
1.378000000000000000e+03
1.520000000000000000e+03
1.529000000000000000e+03
1.619000000000000000e+03
1.623000000000000000e+03
1.746000000000000000e+03
1.764000000000000000e+03
1.685000000000000000e+03
1.698000000000000000e+03
1.807000000000000000e+03
1.676000000000000000e+03
1.812000000000000000e+03
1.768000000000000000e+03
1.775000000000000000e+03
1.734000000000000000e+03
1.718000000000000000e+03
1.801000000000000000e+03
1.773000000000000000e+03
1.672000000000000000e+03
1.674000000000000000e+03
1.676000000000000000e+03
1.568000000000000000e+03
1.604000000000000000e+03
1.565000000000000000e+03
1.523000000000000000e+03
1.628000000000000000e+03
1.630000000000000000e+03
1.604000000000000000e+03
1.730000000000000000e+03
1.660000000000000000e+03
1.606000000000000000e+03
1.609000000000000000e+03
1.589000000000000000e+03
1.593000000000000000e+03
1.561000000000000000e+03
1.501000000000000000e+03
1.451000000000000000e+03
1.470000000000000000e+03
1.434000000000000000e+03
1.398000000000000000e+03
1.542000000000000000e+03
1.467000000000000000e+03
1.471000000000000000e+03
1.467000000000000000e+03
1.624000000000000000e+03
1.786000000000000000e+03
1.918000000000000000e+03
2.095000000000000000e+03
2.532000000000000000e+03
2.807000000000000000e+03
3.108000000000000000e+03
3.381000000000000000e+03
3.738000000000000000e+03
3.844000000000000000e+03
3.820000000000000000e+03
3.576000000000000000e+03
3.378000000000000000e+03
3.175000000000000000e+03
3.282000000000000000e+03
3.054000000000000000e+03
2.985000000000000000e+03
2.757000000000000000e+03
2.523000000000000000e+03
2.402000000000000000e+03
2.369000000000000000e+03
2.253000000000000000e+03
2.194000000000000000e+03
2.183000000000000000e+03
2.086000000000000000e+03
1.957000000000000000e+03
1.980000000000000000e+03
1.854000000000000000e+03
1.800000000000000000e+03
1.783000000000000000e+03
1.709000000000000000e+03
1.756000000000000000e+03
1.652000000000000000e+03
1.633000000000000000e+03
1.650000000000000000e+03
1.564000000000000000e+03
1.581000000000000000e+03
1.506000000000000000e+03
1.499000000000000000e+03
1.530000000000000000e+03
1.463000000000000000e+03
1.313000000000000000e+03
1.264000000000000000e+03
1.209000000000000000e+03
1.206000000000000000e+03
1.151000000000000000e+03
1.086000000000000000e+03
1.050000000000000000e+03
1.195000000000000000e+03
1.060000000000000000e+03
1.079000000000000000e+03
1.000000000000000000e+03
9.680000000000000000e+02
9.950000000000000000e+02
9.330000000000000000e+02
9.320000000000000000e+02
9.530000000000000000e+02
9.780000000000000000e+02
9.120000000000000000e+02
9.260000000000000000e+02
8.900000000000000000e+02
8.400000000000000000e+02
8.400000000000000000e+02
9.340000000000000000e+02
8.570000000000000000e+02
8.620000000000000000e+02
8.580000000000000000e+02
8.860000000000000000e+02
8.460000000000000000e+02
7.910000000000000000e+02
7.860000000000000000e+02
8.080000000000000000e+02
7.250000000000000000e+02
6.670000000000000000e+02
5.740000000000000000e+02
5.280000000000000000e+02
4.630000000000000000e+02
4.360000000000000000e+02
4.180000000000000000e+02
4.210000000000000000e+02
3.980000000000000000e+02
3.650000000000000000e+02
3.970000000000000000e+02
3.950000000000000000e+02
3.960000000000000000e+02
3.380000000000000000e+02
3.830000000000000000e+02
3.570000000000000000e+02
3.770000000000000000e+02
3.600000000000000000e+02
4.790000000000000000e+02
4.840000000000000000e+02
7.880000000000000000e+02
9.280000000000000000e+02
9.120000000000000000e+02
1.333000000000000000e+03
1.122000000000000000e+03
1.273000000000000000e+03
1.258000000000000000e+03
1.387000000000000000e+03
1.819000000000000000e+03
1.864000000000000000e+03
1.438000000000000000e+03
1.620000000000000000e+03
2.417000000000000000e+03
1.229000000000000000e+03
9.880000000000000000e+02
9.270000000000000000e+02
9.370000000000000000e+02
8.500000000000000000e+02
8.720000000000000000e+02
9.680000000000000000e+02
6.720000000000000000e+02
5.270000000000000000e+02
7.830000000000000000e+02
5.280000000000000000e+02
4.130000000000000000e+02
3.450000000000000000e+02
1.730000000000000000e+02
1.580000000000000000e+02
2.770000000000000000e+02
2.800000000000000000e+02
2.590000000000000000e+02
2.880000000000000000e+02
2.450000000000000000e+02
2.260000000000000000e+02
2.770000000000000000e+02
2.130000000000000000e+02
1.720000000000000000e+02
1.620000000000000000e+02
1.520000000000000000e+02
2.010000000000000000e+02
1.860000000000000000e+02
2.670000000000000000e+02
1.380000000000000000e+02
1.010000000000000000e+02
1.020000000000000000e+02
1.000000000000000000e+02
1.490000000000000000e+02
1.410000000000000000e+02
1.740000000000000000e+02
1.610000000000000000e+02
1.030000000000000000e+02
7.600000000000000000e+01
3.300000000000000000e+01
2.700000000000000000e+01
2.400000000000000000e+01
1.600000000000000000e+01
1.600000000000000000e+01
9.000000000000000000e+00
1.300000000000000000e+01
8.000000000000000000e+00
5.000000000000000000e+00
8.000000000000000000e+00
9.000000000000000000e+00
7.000000000000000000e+00
9.000000000000000000e+00
9.000000000000000000e+00
8.000000000000000000e+00
1.300000000000000000e+01
1.100000000000000000e+01
1.000000000000000000e+01
4.000000000000000000e+00
8.000000000000000000e+00
6.000000000000000000e+00
1.600000000000000000e+01
6.000000000000000000e+01
1.070000000000000000e+03
6.080000000000000000e+02
9.870000000000000000e+02
9.410000000000000000e+02
1.421000000000000000e+03
1.107000000000000000e+03
1.120000000000000000e+03
1.207000000000000000e+03
1.029000000000000000e+03
9.920000000000000000e+02
9.110000000000000000e+02
9.210000000000000000e+02
7.670000000000000000e+02
7.390000000000000000e+02
7.760000000000000000e+02
8.130000000000000000e+02
8.170000000000000000e+02
7.990000000000000000e+02
7.860000000000000000e+02
7.730000000000000000e+02
7.300000000000000000e+02
7.390000000000000000e+02
8.030000000000000000e+02
8.270000000000000000e+02
8.370000000000000000e+02
7.650000000000000000e+02
7.920000000000000000e+02
8.000000000000000000e+02
7.360000000000000000e+02
7.830000000000000000e+02
8.580000000000000000e+02
8.230000000000000000e+02
9.450000000000000000e+02
9.340000000000000000e+02
9.310000000000000000e+02
1.003000000000000000e+03
1.086000000000000000e+03
1.186000000000000000e+03
1.160000000000000000e+03
1.253000000000000000e+03
1.328000000000000000e+03
1.405000000000000000e+03
1.463000000000000000e+03
1.493000000000000000e+03
1.594000000000000000e+03
1.625000000000000000e+03
1.672000000000000000e+03
1.708000000000000000e+03
1.817000000000000000e+03
1.819000000000000000e+03
1.778000000000000000e+03
1.767000000000000000e+03
1.780000000000000000e+03
1.837000000000000000e+03
1.867000000000000000e+03
1.833000000000000000e+03
1.863000000000000000e+03
1.861000000000000000e+03
1.902000000000000000e+03
1.996000000000000000e+03
2.060000000000000000e+03
2.107000000000000000e+03
1.993000000000000000e+03
1.885000000000000000e+03
1.958000000000000000e+03
1.919000000000000000e+03
1.882000000000000000e+03
1.947000000000000000e+03
1.856000000000000000e+03
1.788000000000000000e+03
1.673000000000000000e+03
1.699000000000000000e+03
1.644000000000000000e+03
1.588000000000000000e+03
1.625000000000000000e+03
1.520000000000000000e+03
1.479000000000000000e+03
1.375000000000000000e+03
1.306000000000000000e+03
1.305000000000000000e+03
1.296000000000000000e+03
1.308000000000000000e+03
1.170000000000000000e+03
1.171000000000000000e+03
1.102000000000000000e+03
1.061000000000000000e+03
1.080000000000000000e+03
1.113000000000000000e+03
1.163000000000000000e+03
1.211000000000000000e+03
1.225000000000000000e+03
1.309000000000000000e+03
1.358000000000000000e+03
1.532000000000000000e+03
1.740000000000000000e+03
1.939000000000000000e+03
2.254000000000000000e+03
2.731000000000000000e+03
3.057000000000000000e+03
3.340000000000000000e+03
3.665000000000000000e+03
3.664000000000000000e+03
3.792000000000000000e+03
3.605000000000000000e+03
3.454000000000000000e+03
3.199000000000000000e+03
3.201000000000000000e+03
3.045000000000000000e+03
2.759000000000000000e+03
2.386000000000000000e+03
2.270000000000000000e+03
2.141000000000000000e+03
1.931000000000000000e+03
1.733000000000000000e+03
1.602000000000000000e+03
1.631000000000000000e+03
1.579000000000000000e+03
1.620000000000000000e+03
1.556000000000000000e+03
1.576000000000000000e+03
1.458000000000000000e+03
1.418000000000000000e+03
1.452000000000000000e+03
1.421000000000000000e+03
1.343000000000000000e+03
1.304000000000000000e+03
1.364000000000000000e+03
1.295000000000000000e+03
1.281000000000000000e+03
1.231000000000000000e+03
1.231000000000000000e+03
1.225000000000000000e+03
1.296000000000000000e+03
1.305000000000000000e+03
1.248000000000000000e+03
1.258000000000000000e+03
1.228000000000000000e+03
1.186000000000000000e+03
1.229000000000000000e+03
1.216000000000000000e+03
1.278000000000000000e+03
1.224000000000000000e+03
1.261000000000000000e+03
1.164000000000000000e+03
1.163000000000000000e+03
1.199000000000000000e+03
1.088000000000000000e+03
1.216000000000000000e+03
1.164000000000000000e+03
1.127000000000000000e+03
1.026000000000000000e+03
1.103000000000000000e+03
1.020000000000000000e+03
9.820000000000000000e+02
9.890000000000000000e+02
9.880000000000000000e+02
9.180000000000000000e+02
8.810000000000000000e+02
9.100000000000000000e+02
9.290000000000000000e+02
9.950000000000000000e+02
9.260000000000000000e+02
1.017000000000000000e+03
9.710000000000000000e+02
1.065000000000000000e+03
9.830000000000000000e+02
8.870000000000000000e+02
8.270000000000000000e+02
7.220000000000000000e+02
6.110000000000000000e+02
5.930000000000000000e+02
5.320000000000000000e+02
5.090000000000000000e+02
4.610000000000000000e+02
5.180000000000000000e+02
4.910000000000000000e+02
5.650000000000000000e+02
7.280000000000000000e+02
8.290000000000000000e+02
7.740000000000000000e+02
8.860000000000000000e+02
1.282000000000000000e+03
9.940000000000000000e+02
1.331000000000000000e+03
1.552000000000000000e+03
1.056000000000000000e+03
1.168000000000000000e+03
1.757000000000000000e+03
1.309000000000000000e+03
1.717000000000000000e+03
2.587000000000000000e+03
1.357000000000000000e+03
1.040000000000000000e+03
7.450000000000000000e+02
8.300000000000000000e+02
8.360000000000000000e+02
1.190000000000000000e+03
8.500000000000000000e+02
6.680000000000000000e+02
9.040000000000000000e+02
5.270000000000000000e+02
3.420000000000000000e+02
4.020000000000000000e+02
3.270000000000000000e+02
3.420000000000000000e+02
3.140000000000000000e+02
2.940000000000000000e+02
2.700000000000000000e+02
2.310000000000000000e+02
2.540000000000000000e+02
2.200000000000000000e+02
2.890000000000000000e+02
2.100000000000000000e+02
1.710000000000000000e+02
1.740000000000000000e+02
1.410000000000000000e+02
1.750000000000000000e+02
1.700000000000000000e+02
2.650000000000000000e+02
1.340000000000000000e+02
9.400000000000000000e+01
1.070000000000000000e+02
5.900000000000000000e+01
1.180000000000000000e+02
1.050000000000000000e+02
8.600000000000000000e+01
7.600000000000000000e+01
4.400000000000000000e+01
5.500000000000000000e+01
5.200000000000000000e+01
3.700000000000000000e+01
4.100000000000000000e+01
5.200000000000000000e+01
5.300000000000000000e+01
5.600000000000000000e+01
5.400000000000000000e+01
3.900000000000000000e+01
4.300000000000000000e+01
4.700000000000000000e+01
7.500000000000000000e+01
1.000000000000000000e+02
1.210000000000000000e+02
1.420000000000000000e+02
8.700000000000000000e+01
7.700000000000000000e+01
2.800000000000000000e+01
2.400000000000000000e+01
1.400000000000000000e+01
1.500000000000000000e+01
1.100000000000000000e+01
1.300000000000000000e+01
1.600000000000000000e+01
2.400000000000000000e+01
5.000000000000000000e+00
1.600000000000000000e+01
1.900000000000000000e+01
