9.288000000000000000e+03
3.411000000000000000e+03
3.191000000000000000e+03
2.998000000000000000e+03
3.272000000000000000e+03
4.026000000000000000e+03
4.697000000000000000e+03
5.008000000000000000e+03
5.672000000000000000e+03
5.969000000000000000e+03
5.220000000000000000e+03
4.536000000000000000e+03
3.985000000000000000e+03
3.091000000000000000e+03
2.654000000000000000e+03
2.486000000000000000e+03
2.442000000000000000e+03
2.476000000000000000e+03
2.377000000000000000e+03
2.683000000000000000e+03
2.973000000000000000e+03
2.937000000000000000e+03
2.730000000000000000e+03
2.749000000000000000e+03
2.650000000000000000e+03
2.251000000000000000e+03
2.260000000000000000e+03
2.205000000000000000e+03
2.270000000000000000e+03
2.324000000000000000e+03
2.385000000000000000e+03
2.486000000000000000e+03
2.921000000000000000e+03
3.425000000000000000e+03
4.126000000000000000e+03
4.533000000000000000e+03
4.234000000000000000e+03
3.734000000000000000e+03
3.546000000000000000e+03
3.419000000000000000e+03
3.626000000000000000e+03
3.720000000000000000e+03
3.690000000000000000e+03
3.465000000000000000e+03
3.377000000000000000e+03
3.255000000000000000e+03
2.931000000000000000e+03
2.751000000000000000e+03
2.509000000000000000e+03
2.401000000000000000e+03
2.312000000000000000e+03
2.506000000000000000e+03
2.643000000000000000e+03
2.650000000000000000e+03
2.725000000000000000e+03
2.624000000000000000e+03
2.563000000000000000e+03
2.828000000000000000e+03
3.043000000000000000e+03
3.072000000000000000e+03
2.920000000000000000e+03
3.125000000000000000e+03
3.738000000000000000e+03
3.993000000000000000e+03
3.976000000000000000e+03
3.895000000000000000e+03
3.816000000000000000e+03
3.881000000000000000e+03
3.706000000000000000e+03
3.794000000000000000e+03
3.677000000000000000e+03
3.572000000000000000e+03
3.694000000000000000e+03
3.898000000000000000e+03
4.011000000000000000e+03
4.022000000000000000e+03
4.079000000000000000e+03
4.125000000000000000e+03
4.106000000000000000e+03
4.041000000000000000e+03
4.142000000000000000e+03
4.235000000000000000e+03
4.356000000000000000e+03
4.649000000000000000e+03
4.949000000000000000e+03
5.044000000000000000e+03
5.083000000000000000e+03
5.095000000000000000e+03
5.240000000000000000e+03
5.300000000000000000e+03
5.468000000000000000e+03
5.692000000000000000e+03
5.797000000000000000e+03
5.930000000000000000e+03
5.995000000000000000e+03
6.231000000000000000e+03
6.109000000000000000e+03
6.139000000000000000e+03
6.064000000000000000e+03
5.867000000000000000e+03
5.630000000000000000e+03
5.425000000000000000e+03
5.025000000000000000e+03
4.791000000000000000e+03
4.588000000000000000e+03
4.242000000000000000e+03
3.800000000000000000e+03
3.373000000000000000e+03
3.039000000000000000e+03
3.074000000000000000e+03
2.976000000000000000e+03
3.006000000000000000e+03
2.594000000000000000e+03
2.318000000000000000e+03
2.116000000000000000e+03
1.912000000000000000e+03
1.823000000000000000e+03
1.666000000000000000e+03
1.633000000000000000e+03
1.475000000000000000e+03
1.487000000000000000e+03
1.293000000000000000e+03
1.317000000000000000e+03
1.274000000000000000e+03
1.287000000000000000e+03
1.291000000000000000e+03
1.374000000000000000e+03
1.402000000000000000e+03
1.567000000000000000e+03
1.672000000000000000e+03
1.933000000000000000e+03
2.176000000000000000e+03
2.372000000000000000e+03
2.370000000000000000e+03
2.346000000000000000e+03
2.257000000000000000e+03
2.395000000000000000e+03
2.602000000000000000e+03
2.684000000000000000e+03
2.923000000000000000e+03
3.010000000000000000e+03
3.002000000000000000e+03
2.862000000000000000e+03
2.838000000000000000e+03
3.038000000000000000e+03
3.266000000000000000e+03
3.213000000000000000e+03
3.424000000000000000e+03
3.576000000000000000e+03
3.762000000000000000e+03
4.284000000000000000e+03
3.871000000000000000e+03
3.880000000000000000e+03
3.823000000000000000e+03
3.314000000000000000e+03
3.324000000000000000e+03
3.158000000000000000e+03
3.114000000000000000e+03
3.017000000000000000e+03
3.396000000000000000e+03
4.069000000000000000e+03
3.916000000000000000e+03
4.053000000000000000e+03
4.071000000000000000e+03
4.262000000000000000e+03
3.938000000000000000e+03
3.850000000000000000e+03
4.154000000000000000e+03
5.070000000000000000e+03
5.732000000000000000e+03
6.226000000000000000e+03
5.939000000000000000e+03
5.488000000000000000e+03
4.853000000000000000e+03
4.456000000000000000e+03
4.348000000000000000e+03
4.457000000000000000e+03
4.396000000000000000e+03
4.467000000000000000e+03
3.469000000000000000e+03
3.008000000000000000e+03
3.092000000000000000e+03
2.947000000000000000e+03
3.176000000000000000e+03
3.078000000000000000e+03
1.983000000000000000e+03
1.686000000000000000e+03
1.556000000000000000e+03
1.420000000000000000e+03
1.252000000000000000e+03
1.134000000000000000e+03
1.024000000000000000e+03
1.054000000000000000e+03
1.056000000000000000e+03
1.066000000000000000e+03
1.189000000000000000e+03
1.315000000000000000e+03
1.428000000000000000e+03
1.378000000000000000e+03
1.311000000000000000e+03
1.405000000000000000e+03
1.470000000000000000e+03
1.274000000000000000e+03
1.014000000000000000e+03
9.320000000000000000e+02
9.530000000000000000e+02
9.990000000000000000e+02
1.051000000000000000e+03
1.005000000000000000e+03
9.560000000000000000e+02
9.910000000000000000e+02
9.790000000000000000e+02
9.330000000000000000e+02
9.270000000000000000e+02
8.870000000000000000e+02
8.450000000000000000e+02
8.430000000000000000e+02
9.300000000000000000e+02
1.070000000000000000e+03
1.102000000000000000e+03
1.136000000000000000e+03
1.076000000000000000e+03
9.240000000000000000e+02
7.000000000000000000e+02
6.590000000000000000e+02
5.570000000000000000e+02
6.290000000000000000e+02
6.400000000000000000e+02
6.570000000000000000e+02
6.680000000000000000e+02
6.880000000000000000e+02
6.750000000000000000e+02
5.470000000000000000e+02
4.520000000000000000e+02
3.520000000000000000e+02
3.180000000000000000e+02
3.260000000000000000e+02
2.950000000000000000e+02
2.580000000000000000e+02
2.580000000000000000e+02
3.130000000000000000e+02
3.020000000000000000e+02
3.920000000000000000e+02
3.950000000000000000e+02
4.020000000000000000e+02
4.210000000000000000e+02
3.950000000000000000e+02
4.850000000000000000e+02
6.020000000000000000e+02
7.340000000000000000e+02
9.380000000000000000e+02
1.302000000000000000e+03
9.350000000000000000e+02
6.900000000000000000e+02
5.470000000000000000e+02
7.860000000000000000e+02
1.064500000000000000e+04
3.864000000000000000e+03
3.268000000000000000e+03
2.848000000000000000e+03
3.100000000000000000e+03
3.865000000000000000e+03
4.474000000000000000e+03
4.656000000000000000e+03
5.411000000000000000e+03
5.748000000000000000e+03
5.167000000000000000e+03
4.666000000000000000e+03
4.090000000000000000e+03
3.122000000000000000e+03
2.621000000000000000e+03
2.444000000000000000e+03
2.361000000000000000e+03
2.393000000000000000e+03
2.482000000000000000e+03
2.775000000000000000e+03
3.032000000000000000e+03
3.049000000000000000e+03
2.797000000000000000e+03
2.742000000000000000e+03
2.634000000000000000e+03
2.272000000000000000e+03
2.275000000000000000e+03
2.217000000000000000e+03
2.253000000000000000e+03
2.282000000000000000e+03
2.344000000000000000e+03
2.380000000000000000e+03
2.558000000000000000e+03
2.700000000000000000e+03
3.053000000000000000e+03
3.318000000000000000e+03
3.275000000000000000e+03
3.286000000000000000e+03
3.555000000000000000e+03
3.804000000000000000e+03
3.803000000000000000e+03
3.737000000000000000e+03
3.820000000000000000e+03
3.708000000000000000e+03
3.385000000000000000e+03
3.257000000000000000e+03
3.026000000000000000e+03
2.849000000000000000e+03
2.611000000000000000e+03
2.525000000000000000e+03
2.375000000000000000e+03
2.458000000000000000e+03
2.692000000000000000e+03
2.811000000000000000e+03
2.635000000000000000e+03
2.464000000000000000e+03
2.324000000000000000e+03
2.344000000000000000e+03
2.476000000000000000e+03
2.238000000000000000e+03
2.014000000000000000e+03
1.910000000000000000e+03
2.097000000000000000e+03
2.218000000000000000e+03
2.129000000000000000e+03
2.121000000000000000e+03
2.356000000000000000e+03
2.426000000000000000e+03
2.802000000000000000e+03
3.075000000000000000e+03
3.124000000000000000e+03
2.946000000000000000e+03
2.799000000000000000e+03
2.603000000000000000e+03
2.625000000000000000e+03
2.655000000000000000e+03
2.740000000000000000e+03
2.807000000000000000e+03
2.969000000000000000e+03
3.329000000000000000e+03
3.285000000000000000e+03
3.284000000000000000e+03
3.183000000000000000e+03
2.967000000000000000e+03
3.006000000000000000e+03
3.203000000000000000e+03
3.222000000000000000e+03
3.547000000000000000e+03
3.716000000000000000e+03
4.042000000000000000e+03
4.181000000000000000e+03
4.201000000000000000e+03
3.956000000000000000e+03
3.946000000000000000e+03
3.825000000000000000e+03
3.764000000000000000e+03
3.804000000000000000e+03
3.770000000000000000e+03
3.890000000000000000e+03
3.932000000000000000e+03
3.985000000000000000e+03
3.926000000000000000e+03
3.684000000000000000e+03
3.892000000000000000e+03
3.999000000000000000e+03
4.039000000000000000e+03
4.147000000000000000e+03
4.260000000000000000e+03
4.529000000000000000e+03
4.860000000000000000e+03
5.403000000000000000e+03
5.682000000000000000e+03
5.731000000000000000e+03
5.698000000000000000e+03
5.624000000000000000e+03
5.655000000000000000e+03
5.479000000000000000e+03
5.190000000000000000e+03
5.125000000000000000e+03
4.915000000000000000e+03
4.620000000000000000e+03
4.516000000000000000e+03
4.277000000000000000e+03
4.170000000000000000e+03
4.023000000000000000e+03
3.776000000000000000e+03
3.739000000000000000e+03
3.353000000000000000e+03
3.111000000000000000e+03
2.801000000000000000e+03
2.742000000000000000e+03
2.582000000000000000e+03
2.482000000000000000e+03
2.524000000000000000e+03
2.630000000000000000e+03
2.741000000000000000e+03
3.009000000000000000e+03
3.278000000000000000e+03
3.451000000000000000e+03
3.877000000000000000e+03
3.778000000000000000e+03
3.626000000000000000e+03
3.672000000000000000e+03
3.959000000000000000e+03
4.157000000000000000e+03
4.309000000000000000e+03
4.032000000000000000e+03
3.653000000000000000e+03
3.235000000000000000e+03
2.772000000000000000e+03
2.550000000000000000e+03
2.361000000000000000e+03
2.324000000000000000e+03
2.254000000000000000e+03
2.413000000000000000e+03
2.607000000000000000e+03
2.936000000000000000e+03
3.339000000000000000e+03
4.097000000000000000e+03
3.973000000000000000e+03
4.704000000000000000e+03
5.669000000000000000e+03
5.668000000000000000e+03
5.729000000000000000e+03
6.327000000000000000e+03
6.524000000000000000e+03
6.416000000000000000e+03
6.274000000000000000e+03
6.378000000000000000e+03
6.155000000000000000e+03
5.299000000000000000e+03
5.124000000000000000e+03
4.977000000000000000e+03
5.536000000000000000e+03
4.738000000000000000e+03
3.785000000000000000e+03
3.207000000000000000e+03
2.855000000000000000e+03
2.649000000000000000e+03
2.832000000000000000e+03
3.210000000000000000e+03
3.592000000000000000e+03
3.268000000000000000e+03
3.317000000000000000e+03
3.107000000000000000e+03
1.729000000000000000e+03
1.332000000000000000e+03
1.179000000000000000e+03
1.236000000000000000e+03
1.220000000000000000e+03
1.217000000000000000e+03
1.181000000000000000e+03
1.192000000000000000e+03
1.396000000000000000e+03
1.461000000000000000e+03
1.571000000000000000e+03
1.397000000000000000e+03
1.421000000000000000e+03
1.431000000000000000e+03
1.377000000000000000e+03
1.068000000000000000e+03
9.700000000000000000e+02
1.002000000000000000e+03
9.880000000000000000e+02
1.055000000000000000e+03
1.013000000000000000e+03
9.780000000000000000e+02
1.043000000000000000e+03
1.014000000000000000e+03
1.040000000000000000e+03
1.088000000000000000e+03
1.157000000000000000e+03
1.187000000000000000e+03
1.183000000000000000e+03
1.126000000000000000e+03
1.080000000000000000e+03
9.230000000000000000e+02
7.620000000000000000e+02
6.160000000000000000e+02
4.640000000000000000e+02
3.650000000000000000e+02
3.120000000000000000e+02
3.270000000000000000e+02
3.150000000000000000e+02
3.200000000000000000e+02
4.110000000000000000e+02
4.390000000000000000e+02
5.610000000000000000e+02
6.210000000000000000e+02
5.140000000000000000e+02
3.490000000000000000e+02
2.200000000000000000e+02
1.820000000000000000e+02
1.930000000000000000e+02
2.020000000000000000e+02
2.490000000000000000e+02
3.020000000000000000e+02
3.410000000000000000e+02
3.430000000000000000e+02
3.740000000000000000e+02
5.080000000000000000e+02
5.870000000000000000e+02
6.680000000000000000e+02
9.180000000000000000e+02
5.330000000000000000e+02
4.520000000000000000e+02
5.090000000000000000e+02
5.190000000000000000e+02
5.250000000000000000e+02
5.210000000000000000e+02
5.330000000000000000e+02
6.650000000000000000e+02
5.910000000000000000e+02
3.540000000000000000e+02
1.630000000000000000e+02
4.400000000000000000e+01
8.813000000000000000e+03
3.200000000000000000e+03
2.715000000000000000e+03
2.503000000000000000e+03
2.801000000000000000e+03
3.635000000000000000e+03
4.292000000000000000e+03
4.541000000000000000e+03
5.385000000000000000e+03
5.788000000000000000e+03
5.215000000000000000e+03
4.681000000000000000e+03
4.158000000000000000e+03
3.170000000000000000e+03
2.627000000000000000e+03
2.395000000000000000e+03
2.350000000000000000e+03
2.509000000000000000e+03
2.545000000000000000e+03
2.896000000000000000e+03
3.181000000000000000e+03
3.127000000000000000e+03
2.827000000000000000e+03
2.782000000000000000e+03
2.681000000000000000e+03
2.189000000000000000e+03
2.217000000000000000e+03
2.181000000000000000e+03
2.250000000000000000e+03
2.290000000000000000e+03
2.385000000000000000e+03
2.395000000000000000e+03
2.523000000000000000e+03
2.677000000000000000e+03
3.047000000000000000e+03
3.331000000000000000e+03
3.219000000000000000e+03
3.169000000000000000e+03
3.391000000000000000e+03
3.737000000000000000e+03
3.850000000000000000e+03
3.761000000000000000e+03
3.845000000000000000e+03
3.650000000000000000e+03
3.432000000000000000e+03
3.374000000000000000e+03
3.265000000000000000e+03
3.136000000000000000e+03
2.751000000000000000e+03
2.513000000000000000e+03
2.319000000000000000e+03
2.417000000000000000e+03
2.687000000000000000e+03
2.649000000000000000e+03
2.536000000000000000e+03
2.403000000000000000e+03
2.343000000000000000e+03
2.390000000000000000e+03
2.485000000000000000e+03
2.319000000000000000e+03
2.104000000000000000e+03
2.021000000000000000e+03
2.285000000000000000e+03
2.498000000000000000e+03
2.343000000000000000e+03
2.292000000000000000e+03
2.364000000000000000e+03
2.510000000000000000e+03
2.625000000000000000e+03
2.716000000000000000e+03
2.576000000000000000e+03
2.537000000000000000e+03
2.460000000000000000e+03
2.476000000000000000e+03
2.365000000000000000e+03
2.356000000000000000e+03
2.405000000000000000e+03
2.473000000000000000e+03
2.438000000000000000e+03
2.440000000000000000e+03
2.468000000000000000e+03
2.288000000000000000e+03
2.442000000000000000e+03
2.353000000000000000e+03
2.261000000000000000e+03
2.368000000000000000e+03
2.373000000000000000e+03
2.588000000000000000e+03
2.773000000000000000e+03
3.059000000000000000e+03
3.017000000000000000e+03
3.187000000000000000e+03
3.186000000000000000e+03
3.161000000000000000e+03
3.198000000000000000e+03
3.150000000000000000e+03
3.236000000000000000e+03
3.210000000000000000e+03
3.240000000000000000e+03
3.091000000000000000e+03
2.946000000000000000e+03
2.814000000000000000e+03
2.724000000000000000e+03
2.617000000000000000e+03
2.723000000000000000e+03
2.763000000000000000e+03
2.791000000000000000e+03
2.992000000000000000e+03
3.026000000000000000e+03
3.385000000000000000e+03
3.720000000000000000e+03
3.761000000000000000e+03
3.511000000000000000e+03
3.442000000000000000e+03
3.532000000000000000e+03
3.559000000000000000e+03
3.804000000000000000e+03
4.024000000000000000e+03
4.425000000000000000e+03
4.664000000000000000e+03
4.910000000000000000e+03
4.894000000000000000e+03
5.028000000000000000e+03
4.750000000000000000e+03
4.797000000000000000e+03
5.032000000000000000e+03
5.136000000000000000e+03
5.272000000000000000e+03
5.332000000000000000e+03
5.365000000000000000e+03
5.496000000000000000e+03
5.736000000000000000e+03
5.958000000000000000e+03
5.781000000000000000e+03
5.959000000000000000e+03
5.968000000000000000e+03
6.405000000000000000e+03
6.333000000000000000e+03
6.229000000000000000e+03
5.992000000000000000e+03
5.829000000000000000e+03
5.173000000000000000e+03
4.750000000000000000e+03
4.675000000000000000e+03
4.788000000000000000e+03
4.879000000000000000e+03
4.583000000000000000e+03
4.474000000000000000e+03
4.626000000000000000e+03
4.793000000000000000e+03
5.149000000000000000e+03
5.491000000000000000e+03
6.165000000000000000e+03
4.929000000000000000e+03
4.127000000000000000e+03
4.089000000000000000e+03
4.182000000000000000e+03
4.926000000000000000e+03
4.906000000000000000e+03
5.698000000000000000e+03
6.422000000000000000e+03
6.603000000000000000e+03
6.247000000000000000e+03
6.501000000000000000e+03
5.856000000000000000e+03
5.244000000000000000e+03
4.884000000000000000e+03
5.126000000000000000e+03
4.633000000000000000e+03
4.156000000000000000e+03
2.937000000000000000e+03
2.567000000000000000e+03
2.245000000000000000e+03
2.352000000000000000e+03
2.618000000000000000e+03
2.670000000000000000e+03
2.605000000000000000e+03
2.358000000000000000e+03
2.383000000000000000e+03
2.822000000000000000e+03
3.543000000000000000e+03
3.695000000000000000e+03
3.350000000000000000e+03
3.475000000000000000e+03
3.310000000000000000e+03
1.879000000000000000e+03
1.323000000000000000e+03
1.255000000000000000e+03
1.302000000000000000e+03
1.338000000000000000e+03
1.404000000000000000e+03
1.375000000000000000e+03
1.122000000000000000e+03
1.023000000000000000e+03
9.090000000000000000e+02
8.290000000000000000e+02
9.330000000000000000e+02
8.580000000000000000e+02
8.320000000000000000e+02
8.190000000000000000e+02
8.210000000000000000e+02
7.570000000000000000e+02
8.370000000000000000e+02
9.750000000000000000e+02
9.760000000000000000e+02
1.043000000000000000e+03
1.034000000000000000e+03
1.028000000000000000e+03
9.490000000000000000e+02
7.510000000000000000e+02
6.470000000000000000e+02
4.700000000000000000e+02
4.080000000000000000e+02
4.320000000000000000e+02
4.000000000000000000e+02
3.520000000000000000e+02
3.890000000000000000e+02
3.250000000000000000e+02
3.500000000000000000e+02
3.470000000000000000e+02
3.650000000000000000e+02
3.500000000000000000e+02
4.320000000000000000e+02
4.090000000000000000e+02
4.370000000000000000e+02
4.680000000000000000e+02
5.030000000000000000e+02
6.230000000000000000e+02
6.540000000000000000e+02
5.490000000000000000e+02
3.860000000000000000e+02
2.910000000000000000e+02
2.360000000000000000e+02
2.300000000000000000e+02
2.920000000000000000e+02
3.400000000000000000e+02
3.470000000000000000e+02
3.300000000000000000e+02
3.230000000000000000e+02
3.470000000000000000e+02
4.180000000000000000e+02
5.740000000000000000e+02
6.780000000000000000e+02
1.060000000000000000e+03
6.670000000000000000e+02
6.240000000000000000e+02
6.200000000000000000e+02
6.270000000000000000e+02
6.240000000000000000e+02
5.190000000000000000e+02
6.450000000000000000e+02
7.200000000000000000e+02
5.800000000000000000e+02
5.960000000000000000e+02
8.940000000000000000e+02
2.316000000000000000e+03
