2.151990000000000000e+05
5.964000000000000000e+04
4.438100000000000000e+04
3.110200000000000000e+04
2.384600000000000000e+04
1.900300000000000000e+04
1.241500000000000000e+04
8.675000000000000000e+03
1.061900000000000000e+04
1.254000000000000000e+04
1.309000000000000000e+04
1.210600000000000000e+04
1.169400000000000000e+04
1.200800000000000000e+04
1.237700000000000000e+04
1.304400000000000000e+04
1.345600000000000000e+04
1.403800000000000000e+04
1.509100000000000000e+04
1.448900000000000000e+04
1.278000000000000000e+04
1.168900000000000000e+04
1.107400000000000000e+04
1.055500000000000000e+04
1.008400000000000000e+04
9.764000000000000000e+03
9.900000000000000000e+03
1.009000000000000000e+04
9.789000000000000000e+03
9.422000000000000000e+03
9.075000000000000000e+03
8.845000000000000000e+03
8.393000000000000000e+03
8.311000000000000000e+03
8.005000000000000000e+03
7.793000000000000000e+03
7.480000000000000000e+03
7.410000000000000000e+03
7.018000000000000000e+03
6.740000000000000000e+03
6.239000000000000000e+03
6.074000000000000000e+03
6.040000000000000000e+03
6.378000000000000000e+03
6.615000000000000000e+03
6.571000000000000000e+03
6.625000000000000000e+03
6.730000000000000000e+03
6.709000000000000000e+03
6.737000000000000000e+03
6.837000000000000000e+03
6.790000000000000000e+03
6.603000000000000000e+03
6.704000000000000000e+03
6.619000000000000000e+03
6.373000000000000000e+03
6.149000000000000000e+03
5.656000000000000000e+03
5.316000000000000000e+03
4.899000000000000000e+03
4.665000000000000000e+03
4.575000000000000000e+03
4.637000000000000000e+03
4.454000000000000000e+03
4.236000000000000000e+03
4.226000000000000000e+03
4.125000000000000000e+03
4.247000000000000000e+03
4.254000000000000000e+03
4.413000000000000000e+03
4.579000000000000000e+03
4.727000000000000000e+03
4.627000000000000000e+03
4.738000000000000000e+03
4.730000000000000000e+03
4.625000000000000000e+03
4.527000000000000000e+03
4.803000000000000000e+03
4.946000000000000000e+03
5.027000000000000000e+03
5.083000000000000000e+03
4.776000000000000000e+03
4.536000000000000000e+03
4.094000000000000000e+03
3.723000000000000000e+03
3.268000000000000000e+03
3.097000000000000000e+03
2.715000000000000000e+03
2.519000000000000000e+03
2.359000000000000000e+03
2.277000000000000000e+03
2.153000000000000000e+03
2.072000000000000000e+03
1.993000000000000000e+03
1.862000000000000000e+03
1.850000000000000000e+03
1.742000000000000000e+03
1.592000000000000000e+03
1.558000000000000000e+03
1.485000000000000000e+03
1.393000000000000000e+03
1.330000000000000000e+03
1.297000000000000000e+03
1.249000000000000000e+03
1.224000000000000000e+03
1.224000000000000000e+03
1.195000000000000000e+03
1.220000000000000000e+03
1.137000000000000000e+03
1.047000000000000000e+03
9.800000000000000000e+02
1.002000000000000000e+03
9.290000000000000000e+02
9.190000000000000000e+02
8.730000000000000000e+02
8.580000000000000000e+02
8.560000000000000000e+02
8.400000000000000000e+02
7.580000000000000000e+02
7.360000000000000000e+02
7.220000000000000000e+02
7.090000000000000000e+02
6.230000000000000000e+02
6.300000000000000000e+02
6.100000000000000000e+02
6.130000000000000000e+02
5.990000000000000000e+02
6.480000000000000000e+02
5.880000000000000000e+02
6.280000000000000000e+02
5.870000000000000000e+02
5.710000000000000000e+02
4.740000000000000000e+02
5.310000000000000000e+02
4.980000000000000000e+02
5.200000000000000000e+02
5.030000000000000000e+02
4.840000000000000000e+02
5.310000000000000000e+02
5.770000000000000000e+02
5.770000000000000000e+02
6.240000000000000000e+02
6.410000000000000000e+02
6.330000000000000000e+02
5.990000000000000000e+02
6.200000000000000000e+02
6.070000000000000000e+02
6.160000000000000000e+02
5.640000000000000000e+02
5.730000000000000000e+02
5.570000000000000000e+02
5.420000000000000000e+02
5.340000000000000000e+02
5.000000000000000000e+02
4.720000000000000000e+02
4.780000000000000000e+02
4.580000000000000000e+02
4.440000000000000000e+02
3.660000000000000000e+02
4.180000000000000000e+02
3.900000000000000000e+02
4.030000000000000000e+02
4.200000000000000000e+02
3.840000000000000000e+02
4.640000000000000000e+02
4.580000000000000000e+02
3.870000000000000000e+02
3.910000000000000000e+02
3.460000000000000000e+02
3.420000000000000000e+02
3.820000000000000000e+02
3.200000000000000000e+02
3.190000000000000000e+02
3.040000000000000000e+02
2.880000000000000000e+02
2.560000000000000000e+02
2.580000000000000000e+02
2.750000000000000000e+02
2.630000000000000000e+02
2.490000000000000000e+02
2.260000000000000000e+02
2.480000000000000000e+02
2.300000000000000000e+02
2.730000000000000000e+02
2.310000000000000000e+02
2.390000000000000000e+02
2.550000000000000000e+02
2.130000000000000000e+02
2.380000000000000000e+02
2.820000000000000000e+02
2.800000000000000000e+02
3.110000000000000000e+02
3.600000000000000000e+02
3.920000000000000000e+02
3.790000000000000000e+02
3.600000000000000000e+02
3.480000000000000000e+02
3.680000000000000000e+02
3.500000000000000000e+02
3.660000000000000000e+02
3.890000000000000000e+02
4.510000000000000000e+02
5.200000000000000000e+02
6.210000000000000000e+02
7.000000000000000000e+02
7.600000000000000000e+02
6.540000000000000000e+02
5.100000000000000000e+02
3.580000000000000000e+02
2.780000000000000000e+02
2.140000000000000000e+02
2.230000000000000000e+02
1.950000000000000000e+02
1.750000000000000000e+02
1.860000000000000000e+02
1.850000000000000000e+02
1.950000000000000000e+02
2.340000000000000000e+02
2.330000000000000000e+02
1.940000000000000000e+02
1.780000000000000000e+02
1.780000000000000000e+02
1.660000000000000000e+02
1.680000000000000000e+02
1.480000000000000000e+02
1.560000000000000000e+02
1.500000000000000000e+02
1.320000000000000000e+02
1.250000000000000000e+02
1.190000000000000000e+02
9.100000000000000000e+01
7.000000000000000000e+01
5.600000000000000000e+01
6.100000000000000000e+01
5.300000000000000000e+01
5.000000000000000000e+01
4.800000000000000000e+01
4.100000000000000000e+01
4.100000000000000000e+01
4.100000000000000000e+01
4.500000000000000000e+01
3.400000000000000000e+01
4.200000000000000000e+01
3.800000000000000000e+01
2.700000000000000000e+01
3.200000000000000000e+01
3.200000000000000000e+01
2.500000000000000000e+01
2.300000000000000000e+01
2.700000000000000000e+01
2.700000000000000000e+01
2.700000000000000000e+01
2.000000000000000000e+01
2.600000000000000000e+01
2.500000000000000000e+01
5.000000000000000000e+01
2.331630000000000000e+05
8.132400000000000000e+04
4.926300000000000000e+04
3.170000000000000000e+04
2.114800000000000000e+04
1.605100000000000000e+04
1.429300000000000000e+04
1.361800000000000000e+04
1.312900000000000000e+04
1.301200000000000000e+04
1.334100000000000000e+04
1.398200000000000000e+04
1.388100000000000000e+04
1.338600000000000000e+04
1.241600000000000000e+04
1.220600000000000000e+04
1.265400000000000000e+04
1.258100000000000000e+04
1.282200000000000000e+04
1.306500000000000000e+04
1.391900000000000000e+04
1.413400000000000000e+04
1.298900000000000000e+04
1.176400000000000000e+04
1.109100000000000000e+04
1.063000000000000000e+04
1.020800000000000000e+04
9.968000000000000000e+03
9.639000000000000000e+03
9.552000000000000000e+03
9.264000000000000000e+03
9.077000000000000000e+03
8.749000000000000000e+03
8.508000000000000000e+03
8.442000000000000000e+03
8.329000000000000000e+03
7.897000000000000000e+03
7.975000000000000000e+03
7.729000000000000000e+03
7.768000000000000000e+03
7.649000000000000000e+03
7.411000000000000000e+03
7.468000000000000000e+03
6.984000000000000000e+03
6.826000000000000000e+03
6.438000000000000000e+03
6.110000000000000000e+03
5.620000000000000000e+03
5.338000000000000000e+03
5.135000000000000000e+03
4.772000000000000000e+03
4.818000000000000000e+03
4.905000000000000000e+03
4.716000000000000000e+03
4.850000000000000000e+03
4.947000000000000000e+03
5.054000000000000000e+03
5.003000000000000000e+03
5.101000000000000000e+03
5.233000000000000000e+03
5.329000000000000000e+03
5.479000000000000000e+03
5.265000000000000000e+03
5.344000000000000000e+03
5.625000000000000000e+03
5.468000000000000000e+03
5.403000000000000000e+03
5.319000000000000000e+03
4.925000000000000000e+03
4.576000000000000000e+03
4.163000000000000000e+03
3.869000000000000000e+03
3.594000000000000000e+03
3.305000000000000000e+03
3.128000000000000000e+03
2.897000000000000000e+03
2.692000000000000000e+03
2.505000000000000000e+03
2.442000000000000000e+03
2.258000000000000000e+03
2.155000000000000000e+03
2.119000000000000000e+03
1.911000000000000000e+03
1.813000000000000000e+03
1.744000000000000000e+03
1.687000000000000000e+03
1.638000000000000000e+03
1.539000000000000000e+03
1.519000000000000000e+03
1.345000000000000000e+03
1.361000000000000000e+03
1.266000000000000000e+03
1.155000000000000000e+03
1.204000000000000000e+03
1.123000000000000000e+03
1.037000000000000000e+03
9.870000000000000000e+02
9.620000000000000000e+02
9.640000000000000000e+02
9.310000000000000000e+02
9.120000000000000000e+02
9.110000000000000000e+02
8.840000000000000000e+02
8.760000000000000000e+02
7.630000000000000000e+02
8.080000000000000000e+02
7.890000000000000000e+02
6.950000000000000000e+02
6.810000000000000000e+02
6.880000000000000000e+02
6.380000000000000000e+02
6.820000000000000000e+02
6.560000000000000000e+02
6.900000000000000000e+02
6.540000000000000000e+02
6.260000000000000000e+02
6.510000000000000000e+02
6.120000000000000000e+02
5.530000000000000000e+02
5.760000000000000000e+02
5.020000000000000000e+02
5.180000000000000000e+02
5.320000000000000000e+02
5.190000000000000000e+02
5.790000000000000000e+02
5.690000000000000000e+02
5.910000000000000000e+02
5.690000000000000000e+02
5.890000000000000000e+02
6.180000000000000000e+02
6.460000000000000000e+02
5.720000000000000000e+02
6.040000000000000000e+02
6.160000000000000000e+02
5.560000000000000000e+02
5.520000000000000000e+02
5.390000000000000000e+02
5.180000000000000000e+02
5.110000000000000000e+02
5.030000000000000000e+02
5.050000000000000000e+02
4.710000000000000000e+02
4.460000000000000000e+02
4.440000000000000000e+02
3.920000000000000000e+02
3.730000000000000000e+02
4.070000000000000000e+02
4.320000000000000000e+02
4.380000000000000000e+02
4.260000000000000000e+02
3.600000000000000000e+02
3.820000000000000000e+02
3.500000000000000000e+02
3.760000000000000000e+02
3.350000000000000000e+02
3.150000000000000000e+02
3.130000000000000000e+02
2.810000000000000000e+02
2.920000000000000000e+02
2.910000000000000000e+02
2.830000000000000000e+02
2.920000000000000000e+02
2.770000000000000000e+02
2.620000000000000000e+02
2.380000000000000000e+02
2.670000000000000000e+02
2.180000000000000000e+02
2.260000000000000000e+02
2.140000000000000000e+02
1.860000000000000000e+02
2.030000000000000000e+02
1.810000000000000000e+02
1.880000000000000000e+02
2.160000000000000000e+02
1.990000000000000000e+02
2.200000000000000000e+02
2.150000000000000000e+02
1.980000000000000000e+02
1.960000000000000000e+02
2.640000000000000000e+02
2.910000000000000000e+02
3.440000000000000000e+02
3.350000000000000000e+02
3.620000000000000000e+02
3.570000000000000000e+02
3.460000000000000000e+02
3.420000000000000000e+02
2.930000000000000000e+02
3.080000000000000000e+02
3.160000000000000000e+02
3.390000000000000000e+02
3.390000000000000000e+02
3.910000000000000000e+02
3.780000000000000000e+02
4.260000000000000000e+02
4.120000000000000000e+02
5.410000000000000000e+02
6.810000000000000000e+02
7.560000000000000000e+02
5.880000000000000000e+02
4.730000000000000000e+02
3.050000000000000000e+02
2.490000000000000000e+02
2.590000000000000000e+02
2.380000000000000000e+02
1.990000000000000000e+02
2.160000000000000000e+02
2.300000000000000000e+02
1.910000000000000000e+02
1.820000000000000000e+02
1.940000000000000000e+02
1.610000000000000000e+02
1.570000000000000000e+02
1.600000000000000000e+02
1.380000000000000000e+02
1.310000000000000000e+02
1.090000000000000000e+02
1.000000000000000000e+02
8.800000000000000000e+01
8.100000000000000000e+01
7.700000000000000000e+01
5.400000000000000000e+01
6.000000000000000000e+01
7.600000000000000000e+01
5.500000000000000000e+01
5.900000000000000000e+01
4.900000000000000000e+01
3.800000000000000000e+01
4.300000000000000000e+01
3.400000000000000000e+01
4.200000000000000000e+01
3.000000000000000000e+01
2.800000000000000000e+01
3.000000000000000000e+01
3.700000000000000000e+01
2.900000000000000000e+01
3.800000000000000000e+01
2.400000000000000000e+01
3.000000000000000000e+01
1.900000000000000000e+01
2.600000000000000000e+01
1.400000000000000000e+01
1.900000000000000000e+01
1.000000000000000000e+01
1.400000000000000000e+01
7.000000000000000000e+00
7.000000000000000000e+00
8.000000000000000000e+00
7.000000000000000000e+00
6.000000000000000000e+00
7.000000000000000000e+00
5.000000000000000000e+00
1.000000000000000000e+00
8.000000000000000000e+00
9.000000000000000000e+00
2.300000000000000000e+01
1.924880000000000000e+05
4.404700000000000000e+04
2.887300000000000000e+04
2.522800000000000000e+04
2.133300000000000000e+04
1.824400000000000000e+04
1.812800000000000000e+04
1.850600000000000000e+04
1.990800000000000000e+04
2.071100000000000000e+04
2.102800000000000000e+04
1.970100000000000000e+04
1.741800000000000000e+04
1.482600000000000000e+04
1.333800000000000000e+04
1.263300000000000000e+04
1.230100000000000000e+04
1.175100000000000000e+04
1.158300000000000000e+04
1.121700000000000000e+04
1.093900000000000000e+04
1.057300000000000000e+04
1.028900000000000000e+04
1.004800000000000000e+04
9.902000000000000000e+03
9.780000000000000000e+03
1.010500000000000000e+04
9.616000000000000000e+03
9.056000000000000000e+03
8.544000000000000000e+03
8.333000000000000000e+03
8.138000000000000000e+03
8.003000000000000000e+03
7.492000000000000000e+03
7.293000000000000000e+03
7.476000000000000000e+03
7.655000000000000000e+03
6.601000000000000000e+03
6.757000000000000000e+03
6.653000000000000000e+03
6.690000000000000000e+03
6.069000000000000000e+03
5.657000000000000000e+03
5.042000000000000000e+03
5.070000000000000000e+03
5.072000000000000000e+03
5.237000000000000000e+03
5.008000000000000000e+03
4.909000000000000000e+03
5.428000000000000000e+03
5.985000000000000000e+03
6.383000000000000000e+03
6.786000000000000000e+03
5.898000000000000000e+03
5.771000000000000000e+03
6.235000000000000000e+03
6.398000000000000000e+03
5.496000000000000000e+03
5.320000000000000000e+03
6.078000000000000000e+03
6.450000000000000000e+03
5.826000000000000000e+03
5.236000000000000000e+03
4.277000000000000000e+03
4.040000000000000000e+03
4.230000000000000000e+03
4.166000000000000000e+03
3.640000000000000000e+03
3.290000000000000000e+03
3.501000000000000000e+03
4.036000000000000000e+03
4.258000000000000000e+03
4.175000000000000000e+03
3.202000000000000000e+03
3.034000000000000000e+03
3.522000000000000000e+03
3.625000000000000000e+03
3.041000000000000000e+03
2.444000000000000000e+03
2.999000000000000000e+03
3.346000000000000000e+03
3.642000000000000000e+03
3.274000000000000000e+03
2.452000000000000000e+03
1.981000000000000000e+03
2.444000000000000000e+03
2.507000000000000000e+03
2.020000000000000000e+03
1.642000000000000000e+03
1.991000000000000000e+03
2.102000000000000000e+03
1.973000000000000000e+03
1.808000000000000000e+03
1.511000000000000000e+03
1.310000000000000000e+03
1.356000000000000000e+03
1.436000000000000000e+03
1.297000000000000000e+03
1.035000000000000000e+03
1.174000000000000000e+03
1.239000000000000000e+03
1.101000000000000000e+03
9.110000000000000000e+02
1.016000000000000000e+03
1.174000000000000000e+03
1.265000000000000000e+03
1.169000000000000000e+03
1.015000000000000000e+03
8.490000000000000000e+02
8.900000000000000000e+02
1.001000000000000000e+03
9.910000000000000000e+02
8.580000000000000000e+02
8.890000000000000000e+02
9.900000000000000000e+02
1.055000000000000000e+03
1.081000000000000000e+03
9.390000000000000000e+02
8.400000000000000000e+02
9.270000000000000000e+02
9.680000000000000000e+02
9.400000000000000000e+02
7.740000000000000000e+02
7.560000000000000000e+02
8.460000000000000000e+02
8.990000000000000000e+02
9.090000000000000000e+02
9.320000000000000000e+02
8.360000000000000000e+02
8.140000000000000000e+02
8.860000000000000000e+02
9.460000000000000000e+02
8.730000000000000000e+02
8.410000000000000000e+02
8.750000000000000000e+02
9.510000000000000000e+02
9.360000000000000000e+02
8.750000000000000000e+02
7.560000000000000000e+02
7.530000000000000000e+02
8.220000000000000000e+02
8.460000000000000000e+02
6.690000000000000000e+02
6.800000000000000000e+02
7.510000000000000000e+02
7.430000000000000000e+02
7.430000000000000000e+02
6.820000000000000000e+02
6.100000000000000000e+02
5.840000000000000000e+02
6.780000000000000000e+02
6.350000000000000000e+02
6.200000000000000000e+02
6.190000000000000000e+02
6.090000000000000000e+02
6.310000000000000000e+02
5.870000000000000000e+02
4.550000000000000000e+02
4.670000000000000000e+02
4.280000000000000000e+02
4.340000000000000000e+02
3.610000000000000000e+02
3.810000000000000000e+02
3.290000000000000000e+02
3.700000000000000000e+02
3.210000000000000000e+02
3.040000000000000000e+02
2.870000000000000000e+02
2.970000000000000000e+02
2.850000000000000000e+02
2.970000000000000000e+02
2.760000000000000000e+02
3.360000000000000000e+02
3.060000000000000000e+02
3.940000000000000000e+02
4.360000000000000000e+02
4.700000000000000000e+02
4.590000000000000000e+02
4.480000000000000000e+02
4.340000000000000000e+02
4.640000000000000000e+02
4.510000000000000000e+02
5.050000000000000000e+02
4.810000000000000000e+02
5.240000000000000000e+02
5.060000000000000000e+02
5.570000000000000000e+02
5.640000000000000000e+02
5.620000000000000000e+02
5.820000000000000000e+02
6.320000000000000000e+02
6.810000000000000000e+02
6.970000000000000000e+02
8.220000000000000000e+02
9.420000000000000000e+02
9.890000000000000000e+02
8.190000000000000000e+02
7.830000000000000000e+02
7.540000000000000000e+02
6.590000000000000000e+02
6.150000000000000000e+02
6.010000000000000000e+02
5.470000000000000000e+02
5.400000000000000000e+02
5.660000000000000000e+02
6.060000000000000000e+02
5.510000000000000000e+02
6.280000000000000000e+02
6.300000000000000000e+02
5.860000000000000000e+02
6.050000000000000000e+02
6.140000000000000000e+02
5.700000000000000000e+02
6.550000000000000000e+02
6.800000000000000000e+02
7.170000000000000000e+02
7.380000000000000000e+02
8.190000000000000000e+02
8.920000000000000000e+02
8.810000000000000000e+02
9.740000000000000000e+02
1.078000000000000000e+03
1.234000000000000000e+03
1.373000000000000000e+03
1.642000000000000000e+03
1.766000000000000000e+03
1.903000000000000000e+03
2.009000000000000000e+03
2.015000000000000000e+03
2.127000000000000000e+03
2.244000000000000000e+03
2.405000000000000000e+03
2.685000000000000000e+03
3.158000000000000000e+03
3.182000000000000000e+03
2.966000000000000000e+03
2.558000000000000000e+03
2.066000000000000000e+03
1.767000000000000000e+03
1.521000000000000000e+03
1.240000000000000000e+03
1.018000000000000000e+03
8.910000000000000000e+02
7.170000000000000000e+02
5.630000000000000000e+02
3.860000000000000000e+02
2.820000000000000000e+02
1.980000000000000000e+02
1.730000000000000000e+02
1.740000000000000000e+02
1.490000000000000000e+02
1.220000000000000000e+02
1.710000000000000000e+02
1.730000000000000000e+02
2.750000000000000000e+02
6.300000000000000000e+02
