1.949100000000000000e+04
3.606000000000000000e+03
4.153000000000000000e+03
4.852000000000000000e+03
6.323000000000000000e+03
6.371000000000000000e+03
7.595000000000000000e+03
7.176000000000000000e+03
7.531000000000000000e+03
7.126000000000000000e+03
7.188000000000000000e+03
7.179000000000000000e+03
7.090000000000000000e+03
6.832000000000000000e+03
6.688000000000000000e+03
6.529000000000000000e+03
6.426000000000000000e+03
6.254000000000000000e+03
6.167000000000000000e+03
5.989000000000000000e+03
5.803000000000000000e+03
5.502000000000000000e+03
5.331000000000000000e+03
5.359000000000000000e+03
5.186000000000000000e+03
5.161000000000000000e+03
5.003000000000000000e+03
4.912000000000000000e+03
5.019000000000000000e+03
5.019000000000000000e+03
5.104000000000000000e+03
5.171000000000000000e+03
5.214000000000000000e+03
5.280000000000000000e+03
5.317000000000000000e+03
5.362000000000000000e+03
5.465000000000000000e+03
5.412000000000000000e+03
5.375000000000000000e+03
5.488000000000000000e+03
5.403000000000000000e+03
5.360000000000000000e+03
5.142000000000000000e+03
5.425000000000000000e+03
5.399000000000000000e+03
5.426000000000000000e+03
5.227000000000000000e+03
5.102000000000000000e+03
5.241000000000000000e+03
5.229000000000000000e+03
5.360000000000000000e+03
5.247000000000000000e+03
5.455000000000000000e+03
5.333000000000000000e+03
5.435000000000000000e+03
5.384000000000000000e+03
5.426000000000000000e+03
5.542000000000000000e+03
5.618000000000000000e+03
5.697000000000000000e+03
5.752000000000000000e+03
5.751000000000000000e+03
5.734000000000000000e+03
5.592000000000000000e+03
5.525000000000000000e+03
5.632000000000000000e+03
5.564000000000000000e+03
5.595000000000000000e+03
5.847000000000000000e+03
6.300000000000000000e+03
5.740000000000000000e+03
6.932000000000000000e+03
5.552000000000000000e+03
9.622000000000000000e+03
5.777000000000000000e+03
5.139700000000000000e+04
9.416000000000000000e+03
5.391000000000000000e+03
6.880000000000000000e+03
4.277000000000000000e+03
5.258000000000000000e+03
3.647000000000000000e+03
3.823000000000000000e+03
3.308000000000000000e+03
3.117000000000000000e+03
2.756000000000000000e+03
2.732000000000000000e+03
2.644000000000000000e+03
2.451000000000000000e+03
2.354000000000000000e+03
2.253000000000000000e+03
2.124000000000000000e+03
2.043000000000000000e+03
2.119000000000000000e+03
1.975000000000000000e+03
2.141000000000000000e+03
1.935000000000000000e+03
1.849000000000000000e+03
1.783000000000000000e+03
1.783000000000000000e+03
1.659000000000000000e+03
1.705000000000000000e+03
1.685000000000000000e+03
1.651000000000000000e+03
1.610000000000000000e+03
1.667000000000000000e+03
1.665000000000000000e+03
1.659000000000000000e+03
1.530000000000000000e+03
1.594000000000000000e+03
1.472000000000000000e+03
1.401000000000000000e+03
1.365000000000000000e+03
1.407000000000000000e+03
1.338000000000000000e+03
1.307000000000000000e+03
1.348000000000000000e+03
1.249000000000000000e+03
1.277000000000000000e+03
1.270000000000000000e+03
1.138000000000000000e+03
1.132000000000000000e+03
1.081000000000000000e+03
1.015000000000000000e+03
9.720000000000000000e+02
1.033000000000000000e+03
1.002000000000000000e+03
1.025000000000000000e+03
9.080000000000000000e+02
9.430000000000000000e+02
9.740000000000000000e+02
1.037000000000000000e+03
1.035000000000000000e+03
1.129000000000000000e+03
1.106000000000000000e+03
1.041000000000000000e+03
1.002000000000000000e+03
1.012000000000000000e+03
9.590000000000000000e+02
9.290000000000000000e+02
1.004000000000000000e+03
9.750000000000000000e+02
1.021000000000000000e+03
8.790000000000000000e+02
8.530000000000000000e+02
8.910000000000000000e+02
9.600000000000000000e+02
1.012000000000000000e+03
9.620000000000000000e+02
1.003000000000000000e+03
8.890000000000000000e+02
9.170000000000000000e+02
9.530000000000000000e+02
9.270000000000000000e+02
9.550000000000000000e+02
1.007000000000000000e+03
1.137000000000000000e+03
1.220000000000000000e+03
1.095000000000000000e+03
1.204000000000000000e+03
1.141000000000000000e+03
1.108000000000000000e+03
1.096000000000000000e+03
1.172000000000000000e+03
1.125000000000000000e+03
1.088000000000000000e+03
1.221000000000000000e+03
1.210000000000000000e+03
1.313000000000000000e+03
1.355000000000000000e+03
1.454000000000000000e+03
1.364000000000000000e+03
1.534000000000000000e+03
1.500000000000000000e+03
1.762000000000000000e+03
1.647000000000000000e+03
1.728000000000000000e+03
1.953000000000000000e+03
2.091000000000000000e+03
2.537000000000000000e+03
2.565000000000000000e+03
2.492000000000000000e+03
2.949000000000000000e+03
2.682000000000000000e+03
3.256000000000000000e+03
5.811000000000000000e+03
3.785000000000000000e+03
4.154000000000000000e+03
3.618000000000000000e+03
8.621000000000000000e+03
3.280000000000000000e+03
3.019000000000000000e+03
2.912000000000000000e+03
2.747000000000000000e+03
2.476000000000000000e+03
2.265000000000000000e+03
2.302000000000000000e+03
2.130000000000000000e+03
1.934000000000000000e+03
1.942000000000000000e+03
1.884000000000000000e+03
1.938000000000000000e+03
1.974000000000000000e+03
2.009000000000000000e+03
1.827000000000000000e+03
1.747000000000000000e+03
1.749000000000000000e+03
1.702000000000000000e+03
1.564000000000000000e+03
1.584000000000000000e+03
1.499000000000000000e+03
1.358000000000000000e+03
1.319000000000000000e+03
1.193000000000000000e+03
1.103000000000000000e+03
1.002000000000000000e+03
9.270000000000000000e+02
8.480000000000000000e+02
7.300000000000000000e+02
6.380000000000000000e+02
5.760000000000000000e+02
4.820000000000000000e+02
4.940000000000000000e+02
4.260000000000000000e+02
3.670000000000000000e+02
3.610000000000000000e+02
3.680000000000000000e+02
3.360000000000000000e+02
3.300000000000000000e+02
3.350000000000000000e+02
3.510000000000000000e+02
3.900000000000000000e+02
4.070000000000000000e+02
3.230000000000000000e+02
3.260000000000000000e+02
3.130000000000000000e+02
3.310000000000000000e+02
3.490000000000000000e+02
3.330000000000000000e+02
3.860000000000000000e+02
3.840000000000000000e+02
4.440000000000000000e+02
4.840000000000000000e+02
5.540000000000000000e+02
5.950000000000000000e+02
6.310000000000000000e+02
8.040000000000000000e+02
8.680000000000000000e+02
1.220000000000000000e+03
1.324000000000000000e+03
1.809000000000000000e+03
2.031000000000000000e+03
2.003000000000000000e+03
2.758000000000000000e+03
2.794000000000000000e+03
1.551200000000000000e+04
1.949000000000000000e+03
1.696000000000000000e+03
2.823000000000000000e+03
2.137000000000000000e+03
3.168000000000000000e+03
2.587000000000000000e+03
2.608000000000000000e+03
2.643000000000000000e+03
2.706000000000000000e+03
2.537000000000000000e+03
2.474000000000000000e+03
2.544000000000000000e+03
2.659000000000000000e+03
2.822000000000000000e+03
2.975000000000000000e+03
3.206000000000000000e+03
3.383000000000000000e+03
3.449000000000000000e+03
3.698000000000000000e+03
3.996000000000000000e+03
4.311000000000000000e+03
5.016000000000000000e+03
6.296000000000000000e+03
1.089500000000000000e+04
5.579400000000000000e+04
9.679000000000000000e+03
6.749000000000000000e+03
5.763000000000000000e+03
4.798000000000000000e+03
4.149000000000000000e+03
4.056000000000000000e+03
4.136000000000000000e+03
4.122000000000000000e+03
4.042000000000000000e+03
4.004000000000000000e+03
4.051000000000000000e+03
4.035000000000000000e+03
4.082000000000000000e+03
4.148000000000000000e+03
4.096000000000000000e+03
4.188000000000000000e+03
4.181000000000000000e+03
4.495000000000000000e+03
4.443000000000000000e+03
4.448000000000000000e+03
4.619000000000000000e+03
4.673000000000000000e+03
4.931000000000000000e+03
4.717000000000000000e+03
4.857000000000000000e+03
5.216000000000000000e+03
5.240000000000000000e+03
5.274000000000000000e+03
5.247000000000000000e+03
4.907000000000000000e+03
4.704000000000000000e+03
4.444000000000000000e+03
4.597000000000000000e+03
4.360000000000000000e+03
4.122000000000000000e+03
4.265000000000000000e+03
4.031000000000000000e+03
4.006000000000000000e+03
4.046000000000000000e+03
3.928000000000000000e+03
3.924000000000000000e+03
3.811000000000000000e+03
3.885000000000000000e+03
3.849000000000000000e+03
3.874000000000000000e+03
3.901000000000000000e+03
3.745000000000000000e+03
3.483000000000000000e+03
3.491000000000000000e+03
3.368000000000000000e+03
3.334000000000000000e+03
3.235000000000000000e+03
3.267000000000000000e+03
3.179000000000000000e+03
3.076000000000000000e+03
2.902000000000000000e+03
3.034000000000000000e+03
3.035000000000000000e+03
3.095000000000000000e+03
3.166000000000000000e+03
3.006000000000000000e+03
2.972000000000000000e+03
2.991000000000000000e+03
2.956000000000000000e+03
2.852000000000000000e+03
2.838000000000000000e+03
2.886000000000000000e+03
2.880000000000000000e+03
2.937000000000000000e+03
2.905000000000000000e+03
2.994000000000000000e+03
3.071000000000000000e+03
3.208000000000000000e+03
3.183000000000000000e+03
3.192000000000000000e+03
3.130000000000000000e+03
3.150000000000000000e+03
2.960000000000000000e+03
2.820000000000000000e+03
2.912000000000000000e+03
2.833000000000000000e+03
2.863000000000000000e+03
2.968000000000000000e+03
2.924000000000000000e+03
2.957000000000000000e+03
2.735000000000000000e+03
2.902000000000000000e+03
2.877000000000000000e+03
2.922000000000000000e+03
2.871000000000000000e+03
2.877000000000000000e+03
2.805000000000000000e+03
2.976000000000000000e+03
3.028000000000000000e+03
3.041000000000000000e+03
2.996000000000000000e+03
3.195000000000000000e+03
3.028000000000000000e+03
2.955000000000000000e+03
3.087000000000000000e+03
3.170000000000000000e+03
3.153000000000000000e+03
3.279000000000000000e+03
3.378000000000000000e+03
3.271000000000000000e+03
3.276000000000000000e+03
3.281000000000000000e+03
3.362000000000000000e+03
3.186000000000000000e+03
3.624000000000000000e+03
3.503000000000000000e+03
3.866000000000000000e+03
3.913000000000000000e+03
3.630000000000000000e+03
3.959000000000000000e+03
3.849000000000000000e+03
4.000000000000000000e+03
4.174000000000000000e+03
4.110000000000000000e+03
4.109000000000000000e+03
3.656000000000000000e+03
3.770000000000000000e+03
3.593000000000000000e+03
3.681000000000000000e+03
3.667000000000000000e+03
3.558000000000000000e+03
3.526000000000000000e+03
3.692000000000000000e+03
3.629000000000000000e+03
3.677000000000000000e+03
3.428000000000000000e+03
3.356000000000000000e+03
3.198000000000000000e+03
2.948000000000000000e+03
2.883000000000000000e+03
2.830000000000000000e+03
2.906000000000000000e+03
2.678000000000000000e+03
2.718000000000000000e+03
2.535000000000000000e+03
2.537000000000000000e+03
2.470000000000000000e+03
2.338000000000000000e+03
2.297000000000000000e+03
2.219000000000000000e+03
2.220000000000000000e+03
2.169000000000000000e+03
2.147000000000000000e+03
2.116000000000000000e+03
1.994000000000000000e+03
2.073000000000000000e+03
2.252000000000000000e+03
1.875000000000000000e+03
1.909000000000000000e+03
1.852000000000000000e+03
1.815000000000000000e+03
1.748000000000000000e+03
1.786000000000000000e+03
1.826000000000000000e+03
1.764000000000000000e+03
1.726000000000000000e+03
1.770000000000000000e+03
1.689000000000000000e+03
1.709000000000000000e+03
1.690000000000000000e+03
1.599000000000000000e+03
1.588000000000000000e+03
1.588000000000000000e+03
1.510000000000000000e+03
1.560000000000000000e+03
1.528000000000000000e+03
1.581000000000000000e+03
1.510000000000000000e+03
1.617000000000000000e+03
1.585000000000000000e+03
1.831000000000000000e+03
1.674000000000000000e+03
1.714000000000000000e+03
1.792000000000000000e+03
1.719000000000000000e+03
1.869000000000000000e+03
1.809000000000000000e+03
1.908000000000000000e+03
1.949000000000000000e+03
1.965000000000000000e+03
2.102000000000000000e+03
2.662000000000000000e+03
2.834000000000000000e+03
2.973000000000000000e+03
3.219000000000000000e+03
6.456000000000000000e+03
4.413000000000000000e+03
2.313000000000000000e+03
2.155000000000000000e+03
1.768000000000000000e+03
1.469000000000000000e+03
1.222000000000000000e+03
1.025000000000000000e+03
9.010000000000000000e+02
7.750000000000000000e+02
6.490000000000000000e+02
5.780000000000000000e+02
5.200000000000000000e+02
4.490000000000000000e+02
4.030000000000000000e+02
4.000000000000000000e+02
3.900000000000000000e+02
3.250000000000000000e+02
3.010000000000000000e+02
2.850000000000000000e+02
2.960000000000000000e+02
2.760000000000000000e+02
2.920000000000000000e+02
2.810000000000000000e+02
3.060000000000000000e+02
2.840000000000000000e+02
3.180000000000000000e+02
3.350000000000000000e+02
3.660000000000000000e+02
4.020000000000000000e+02
5.150000000000000000e+02
5.790000000000000000e+02
7.400000000000000000e+02
8.740000000000000000e+02
1.083000000000000000e+03
1.375000000000000000e+03
1.683000000000000000e+03
2.266000000000000000e+03
3.374000000000000000e+03
5.244000000000000000e+03
1.385700000000000000e+04
1.004700000000000000e+04
9.032000000000000000e+03
4.630000000000000000e+03
4.936000000000000000e+03
5.099000000000000000e+03
6.254000000000000000e+03
5.028000000000000000e+03
8.981000000000000000e+03
5.354500000000000000e+04
5.602000000000000000e+03
1.017300000000000000e+04
6.014000000000000000e+03
5.002000000000000000e+03
4.652000000000000000e+03
3.989000000000000000e+03
3.827000000000000000e+03
3.376000000000000000e+03
3.300000000000000000e+03
3.249000000000000000e+03
3.157000000000000000e+03
3.045000000000000000e+03
2.853000000000000000e+03
2.838000000000000000e+03
2.846000000000000000e+03
3.203000000000000000e+03
3.080000000000000000e+03
3.068000000000000000e+03
3.095000000000000000e+03
3.046000000000000000e+03
3.286000000000000000e+03
3.284000000000000000e+03
3.255000000000000000e+03
3.331000000000000000e+03
3.391000000000000000e+03
3.575000000000000000e+03
3.486000000000000000e+03
3.519000000000000000e+03
3.603000000000000000e+03
3.692000000000000000e+03
3.677000000000000000e+03
3.978000000000000000e+03
3.745000000000000000e+03
3.814000000000000000e+03
3.871000000000000000e+03
4.035000000000000000e+03
4.174000000000000000e+03
4.313000000000000000e+03
4.357000000000000000e+03
4.526000000000000000e+03
4.550000000000000000e+03
4.507000000000000000e+03
4.785000000000000000e+03
4.878000000000000000e+03
4.874000000000000000e+03
4.922000000000000000e+03
4.907000000000000000e+03
4.935000000000000000e+03
5.027000000000000000e+03
5.041000000000000000e+03
5.246000000000000000e+03
5.150000000000000000e+03
5.364000000000000000e+03
5.318000000000000000e+03
5.689000000000000000e+03
5.843000000000000000e+03
5.847000000000000000e+03
5.766000000000000000e+03
5.905000000000000000e+03
5.877000000000000000e+03
6.082000000000000000e+03
6.120000000000000000e+03
5.665000000000000000e+03
5.845000000000000000e+03
5.455000000000000000e+03
5.647000000000000000e+03
5.487000000000000000e+03
5.378000000000000000e+03
5.134000000000000000e+03
5.001000000000000000e+03
5.069000000000000000e+03
4.979000000000000000e+03
4.790000000000000000e+03
5.125000000000000000e+03
5.147000000000000000e+03
5.408000000000000000e+03
5.404000000000000000e+03
5.114000000000000000e+03
5.045000000000000000e+03
4.799000000000000000e+03
4.738000000000000000e+03
4.556000000000000000e+03
4.557000000000000000e+03
4.393000000000000000e+03
4.360000000000000000e+03
4.493000000000000000e+03
4.344000000000000000e+03
4.225000000000000000e+03
4.184000000000000000e+03
4.292000000000000000e+03
4.281000000000000000e+03
4.387000000000000000e+03
4.363000000000000000e+03
4.189000000000000000e+03
4.017000000000000000e+03
3.980000000000000000e+03
3.864000000000000000e+03
3.921000000000000000e+03
3.774000000000000000e+03
3.746000000000000000e+03
3.677000000000000000e+03
3.605000000000000000e+03
3.507000000000000000e+03
3.584000000000000000e+03
3.313000000000000000e+03
3.476000000000000000e+03
3.293000000000000000e+03
3.369000000000000000e+03
3.451000000000000000e+03
3.621000000000000000e+03
3.614000000000000000e+03
3.960000000000000000e+03
3.741000000000000000e+03
3.857000000000000000e+03
3.731000000000000000e+03
3.793000000000000000e+03
3.781000000000000000e+03
3.570000000000000000e+03
3.470000000000000000e+03
3.251000000000000000e+03
3.111000000000000000e+03
2.864000000000000000e+03
2.822000000000000000e+03
2.682000000000000000e+03
2.607000000000000000e+03
2.448000000000000000e+03
2.423000000000000000e+03
2.387000000000000000e+03
2.303000000000000000e+03
2.245000000000000000e+03
2.219000000000000000e+03
2.098000000000000000e+03
2.084000000000000000e+03
2.011000000000000000e+03
1.949000000000000000e+03
1.904000000000000000e+03
1.843000000000000000e+03
1.759000000000000000e+03
1.691000000000000000e+03
1.606000000000000000e+03
1.600000000000000000e+03
1.509000000000000000e+03
1.495000000000000000e+03
1.470000000000000000e+03
1.441000000000000000e+03
1.412000000000000000e+03
1.405000000000000000e+03
1.321000000000000000e+03
1.261000000000000000e+03
1.279000000000000000e+03
1.256000000000000000e+03
1.163000000000000000e+03
1.167000000000000000e+03
1.129000000000000000e+03
1.152000000000000000e+03
1.145000000000000000e+03
1.192000000000000000e+03
1.246000000000000000e+03
1.175000000000000000e+03
1.153000000000000000e+03
1.228000000000000000e+03
1.111000000000000000e+03
1.181000000000000000e+03
1.116000000000000000e+03
1.052000000000000000e+03
1.063000000000000000e+03
9.420000000000000000e+02
9.560000000000000000e+02
9.960000000000000000e+02
9.300000000000000000e+02
8.740000000000000000e+02
8.850000000000000000e+02
8.640000000000000000e+02
8.380000000000000000e+02
8.060000000000000000e+02
7.930000000000000000e+02
7.790000000000000000e+02
8.640000000000000000e+02
7.910000000000000000e+02
7.400000000000000000e+02
7.910000000000000000e+02
7.620000000000000000e+02
7.470000000000000000e+02
8.150000000000000000e+02
7.990000000000000000e+02
8.160000000000000000e+02
8.410000000000000000e+02
8.380000000000000000e+02
8.970000000000000000e+02
9.020000000000000000e+02
9.100000000000000000e+02
9.480000000000000000e+02
9.970000000000000000e+02
9.760000000000000000e+02
1.046000000000000000e+03
1.028000000000000000e+03
1.087000000000000000e+03
1.139000000000000000e+03
1.132000000000000000e+03
1.142000000000000000e+03
1.160000000000000000e+03
1.185000000000000000e+03
1.180000000000000000e+03
1.236000000000000000e+03
1.295000000000000000e+03
1.313000000000000000e+03
1.380000000000000000e+03
1.431000000000000000e+03
1.427000000000000000e+03
1.558000000000000000e+03
1.545000000000000000e+03
1.563000000000000000e+03
1.536000000000000000e+03
1.596000000000000000e+03
1.533000000000000000e+03
1.533000000000000000e+03
1.483000000000000000e+03
1.409000000000000000e+03
1.398000000000000000e+03
1.288000000000000000e+03
1.252000000000000000e+03
1.204000000000000000e+03
9.680000000000000000e+02
9.500000000000000000e+02
8.180000000000000000e+02
8.060000000000000000e+02
7.000000000000000000e+02
6.490000000000000000e+02
5.590000000000000000e+02
5.320000000000000000e+02
5.210000000000000000e+02
5.310000000000000000e+02
5.060000000000000000e+02
6.250000000000000000e+02
6.470000000000000000e+02
8.010000000000000000e+02
8.960000000000000000e+02
1.106000000000000000e+03
1.216000000000000000e+03
1.498000000000000000e+03
1.874000000000000000e+03
1.479000000000000000e+03
2.559000000000000000e+03
2.574000000000000000e+03
2.317000000000000000e+03
4.566000000000000000e+03
1.081600000000000000e+04
