2.471200000000000000e+04
1.254300000000000000e+04
1.068300000000000000e+04
8.259000000000000000e+03
6.974000000000000000e+03
6.359000000000000000e+03
6.002000000000000000e+03
6.030000000000000000e+03
5.772000000000000000e+03
5.425000000000000000e+03
5.198000000000000000e+03
5.087000000000000000e+03
5.045000000000000000e+03
5.014000000000000000e+03
5.129000000000000000e+03
5.167000000000000000e+03
5.451000000000000000e+03
6.165000000000000000e+03
6.546000000000000000e+03
6.363000000000000000e+03
5.895000000000000000e+03
6.459000000000000000e+03
6.413000000000000000e+03
6.357000000000000000e+03
6.093000000000000000e+03
6.033000000000000000e+03
6.066000000000000000e+03
5.755000000000000000e+03
5.584000000000000000e+03
5.224000000000000000e+03
5.338000000000000000e+03
5.407000000000000000e+03
5.039000000000000000e+03
5.166000000000000000e+03
5.624000000000000000e+03
5.567000000000000000e+03
5.809000000000000000e+03
5.137000000000000000e+03
4.919000000000000000e+03
4.569000000000000000e+03
4.479000000000000000e+03
4.361000000000000000e+03
4.294000000000000000e+03
4.128000000000000000e+03
4.014000000000000000e+03
3.921000000000000000e+03
3.916000000000000000e+03
3.804000000000000000e+03
3.854000000000000000e+03
3.784000000000000000e+03
3.772000000000000000e+03
3.781000000000000000e+03
3.750000000000000000e+03
3.691000000000000000e+03
3.579000000000000000e+03
3.753000000000000000e+03
3.672000000000000000e+03
3.984000000000000000e+03
3.886000000000000000e+03
3.885000000000000000e+03
4.013000000000000000e+03
3.785000000000000000e+03
3.881000000000000000e+03
3.578000000000000000e+03
3.717000000000000000e+03
3.522000000000000000e+03
3.678000000000000000e+03
3.461000000000000000e+03
3.274000000000000000e+03
3.213000000000000000e+03
3.192000000000000000e+03
3.363000000000000000e+03
3.305000000000000000e+03
3.304000000000000000e+03
3.332000000000000000e+03
3.275000000000000000e+03
3.381000000000000000e+03
3.418000000000000000e+03
3.559000000000000000e+03
3.481000000000000000e+03
3.780000000000000000e+03
4.031000000000000000e+03
4.043000000000000000e+03
4.897000000000000000e+03
4.808000000000000000e+03
5.183000000000000000e+03
5.357000000000000000e+03
6.318000000000000000e+03
5.747000000000000000e+03
5.196000000000000000e+03
4.586000000000000000e+03
4.868000000000000000e+03
4.896000000000000000e+03
4.756000000000000000e+03
5.073000000000000000e+03
5.099000000000000000e+03
5.378000000000000000e+03
5.306000000000000000e+03
5.662000000000000000e+03
6.119000000000000000e+03
6.638000000000000000e+03
7.055000000000000000e+03
7.418000000000000000e+03
7.163000000000000000e+03
7.218000000000000000e+03
7.786000000000000000e+03
7.996000000000000000e+03
8.604000000000000000e+03
9.174000000000000000e+03
9.083000000000000000e+03
9.850000000000000000e+03
1.041500000000000000e+04
1.049500000000000000e+04
1.119700000000000000e+04
1.096800000000000000e+04
1.083000000000000000e+04
1.004200000000000000e+04
1.020700000000000000e+04
9.768000000000000000e+03
9.912000000000000000e+03
9.951000000000000000e+03
9.673000000000000000e+03
9.711000000000000000e+03
9.667000000000000000e+03
9.758000000000000000e+03
1.016900000000000000e+04
9.453000000000000000e+03
9.260000000000000000e+03
8.706000000000000000e+03
8.359000000000000000e+03
7.732000000000000000e+03
6.933000000000000000e+03
6.609000000000000000e+03
6.135000000000000000e+03
5.928000000000000000e+03
5.156000000000000000e+03
4.950000000000000000e+03
4.694000000000000000e+03
4.393000000000000000e+03
4.363000000000000000e+03
4.182000000000000000e+03
4.225000000000000000e+03
4.138000000000000000e+03
4.051000000000000000e+03
3.972000000000000000e+03
4.070000000000000000e+03
4.003000000000000000e+03
3.968000000000000000e+03
3.886000000000000000e+03
4.047000000000000000e+03
4.043000000000000000e+03
3.884000000000000000e+03
4.019000000000000000e+03
3.767000000000000000e+03
4.040000000000000000e+03
3.782000000000000000e+03
3.954000000000000000e+03
3.738000000000000000e+03
4.052000000000000000e+03
4.017000000000000000e+03
3.995000000000000000e+03
3.855000000000000000e+03
3.908000000000000000e+03
3.920000000000000000e+03
3.867000000000000000e+03
3.794000000000000000e+03
3.928000000000000000e+03
3.800000000000000000e+03
3.869000000000000000e+03
3.838000000000000000e+03
3.776000000000000000e+03
3.626000000000000000e+03
3.747000000000000000e+03
4.016000000000000000e+03
4.021000000000000000e+03
4.236000000000000000e+03
4.603000000000000000e+03
4.731000000000000000e+03
5.015000000000000000e+03
5.058000000000000000e+03
4.929000000000000000e+03
4.938000000000000000e+03
4.737000000000000000e+03
4.653000000000000000e+03
4.527000000000000000e+03
4.303000000000000000e+03
4.413000000000000000e+03
4.287000000000000000e+03
4.695000000000000000e+03
4.362000000000000000e+03
3.946000000000000000e+03
3.921000000000000000e+03
3.747000000000000000e+03
3.348000000000000000e+03
3.035000000000000000e+03
3.016000000000000000e+03
2.810000000000000000e+03
2.978000000000000000e+03
2.770000000000000000e+03
2.836000000000000000e+03
2.725000000000000000e+03
2.704000000000000000e+03
2.623000000000000000e+03
2.809000000000000000e+03
2.924000000000000000e+03
2.921000000000000000e+03
3.221000000000000000e+03
3.390000000000000000e+03
3.571000000000000000e+03
3.781000000000000000e+03
3.745000000000000000e+03
3.776000000000000000e+03
3.987000000000000000e+03
4.027000000000000000e+03
4.302000000000000000e+03
4.356000000000000000e+03
4.330000000000000000e+03
4.352000000000000000e+03
5.086000000000000000e+03
5.458000000000000000e+03
6.453000000000000000e+03
6.490000000000000000e+03
7.417000000000000000e+03
8.222000000000000000e+03
7.503000000000000000e+03
7.641000000000000000e+03
7.216000000000000000e+03
4.182000000000000000e+03
2.298000000000000000e+03
1.601000000000000000e+03
1.184000000000000000e+03
8.830000000000000000e+02
7.290000000000000000e+02
6.780000000000000000e+02
6.160000000000000000e+02
5.820000000000000000e+02
5.450000000000000000e+02
4.390000000000000000e+02
4.860000000000000000e+02
4.540000000000000000e+02
4.300000000000000000e+02
4.110000000000000000e+02
4.340000000000000000e+02
4.330000000000000000e+02
4.350000000000000000e+02
4.130000000000000000e+02
4.200000000000000000e+02
3.740000000000000000e+02
4.090000000000000000e+02
3.250000000000000000e+02
4.760000000000000000e+02
4.420000000000000000e+02
4.120000000000000000e+02
4.820000000000000000e+02
2.000000000000000000e+02
3.650000000000000000e+02
9.050000000000000000e+02
1.398000000000000000e+03
2.054000000000000000e+03
3.081000000000000000e+03
3.942000000000000000e+03
4.231000000000000000e+03
4.493000000000000000e+03
4.457000000000000000e+03
4.527000000000000000e+03
4.528000000000000000e+03
4.522000000000000000e+03
4.377000000000000000e+03
4.454000000000000000e+03
4.789000000000000000e+03
5.201000000000000000e+03
6.087000000000000000e+03
8.094000000000000000e+03
1.006500000000000000e+04
1.074600000000000000e+04
8.929000000000000000e+03
8.290000000000000000e+03
8.087000000000000000e+03
7.965000000000000000e+03
7.189000000000000000e+03
7.101000000000000000e+03
6.863000000000000000e+03
7.060000000000000000e+03
6.900000000000000000e+03
6.623000000000000000e+03
6.559000000000000000e+03
7.044000000000000000e+03
7.287000000000000000e+03
7.727000000000000000e+03
7.917000000000000000e+03
6.908000000000000000e+03
6.374000000000000000e+03
6.228000000000000000e+03
5.806000000000000000e+03
5.665000000000000000e+03
5.412000000000000000e+03
5.667000000000000000e+03
6.146000000000000000e+03
6.259000000000000000e+03
5.880000000000000000e+03
5.695000000000000000e+03
5.532000000000000000e+03
5.817000000000000000e+03
6.296000000000000000e+03
6.701000000000000000e+03
6.551000000000000000e+03
5.773000000000000000e+03
6.449000000000000000e+03
6.783000000000000000e+03
7.118000000000000000e+03
6.027000000000000000e+03
5.903000000000000000e+03
6.233000000000000000e+03
6.283000000000000000e+03
6.477000000000000000e+03
5.735000000000000000e+03
6.359000000000000000e+03
6.576000000000000000e+03
7.185000000000000000e+03
7.508000000000000000e+03
7.317000000000000000e+03
6.896000000000000000e+03
6.627000000000000000e+03
6.193000000000000000e+03
6.423000000000000000e+03
5.527000000000000000e+03
4.997000000000000000e+03
4.546000000000000000e+03
4.228000000000000000e+03
4.402000000000000000e+03
4.201000000000000000e+03
4.115000000000000000e+03
3.817000000000000000e+03
4.010000000000000000e+03
4.050000000000000000e+03
4.054000000000000000e+03
4.343000000000000000e+03
4.026000000000000000e+03
3.971000000000000000e+03
4.050000000000000000e+03
4.329000000000000000e+03
3.826000000000000000e+03
4.084000000000000000e+03
4.194000000000000000e+03
3.903000000000000000e+03
3.791000000000000000e+03
3.993000000000000000e+03
3.825000000000000000e+03
3.866000000000000000e+03
3.959000000000000000e+03
3.955000000000000000e+03
4.145000000000000000e+03
4.228000000000000000e+03
4.305000000000000000e+03
4.239000000000000000e+03
4.244000000000000000e+03
4.325000000000000000e+03
4.564000000000000000e+03
4.729000000000000000e+03
4.907000000000000000e+03
5.073000000000000000e+03
5.349000000000000000e+03
5.775000000000000000e+03
5.832000000000000000e+03
6.188000000000000000e+03
6.371000000000000000e+03
6.835000000000000000e+03
6.935000000000000000e+03
7.285000000000000000e+03
7.735000000000000000e+03
7.960000000000000000e+03
8.172000000000000000e+03
8.706000000000000000e+03
8.891000000000000000e+03
9.543000000000000000e+03
9.971000000000000000e+03
1.036300000000000000e+04
1.039400000000000000e+04
1.091200000000000000e+04
1.056500000000000000e+04
1.085700000000000000e+04
1.054900000000000000e+04
1.094900000000000000e+04
1.082100000000000000e+04
1.080200000000000000e+04
1.027700000000000000e+04
9.878000000000000000e+03
9.276000000000000000e+03
8.748000000000000000e+03
8.354000000000000000e+03
7.868000000000000000e+03
7.456000000000000000e+03
7.082000000000000000e+03
6.553000000000000000e+03
6.069000000000000000e+03
5.887000000000000000e+03
5.567000000000000000e+03
5.198000000000000000e+03
4.943000000000000000e+03
4.777000000000000000e+03
4.842000000000000000e+03
4.822000000000000000e+03
4.865000000000000000e+03
4.727000000000000000e+03
4.685000000000000000e+03
4.719000000000000000e+03
4.497000000000000000e+03
4.496000000000000000e+03
4.294000000000000000e+03
4.248000000000000000e+03
4.130000000000000000e+03
4.256000000000000000e+03
4.451000000000000000e+03
4.393000000000000000e+03
4.267000000000000000e+03
4.716000000000000000e+03
4.955000000000000000e+03
5.070000000000000000e+03
5.931000000000000000e+03
5.402000000000000000e+03
5.093000000000000000e+03
4.722000000000000000e+03
4.389000000000000000e+03
4.113000000000000000e+03
3.778000000000000000e+03
3.716000000000000000e+03
3.745000000000000000e+03
3.910000000000000000e+03
3.709000000000000000e+03
3.745000000000000000e+03
3.677000000000000000e+03
3.677000000000000000e+03
3.689000000000000000e+03
3.529000000000000000e+03
3.699000000000000000e+03
3.855000000000000000e+03
3.763000000000000000e+03
3.980000000000000000e+03
3.882000000000000000e+03
3.688000000000000000e+03
3.531000000000000000e+03
3.382000000000000000e+03
3.334000000000000000e+03
3.189000000000000000e+03
3.200000000000000000e+03
3.160000000000000000e+03
3.025000000000000000e+03
3.098000000000000000e+03
3.323000000000000000e+03
3.260000000000000000e+03
3.292000000000000000e+03
3.408000000000000000e+03
3.483000000000000000e+03
3.631000000000000000e+03
3.651000000000000000e+03
3.834000000000000000e+03
4.025000000000000000e+03
4.053000000000000000e+03
3.965000000000000000e+03
4.073000000000000000e+03
4.199000000000000000e+03
3.964000000000000000e+03
4.486000000000000000e+03
4.609000000000000000e+03
4.980000000000000000e+03
5.651000000000000000e+03
6.782000000000000000e+03
6.059000000000000000e+03
6.327000000000000000e+03
7.591000000000000000e+03
6.580000000000000000e+03
6.499000000000000000e+03
5.933000000000000000e+03
2.952000000000000000e+03
1.676000000000000000e+03
1.112000000000000000e+03
9.710000000000000000e+02
8.390000000000000000e+02
7.710000000000000000e+02
7.820000000000000000e+02
7.800000000000000000e+02
6.030000000000000000e+02
5.950000000000000000e+02
4.310000000000000000e+02
5.130000000000000000e+02
4.290000000000000000e+02
4.720000000000000000e+02
4.820000000000000000e+02
4.730000000000000000e+02
4.960000000000000000e+02
5.140000000000000000e+02
5.240000000000000000e+02
4.780000000000000000e+02
4.250000000000000000e+02
3.780000000000000000e+02
3.160000000000000000e+02
2.580000000000000000e+02
2.420000000000000000e+02
2.390000000000000000e+02
2.520000000000000000e+02
2.070000000000000000e+02
2.480000000000000000e+02
3.480000000000000000e+02
3.510000000000000000e+02
3.410000000000000000e+02
3.470000000000000000e+02
2.020000000000000000e+02
1.210000000000000000e+02
5.900000000000000000e+01
2.800000000000000000e+01
1.900000000000000000e+01
1.600000000000000000e+01
6.368000000000000000e+03
3.472000000000000000e+03
3.941000000000000000e+03
3.806000000000000000e+03
4.100000000000000000e+03
3.902000000000000000e+03
3.940000000000000000e+03
3.591000000000000000e+03
3.643000000000000000e+03
3.639000000000000000e+03
3.753000000000000000e+03
3.595000000000000000e+03
3.805000000000000000e+03
3.763000000000000000e+03
4.003000000000000000e+03
4.064000000000000000e+03
4.910000000000000000e+03
4.814000000000000000e+03
5.988000000000000000e+03
5.855000000000000000e+03
5.415000000000000000e+03
4.962000000000000000e+03
4.691000000000000000e+03
4.508000000000000000e+03
4.539000000000000000e+03
4.729000000000000000e+03
4.443000000000000000e+03
4.823000000000000000e+03
5.099000000000000000e+03
5.400000000000000000e+03
6.036000000000000000e+03
6.371000000000000000e+03
6.887000000000000000e+03
5.929000000000000000e+03
6.003000000000000000e+03
5.959000000000000000e+03
6.398000000000000000e+03
7.376000000000000000e+03
6.775000000000000000e+03
6.686000000000000000e+03
6.832000000000000000e+03
7.297000000000000000e+03
6.720000000000000000e+03
6.877000000000000000e+03
6.777000000000000000e+03
6.642000000000000000e+03
6.304000000000000000e+03
5.548000000000000000e+03
6.096000000000000000e+03
5.831000000000000000e+03
5.610000000000000000e+03
5.840000000000000000e+03
6.146000000000000000e+03
5.864000000000000000e+03
6.411000000000000000e+03
4.837000000000000000e+03
4.262000000000000000e+03
4.185000000000000000e+03
3.805000000000000000e+03
3.555000000000000000e+03
3.336000000000000000e+03
3.180000000000000000e+03
3.039000000000000000e+03
3.227000000000000000e+03
3.200000000000000000e+03
3.468000000000000000e+03
4.165000000000000000e+03
3.584000000000000000e+03
3.579000000000000000e+03
4.304000000000000000e+03
3.573000000000000000e+03
3.340000000000000000e+03
3.371000000000000000e+03
3.800000000000000000e+03
3.122000000000000000e+03
3.432000000000000000e+03
2.888000000000000000e+03
3.085000000000000000e+03
3.039000000000000000e+03
3.164000000000000000e+03
3.242000000000000000e+03
3.113000000000000000e+03
2.967000000000000000e+03
3.164000000000000000e+03
3.458000000000000000e+03
3.399000000000000000e+03
3.310000000000000000e+03
3.433000000000000000e+03
3.477000000000000000e+03
3.598000000000000000e+03
3.601000000000000000e+03
3.682000000000000000e+03
3.823000000000000000e+03
4.312000000000000000e+03
4.278000000000000000e+03
4.555000000000000000e+03
4.613000000000000000e+03
4.792000000000000000e+03
4.862000000000000000e+03
5.054000000000000000e+03
5.027000000000000000e+03
5.170000000000000000e+03
5.360000000000000000e+03
5.814000000000000000e+03
6.313000000000000000e+03
6.113000000000000000e+03
6.559000000000000000e+03
6.797000000000000000e+03
7.226000000000000000e+03
7.058000000000000000e+03
7.689000000000000000e+03
7.610000000000000000e+03
8.234000000000000000e+03
8.193000000000000000e+03
8.664000000000000000e+03
8.632000000000000000e+03
8.985000000000000000e+03
9.309000000000000000e+03
9.392000000000000000e+03
9.387000000000000000e+03
9.648000000000000000e+03
9.925000000000000000e+03
9.986000000000000000e+03
1.036300000000000000e+04
1.082300000000000000e+04
1.084000000000000000e+04
1.117500000000000000e+04
1.108700000000000000e+04
1.108200000000000000e+04
1.102200000000000000e+04
1.094600000000000000e+04
1.048000000000000000e+04
1.010000000000000000e+04
1.015200000000000000e+04
9.358000000000000000e+03
8.962000000000000000e+03
8.262000000000000000e+03
7.934000000000000000e+03
7.714000000000000000e+03
7.223000000000000000e+03
7.210000000000000000e+03
7.050000000000000000e+03
7.035000000000000000e+03
6.854000000000000000e+03
7.097000000000000000e+03
7.423000000000000000e+03
6.743000000000000000e+03
5.947000000000000000e+03
5.646000000000000000e+03
5.385000000000000000e+03
4.712000000000000000e+03
4.460000000000000000e+03
4.257000000000000000e+03
4.393000000000000000e+03
4.059000000000000000e+03
4.288000000000000000e+03
3.804000000000000000e+03
3.827000000000000000e+03
3.561000000000000000e+03
3.349000000000000000e+03
3.400000000000000000e+03
3.322000000000000000e+03
3.140000000000000000e+03
3.006000000000000000e+03
3.018000000000000000e+03
2.976000000000000000e+03
2.866000000000000000e+03
2.832000000000000000e+03
2.903000000000000000e+03
2.895000000000000000e+03
2.927000000000000000e+03
3.212000000000000000e+03
3.180000000000000000e+03
3.375000000000000000e+03
3.422000000000000000e+03
3.548000000000000000e+03
3.725000000000000000e+03
3.988000000000000000e+03
4.202000000000000000e+03
4.324000000000000000e+03
4.244000000000000000e+03
4.278000000000000000e+03
4.198000000000000000e+03
4.135000000000000000e+03
4.200000000000000000e+03
4.167000000000000000e+03
4.313000000000000000e+03
4.322000000000000000e+03
4.474000000000000000e+03
4.890000000000000000e+03
5.080000000000000000e+03
5.466000000000000000e+03
5.184000000000000000e+03
5.362000000000000000e+03
5.530000000000000000e+03
5.632000000000000000e+03
5.694000000000000000e+03
5.834000000000000000e+03
5.641000000000000000e+03
5.820000000000000000e+03
6.061000000000000000e+03
6.575000000000000000e+03
7.065000000000000000e+03
7.685000000000000000e+03
7.542000000000000000e+03
8.563000000000000000e+03
9.850000000000000000e+03
9.796000000000000000e+03
9.391000000000000000e+03
9.342000000000000000e+03
6.517000000000000000e+03
5.332000000000000000e+03
4.514000000000000000e+03
3.925000000000000000e+03
3.571000000000000000e+03
3.368000000000000000e+03
3.349000000000000000e+03
3.354000000000000000e+03
3.242000000000000000e+03
3.067000000000000000e+03
3.025000000000000000e+03
2.972000000000000000e+03
2.852000000000000000e+03
2.827000000000000000e+03
2.623000000000000000e+03
2.451000000000000000e+03
2.102000000000000000e+03
1.801000000000000000e+03
1.472000000000000000e+03
1.064000000000000000e+03
9.430000000000000000e+02
8.440000000000000000e+02
8.170000000000000000e+02
7.340000000000000000e+02
6.300000000000000000e+02
5.430000000000000000e+02
4.660000000000000000e+02
3.940000000000000000e+02
4.370000000000000000e+02
4.310000000000000000e+02
3.570000000000000000e+02
3.490000000000000000e+02
2.960000000000000000e+02
2.880000000000000000e+02
1.900000000000000000e+02
2.130000000000000000e+02
1.910000000000000000e+02
1.970000000000000000e+02
2.510000000000000000e+02
1.220000000000000000e+02
8.300000000000000000e+01
6.100000000000000000e+01
4.200000000000000000e+01
2.800000000000000000e+01
2.000000000000000000e+01
8.700000000000000000e+01
