1.089300000000000000e+04
2.577000000000000000e+03
1.022600000000000000e+04
3.918000000000000000e+03
5.320000000000000000e+03
4.018000000000000000e+03
3.611000000000000000e+03
3.353000000000000000e+03
3.052000000000000000e+03
2.828000000000000000e+03
2.665000000000000000e+03
2.923000000000000000e+03
2.893000000000000000e+03
2.905000000000000000e+03
2.548000000000000000e+03
2.251000000000000000e+03
2.349000000000000000e+03
2.377000000000000000e+03
2.469000000000000000e+03
2.750000000000000000e+03
2.810000000000000000e+03
3.011000000000000000e+03
3.357000000000000000e+03
4.113000000000000000e+03
4.137000000000000000e+03
4.089000000000000000e+03
4.203000000000000000e+03
4.402000000000000000e+03
4.726000000000000000e+03
4.351000000000000000e+03
4.136000000000000000e+03
4.556000000000000000e+03
4.671000000000000000e+03
4.734000000000000000e+03
5.934000000000000000e+03
6.507000000000000000e+03
6.591000000000000000e+03
5.789000000000000000e+03
5.682000000000000000e+03
5.702000000000000000e+03
6.506000000000000000e+03
6.802000000000000000e+03
6.479000000000000000e+03
6.578000000000000000e+03
6.707000000000000000e+03
6.806000000000000000e+03
7.116000000000000000e+03
6.728000000000000000e+03
6.736000000000000000e+03
7.051000000000000000e+03
7.336000000000000000e+03
6.695000000000000000e+03
6.683000000000000000e+03
7.004000000000000000e+03
6.828000000000000000e+03
6.562000000000000000e+03
6.325000000000000000e+03
6.135000000000000000e+03
6.102000000000000000e+03
6.256000000000000000e+03
5.948000000000000000e+03
5.432000000000000000e+03
5.288000000000000000e+03
5.089000000000000000e+03
5.110000000000000000e+03
5.330000000000000000e+03
5.137000000000000000e+03
4.725000000000000000e+03
4.494000000000000000e+03
4.646000000000000000e+03
4.652000000000000000e+03
4.589000000000000000e+03
4.415000000000000000e+03
4.299000000000000000e+03
4.281000000000000000e+03
4.340000000000000000e+03
4.310000000000000000e+03
4.488000000000000000e+03
4.512000000000000000e+03
4.628000000000000000e+03
4.599000000000000000e+03
4.586000000000000000e+03
4.594000000000000000e+03
4.549000000000000000e+03
4.379000000000000000e+03
4.415000000000000000e+03
4.873000000000000000e+03
5.196000000000000000e+03
5.118000000000000000e+03
4.907000000000000000e+03
4.933000000000000000e+03
4.970000000000000000e+03
4.747000000000000000e+03
4.765000000000000000e+03
4.859000000000000000e+03
4.632000000000000000e+03
4.534000000000000000e+03
4.345000000000000000e+03
4.476000000000000000e+03
4.743000000000000000e+03
4.735000000000000000e+03
4.748000000000000000e+03
4.823000000000000000e+03
4.614000000000000000e+03
4.814000000000000000e+03
4.666000000000000000e+03
4.709000000000000000e+03
4.882000000000000000e+03
4.742000000000000000e+03
5.001000000000000000e+03
4.824000000000000000e+03
4.854000000000000000e+03
4.679000000000000000e+03
4.634000000000000000e+03
4.797000000000000000e+03
4.648000000000000000e+03
4.702000000000000000e+03
4.906000000000000000e+03
4.929000000000000000e+03
5.003000000000000000e+03
5.028000000000000000e+03
5.037000000000000000e+03
4.829000000000000000e+03
4.847000000000000000e+03
4.664000000000000000e+03
4.859000000000000000e+03
5.086000000000000000e+03
5.106000000000000000e+03
4.511000000000000000e+03
4.383000000000000000e+03
4.305000000000000000e+03
4.403000000000000000e+03
4.281000000000000000e+03
4.250000000000000000e+03
4.164000000000000000e+03
4.088000000000000000e+03
4.715000000000000000e+03
4.738000000000000000e+03
4.966000000000000000e+03
4.717000000000000000e+03
4.271000000000000000e+03
4.197000000000000000e+03
4.230000000000000000e+03
3.854000000000000000e+03
3.913000000000000000e+03
4.086000000000000000e+03
3.960000000000000000e+03
3.956000000000000000e+03
3.984000000000000000e+03
3.941000000000000000e+03
3.874000000000000000e+03
3.955000000000000000e+03
4.103000000000000000e+03
3.998000000000000000e+03
3.864000000000000000e+03
3.884000000000000000e+03
3.753000000000000000e+03
3.504000000000000000e+03
3.466000000000000000e+03
3.406000000000000000e+03
3.237000000000000000e+03
3.276000000000000000e+03
3.242000000000000000e+03
3.239000000000000000e+03
3.511000000000000000e+03
3.385000000000000000e+03
3.048000000000000000e+03
2.932000000000000000e+03
2.750000000000000000e+03
2.481000000000000000e+03
2.383000000000000000e+03
2.145000000000000000e+03
1.913000000000000000e+03
1.899000000000000000e+03
1.928000000000000000e+03
1.829000000000000000e+03
1.853000000000000000e+03
1.849000000000000000e+03
1.874000000000000000e+03
2.104000000000000000e+03
2.317000000000000000e+03
2.388000000000000000e+03
2.251000000000000000e+03
2.139000000000000000e+03
2.290000000000000000e+03
2.055000000000000000e+03
2.176000000000000000e+03
2.278000000000000000e+03
2.262000000000000000e+03
2.137000000000000000e+03
1.922000000000000000e+03
1.921000000000000000e+03
1.814000000000000000e+03
1.827000000000000000e+03
1.666000000000000000e+03
1.382000000000000000e+03
1.308000000000000000e+03
1.293000000000000000e+03
1.215000000000000000e+03
1.175000000000000000e+03
1.171000000000000000e+03
1.094000000000000000e+03
1.079000000000000000e+03
1.021000000000000000e+03
1.034000000000000000e+03
1.010000000000000000e+03
1.278000000000000000e+03
2.259000000000000000e+03
3.046000000000000000e+03
2.862000000000000000e+03
2.769000000000000000e+03
2.465000000000000000e+03
2.318000000000000000e+03
2.038000000000000000e+03
1.992000000000000000e+03
1.793000000000000000e+03
1.440000000000000000e+03
1.273000000000000000e+03
1.107000000000000000e+03
9.230000000000000000e+02
8.920000000000000000e+02
8.680000000000000000e+02
7.850000000000000000e+02
8.000000000000000000e+02
8.160000000000000000e+02
7.270000000000000000e+02
8.310000000000000000e+02
8.630000000000000000e+02
1.011000000000000000e+03
9.710000000000000000e+02
8.640000000000000000e+02
9.030000000000000000e+02
8.180000000000000000e+02
8.580000000000000000e+02
8.700000000000000000e+02
8.550000000000000000e+02
9.260000000000000000e+02
9.690000000000000000e+02
9.870000000000000000e+02
9.910000000000000000e+02
9.660000000000000000e+02
1.292000000000000000e+03
1.357000000000000000e+03
9.860000000000000000e+02
9.040000000000000000e+02
9.410000000000000000e+02
1.003000000000000000e+03
1.025000000000000000e+03
1.041000000000000000e+03
1.036000000000000000e+03
1.072000000000000000e+03
1.075000000000000000e+03
1.120000000000000000e+03
1.210000000000000000e+03
1.227000000000000000e+03
5.393000000000000000e+03
1.816200000000000000e+04
8.133000000000000000e+03
5.160000000000000000e+03
4.177000000000000000e+03
4.029000000000000000e+03
3.475000000000000000e+03
3.149000000000000000e+03
2.757000000000000000e+03
2.765000000000000000e+03
2.776000000000000000e+03
2.897000000000000000e+03
2.931000000000000000e+03
2.573000000000000000e+03
2.267000000000000000e+03
2.562000000000000000e+03
2.529000000000000000e+03
2.696000000000000000e+03
3.126000000000000000e+03
3.657000000000000000e+03
4.276000000000000000e+03
3.897000000000000000e+03
3.822000000000000000e+03
3.878000000000000000e+03
4.505000000000000000e+03
4.130000000000000000e+03
4.236000000000000000e+03
4.235000000000000000e+03
4.495000000000000000e+03
4.563000000000000000e+03
4.740000000000000000e+03
5.082000000000000000e+03
4.994000000000000000e+03
5.121000000000000000e+03
5.417000000000000000e+03
5.909000000000000000e+03
6.658000000000000000e+03
6.651000000000000000e+03
5.568000000000000000e+03
5.917000000000000000e+03
5.632000000000000000e+03
6.236000000000000000e+03
6.748000000000000000e+03
6.898000000000000000e+03
6.863000000000000000e+03
6.334000000000000000e+03
5.830000000000000000e+03
5.944000000000000000e+03
6.454000000000000000e+03
6.343000000000000000e+03
5.947000000000000000e+03
6.112000000000000000e+03
6.348000000000000000e+03
6.172000000000000000e+03
6.279000000000000000e+03
6.104000000000000000e+03
5.864000000000000000e+03
5.109000000000000000e+03
4.994000000000000000e+03
4.904000000000000000e+03
4.798000000000000000e+03
4.805000000000000000e+03
4.736000000000000000e+03
4.844000000000000000e+03
4.790000000000000000e+03
4.565000000000000000e+03
4.482000000000000000e+03
4.390000000000000000e+03
4.298000000000000000e+03
4.211000000000000000e+03
4.122000000000000000e+03
4.239000000000000000e+03
4.267000000000000000e+03
4.382000000000000000e+03
4.662000000000000000e+03
4.741000000000000000e+03
4.968000000000000000e+03
4.649000000000000000e+03
4.272000000000000000e+03
3.915000000000000000e+03
3.524000000000000000e+03
3.547000000000000000e+03
3.679000000000000000e+03
3.490000000000000000e+03
3.561000000000000000e+03
3.708000000000000000e+03
3.776000000000000000e+03
3.877000000000000000e+03
4.045000000000000000e+03
3.893000000000000000e+03
4.124000000000000000e+03
4.018000000000000000e+03
3.971000000000000000e+03
4.402000000000000000e+03
4.330000000000000000e+03
4.243000000000000000e+03
4.158000000000000000e+03
4.079000000000000000e+03
4.192000000000000000e+03
4.523000000000000000e+03
4.364000000000000000e+03
4.268000000000000000e+03
4.205000000000000000e+03
4.490000000000000000e+03
4.804000000000000000e+03
4.679000000000000000e+03
5.007000000000000000e+03
4.737000000000000000e+03
4.826000000000000000e+03
4.965000000000000000e+03
4.825000000000000000e+03
4.697000000000000000e+03
4.797000000000000000e+03
5.052000000000000000e+03
4.913000000000000000e+03
5.187000000000000000e+03
5.234000000000000000e+03
5.290000000000000000e+03
5.300000000000000000e+03
5.624000000000000000e+03
5.682000000000000000e+03
5.344000000000000000e+03
5.386000000000000000e+03
5.268000000000000000e+03
5.325000000000000000e+03
5.063000000000000000e+03
5.214000000000000000e+03
5.168000000000000000e+03
4.770000000000000000e+03
4.607000000000000000e+03
4.224000000000000000e+03
4.423000000000000000e+03
4.306000000000000000e+03
3.836000000000000000e+03
3.958000000000000000e+03
3.962000000000000000e+03
3.667000000000000000e+03
4.056000000000000000e+03
3.760000000000000000e+03
3.777000000000000000e+03
3.716000000000000000e+03
3.680000000000000000e+03
3.865000000000000000e+03
3.849000000000000000e+03
3.864000000000000000e+03
3.925000000000000000e+03
4.195000000000000000e+03
4.297000000000000000e+03
4.399000000000000000e+03
4.450000000000000000e+03
4.542000000000000000e+03
4.598000000000000000e+03
4.568000000000000000e+03
4.680000000000000000e+03
4.299000000000000000e+03
3.990000000000000000e+03
3.746000000000000000e+03
3.706000000000000000e+03
3.455000000000000000e+03
3.405000000000000000e+03
3.054000000000000000e+03
2.930000000000000000e+03
3.015000000000000000e+03
3.097000000000000000e+03
2.993000000000000000e+03
2.947000000000000000e+03
2.637000000000000000e+03
2.622000000000000000e+03
2.913000000000000000e+03
2.740000000000000000e+03
2.885000000000000000e+03
3.057000000000000000e+03
3.313000000000000000e+03
2.796000000000000000e+03
2.761000000000000000e+03
2.660000000000000000e+03
2.669000000000000000e+03
2.808000000000000000e+03
2.846000000000000000e+03
2.945000000000000000e+03
3.001000000000000000e+03
2.993000000000000000e+03
3.104000000000000000e+03
2.836000000000000000e+03
2.727000000000000000e+03
2.366000000000000000e+03
2.337000000000000000e+03
2.074000000000000000e+03
1.829000000000000000e+03
1.874000000000000000e+03
1.783000000000000000e+03
1.950000000000000000e+03
1.843000000000000000e+03
1.519000000000000000e+03
1.454000000000000000e+03
1.433000000000000000e+03
1.353000000000000000e+03
1.378000000000000000e+03
1.244000000000000000e+03
1.282000000000000000e+03
1.202000000000000000e+03
1.279000000000000000e+03
1.153000000000000000e+03
1.175000000000000000e+03
1.162000000000000000e+03
1.284000000000000000e+03
1.704000000000000000e+03
1.940000000000000000e+03
2.308000000000000000e+03
2.111000000000000000e+03
2.137000000000000000e+03
1.958000000000000000e+03
1.808000000000000000e+03
2.531000000000000000e+03
3.366000000000000000e+03
3.062000000000000000e+03
2.854000000000000000e+03
2.245000000000000000e+03
1.699000000000000000e+03
1.334000000000000000e+03
1.223000000000000000e+03
1.184000000000000000e+03
1.169000000000000000e+03
1.145000000000000000e+03
1.048000000000000000e+03
1.047000000000000000e+03
9.780000000000000000e+02
1.064000000000000000e+03
1.073000000000000000e+03
1.129000000000000000e+03
9.950000000000000000e+02
9.730000000000000000e+02
1.033000000000000000e+03
1.026000000000000000e+03
1.196000000000000000e+03
1.081000000000000000e+03
1.182000000000000000e+03
1.213000000000000000e+03
1.225000000000000000e+03
1.287000000000000000e+03
1.513000000000000000e+03
1.711000000000000000e+03
1.273000000000000000e+03
1.256000000000000000e+03
1.170000000000000000e+03
1.203000000000000000e+03
1.178000000000000000e+03
1.224000000000000000e+03
1.122000000000000000e+03
1.060000000000000000e+03
1.042000000000000000e+03
1.046000000000000000e+03
1.088000000000000000e+03
1.144000000000000000e+03
1.248000000000000000e+03
1.529000000000000000e+03
4.547000000000000000e+03
2.053700000000000000e+04
7.501000000000000000e+03
4.491000000000000000e+03
4.310000000000000000e+03
4.302000000000000000e+03
3.596000000000000000e+03
3.624000000000000000e+03
3.176000000000000000e+03
3.005000000000000000e+03
3.095000000000000000e+03
3.083000000000000000e+03
2.736000000000000000e+03
2.594000000000000000e+03
2.711000000000000000e+03
2.725000000000000000e+03
2.907000000000000000e+03
3.410000000000000000e+03
3.827000000000000000e+03
4.299000000000000000e+03
4.396000000000000000e+03
4.520000000000000000e+03
4.546000000000000000e+03
4.399000000000000000e+03
4.588000000000000000e+03
4.512000000000000000e+03
4.609000000000000000e+03
4.633000000000000000e+03
5.139000000000000000e+03
5.075000000000000000e+03
5.044000000000000000e+03
5.268000000000000000e+03
5.734000000000000000e+03
6.161000000000000000e+03
6.010000000000000000e+03
5.321000000000000000e+03
5.330000000000000000e+03
5.446000000000000000e+03
5.620000000000000000e+03
5.955000000000000000e+03
5.426000000000000000e+03
5.418000000000000000e+03
5.130000000000000000e+03
5.257000000000000000e+03
5.524000000000000000e+03
5.874000000000000000e+03
5.430000000000000000e+03
5.419000000000000000e+03
5.121000000000000000e+03
5.199000000000000000e+03
5.056000000000000000e+03
5.408000000000000000e+03
5.446000000000000000e+03
5.216000000000000000e+03
5.433000000000000000e+03
5.572000000000000000e+03
5.048000000000000000e+03
4.952000000000000000e+03
5.059000000000000000e+03
4.967000000000000000e+03
4.757000000000000000e+03
4.590000000000000000e+03
4.558000000000000000e+03
4.543000000000000000e+03
4.381000000000000000e+03
4.530000000000000000e+03
4.494000000000000000e+03
4.306000000000000000e+03
4.359000000000000000e+03
4.521000000000000000e+03
4.502000000000000000e+03
4.456000000000000000e+03
4.433000000000000000e+03
4.359000000000000000e+03
4.264000000000000000e+03
4.327000000000000000e+03
4.552000000000000000e+03
4.442000000000000000e+03
4.207000000000000000e+03
4.051000000000000000e+03
3.886000000000000000e+03
3.862000000000000000e+03
3.766000000000000000e+03
3.779000000000000000e+03
3.676000000000000000e+03
3.822000000000000000e+03
3.722000000000000000e+03
3.985000000000000000e+03
3.987000000000000000e+03
4.049000000000000000e+03
4.391000000000000000e+03
4.298000000000000000e+03
4.010000000000000000e+03
4.111000000000000000e+03
4.150000000000000000e+03
4.036000000000000000e+03
3.826000000000000000e+03
3.782000000000000000e+03
3.826000000000000000e+03
3.912000000000000000e+03
3.746000000000000000e+03
3.824000000000000000e+03
4.249000000000000000e+03
4.049000000000000000e+03
3.968000000000000000e+03
4.214000000000000000e+03
4.081000000000000000e+03
4.260000000000000000e+03
4.201000000000000000e+03
4.161000000000000000e+03
4.232000000000000000e+03
4.319000000000000000e+03
4.728000000000000000e+03
4.840000000000000000e+03
4.820000000000000000e+03
5.049000000000000000e+03
4.728000000000000000e+03
4.886000000000000000e+03
5.014000000000000000e+03
5.194000000000000000e+03
5.177000000000000000e+03
5.429000000000000000e+03
5.568000000000000000e+03
5.272000000000000000e+03
5.253000000000000000e+03
4.997000000000000000e+03
5.584000000000000000e+03
5.207000000000000000e+03
5.389000000000000000e+03
5.131000000000000000e+03
4.782000000000000000e+03
4.629000000000000000e+03
4.589000000000000000e+03
4.529000000000000000e+03
4.507000000000000000e+03
4.479000000000000000e+03
4.532000000000000000e+03
4.751000000000000000e+03
4.459000000000000000e+03
4.357000000000000000e+03
4.158000000000000000e+03
4.209000000000000000e+03
3.674000000000000000e+03
3.767000000000000000e+03
3.860000000000000000e+03
3.745000000000000000e+03
3.954000000000000000e+03
4.206000000000000000e+03
4.190000000000000000e+03
4.201000000000000000e+03
3.977000000000000000e+03
3.637000000000000000e+03
3.314000000000000000e+03
3.183000000000000000e+03
3.076000000000000000e+03
3.144000000000000000e+03
2.974000000000000000e+03
2.770000000000000000e+03
3.085000000000000000e+03
2.952000000000000000e+03
2.961000000000000000e+03
2.701000000000000000e+03
2.642000000000000000e+03
2.622000000000000000e+03
2.588000000000000000e+03
2.738000000000000000e+03
2.625000000000000000e+03
2.620000000000000000e+03
2.514000000000000000e+03
2.631000000000000000e+03
2.291000000000000000e+03
2.371000000000000000e+03
2.213000000000000000e+03
2.173000000000000000e+03
2.207000000000000000e+03
2.043000000000000000e+03
2.106000000000000000e+03
2.145000000000000000e+03
2.278000000000000000e+03
2.385000000000000000e+03
2.349000000000000000e+03
2.576000000000000000e+03
2.384000000000000000e+03
2.424000000000000000e+03
2.232000000000000000e+03
2.457000000000000000e+03
2.434000000000000000e+03
2.441000000000000000e+03
2.375000000000000000e+03
2.268000000000000000e+03
2.243000000000000000e+03
2.447000000000000000e+03
2.640000000000000000e+03
2.483000000000000000e+03
2.617000000000000000e+03
2.401000000000000000e+03
2.188000000000000000e+03
2.189000000000000000e+03
2.109000000000000000e+03
2.038000000000000000e+03
1.966000000000000000e+03
2.195000000000000000e+03
2.188000000000000000e+03
2.319000000000000000e+03
2.517000000000000000e+03
3.168000000000000000e+03
3.547000000000000000e+03
3.774000000000000000e+03
3.735000000000000000e+03
3.530000000000000000e+03
2.880000000000000000e+03
2.877000000000000000e+03
3.415000000000000000e+03
3.854000000000000000e+03
3.753000000000000000e+03
3.829000000000000000e+03
3.152000000000000000e+03
3.179000000000000000e+03
2.476000000000000000e+03
2.311000000000000000e+03
2.056000000000000000e+03
1.684000000000000000e+03
1.331000000000000000e+03
1.345000000000000000e+03
1.283000000000000000e+03
1.247000000000000000e+03
1.112000000000000000e+03
1.105000000000000000e+03
1.091000000000000000e+03
1.147000000000000000e+03
1.073000000000000000e+03
1.060000000000000000e+03
1.160000000000000000e+03
1.247000000000000000e+03
1.223000000000000000e+03
1.271000000000000000e+03
1.290000000000000000e+03
1.334000000000000000e+03
1.315000000000000000e+03
1.568000000000000000e+03
1.702000000000000000e+03
1.330000000000000000e+03
1.324000000000000000e+03
1.260000000000000000e+03
1.523000000000000000e+03
1.307000000000000000e+03
1.255000000000000000e+03
1.076000000000000000e+03
1.035000000000000000e+03
9.690000000000000000e+02
8.050000000000000000e+02
6.470000000000000000e+02
7.480000000000000000e+02
7.660000000000000000e+02
4.690000000000000000e+02
7.780000000000000000e+02
8.920000000000000000e+02
