7.080000000000000000e+02
1.910000000000000000e+02
5.720000000000000000e+02
3.010000000000000000e+02
4.240000000000000000e+02
4.360000000000000000e+02
3.420000000000000000e+02
4.440000000000000000e+02
4.290000000000000000e+02
5.140000000000000000e+02
5.130000000000000000e+02
5.950000000000000000e+02
6.670000000000000000e+02
6.900000000000000000e+02
7.960000000000000000e+02
1.004000000000000000e+03
1.077000000000000000e+03
1.199000000000000000e+03
1.346000000000000000e+03
1.466000000000000000e+03
1.611000000000000000e+03
1.681000000000000000e+03
1.647000000000000000e+03
1.674000000000000000e+03
1.635000000000000000e+03
1.766000000000000000e+03
1.743000000000000000e+03
1.680000000000000000e+03
1.563000000000000000e+03
1.643000000000000000e+03
1.584000000000000000e+03
1.613000000000000000e+03
1.560000000000000000e+03
1.597000000000000000e+03
1.677000000000000000e+03
1.696000000000000000e+03
1.838000000000000000e+03
1.820000000000000000e+03
1.827000000000000000e+03
1.889000000000000000e+03
1.899000000000000000e+03
1.990000000000000000e+03
1.916000000000000000e+03
1.922000000000000000e+03
2.102000000000000000e+03
2.074000000000000000e+03
2.092000000000000000e+03
2.153000000000000000e+03
2.102000000000000000e+03
2.223000000000000000e+03
2.292000000000000000e+03
2.442000000000000000e+03
2.650000000000000000e+03
2.780000000000000000e+03
2.695000000000000000e+03
2.808000000000000000e+03
2.996000000000000000e+03
2.986000000000000000e+03
3.103000000000000000e+03
3.207000000000000000e+03
3.336000000000000000e+03
3.342000000000000000e+03
3.287000000000000000e+03
3.066000000000000000e+03
2.986000000000000000e+03
2.772000000000000000e+03
2.650000000000000000e+03
2.388000000000000000e+03
2.361000000000000000e+03
2.377000000000000000e+03
2.277000000000000000e+03
2.175000000000000000e+03
2.156000000000000000e+03
2.173000000000000000e+03
2.239000000000000000e+03
2.173000000000000000e+03
2.351000000000000000e+03
2.353000000000000000e+03
2.388000000000000000e+03
2.595000000000000000e+03
2.569000000000000000e+03
2.457000000000000000e+03
2.556000000000000000e+03
2.397000000000000000e+03
2.480000000000000000e+03
2.365000000000000000e+03
2.641000000000000000e+03
2.651000000000000000e+03
2.789000000000000000e+03
2.691000000000000000e+03
2.647000000000000000e+03
2.514000000000000000e+03
2.295000000000000000e+03
2.402000000000000000e+03
2.264000000000000000e+03
2.189000000000000000e+03
2.004000000000000000e+03
1.814000000000000000e+03
1.683000000000000000e+03
1.472000000000000000e+03
1.429000000000000000e+03
1.320000000000000000e+03
1.242000000000000000e+03
1.117000000000000000e+03
1.188000000000000000e+03
1.111000000000000000e+03
1.146000000000000000e+03
1.059000000000000000e+03
9.560000000000000000e+02
1.000000000000000000e+03
9.790000000000000000e+02
9.680000000000000000e+02
8.880000000000000000e+02
9.090000000000000000e+02
9.250000000000000000e+02
9.410000000000000000e+02
9.000000000000000000e+02
8.540000000000000000e+02
9.530000000000000000e+02
8.220000000000000000e+02
8.890000000000000000e+02
9.040000000000000000e+02
9.430000000000000000e+02
1.006000000000000000e+03
1.063000000000000000e+03
1.087000000000000000e+03
1.028000000000000000e+03
1.054000000000000000e+03
1.026000000000000000e+03
9.280000000000000000e+02
9.700000000000000000e+02
9.100000000000000000e+02
9.450000000000000000e+02
8.630000000000000000e+02
7.840000000000000000e+02
8.360000000000000000e+02
7.580000000000000000e+02
8.140000000000000000e+02
7.540000000000000000e+02
8.690000000000000000e+02
9.360000000000000000e+02
9.180000000000000000e+02
9.240000000000000000e+02
1.024000000000000000e+03
1.090000000000000000e+03
1.161000000000000000e+03
1.205000000000000000e+03
1.337000000000000000e+03
1.492000000000000000e+03
1.655000000000000000e+03
1.682000000000000000e+03
1.804000000000000000e+03
1.808000000000000000e+03
1.829000000000000000e+03
1.799000000000000000e+03
1.747000000000000000e+03
1.618000000000000000e+03
1.469000000000000000e+03
1.393000000000000000e+03
1.279000000000000000e+03
1.301000000000000000e+03
1.226000000000000000e+03
1.215000000000000000e+03
1.114000000000000000e+03
1.141000000000000000e+03
1.123000000000000000e+03
1.092000000000000000e+03
1.027000000000000000e+03
9.730000000000000000e+02
9.860000000000000000e+02
8.570000000000000000e+02
8.240000000000000000e+02
8.530000000000000000e+02
8.240000000000000000e+02
7.940000000000000000e+02
7.890000000000000000e+02
7.790000000000000000e+02
8.640000000000000000e+02
8.590000000000000000e+02
1.037000000000000000e+03
1.203000000000000000e+03
1.475000000000000000e+03
1.401000000000000000e+03
1.346000000000000000e+03
1.215000000000000000e+03
1.156000000000000000e+03
1.329000000000000000e+03
1.148000000000000000e+03
1.374000000000000000e+03
1.410000000000000000e+03
1.370000000000000000e+03
1.366000000000000000e+03
1.272000000000000000e+03
1.246000000000000000e+03
1.198000000000000000e+03
1.067000000000000000e+03
1.081000000000000000e+03
9.580000000000000000e+02
9.420000000000000000e+02
8.750000000000000000e+02
9.000000000000000000e+02
7.870000000000000000e+02
7.570000000000000000e+02
7.640000000000000000e+02
7.080000000000000000e+02
6.470000000000000000e+02
5.750000000000000000e+02
5.430000000000000000e+02
6.360000000000000000e+02
5.890000000000000000e+02
6.060000000000000000e+02
5.580000000000000000e+02
6.430000000000000000e+02
6.180000000000000000e+02
6.640000000000000000e+02
6.460000000000000000e+02
6.750000000000000000e+02
6.710000000000000000e+02
6.930000000000000000e+02
7.030000000000000000e+02
8.170000000000000000e+02
7.200000000000000000e+02
6.040000000000000000e+02
6.490000000000000000e+02
7.020000000000000000e+02
6.240000000000000000e+02
7.090000000000000000e+02
6.890000000000000000e+02
6.280000000000000000e+02
5.160000000000000000e+02
4.390000000000000000e+02
4.210000000000000000e+02
4.300000000000000000e+02
4.490000000000000000e+02
4.600000000000000000e+02
4.330000000000000000e+02
3.710000000000000000e+02
2.670000000000000000e+02
2.380000000000000000e+02
1.800000000000000000e+02
1.570000000000000000e+02
1.570000000000000000e+02
1.200000000000000000e+02
1.200000000000000000e+02
1.290000000000000000e+02
1.110000000000000000e+02
9.900000000000000000e+01
7.500000000000000000e+01
9.100000000000000000e+01
9.400000000000000000e+01
7.300000000000000000e+01
7.500000000000000000e+01
4.100000000000000000e+01
6.100000000000000000e+01
3.200000000000000000e+01
1.630000000000000000e+02
2.003000000000000000e+03
6.460000000000000000e+02
5.140000000000000000e+02
4.990000000000000000e+02
4.600000000000000000e+02
4.640000000000000000e+02
5.450000000000000000e+02
5.820000000000000000e+02
6.820000000000000000e+02
7.830000000000000000e+02
8.290000000000000000e+02
9.580000000000000000e+02
1.050000000000000000e+03
1.050000000000000000e+03
1.114000000000000000e+03
1.235000000000000000e+03
1.330000000000000000e+03
1.502000000000000000e+03
1.585000000000000000e+03
1.613000000000000000e+03
1.588000000000000000e+03
1.485000000000000000e+03
1.478000000000000000e+03
1.458000000000000000e+03
1.413000000000000000e+03
1.333000000000000000e+03
1.234000000000000000e+03
1.316000000000000000e+03
1.371000000000000000e+03
1.337000000000000000e+03
1.326000000000000000e+03
1.298000000000000000e+03
1.347000000000000000e+03
1.414000000000000000e+03
1.535000000000000000e+03
1.729000000000000000e+03
1.868000000000000000e+03
2.001000000000000000e+03
2.233000000000000000e+03
2.323000000000000000e+03
2.315000000000000000e+03
2.483000000000000000e+03
2.562000000000000000e+03
2.730000000000000000e+03
2.943000000000000000e+03
3.041000000000000000e+03
3.460000000000000000e+03
3.327000000000000000e+03
3.501000000000000000e+03
3.535000000000000000e+03
3.593000000000000000e+03
3.428000000000000000e+03
3.432000000000000000e+03
3.679000000000000000e+03
3.717000000000000000e+03
3.811000000000000000e+03
3.715000000000000000e+03
3.786000000000000000e+03
3.661000000000000000e+03
3.615000000000000000e+03
3.365000000000000000e+03
3.318000000000000000e+03
3.225000000000000000e+03
3.355000000000000000e+03
2.959000000000000000e+03
2.821000000000000000e+03
2.790000000000000000e+03
2.602000000000000000e+03
2.640000000000000000e+03
2.701000000000000000e+03
2.717000000000000000e+03
2.757000000000000000e+03
2.983000000000000000e+03
2.895000000000000000e+03
3.008000000000000000e+03
2.976000000000000000e+03
3.116000000000000000e+03
3.106000000000000000e+03
2.985000000000000000e+03
2.656000000000000000e+03
2.524000000000000000e+03
2.369000000000000000e+03
2.178000000000000000e+03
1.974000000000000000e+03
1.833000000000000000e+03
1.741000000000000000e+03
1.613000000000000000e+03
1.444000000000000000e+03
1.390000000000000000e+03
1.371000000000000000e+03
1.373000000000000000e+03
1.287000000000000000e+03
1.298000000000000000e+03
1.217000000000000000e+03
1.207000000000000000e+03
1.183000000000000000e+03
1.153000000000000000e+03
1.135000000000000000e+03
1.091000000000000000e+03
1.094000000000000000e+03
9.890000000000000000e+02
1.046000000000000000e+03
1.103000000000000000e+03
1.055000000000000000e+03
1.072000000000000000e+03
1.063000000000000000e+03
1.050000000000000000e+03
1.005000000000000000e+03
1.059000000000000000e+03
1.041000000000000000e+03
1.059000000000000000e+03
1.049000000000000000e+03
1.013000000000000000e+03
1.079000000000000000e+03
1.074000000000000000e+03
1.168000000000000000e+03
1.205000000000000000e+03
1.114000000000000000e+03
1.164000000000000000e+03
1.080000000000000000e+03
1.034000000000000000e+03
1.020000000000000000e+03
9.530000000000000000e+02
8.940000000000000000e+02
8.310000000000000000e+02
8.420000000000000000e+02
7.270000000000000000e+02
6.290000000000000000e+02
6.000000000000000000e+02
5.760000000000000000e+02
5.500000000000000000e+02
4.870000000000000000e+02
4.830000000000000000e+02
5.190000000000000000e+02
4.680000000000000000e+02
4.400000000000000000e+02
4.260000000000000000e+02
4.260000000000000000e+02
4.020000000000000000e+02
4.380000000000000000e+02
4.170000000000000000e+02
4.370000000000000000e+02
4.540000000000000000e+02
4.230000000000000000e+02
4.180000000000000000e+02
4.230000000000000000e+02
4.170000000000000000e+02
4.440000000000000000e+02
4.440000000000000000e+02
4.000000000000000000e+02
4.490000000000000000e+02
4.040000000000000000e+02
4.710000000000000000e+02
4.990000000000000000e+02
5.630000000000000000e+02
6.070000000000000000e+02
7.170000000000000000e+02
8.290000000000000000e+02
9.250000000000000000e+02
1.055000000000000000e+03
1.244000000000000000e+03
1.371000000000000000e+03
1.522000000000000000e+03
1.710000000000000000e+03
1.742000000000000000e+03
1.996000000000000000e+03
1.953000000000000000e+03
1.830000000000000000e+03
1.646000000000000000e+03
1.411000000000000000e+03
1.269000000000000000e+03
1.285000000000000000e+03
1.312000000000000000e+03
1.268000000000000000e+03
1.361000000000000000e+03
1.430000000000000000e+03
1.588000000000000000e+03
1.579000000000000000e+03
1.335000000000000000e+03
1.265000000000000000e+03
1.185000000000000000e+03
1.020000000000000000e+03
1.073000000000000000e+03
1.268000000000000000e+03
1.377000000000000000e+03
1.522000000000000000e+03
1.583000000000000000e+03
1.545000000000000000e+03
1.515000000000000000e+03
1.402000000000000000e+03
1.390000000000000000e+03
1.462000000000000000e+03
1.627000000000000000e+03
1.454000000000000000e+03
1.468000000000000000e+03
1.338000000000000000e+03
1.336000000000000000e+03
1.177000000000000000e+03
1.216000000000000000e+03
1.216000000000000000e+03
1.066000000000000000e+03
9.980000000000000000e+02
9.750000000000000000e+02
8.560000000000000000e+02
8.870000000000000000e+02
8.890000000000000000e+02
7.910000000000000000e+02
8.260000000000000000e+02
6.860000000000000000e+02
6.290000000000000000e+02
6.190000000000000000e+02
6.930000000000000000e+02
7.040000000000000000e+02
5.890000000000000000e+02
7.030000000000000000e+02
6.530000000000000000e+02
7.270000000000000000e+02
5.400000000000000000e+02
5.590000000000000000e+02
5.090000000000000000e+02
4.400000000000000000e+02
3.900000000000000000e+02
3.920000000000000000e+02
3.450000000000000000e+02
3.620000000000000000e+02
2.990000000000000000e+02
3.120000000000000000e+02
3.220000000000000000e+02
3.210000000000000000e+02
3.290000000000000000e+02
3.480000000000000000e+02
3.310000000000000000e+02
2.960000000000000000e+02
2.430000000000000000e+02
2.400000000000000000e+02
2.330000000000000000e+02
2.120000000000000000e+02
1.810000000000000000e+02
1.910000000000000000e+02
1.880000000000000000e+02
1.460000000000000000e+02
1.380000000000000000e+02
9.100000000000000000e+01
7.800000000000000000e+01
1.000000000000000000e+02
8.900000000000000000e+01
9.600000000000000000e+01
6.600000000000000000e+01
5.500000000000000000e+01
6.600000000000000000e+01
4.800000000000000000e+01
6.600000000000000000e+01
1.130000000000000000e+02
9.900000000000000000e+01
1.050000000000000000e+02
9.500000000000000000e+01
5.065000000000000000e+03
1.821000000000000000e+03
1.312000000000000000e+03
1.300000000000000000e+03
1.244000000000000000e+03
1.167000000000000000e+03
1.189000000000000000e+03
1.142000000000000000e+03
1.198000000000000000e+03
1.179000000000000000e+03
1.174000000000000000e+03
1.269000000000000000e+03
1.431000000000000000e+03
1.549000000000000000e+03
1.551000000000000000e+03
1.564000000000000000e+03
1.659000000000000000e+03
1.787000000000000000e+03
1.951000000000000000e+03
2.038000000000000000e+03
2.074000000000000000e+03
2.100000000000000000e+03
2.228000000000000000e+03
2.220000000000000000e+03
2.180000000000000000e+03
2.326000000000000000e+03
2.133000000000000000e+03
1.935000000000000000e+03
1.963000000000000000e+03
1.820000000000000000e+03
2.006000000000000000e+03
1.949000000000000000e+03
2.036000000000000000e+03
2.071000000000000000e+03
2.127000000000000000e+03
2.115000000000000000e+03
2.145000000000000000e+03
2.300000000000000000e+03
2.244000000000000000e+03
2.376000000000000000e+03
2.473000000000000000e+03
2.572000000000000000e+03
2.658000000000000000e+03
2.949000000000000000e+03
3.015000000000000000e+03
2.926000000000000000e+03
3.028000000000000000e+03
3.057000000000000000e+03
3.166000000000000000e+03
3.186000000000000000e+03
3.115000000000000000e+03
2.978000000000000000e+03
3.024000000000000000e+03
3.156000000000000000e+03
3.228000000000000000e+03
3.219000000000000000e+03
3.325000000000000000e+03
3.024000000000000000e+03
3.023000000000000000e+03
3.106000000000000000e+03
2.897000000000000000e+03
2.745000000000000000e+03
2.793000000000000000e+03
2.726000000000000000e+03
2.579000000000000000e+03
2.518000000000000000e+03
2.696000000000000000e+03
2.684000000000000000e+03
2.793000000000000000e+03
2.969000000000000000e+03
3.013000000000000000e+03
2.973000000000000000e+03
2.997000000000000000e+03
3.205000000000000000e+03
3.123000000000000000e+03
3.049000000000000000e+03
2.929000000000000000e+03
2.822000000000000000e+03
2.418000000000000000e+03
2.143000000000000000e+03
2.016000000000000000e+03
1.734000000000000000e+03
1.515000000000000000e+03
1.425000000000000000e+03
1.400000000000000000e+03
1.285000000000000000e+03
1.241000000000000000e+03
1.252000000000000000e+03
1.246000000000000000e+03
1.220000000000000000e+03
1.228000000000000000e+03
1.250000000000000000e+03
1.219000000000000000e+03
1.186000000000000000e+03
1.155000000000000000e+03
1.120000000000000000e+03
1.147000000000000000e+03
1.182000000000000000e+03
1.102000000000000000e+03
1.041000000000000000e+03
9.790000000000000000e+02
8.690000000000000000e+02
9.300000000000000000e+02
8.910000000000000000e+02
8.740000000000000000e+02
8.160000000000000000e+02
8.180000000000000000e+02
7.410000000000000000e+02
7.300000000000000000e+02
6.970000000000000000e+02
6.690000000000000000e+02
6.860000000000000000e+02
6.630000000000000000e+02
6.430000000000000000e+02
7.090000000000000000e+02
6.740000000000000000e+02
6.600000000000000000e+02
6.890000000000000000e+02
6.740000000000000000e+02
6.510000000000000000e+02
6.300000000000000000e+02
6.430000000000000000e+02
5.970000000000000000e+02
6.480000000000000000e+02
5.740000000000000000e+02
5.620000000000000000e+02
4.900000000000000000e+02
4.480000000000000000e+02
4.220000000000000000e+02
4.160000000000000000e+02
3.580000000000000000e+02
3.690000000000000000e+02
3.570000000000000000e+02
3.380000000000000000e+02
3.520000000000000000e+02
3.230000000000000000e+02
3.030000000000000000e+02
2.960000000000000000e+02
3.020000000000000000e+02
3.310000000000000000e+02
3.100000000000000000e+02
3.230000000000000000e+02
3.350000000000000000e+02
3.370000000000000000e+02
3.430000000000000000e+02
3.500000000000000000e+02
3.290000000000000000e+02
3.730000000000000000e+02
3.630000000000000000e+02
3.510000000000000000e+02
3.570000000000000000e+02
3.740000000000000000e+02
3.170000000000000000e+02
3.390000000000000000e+02
3.120000000000000000e+02
3.330000000000000000e+02
3.200000000000000000e+02
3.080000000000000000e+02
3.180000000000000000e+02
3.060000000000000000e+02
3.370000000000000000e+02
3.390000000000000000e+02
2.920000000000000000e+02
3.150000000000000000e+02
3.080000000000000000e+02
2.970000000000000000e+02
3.290000000000000000e+02
3.580000000000000000e+02
3.890000000000000000e+02
3.760000000000000000e+02
4.130000000000000000e+02
4.540000000000000000e+02
5.120000000000000000e+02
6.220000000000000000e+02
6.670000000000000000e+02
7.280000000000000000e+02
8.870000000000000000e+02
1.061000000000000000e+03
1.193000000000000000e+03
1.188000000000000000e+03
1.322000000000000000e+03
1.436000000000000000e+03
1.607000000000000000e+03
1.758000000000000000e+03
2.021000000000000000e+03
2.139000000000000000e+03
2.197000000000000000e+03
2.399000000000000000e+03
2.450000000000000000e+03
2.305000000000000000e+03
2.243000000000000000e+03
2.074000000000000000e+03
1.939000000000000000e+03
1.928000000000000000e+03
2.157000000000000000e+03
2.146000000000000000e+03
2.130000000000000000e+03
2.201000000000000000e+03
2.102000000000000000e+03
2.271000000000000000e+03
1.998000000000000000e+03
1.830000000000000000e+03
1.596000000000000000e+03
1.517000000000000000e+03
1.411000000000000000e+03
1.378000000000000000e+03
1.287000000000000000e+03
1.144000000000000000e+03
1.041000000000000000e+03
8.640000000000000000e+02
8.420000000000000000e+02
8.300000000000000000e+02
8.000000000000000000e+02
7.750000000000000000e+02
8.690000000000000000e+02
8.950000000000000000e+02
7.230000000000000000e+02
7.140000000000000000e+02
6.110000000000000000e+02
6.630000000000000000e+02
5.820000000000000000e+02
6.320000000000000000e+02
5.560000000000000000e+02
4.810000000000000000e+02
4.140000000000000000e+02
4.280000000000000000e+02
3.900000000000000000e+02
3.430000000000000000e+02
3.750000000000000000e+02
3.770000000000000000e+02
3.560000000000000000e+02
3.210000000000000000e+02
2.910000000000000000e+02
2.360000000000000000e+02
2.100000000000000000e+02
2.080000000000000000e+02
1.590000000000000000e+02
1.600000000000000000e+02
1.640000000000000000e+02
1.960000000000000000e+02
1.560000000000000000e+02
1.450000000000000000e+02
1.480000000000000000e+02
1.400000000000000000e+02
1.300000000000000000e+02
1.470000000000000000e+02
1.460000000000000000e+02
1.360000000000000000e+02
1.640000000000000000e+02
1.380000000000000000e+02
1.450000000000000000e+02
1.250000000000000000e+02
1.670000000000000000e+02
1.330000000000000000e+02
1.310000000000000000e+02
5.300000000000000000e+02
