0.000000000000000000e+00
1.000000000000000000e+00
0.000000000000000000e+00
1.000000000000000000e+00
2.000000000000000000e+00
4.000000000000000000e+00
1.000000000000000000e+00
5.000000000000000000e+00
1.700000000000000000e+01
2.000000000000000000e+01
3.100000000000000000e+01
3.600000000000000000e+01
6.600000000000000000e+01
9.900000000000000000e+01
1.310000000000000000e+02
2.260000000000000000e+02
3.080000000000000000e+02
4.600000000000000000e+02
5.930000000000000000e+02
7.570000000000000000e+02
9.620000000000000000e+02
1.096000000000000000e+03
1.087000000000000000e+03
1.268000000000000000e+03
1.186000000000000000e+03
1.190000000000000000e+03
1.255000000000000000e+03
1.180000000000000000e+03
1.149000000000000000e+03
1.204000000000000000e+03
1.150000000000000000e+03
1.083000000000000000e+03
1.100000000000000000e+03
1.089000000000000000e+03
1.047000000000000000e+03
1.010000000000000000e+03
9.730000000000000000e+02
9.720000000000000000e+02
9.530000000000000000e+02
9.800000000000000000e+02
1.013000000000000000e+03
9.920000000000000000e+02
9.860000000000000000e+02
1.009000000000000000e+03
1.040000000000000000e+03
1.098000000000000000e+03
1.123000000000000000e+03
1.066000000000000000e+03
1.057000000000000000e+03
9.620000000000000000e+02
1.023000000000000000e+03
9.310000000000000000e+02
8.770000000000000000e+02
8.490000000000000000e+02
8.220000000000000000e+02
7.230000000000000000e+02
7.440000000000000000e+02
7.130000000000000000e+02
6.670000000000000000e+02
5.950000000000000000e+02
5.840000000000000000e+02
5.160000000000000000e+02
5.400000000000000000e+02
5.510000000000000000e+02
5.320000000000000000e+02
4.730000000000000000e+02
4.580000000000000000e+02
4.440000000000000000e+02
4.140000000000000000e+02
4.490000000000000000e+02
3.870000000000000000e+02
3.720000000000000000e+02
4.010000000000000000e+02
3.800000000000000000e+02
3.680000000000000000e+02
3.400000000000000000e+02
3.350000000000000000e+02
3.260000000000000000e+02
3.130000000000000000e+02
2.890000000000000000e+02
2.500000000000000000e+02
2.870000000000000000e+02
2.570000000000000000e+02
2.650000000000000000e+02
2.430000000000000000e+02
2.110000000000000000e+02
2.210000000000000000e+02
2.180000000000000000e+02
2.110000000000000000e+02
1.910000000000000000e+02
1.930000000000000000e+02
1.870000000000000000e+02
1.630000000000000000e+02
1.740000000000000000e+02
1.570000000000000000e+02
1.450000000000000000e+02
1.560000000000000000e+02
1.610000000000000000e+02
1.890000000000000000e+02
1.410000000000000000e+02
1.570000000000000000e+02
1.420000000000000000e+02
1.310000000000000000e+02
1.560000000000000000e+02
1.340000000000000000e+02
1.110000000000000000e+02
9.700000000000000000e+01
1.330000000000000000e+02
8.100000000000000000e+01
1.160000000000000000e+02
9.000000000000000000e+01
9.300000000000000000e+01
8.400000000000000000e+01
7.900000000000000000e+01
8.700000000000000000e+01
8.300000000000000000e+01
9.200000000000000000e+01
7.700000000000000000e+01
1.000000000000000000e+02
8.100000000000000000e+01
6.400000000000000000e+01
6.800000000000000000e+01
7.500000000000000000e+01
6.900000000000000000e+01
6.900000000000000000e+01
7.400000000000000000e+01
7.200000000000000000e+01
8.200000000000000000e+01
8.600000000000000000e+01
7.300000000000000000e+01
8.600000000000000000e+01
8.600000000000000000e+01
1.050000000000000000e+02
1.270000000000000000e+02
1.160000000000000000e+02
1.360000000000000000e+02
8.100000000000000000e+01
1.250000000000000000e+02
1.160000000000000000e+02
1.750000000000000000e+02
1.690000000000000000e+02
1.870000000000000000e+02
2.440000000000000000e+02
3.460000000000000000e+02
4.060000000000000000e+02
4.550000000000000000e+02
4.740000000000000000e+02
4.770000000000000000e+02
5.520000000000000000e+02
6.900000000000000000e+02
6.690000000000000000e+02
6.950000000000000000e+02
7.860000000000000000e+02
7.700000000000000000e+02
8.880000000000000000e+02
9.150000000000000000e+02
1.132000000000000000e+03
1.142000000000000000e+03
1.323000000000000000e+03
1.478000000000000000e+03
1.507000000000000000e+03
1.254000000000000000e+03
1.000000000000000000e+03
8.840000000000000000e+02
8.780000000000000000e+02
9.660000000000000000e+02
9.180000000000000000e+02
8.840000000000000000e+02
8.820000000000000000e+02
9.480000000000000000e+02
9.870000000000000000e+02
8.450000000000000000e+02
7.110000000000000000e+02
6.630000000000000000e+02
5.920000000000000000e+02
6.570000000000000000e+02
6.250000000000000000e+02
6.740000000000000000e+02
6.900000000000000000e+02
5.990000000000000000e+02
5.640000000000000000e+02
5.610000000000000000e+02
5.530000000000000000e+02
5.560000000000000000e+02
5.390000000000000000e+02
3.690000000000000000e+02
2.310000000000000000e+02
1.570000000000000000e+02
1.230000000000000000e+02
1.170000000000000000e+02
1.190000000000000000e+02
1.060000000000000000e+02
1.100000000000000000e+02
1.030000000000000000e+02
1.010000000000000000e+02
9.500000000000000000e+01
1.050000000000000000e+02
1.010000000000000000e+02
1.080000000000000000e+02
1.110000000000000000e+02
1.050000000000000000e+02
1.010000000000000000e+02
1.040000000000000000e+02
1.030000000000000000e+02
1.090000000000000000e+02
7.600000000000000000e+01
9.300000000000000000e+01
7.600000000000000000e+01
9.200000000000000000e+01
8.200000000000000000e+01
9.200000000000000000e+01
9.700000000000000000e+01
9.700000000000000000e+01
9.700000000000000000e+01
1.090000000000000000e+02
1.150000000000000000e+02
1.110000000000000000e+02
1.060000000000000000e+02
1.050000000000000000e+02
1.160000000000000000e+02
8.100000000000000000e+01
8.800000000000000000e+01
7.500000000000000000e+01
8.600000000000000000e+01
7.200000000000000000e+01
6.900000000000000000e+01
5.000000000000000000e+01
6.100000000000000000e+01
5.500000000000000000e+01
4.700000000000000000e+01
4.700000000000000000e+01
3.400000000000000000e+01
3.300000000000000000e+01
4.000000000000000000e+01
3.500000000000000000e+01
1.900000000000000000e+01
1.900000000000000000e+01
2.500000000000000000e+01
2.200000000000000000e+01
1.700000000000000000e+01
1.400000000000000000e+01
8.000000000000000000e+00
1.200000000000000000e+01
7.000000000000000000e+00
7.000000000000000000e+00
8.000000000000000000e+00
2.000000000000000000e+00
2.000000000000000000e+00
2.000000000000000000e+00
2.000000000000000000e+00
0.000000000000000000e+00
2.000000000000000000e+00
0.000000000000000000e+00
0.000000000000000000e+00
2.000000000000000000e+00
1.000000000000000000e+00
0.000000000000000000e+00
0.000000000000000000e+00
0.000000000000000000e+00
0.000000000000000000e+00
0.000000000000000000e+00
0.000000000000000000e+00
3.000000000000000000e+00
1.000000000000000000e+00
1.000000000000000000e+00
3.000000000000000000e+00
6.000000000000000000e+00
2.000000000000000000e+00
7.000000000000000000e+00
1.900000000000000000e+01
3.500000000000000000e+01
5.900000000000000000e+01
9.700000000000000000e+01
1.600000000000000000e+02
2.520000000000000000e+02
3.280000000000000000e+02
4.070000000000000000e+02
4.840000000000000000e+02
5.760000000000000000e+02
6.980000000000000000e+02
8.210000000000000000e+02
9.340000000000000000e+02
9.440000000000000000e+02
9.850000000000000000e+02
1.120000000000000000e+03
1.139000000000000000e+03
1.083000000000000000e+03
1.132000000000000000e+03
1.075000000000000000e+03
1.116000000000000000e+03
1.171000000000000000e+03
1.191000000000000000e+03
1.170000000000000000e+03
1.253000000000000000e+03
1.259000000000000000e+03
1.289000000000000000e+03
1.266000000000000000e+03
1.362000000000000000e+03
1.307000000000000000e+03
1.344000000000000000e+03
1.216000000000000000e+03
1.344000000000000000e+03
1.245000000000000000e+03
1.155000000000000000e+03
1.203000000000000000e+03
1.145000000000000000e+03
1.097000000000000000e+03
1.140000000000000000e+03
1.078000000000000000e+03
9.700000000000000000e+02
9.820000000000000000e+02
9.140000000000000000e+02
9.250000000000000000e+02
8.250000000000000000e+02
8.780000000000000000e+02
7.310000000000000000e+02
7.050000000000000000e+02
6.630000000000000000e+02
6.590000000000000000e+02
5.930000000000000000e+02
5.860000000000000000e+02
5.830000000000000000e+02
5.180000000000000000e+02
4.490000000000000000e+02
4.520000000000000000e+02
4.410000000000000000e+02
4.200000000000000000e+02
3.900000000000000000e+02
4.070000000000000000e+02
3.980000000000000000e+02
3.540000000000000000e+02
3.210000000000000000e+02
2.890000000000000000e+02
2.970000000000000000e+02
2.710000000000000000e+02
2.820000000000000000e+02
2.680000000000000000e+02
2.520000000000000000e+02
2.500000000000000000e+02
2.460000000000000000e+02
2.500000000000000000e+02
2.310000000000000000e+02
2.330000000000000000e+02
2.120000000000000000e+02
2.280000000000000000e+02
2.300000000000000000e+02
2.610000000000000000e+02
2.380000000000000000e+02
2.530000000000000000e+02
2.980000000000000000e+02
3.680000000000000000e+02
4.380000000000000000e+02
4.120000000000000000e+02
5.320000000000000000e+02
4.560000000000000000e+02
3.780000000000000000e+02
3.320000000000000000e+02
3.410000000000000000e+02
3.680000000000000000e+02
4.700000000000000000e+02
4.830000000000000000e+02
6.790000000000000000e+02
5.320000000000000000e+02
4.250000000000000000e+02
3.860000000000000000e+02
4.660000000000000000e+02
6.750000000000000000e+02
6.010000000000000000e+02
6.940000000000000000e+02
8.590000000000000000e+02
9.190000000000000000e+02
8.720000000000000000e+02
9.960000000000000000e+02
1.141000000000000000e+03
1.090000000000000000e+03
9.390000000000000000e+02
8.050000000000000000e+02
7.650000000000000000e+02
8.350000000000000000e+02
8.400000000000000000e+02
8.000000000000000000e+02
9.520000000000000000e+02
8.530000000000000000e+02
7.120000000000000000e+02
6.970000000000000000e+02
6.850000000000000000e+02
7.240000000000000000e+02
6.630000000000000000e+02
6.720000000000000000e+02
6.060000000000000000e+02
5.000000000000000000e+02
3.850000000000000000e+02
3.660000000000000000e+02
3.650000000000000000e+02
3.520000000000000000e+02
3.710000000000000000e+02
3.510000000000000000e+02
3.710000000000000000e+02
3.710000000000000000e+02
3.750000000000000000e+02
3.070000000000000000e+02
3.070000000000000000e+02
3.060000000000000000e+02
2.560000000000000000e+02
3.200000000000000000e+02
2.950000000000000000e+02
2.860000000000000000e+02
2.650000000000000000e+02
3.650000000000000000e+02
3.680000000000000000e+02
3.430000000000000000e+02
3.950000000000000000e+02
3.570000000000000000e+02
4.050000000000000000e+02
4.380000000000000000e+02
4.010000000000000000e+02
2.510000000000000000e+02
1.950000000000000000e+02
1.380000000000000000e+02
9.900000000000000000e+01
8.400000000000000000e+01
9.000000000000000000e+01
9.200000000000000000e+01
8.600000000000000000e+01
7.100000000000000000e+01
8.300000000000000000e+01
9.500000000000000000e+01
9.200000000000000000e+01
9.400000000000000000e+01
8.900000000000000000e+01
8.700000000000000000e+01
8.600000000000000000e+01
9.900000000000000000e+01
8.800000000000000000e+01
9.900000000000000000e+01
1.000000000000000000e+02
9.600000000000000000e+01
1.010000000000000000e+02
9.700000000000000000e+01
1.020000000000000000e+02
1.020000000000000000e+02
1.040000000000000000e+02
1.090000000000000000e+02
1.070000000000000000e+02
8.900000000000000000e+01
8.900000000000000000e+01
9.700000000000000000e+01
1.010000000000000000e+02
1.080000000000000000e+02
1.020000000000000000e+02
9.300000000000000000e+01
1.060000000000000000e+02
9.900000000000000000e+01
1.210000000000000000e+02
9.400000000000000000e+01
9.400000000000000000e+01
1.000000000000000000e+02
9.100000000000000000e+01
1.170000000000000000e+02
9.900000000000000000e+01
9.700000000000000000e+01
8.600000000000000000e+01
8.200000000000000000e+01
8.800000000000000000e+01
9.600000000000000000e+01
9.900000000000000000e+01
8.100000000000000000e+01
1.070000000000000000e+02
1.060000000000000000e+02
1.140000000000000000e+02
1.410000000000000000e+02
1.350000000000000000e+02
1.330000000000000000e+02
1.410000000000000000e+02
1.460000000000000000e+02
1.370000000000000000e+02
1.120000000000000000e+02
1.160000000000000000e+02
8.600000000000000000e+01
9.300000000000000000e+01
5.400000000000000000e+01
6.300000000000000000e+01
5.900000000000000000e+01
3.000000000000000000e+01
2.800000000000000000e+01
2.700000000000000000e+01
2.800000000000000000e+01
2.700000000000000000e+01
1.300000000000000000e+01
8.000000000000000000e+00
1.200000000000000000e+01
1.300000000000000000e+01
7.000000000000000000e+00
1.200000000000000000e+01
8.000000000000000000e+00
6.000000000000000000e+00
9.000000000000000000e+00
0.000000000000000000e+00
4.000000000000000000e+00
2.000000000000000000e+00
2.000000000000000000e+00
0.000000000000000000e+00
1.000000000000000000e+00
1.000000000000000000e+00
0.000000000000000000e+00
0.000000000000000000e+00
0.000000000000000000e+00
0.000000000000000000e+00
1.000000000000000000e+00
0.000000000000000000e+00
0.000000000000000000e+00
0.000000000000000000e+00
0.000000000000000000e+00
0.000000000000000000e+00
2.000000000000000000e+00
0.000000000000000000e+00
1.000000000000000000e+00
0.000000000000000000e+00
0.000000000000000000e+00
0.000000000000000000e+00
1.000000000000000000e+00
5.000000000000000000e+00
1.000000000000000000e+00
3.000000000000000000e+00
1.100000000000000000e+01
1.400000000000000000e+01
1.500000000000000000e+01
3.600000000000000000e+01
4.900000000000000000e+01
7.500000000000000000e+01
1.150000000000000000e+02
1.510000000000000000e+02
2.410000000000000000e+02
3.190000000000000000e+02
4.610000000000000000e+02
6.430000000000000000e+02
8.430000000000000000e+02
1.010000000000000000e+03
1.228000000000000000e+03
1.397000000000000000e+03
1.486000000000000000e+03
1.482000000000000000e+03
1.376000000000000000e+03
1.304000000000000000e+03
1.287000000000000000e+03
1.222000000000000000e+03
1.215000000000000000e+03
1.174000000000000000e+03
1.241000000000000000e+03
1.243000000000000000e+03
1.317000000000000000e+03
1.260000000000000000e+03
1.305000000000000000e+03
1.255000000000000000e+03
1.325000000000000000e+03
1.186000000000000000e+03
1.227000000000000000e+03
1.188000000000000000e+03
1.155000000000000000e+03
1.189000000000000000e+03
1.099000000000000000e+03
1.116000000000000000e+03
1.147000000000000000e+03
1.073000000000000000e+03
1.076000000000000000e+03
1.001000000000000000e+03
9.890000000000000000e+02
9.870000000000000000e+02
8.900000000000000000e+02
9.120000000000000000e+02
8.710000000000000000e+02
7.950000000000000000e+02
7.520000000000000000e+02
6.700000000000000000e+02
6.480000000000000000e+02
6.490000000000000000e+02
5.850000000000000000e+02
5.770000000000000000e+02
5.250000000000000000e+02
5.490000000000000000e+02
5.100000000000000000e+02
5.390000000000000000e+02
5.130000000000000000e+02
5.580000000000000000e+02
6.010000000000000000e+02
5.780000000000000000e+02
6.090000000000000000e+02
7.220000000000000000e+02
5.610000000000000000e+02
5.050000000000000000e+02
4.850000000000000000e+02
4.730000000000000000e+02
5.060000000000000000e+02
7.360000000000000000e+02
7.020000000000000000e+02
5.600000000000000000e+02
4.460000000000000000e+02
4.410000000000000000e+02
4.870000000000000000e+02
5.620000000000000000e+02
5.560000000000000000e+02
5.970000000000000000e+02
6.940000000000000000e+02
7.520000000000000000e+02
6.340000000000000000e+02
6.020000000000000000e+02
6.080000000000000000e+02
6.860000000000000000e+02
6.860000000000000000e+02
9.340000000000000000e+02
9.650000000000000000e+02
9.130000000000000000e+02
8.520000000000000000e+02
7.620000000000000000e+02
6.770000000000000000e+02
6.870000000000000000e+02
6.760000000000000000e+02
6.800000000000000000e+02
6.240000000000000000e+02
6.380000000000000000e+02
5.760000000000000000e+02
5.640000000000000000e+02
6.100000000000000000e+02
5.990000000000000000e+02
6.080000000000000000e+02
5.940000000000000000e+02
6.100000000000000000e+02
6.010000000000000000e+02
6.510000000000000000e+02
6.160000000000000000e+02
5.990000000000000000e+02
5.340000000000000000e+02
4.820000000000000000e+02
4.020000000000000000e+02
3.840000000000000000e+02
3.740000000000000000e+02
4.610000000000000000e+02
4.100000000000000000e+02
3.730000000000000000e+02
3.840000000000000000e+02
3.320000000000000000e+02
3.050000000000000000e+02
3.060000000000000000e+02
3.320000000000000000e+02
3.210000000000000000e+02
3.590000000000000000e+02
3.070000000000000000e+02
3.360000000000000000e+02
3.870000000000000000e+02
3.670000000000000000e+02
3.670000000000000000e+02
4.100000000000000000e+02
3.430000000000000000e+02
3.420000000000000000e+02
2.980000000000000000e+02
3.100000000000000000e+02
3.150000000000000000e+02
2.040000000000000000e+02
2.020000000000000000e+02
1.610000000000000000e+02
8.200000000000000000e+01
7.300000000000000000e+01
9.600000000000000000e+01
6.200000000000000000e+01
7.500000000000000000e+01
9.800000000000000000e+01
7.900000000000000000e+01
8.700000000000000000e+01
8.900000000000000000e+01
9.800000000000000000e+01
7.700000000000000000e+01
8.800000000000000000e+01
9.400000000000000000e+01
9.200000000000000000e+01
9.900000000000000000e+01
8.900000000000000000e+01
8.900000000000000000e+01
8.800000000000000000e+01
8.100000000000000000e+01
9.000000000000000000e+01
9.600000000000000000e+01
8.600000000000000000e+01
1.040000000000000000e+02
8.000000000000000000e+01
1.140000000000000000e+02
9.200000000000000000e+01
1.110000000000000000e+02
9.700000000000000000e+01
8.900000000000000000e+01
1.060000000000000000e+02
9.500000000000000000e+01
1.170000000000000000e+02
8.100000000000000000e+01
9.800000000000000000e+01
9.900000000000000000e+01
1.050000000000000000e+02
9.300000000000000000e+01
9.700000000000000000e+01
1.160000000000000000e+02
1.100000000000000000e+02
9.900000000000000000e+01
9.200000000000000000e+01
9.100000000000000000e+01
9.500000000000000000e+01
9.600000000000000000e+01
1.040000000000000000e+02
8.800000000000000000e+01
8.300000000000000000e+01
8.500000000000000000e+01
7.400000000000000000e+01
1.060000000000000000e+02
8.300000000000000000e+01
7.400000000000000000e+01
6.300000000000000000e+01
7.100000000000000000e+01
6.300000000000000000e+01
7.400000000000000000e+01
8.400000000000000000e+01
6.500000000000000000e+01
7.000000000000000000e+01
6.600000000000000000e+01
7.200000000000000000e+01
8.400000000000000000e+01
9.200000000000000000e+01
8.900000000000000000e+01
8.300000000000000000e+01
1.180000000000000000e+02
1.250000000000000000e+02
1.090000000000000000e+02
1.180000000000000000e+02
1.340000000000000000e+02
1.060000000000000000e+02
9.400000000000000000e+01
8.100000000000000000e+01
8.100000000000000000e+01
6.200000000000000000e+01
6.400000000000000000e+01
5.600000000000000000e+01
4.200000000000000000e+01
3.600000000000000000e+01
3.400000000000000000e+01
1.700000000000000000e+01
2.800000000000000000e+01
1.400000000000000000e+01
1.600000000000000000e+01
1.300000000000000000e+01
1.400000000000000000e+01
1.200000000000000000e+01
5.000000000000000000e+00
1.400000000000000000e+01
3.000000000000000000e+00
8.000000000000000000e+00
4.000000000000000000e+00
2.000000000000000000e+00
4.000000000000000000e+00
2.000000000000000000e+00
1.000000000000000000e+00
3.000000000000000000e+00
3.000000000000000000e+00
0.000000000000000000e+00
0.000000000000000000e+00
1.000000000000000000e+00
0.000000000000000000e+00
0.000000000000000000e+00
0.000000000000000000e+00
0.000000000000000000e+00
0.000000000000000000e+00
0.000000000000000000e+00
