4.592100000000000000e+04
1.461900000000000000e+04
6.377000000000000000e+03
4.369000000000000000e+03
3.412000000000000000e+03
5.437000000000000000e+03
5.642000000000000000e+03
3.568000000000000000e+03
3.468000000000000000e+03
3.467000000000000000e+03
3.560000000000000000e+03
3.373000000000000000e+03
3.287000000000000000e+03
3.266000000000000000e+03
2.985000000000000000e+03
2.822000000000000000e+03
2.569000000000000000e+03
2.472000000000000000e+03
2.581000000000000000e+03
2.626000000000000000e+03
2.546000000000000000e+03
2.814000000000000000e+03
2.936000000000000000e+03
3.022000000000000000e+03
2.882000000000000000e+03
3.026000000000000000e+03
3.094000000000000000e+03
3.083000000000000000e+03
3.056000000000000000e+03
3.040000000000000000e+03
2.967000000000000000e+03
3.038000000000000000e+03
2.868000000000000000e+03
2.804000000000000000e+03
2.912000000000000000e+03
2.730000000000000000e+03
2.732000000000000000e+03
2.592000000000000000e+03
2.406000000000000000e+03
2.393000000000000000e+03
2.367000000000000000e+03
2.435000000000000000e+03
2.370000000000000000e+03
2.506000000000000000e+03
2.502000000000000000e+03
2.410000000000000000e+03
2.555000000000000000e+03
2.473000000000000000e+03
2.406000000000000000e+03
2.427000000000000000e+03
2.444000000000000000e+03
2.594000000000000000e+03
2.487000000000000000e+03
2.426000000000000000e+03
2.346000000000000000e+03
2.461000000000000000e+03
2.341000000000000000e+03
2.183000000000000000e+03
2.208000000000000000e+03
2.186000000000000000e+03
2.160000000000000000e+03
2.141000000000000000e+03
2.241000000000000000e+03
2.166000000000000000e+03
2.154000000000000000e+03
2.024000000000000000e+03
1.944000000000000000e+03
1.891000000000000000e+03
1.842000000000000000e+03
1.845000000000000000e+03
1.943000000000000000e+03
1.879000000000000000e+03
1.842000000000000000e+03
1.807000000000000000e+03
1.777000000000000000e+03
1.737000000000000000e+03
1.615000000000000000e+03
1.653000000000000000e+03
1.718000000000000000e+03
1.608000000000000000e+03
1.664000000000000000e+03
1.558000000000000000e+03
1.509000000000000000e+03
1.509000000000000000e+03
1.387000000000000000e+03
1.418000000000000000e+03
1.325000000000000000e+03
1.338000000000000000e+03
1.227000000000000000e+03
1.173000000000000000e+03
1.151000000000000000e+03
1.064000000000000000e+03
1.009000000000000000e+03
1.064000000000000000e+03
9.780000000000000000e+02
9.810000000000000000e+02
1.002000000000000000e+03
9.300000000000000000e+02
8.410000000000000000e+02
8.500000000000000000e+02
7.960000000000000000e+02
7.690000000000000000e+02
7.390000000000000000e+02
7.530000000000000000e+02
6.680000000000000000e+02
6.760000000000000000e+02
6.370000000000000000e+02
6.600000000000000000e+02
6.250000000000000000e+02
6.400000000000000000e+02
6.440000000000000000e+02
5.930000000000000000e+02
5.350000000000000000e+02
5.690000000000000000e+02
5.160000000000000000e+02
5.170000000000000000e+02
4.650000000000000000e+02
4.670000000000000000e+02
5.100000000000000000e+02
4.650000000000000000e+02
4.510000000000000000e+02
4.980000000000000000e+02
5.390000000000000000e+02
5.500000000000000000e+02
4.940000000000000000e+02
4.930000000000000000e+02
4.800000000000000000e+02
4.960000000000000000e+02
5.360000000000000000e+02
4.520000000000000000e+02
4.560000000000000000e+02
3.840000000000000000e+02
4.010000000000000000e+02
4.100000000000000000e+02
3.800000000000000000e+02
3.770000000000000000e+02
4.050000000000000000e+02
3.810000000000000000e+02
4.160000000000000000e+02
3.740000000000000000e+02
4.000000000000000000e+02
4.020000000000000000e+02
3.630000000000000000e+02
4.020000000000000000e+02
4.280000000000000000e+02
4.230000000000000000e+02
4.390000000000000000e+02
4.290000000000000000e+02
4.250000000000000000e+02
4.030000000000000000e+02
4.370000000000000000e+02
4.410000000000000000e+02
4.390000000000000000e+02
4.260000000000000000e+02
4.450000000000000000e+02
4.470000000000000000e+02
4.290000000000000000e+02
4.300000000000000000e+02
3.670000000000000000e+02
3.790000000000000000e+02
4.270000000000000000e+02
3.530000000000000000e+02
3.640000000000000000e+02
3.720000000000000000e+02
3.550000000000000000e+02
4.120000000000000000e+02
3.660000000000000000e+02
3.280000000000000000e+02
3.520000000000000000e+02
3.410000000000000000e+02
3.720000000000000000e+02
3.440000000000000000e+02
3.350000000000000000e+02
3.080000000000000000e+02
3.030000000000000000e+02
2.740000000000000000e+02
3.020000000000000000e+02
2.750000000000000000e+02
2.860000000000000000e+02
2.990000000000000000e+02
3.060000000000000000e+02
2.580000000000000000e+02
2.930000000000000000e+02
2.760000000000000000e+02
3.170000000000000000e+02
2.890000000000000000e+02
2.610000000000000000e+02
3.540000000000000000e+02
2.890000000000000000e+02
3.040000000000000000e+02
3.360000000000000000e+02
3.060000000000000000e+02
2.890000000000000000e+02
2.860000000000000000e+02
2.610000000000000000e+02
2.640000000000000000e+02
2.650000000000000000e+02
2.720000000000000000e+02
2.500000000000000000e+02
2.810000000000000000e+02
2.670000000000000000e+02
2.910000000000000000e+02
2.600000000000000000e+02
2.500000000000000000e+02
2.530000000000000000e+02
2.520000000000000000e+02
2.590000000000000000e+02
2.750000000000000000e+02
2.460000000000000000e+02
2.770000000000000000e+02
2.930000000000000000e+02
2.760000000000000000e+02
2.660000000000000000e+02
2.840000000000000000e+02
2.340000000000000000e+02
2.490000000000000000e+02
2.620000000000000000e+02
2.220000000000000000e+02
2.530000000000000000e+02
2.660000000000000000e+02
2.860000000000000000e+02
2.930000000000000000e+02
3.070000000000000000e+02
2.770000000000000000e+02
2.720000000000000000e+02
3.030000000000000000e+02
3.040000000000000000e+02
3.070000000000000000e+02
3.230000000000000000e+02
3.260000000000000000e+02
3.050000000000000000e+02
2.950000000000000000e+02
3.190000000000000000e+02
2.950000000000000000e+02
3.330000000000000000e+02
3.000000000000000000e+02
3.160000000000000000e+02
2.990000000000000000e+02
3.080000000000000000e+02
3.260000000000000000e+02
3.000000000000000000e+02
2.750000000000000000e+02
2.600000000000000000e+02
2.510000000000000000e+02
2.890000000000000000e+02
2.860000000000000000e+02
3.290000000000000000e+02
3.800000000000000000e+02
4.750000000000000000e+02
5.400000000000000000e+02
5.800000000000000000e+02
7.720000000000000000e+02
8.030000000000000000e+02
9.190000000000000000e+02
5.570000000000000000e+02
2.215000000000000000e+03
1.774800000000000000e+04
1.581500000000000000e+04
7.515000000000000000e+03
5.112000000000000000e+03
4.269000000000000000e+03
5.160000000000000000e+03
6.223000000000000000e+03
5.906000000000000000e+03
5.747000000000000000e+03
5.324000000000000000e+03
4.908000000000000000e+03
4.180000000000000000e+03
4.016000000000000000e+03
3.640000000000000000e+03
3.207000000000000000e+03
3.082000000000000000e+03
2.872000000000000000e+03
2.779000000000000000e+03
2.744000000000000000e+03
2.759000000000000000e+03
2.524000000000000000e+03
2.349000000000000000e+03
2.315000000000000000e+03
2.242000000000000000e+03
2.220000000000000000e+03
2.158000000000000000e+03
2.206000000000000000e+03
2.282000000000000000e+03
2.175000000000000000e+03
2.174000000000000000e+03
2.211000000000000000e+03
2.377000000000000000e+03
2.573000000000000000e+03
2.588000000000000000e+03
2.645000000000000000e+03
2.544000000000000000e+03
2.600000000000000000e+03
2.765000000000000000e+03
2.599000000000000000e+03
2.665000000000000000e+03
2.548000000000000000e+03
2.364000000000000000e+03
2.298000000000000000e+03
2.449000000000000000e+03
2.395000000000000000e+03
2.417000000000000000e+03
2.532000000000000000e+03
2.558000000000000000e+03
2.573000000000000000e+03
2.656000000000000000e+03
2.684000000000000000e+03
2.597000000000000000e+03
2.622000000000000000e+03
2.754000000000000000e+03
2.755000000000000000e+03
2.874000000000000000e+03
2.940000000000000000e+03
3.102000000000000000e+03
3.079000000000000000e+03
3.188000000000000000e+03
3.215000000000000000e+03
3.163000000000000000e+03
3.170000000000000000e+03
3.147000000000000000e+03
3.009000000000000000e+03
2.821000000000000000e+03
2.884000000000000000e+03
2.901000000000000000e+03
2.889000000000000000e+03
2.799000000000000000e+03
2.597000000000000000e+03
2.579000000000000000e+03
2.513000000000000000e+03
2.433000000000000000e+03
2.374000000000000000e+03
2.361000000000000000e+03
2.114000000000000000e+03
2.126000000000000000e+03
2.244000000000000000e+03
2.229000000000000000e+03
2.083000000000000000e+03
2.148000000000000000e+03
2.012000000000000000e+03
2.046000000000000000e+03
2.067000000000000000e+03
2.048000000000000000e+03
1.930000000000000000e+03
1.803000000000000000e+03
1.833000000000000000e+03
1.667000000000000000e+03
1.660000000000000000e+03
1.576000000000000000e+03
1.435000000000000000e+03
1.496000000000000000e+03
1.348000000000000000e+03
1.300000000000000000e+03
1.213000000000000000e+03
1.143000000000000000e+03
1.118000000000000000e+03
1.083000000000000000e+03
1.004000000000000000e+03
1.048000000000000000e+03
1.060000000000000000e+03
9.100000000000000000e+02
8.450000000000000000e+02
8.760000000000000000e+02
8.360000000000000000e+02
7.870000000000000000e+02
7.690000000000000000e+02
7.310000000000000000e+02
7.030000000000000000e+02
6.930000000000000000e+02
6.580000000000000000e+02
7.120000000000000000e+02
6.750000000000000000e+02
6.610000000000000000e+02
6.610000000000000000e+02
6.440000000000000000e+02
5.930000000000000000e+02
5.940000000000000000e+02
5.590000000000000000e+02
5.890000000000000000e+02
5.480000000000000000e+02
5.820000000000000000e+02
5.760000000000000000e+02
5.540000000000000000e+02
5.780000000000000000e+02
5.080000000000000000e+02
5.490000000000000000e+02
5.560000000000000000e+02
5.400000000000000000e+02
5.240000000000000000e+02
4.960000000000000000e+02
5.150000000000000000e+02
4.840000000000000000e+02
4.850000000000000000e+02
4.390000000000000000e+02
3.940000000000000000e+02
3.550000000000000000e+02
3.710000000000000000e+02
3.910000000000000000e+02
3.500000000000000000e+02
3.490000000000000000e+02
3.200000000000000000e+02
3.290000000000000000e+02
3.080000000000000000e+02
3.230000000000000000e+02
2.980000000000000000e+02
3.020000000000000000e+02
3.180000000000000000e+02
3.010000000000000000e+02
3.260000000000000000e+02
3.110000000000000000e+02
3.130000000000000000e+02
2.860000000000000000e+02
2.940000000000000000e+02
2.790000000000000000e+02
2.690000000000000000e+02
2.340000000000000000e+02
2.610000000000000000e+02
2.240000000000000000e+02
2.450000000000000000e+02
2.420000000000000000e+02
2.200000000000000000e+02
2.170000000000000000e+02
2.160000000000000000e+02
2.110000000000000000e+02
2.160000000000000000e+02
2.060000000000000000e+02
2.080000000000000000e+02
1.990000000000000000e+02
2.160000000000000000e+02
2.210000000000000000e+02
2.340000000000000000e+02
2.290000000000000000e+02
2.360000000000000000e+02
2.120000000000000000e+02
2.130000000000000000e+02
2.100000000000000000e+02
2.060000000000000000e+02
2.030000000000000000e+02
1.940000000000000000e+02
1.770000000000000000e+02
1.720000000000000000e+02
1.600000000000000000e+02
1.420000000000000000e+02
1.670000000000000000e+02
1.530000000000000000e+02
1.550000000000000000e+02
1.590000000000000000e+02
1.260000000000000000e+02
1.310000000000000000e+02
1.380000000000000000e+02
1.600000000000000000e+02
1.450000000000000000e+02
1.530000000000000000e+02
1.260000000000000000e+02
1.430000000000000000e+02
1.430000000000000000e+02
1.400000000000000000e+02
1.480000000000000000e+02
1.690000000000000000e+02
1.590000000000000000e+02
1.620000000000000000e+02
1.640000000000000000e+02
1.980000000000000000e+02
1.540000000000000000e+02
2.290000000000000000e+02
1.930000000000000000e+02
1.860000000000000000e+02
2.040000000000000000e+02
2.090000000000000000e+02
1.970000000000000000e+02
2.070000000000000000e+02
1.690000000000000000e+02
2.210000000000000000e+02
2.050000000000000000e+02
2.040000000000000000e+02
2.020000000000000000e+02
2.110000000000000000e+02
2.220000000000000000e+02
2.060000000000000000e+02
2.120000000000000000e+02
2.070000000000000000e+02
2.150000000000000000e+02
2.420000000000000000e+02
2.160000000000000000e+02
2.610000000000000000e+02
2.400000000000000000e+02
2.080000000000000000e+02
1.970000000000000000e+02
1.890000000000000000e+02
2.080000000000000000e+02
1.910000000000000000e+02
1.970000000000000000e+02
1.750000000000000000e+02
2.000000000000000000e+02
1.830000000000000000e+02
2.210000000000000000e+02
1.950000000000000000e+02
2.040000000000000000e+02
2.130000000000000000e+02
2.410000000000000000e+02
2.660000000000000000e+02
2.520000000000000000e+02
3.250000000000000000e+02
3.680000000000000000e+02
4.620000000000000000e+02
4.980000000000000000e+02
5.090000000000000000e+02
5.850000000000000000e+02
5.590000000000000000e+02
5.560000000000000000e+02
8.560000000000000000e+02
3.860000000000000000e+02
7.820000000000000000e+02
2.577800000000000000e+04
1.086800000000000000e+04
4.962000000000000000e+03
4.182000000000000000e+03
3.037000000000000000e+03
3.550000000000000000e+03
4.690000000000000000e+03
4.498000000000000000e+03
3.935000000000000000e+03
3.684000000000000000e+03
3.304000000000000000e+03
3.233000000000000000e+03
3.176000000000000000e+03
3.330000000000000000e+03
3.640000000000000000e+03
3.324000000000000000e+03
2.890000000000000000e+03
2.671000000000000000e+03
2.534000000000000000e+03
2.388000000000000000e+03
2.314000000000000000e+03
2.028000000000000000e+03
1.922000000000000000e+03
1.955000000000000000e+03
1.863000000000000000e+03
1.885000000000000000e+03
1.939000000000000000e+03
2.025000000000000000e+03
1.869000000000000000e+03
1.712000000000000000e+03
1.672000000000000000e+03
1.625000000000000000e+03
1.600000000000000000e+03
1.551000000000000000e+03
1.604000000000000000e+03
1.591000000000000000e+03
1.501000000000000000e+03
1.456000000000000000e+03
1.455000000000000000e+03
1.408000000000000000e+03
1.389000000000000000e+03
1.429000000000000000e+03
1.442000000000000000e+03
1.469000000000000000e+03
1.530000000000000000e+03
1.626000000000000000e+03
1.595000000000000000e+03
1.509000000000000000e+03
1.654000000000000000e+03
1.734000000000000000e+03
1.758000000000000000e+03
1.633000000000000000e+03
1.759000000000000000e+03
1.660000000000000000e+03
1.628000000000000000e+03
1.604000000000000000e+03
1.617000000000000000e+03
1.728000000000000000e+03
1.677000000000000000e+03
1.642000000000000000e+03
1.740000000000000000e+03
1.731000000000000000e+03
1.832000000000000000e+03
1.822000000000000000e+03
1.918000000000000000e+03
1.877000000000000000e+03
1.834000000000000000e+03
1.915000000000000000e+03
1.857000000000000000e+03
1.963000000000000000e+03
2.044000000000000000e+03
2.090000000000000000e+03
2.081000000000000000e+03
2.173000000000000000e+03
2.359000000000000000e+03
2.371000000000000000e+03
2.464000000000000000e+03
2.411000000000000000e+03
2.497000000000000000e+03
2.477000000000000000e+03
2.381000000000000000e+03
2.548000000000000000e+03
2.455000000000000000e+03
2.479000000000000000e+03
2.560000000000000000e+03
2.579000000000000000e+03
2.574000000000000000e+03
2.463000000000000000e+03
2.393000000000000000e+03
2.350000000000000000e+03
2.286000000000000000e+03
2.277000000000000000e+03
2.252000000000000000e+03
2.304000000000000000e+03
2.203000000000000000e+03
2.108000000000000000e+03
2.051000000000000000e+03
2.015000000000000000e+03
1.998000000000000000e+03
1.902000000000000000e+03
1.875000000000000000e+03
1.768000000000000000e+03
1.633000000000000000e+03
1.700000000000000000e+03
1.679000000000000000e+03
1.612000000000000000e+03
1.574000000000000000e+03
1.546000000000000000e+03
1.568000000000000000e+03
1.524000000000000000e+03
1.447000000000000000e+03
1.500000000000000000e+03
1.510000000000000000e+03
1.422000000000000000e+03
1.411000000000000000e+03
1.399000000000000000e+03
1.237000000000000000e+03
1.366000000000000000e+03
1.210000000000000000e+03
1.235000000000000000e+03
1.170000000000000000e+03
1.157000000000000000e+03
1.135000000000000000e+03
1.046000000000000000e+03
1.041000000000000000e+03
9.490000000000000000e+02
1.005000000000000000e+03
1.031000000000000000e+03
1.009000000000000000e+03
9.360000000000000000e+02
8.650000000000000000e+02
8.880000000000000000e+02
8.720000000000000000e+02
8.230000000000000000e+02
8.000000000000000000e+02
8.540000000000000000e+02
7.760000000000000000e+02
7.490000000000000000e+02
7.420000000000000000e+02
7.610000000000000000e+02
7.120000000000000000e+02
6.950000000000000000e+02
7.020000000000000000e+02
7.400000000000000000e+02
7.510000000000000000e+02
7.270000000000000000e+02
7.210000000000000000e+02
6.970000000000000000e+02
7.030000000000000000e+02
6.870000000000000000e+02
6.880000000000000000e+02
6.740000000000000000e+02
6.400000000000000000e+02
6.030000000000000000e+02
5.390000000000000000e+02
5.830000000000000000e+02
6.010000000000000000e+02
5.220000000000000000e+02
5.250000000000000000e+02
4.940000000000000000e+02
4.830000000000000000e+02
4.580000000000000000e+02
4.460000000000000000e+02
4.080000000000000000e+02
4.190000000000000000e+02
4.310000000000000000e+02
4.290000000000000000e+02
4.310000000000000000e+02
3.830000000000000000e+02
3.690000000000000000e+02
3.910000000000000000e+02
3.630000000000000000e+02
4.220000000000000000e+02
3.610000000000000000e+02
3.770000000000000000e+02
3.630000000000000000e+02
3.520000000000000000e+02
3.420000000000000000e+02
3.410000000000000000e+02
3.110000000000000000e+02
3.310000000000000000e+02
3.850000000000000000e+02
3.100000000000000000e+02
3.490000000000000000e+02
3.210000000000000000e+02
3.280000000000000000e+02
2.970000000000000000e+02
3.540000000000000000e+02
3.160000000000000000e+02
3.160000000000000000e+02
3.300000000000000000e+02
3.520000000000000000e+02
3.350000000000000000e+02
3.490000000000000000e+02
4.160000000000000000e+02
3.770000000000000000e+02
3.780000000000000000e+02
3.610000000000000000e+02
3.740000000000000000e+02
3.540000000000000000e+02
3.730000000000000000e+02
3.780000000000000000e+02
3.560000000000000000e+02
3.850000000000000000e+02
3.530000000000000000e+02
3.800000000000000000e+02
3.200000000000000000e+02
3.110000000000000000e+02
2.940000000000000000e+02
3.220000000000000000e+02
3.320000000000000000e+02
3.570000000000000000e+02
3.200000000000000000e+02
3.360000000000000000e+02
3.440000000000000000e+02
3.000000000000000000e+02
3.410000000000000000e+02
3.250000000000000000e+02
3.090000000000000000e+02
3.040000000000000000e+02
3.180000000000000000e+02
2.810000000000000000e+02
2.840000000000000000e+02
3.070000000000000000e+02
2.800000000000000000e+02
2.890000000000000000e+02
2.950000000000000000e+02
3.000000000000000000e+02
3.140000000000000000e+02
3.440000000000000000e+02
3.340000000000000000e+02
2.920000000000000000e+02
3.500000000000000000e+02
3.760000000000000000e+02
3.700000000000000000e+02
3.490000000000000000e+02
3.520000000000000000e+02
3.290000000000000000e+02
3.230000000000000000e+02
3.260000000000000000e+02
3.500000000000000000e+02
4.080000000000000000e+02
4.480000000000000000e+02
4.800000000000000000e+02
5.290000000000000000e+02
4.560000000000000000e+02
4.650000000000000000e+02
4.610000000000000000e+02
4.590000000000000000e+02
5.510000000000000000e+02
6.990000000000000000e+02
8.360000000000000000e+02
1.021000000000000000e+03
1.230000000000000000e+03
9.140000000000000000e+02
2.042000000000000000e+03
