2.817300000000000000e+04
1.452400000000000000e+04
1.595000000000000000e+04
1.201800000000000000e+04
1.059400000000000000e+04
9.025000000000000000e+03
8.313000000000000000e+03
7.928000000000000000e+03
7.052000000000000000e+03
6.885000000000000000e+03
6.829000000000000000e+03
6.797000000000000000e+03
6.684000000000000000e+03
6.492000000000000000e+03
6.853000000000000000e+03
6.986000000000000000e+03
6.900000000000000000e+03
6.887000000000000000e+03
6.955000000000000000e+03
6.596000000000000000e+03
6.148000000000000000e+03
5.370000000000000000e+03
5.151000000000000000e+03
4.387000000000000000e+03
3.588000000000000000e+03
3.347000000000000000e+03
3.094000000000000000e+03
2.998000000000000000e+03
2.769000000000000000e+03
2.867000000000000000e+03
2.710000000000000000e+03
2.535000000000000000e+03
2.403000000000000000e+03
2.350000000000000000e+03
2.376000000000000000e+03
2.365000000000000000e+03
2.277000000000000000e+03
2.395000000000000000e+03
2.409000000000000000e+03
2.381000000000000000e+03
2.316000000000000000e+03
2.440000000000000000e+03
2.538000000000000000e+03
2.627000000000000000e+03
2.603000000000000000e+03
2.728000000000000000e+03
2.758000000000000000e+03
2.845000000000000000e+03
2.792000000000000000e+03
2.925000000000000000e+03
3.099000000000000000e+03
3.084000000000000000e+03
3.098000000000000000e+03
3.276000000000000000e+03
3.375000000000000000e+03
3.464000000000000000e+03
3.509000000000000000e+03
3.545000000000000000e+03
3.576000000000000000e+03
3.625000000000000000e+03
3.840000000000000000e+03
3.926000000000000000e+03
4.130000000000000000e+03
3.986000000000000000e+03
4.208000000000000000e+03
4.342000000000000000e+03
4.439000000000000000e+03
4.761000000000000000e+03
4.891000000000000000e+03
4.826000000000000000e+03
5.079000000000000000e+03
5.139000000000000000e+03
5.285000000000000000e+03
5.475000000000000000e+03
5.588000000000000000e+03
5.583000000000000000e+03
5.583000000000000000e+03
5.751000000000000000e+03
5.702000000000000000e+03
5.969000000000000000e+03
6.004000000000000000e+03
6.207000000000000000e+03
6.268000000000000000e+03
6.308000000000000000e+03
6.652000000000000000e+03
6.468000000000000000e+03
6.334000000000000000e+03
6.568000000000000000e+03
6.622000000000000000e+03
6.761000000000000000e+03
6.807000000000000000e+03
7.044000000000000000e+03
7.301000000000000000e+03
7.379000000000000000e+03
7.556000000000000000e+03
7.812000000000000000e+03
7.919000000000000000e+03
7.911000000000000000e+03
7.921000000000000000e+03
8.006000000000000000e+03
7.636000000000000000e+03
7.735000000000000000e+03
7.644000000000000000e+03
7.260000000000000000e+03
7.446000000000000000e+03
7.208000000000000000e+03
7.295000000000000000e+03
6.690000000000000000e+03
6.638000000000000000e+03
6.014000000000000000e+03
5.784000000000000000e+03
5.502000000000000000e+03
5.215000000000000000e+03
4.931000000000000000e+03
4.644000000000000000e+03
4.401000000000000000e+03
4.211000000000000000e+03
4.160000000000000000e+03
3.927000000000000000e+03
3.764000000000000000e+03
3.510000000000000000e+03
3.489000000000000000e+03
3.149000000000000000e+03
3.099000000000000000e+03
2.793000000000000000e+03
2.600000000000000000e+03
2.479000000000000000e+03
2.289000000000000000e+03
2.190000000000000000e+03
2.014000000000000000e+03
1.917000000000000000e+03
1.846000000000000000e+03
1.740000000000000000e+03
1.742000000000000000e+03
1.704000000000000000e+03
1.581000000000000000e+03
1.518000000000000000e+03
1.503000000000000000e+03
1.625000000000000000e+03
1.496000000000000000e+03
1.566000000000000000e+03
1.529000000000000000e+03
1.447000000000000000e+03
1.436000000000000000e+03
1.397000000000000000e+03
1.434000000000000000e+03
1.337000000000000000e+03
1.245000000000000000e+03
1.240000000000000000e+03
1.123000000000000000e+03
1.082000000000000000e+03
1.016000000000000000e+03
1.003000000000000000e+03
9.460000000000000000e+02
9.720000000000000000e+02
9.850000000000000000e+02
9.380000000000000000e+02
9.360000000000000000e+02
8.810000000000000000e+02
9.050000000000000000e+02
9.310000000000000000e+02
9.100000000000000000e+02
9.610000000000000000e+02
8.320000000000000000e+02
9.550000000000000000e+02
9.220000000000000000e+02
9.830000000000000000e+02
9.900000000000000000e+02
1.064000000000000000e+03
1.155000000000000000e+03
1.176000000000000000e+03
1.230000000000000000e+03
1.294000000000000000e+03
1.361000000000000000e+03
1.392000000000000000e+03
1.454000000000000000e+03
1.499000000000000000e+03
1.507000000000000000e+03
1.445000000000000000e+03
1.533000000000000000e+03
1.441000000000000000e+03
1.362000000000000000e+03
1.337000000000000000e+03
1.297000000000000000e+03
1.326000000000000000e+03
1.372000000000000000e+03
1.491000000000000000e+03
1.716000000000000000e+03
1.770000000000000000e+03
1.599000000000000000e+03
1.510000000000000000e+03
1.590000000000000000e+03
1.531000000000000000e+03
1.433000000000000000e+03
1.721000000000000000e+03
1.843000000000000000e+03
2.187000000000000000e+03
2.914000000000000000e+03
3.587000000000000000e+03
4.055000000000000000e+03
4.307000000000000000e+03
4.840000000000000000e+03
5.450000000000000000e+03
6.640000000000000000e+03
7.981000000000000000e+03
7.522000000000000000e+03
7.482000000000000000e+03
7.020000000000000000e+03
6.895000000000000000e+03
6.823000000000000000e+03
7.380000000000000000e+03
7.025000000000000000e+03
6.610000000000000000e+03
6.622000000000000000e+03
6.524000000000000000e+03
6.503000000000000000e+03
5.871000000000000000e+03
5.709000000000000000e+03
5.480000000000000000e+03
5.544000000000000000e+03
5.835000000000000000e+03
6.616000000000000000e+03
7.283000000000000000e+03
7.810000000000000000e+03
8.665000000000000000e+03
9.060000000000000000e+03
1.005000000000000000e+04
1.199500000000000000e+04
1.378500000000000000e+04
1.493400000000000000e+04
1.590400000000000000e+04
1.681600000000000000e+04
1.722100000000000000e+04
1.849000000000000000e+04
1.985300000000000000e+04
2.186400000000000000e+04
2.336500000000000000e+04
2.288800000000000000e+04
2.173300000000000000e+04
1.927500000000000000e+04
1.746900000000000000e+04
1.824600000000000000e+04
1.966200000000000000e+04
1.864500000000000000e+04
2.072200000000000000e+04
2.137700000000000000e+04
1.870100000000000000e+04
1.395400000000000000e+04
8.096000000000000000e+03
5.161000000000000000e+03
3.882000000000000000e+03
3.952000000000000000e+03
4.156000000000000000e+03
4.019000000000000000e+03
4.527000000000000000e+03
5.343000000000000000e+03
6.344900000000000000e+04
4.415100000000000000e+04
3.236200000000000000e+04
2.010600000000000000e+04
1.252200000000000000e+04
8.407000000000000000e+03
6.419000000000000000e+03
5.041000000000000000e+03
4.122000000000000000e+03
3.454000000000000000e+03
3.130000000000000000e+03
2.564000000000000000e+03
2.427000000000000000e+03
2.229000000000000000e+03
2.091000000000000000e+03
2.105000000000000000e+03
2.041000000000000000e+03
2.036000000000000000e+03
1.988000000000000000e+03
1.932000000000000000e+03
1.866000000000000000e+03
1.902000000000000000e+03
1.923000000000000000e+03
1.885000000000000000e+03
1.803000000000000000e+03
1.853000000000000000e+03
1.827000000000000000e+03
1.829000000000000000e+03
1.848000000000000000e+03
1.967000000000000000e+03
1.915000000000000000e+03
2.024000000000000000e+03
2.181000000000000000e+03
2.067000000000000000e+03
2.141000000000000000e+03
2.184000000000000000e+03
2.244000000000000000e+03
2.328000000000000000e+03
2.319000000000000000e+03
2.386000000000000000e+03
2.397000000000000000e+03
2.478000000000000000e+03
2.519000000000000000e+03
2.608000000000000000e+03
2.671000000000000000e+03
2.902000000000000000e+03
3.075000000000000000e+03
3.232000000000000000e+03
3.393000000000000000e+03
3.567000000000000000e+03
3.688000000000000000e+03
3.870000000000000000e+03
3.928000000000000000e+03
4.080000000000000000e+03
4.158000000000000000e+03
4.167000000000000000e+03
4.351000000000000000e+03
4.438000000000000000e+03
4.511000000000000000e+03
4.743000000000000000e+03
4.735000000000000000e+03
5.146000000000000000e+03
5.484000000000000000e+03
5.855000000000000000e+03
6.231000000000000000e+03
6.579000000000000000e+03
6.788000000000000000e+03
6.790000000000000000e+03
6.666000000000000000e+03
6.893000000000000000e+03
6.991000000000000000e+03
7.079000000000000000e+03
7.112000000000000000e+03
7.197000000000000000e+03
7.307000000000000000e+03
7.307000000000000000e+03
7.406000000000000000e+03
7.607000000000000000e+03
7.855000000000000000e+03
7.935000000000000000e+03
7.811000000000000000e+03
7.793000000000000000e+03
7.803000000000000000e+03
7.713000000000000000e+03
7.637000000000000000e+03
7.641000000000000000e+03
7.567000000000000000e+03
7.544000000000000000e+03
7.521000000000000000e+03
7.294000000000000000e+03
7.151000000000000000e+03
7.319000000000000000e+03
7.088000000000000000e+03
6.798000000000000000e+03
6.640000000000000000e+03
6.333000000000000000e+03
6.466000000000000000e+03
6.090000000000000000e+03
5.943000000000000000e+03
5.779000000000000000e+03
5.585000000000000000e+03
5.303000000000000000e+03
5.076000000000000000e+03
4.868000000000000000e+03
4.612000000000000000e+03
4.339000000000000000e+03
4.067000000000000000e+03
4.060000000000000000e+03
3.847000000000000000e+03
3.672000000000000000e+03
3.296000000000000000e+03
3.229000000000000000e+03
2.824000000000000000e+03
2.803000000000000000e+03
2.578000000000000000e+03
2.420000000000000000e+03
2.456000000000000000e+03
2.305000000000000000e+03
2.304000000000000000e+03
2.208000000000000000e+03
2.269000000000000000e+03
2.246000000000000000e+03
2.087000000000000000e+03
2.162000000000000000e+03
2.040000000000000000e+03
2.031000000000000000e+03
2.063000000000000000e+03
1.993000000000000000e+03
1.838000000000000000e+03
1.847000000000000000e+03
1.751000000000000000e+03
1.718000000000000000e+03
1.777000000000000000e+03
1.665000000000000000e+03
1.691000000000000000e+03
1.653000000000000000e+03
1.668000000000000000e+03
1.635000000000000000e+03
1.604000000000000000e+03
1.511000000000000000e+03
1.571000000000000000e+03
1.535000000000000000e+03
1.485000000000000000e+03
1.541000000000000000e+03
1.473000000000000000e+03
1.527000000000000000e+03
1.552000000000000000e+03
1.639000000000000000e+03
1.631000000000000000e+03
1.676000000000000000e+03
1.752000000000000000e+03
1.584000000000000000e+03
1.557000000000000000e+03
1.659000000000000000e+03
1.585000000000000000e+03
1.681000000000000000e+03
1.642000000000000000e+03
1.574000000000000000e+03
1.501000000000000000e+03
1.555000000000000000e+03
1.480000000000000000e+03
1.602000000000000000e+03
1.709000000000000000e+03
1.810000000000000000e+03
2.055000000000000000e+03
2.207000000000000000e+03
2.431000000000000000e+03
2.831000000000000000e+03
3.302000000000000000e+03
3.287000000000000000e+03
3.774000000000000000e+03
3.885000000000000000e+03
3.954000000000000000e+03
3.834000000000000000e+03
3.631000000000000000e+03
3.654000000000000000e+03
3.947000000000000000e+03
4.825000000000000000e+03
5.801000000000000000e+03
5.685000000000000000e+03
6.038000000000000000e+03
6.430000000000000000e+03
5.970000000000000000e+03
5.538000000000000000e+03
5.153000000000000000e+03
5.170000000000000000e+03
5.194000000000000000e+03
4.642000000000000000e+03
4.210000000000000000e+03
3.811000000000000000e+03
4.249000000000000000e+03
4.360000000000000000e+03
4.204000000000000000e+03
4.063000000000000000e+03
4.061000000000000000e+03
3.951000000000000000e+03
3.621000000000000000e+03
3.385000000000000000e+03
3.280000000000000000e+03
3.326000000000000000e+03
3.425000000000000000e+03
3.663000000000000000e+03
3.844000000000000000e+03
3.762000000000000000e+03
4.039000000000000000e+03
4.215000000000000000e+03
4.187000000000000000e+03
4.426000000000000000e+03
4.553000000000000000e+03
4.806000000000000000e+03
4.946000000000000000e+03
5.534000000000000000e+03
5.846000000000000000e+03
6.841000000000000000e+03
8.592000000000000000e+03
9.884000000000000000e+03
1.085300000000000000e+04
1.064500000000000000e+04
1.023800000000000000e+04
9.230000000000000000e+03
8.484000000000000000e+03
8.483000000000000000e+03
8.483000000000000000e+03
8.690000000000000000e+03
9.272000000000000000e+03
1.031400000000000000e+04
1.157000000000000000e+04
1.192300000000000000e+04
1.244500000000000000e+04
1.436400000000000000e+04
1.624300000000000000e+04
1.774300000000000000e+04
1.619800000000000000e+04
1.396100000000000000e+04
1.217900000000000000e+04
1.169500000000000000e+04
1.272600000000000000e+04
1.303200000000000000e+04
1.446200000000000000e+04
1.547400000000000000e+04
1.688100000000000000e+04
1.372900000000000000e+04
1.247200000000000000e+04
1.103000000000000000e+04
1.093600000000000000e+04
1.193900000000000000e+04
1.215500000000000000e+04
9.485000000000000000e+03
5.961000000000000000e+03
4.791000000000000000e+03
3.297000000000000000e+03
2.315000000000000000e+03
2.340000000000000000e+03
2.797000000000000000e+03
3.525000000000000000e+03
4.158000000000000000e+03
1.411000000000000000e+04
1.002300000000000000e+04
6.058000000000000000e+03
5.073000000000000000e+03
4.037000000000000000e+03
3.158000000000000000e+03
2.797000000000000000e+03
2.342000000000000000e+03
2.140000000000000000e+03
1.914000000000000000e+03
1.732000000000000000e+03
1.575000000000000000e+03
1.567000000000000000e+03
1.487000000000000000e+03
1.393000000000000000e+03
1.354000000000000000e+03
1.417000000000000000e+03
1.472000000000000000e+03
1.415000000000000000e+03
1.368000000000000000e+03
1.437000000000000000e+03
1.390000000000000000e+03
1.460000000000000000e+03
1.361000000000000000e+03
1.370000000000000000e+03
1.479000000000000000e+03
1.462000000000000000e+03
1.514000000000000000e+03
1.514000000000000000e+03
1.519000000000000000e+03
1.633000000000000000e+03
1.717000000000000000e+03
1.688000000000000000e+03
1.825000000000000000e+03
1.827000000000000000e+03
1.907000000000000000e+03
1.879000000000000000e+03
1.935000000000000000e+03
2.031000000000000000e+03
2.159000000000000000e+03
2.305000000000000000e+03
2.369000000000000000e+03
2.416000000000000000e+03
2.474000000000000000e+03
2.406000000000000000e+03
2.522000000000000000e+03
2.503000000000000000e+03
2.549000000000000000e+03
2.705000000000000000e+03
2.850000000000000000e+03
2.955000000000000000e+03
2.943000000000000000e+03
3.013000000000000000e+03
3.212000000000000000e+03
3.238000000000000000e+03
3.343000000000000000e+03
3.406000000000000000e+03
3.525000000000000000e+03
3.518000000000000000e+03
3.800000000000000000e+03
4.423000000000000000e+03
4.621000000000000000e+03
5.050000000000000000e+03
5.093000000000000000e+03
5.098000000000000000e+03
5.031000000000000000e+03
5.416000000000000000e+03
5.457000000000000000e+03
5.386000000000000000e+03
5.525000000000000000e+03
5.709000000000000000e+03
5.854000000000000000e+03
5.917000000000000000e+03
5.919000000000000000e+03
5.812000000000000000e+03
6.129000000000000000e+03
6.078000000000000000e+03
6.106000000000000000e+03
6.228000000000000000e+03
6.156000000000000000e+03
6.310000000000000000e+03
6.561000000000000000e+03
6.494000000000000000e+03
6.353000000000000000e+03
6.205000000000000000e+03
6.482000000000000000e+03
6.490000000000000000e+03
6.527000000000000000e+03
6.655000000000000000e+03
6.904000000000000000e+03
7.070000000000000000e+03
7.008000000000000000e+03
7.183000000000000000e+03
6.832000000000000000e+03
6.400000000000000000e+03
6.570000000000000000e+03
6.546000000000000000e+03
6.501000000000000000e+03
6.572000000000000000e+03
6.211000000000000000e+03
6.391000000000000000e+03
6.619000000000000000e+03
6.675000000000000000e+03
6.355000000000000000e+03
5.974000000000000000e+03
6.162000000000000000e+03
6.249000000000000000e+03
6.243000000000000000e+03
6.040000000000000000e+03
6.109000000000000000e+03
5.693000000000000000e+03
5.722000000000000000e+03
5.666000000000000000e+03
6.103000000000000000e+03
6.126000000000000000e+03
6.237000000000000000e+03
6.551000000000000000e+03
6.704000000000000000e+03
6.694000000000000000e+03
6.476000000000000000e+03
5.922000000000000000e+03
5.709000000000000000e+03
5.781000000000000000e+03
5.194000000000000000e+03
5.372000000000000000e+03
5.033000000000000000e+03
4.949000000000000000e+03
4.928000000000000000e+03
4.328000000000000000e+03
4.050000000000000000e+03
3.904000000000000000e+03
3.866000000000000000e+03
3.633000000000000000e+03
3.765000000000000000e+03
3.616000000000000000e+03
3.807000000000000000e+03
3.794000000000000000e+03
3.896000000000000000e+03
3.884000000000000000e+03
4.099000000000000000e+03
4.155000000000000000e+03
4.109000000000000000e+03
3.985000000000000000e+03
4.276000000000000000e+03
4.263000000000000000e+03
4.730000000000000000e+03
5.025000000000000000e+03
5.629000000000000000e+03
6.151000000000000000e+03
5.351000000000000000e+03
5.064000000000000000e+03
4.708000000000000000e+03
4.893000000000000000e+03
4.711000000000000000e+03
5.097000000000000000e+03
5.417000000000000000e+03
4.895000000000000000e+03
4.765000000000000000e+03
4.428000000000000000e+03
4.349000000000000000e+03
4.275000000000000000e+03
4.160000000000000000e+03
3.643000000000000000e+03
3.735000000000000000e+03
3.764000000000000000e+03
4.071000000000000000e+03
4.124000000000000000e+03
3.895000000000000000e+03
3.728000000000000000e+03
3.700000000000000000e+03
3.681000000000000000e+03
3.642000000000000000e+03
3.480000000000000000e+03
3.439000000000000000e+03
3.377000000000000000e+03
3.234000000000000000e+03
3.296000000000000000e+03
3.375000000000000000e+03
3.363000000000000000e+03
3.356000000000000000e+03
3.278000000000000000e+03
3.324000000000000000e+03
3.532000000000000000e+03
3.497000000000000000e+03
3.494000000000000000e+03
3.480000000000000000e+03
3.551000000000000000e+03
3.568000000000000000e+03
3.893000000000000000e+03
3.874000000000000000e+03
3.804000000000000000e+03
3.818000000000000000e+03
3.923000000000000000e+03
3.915000000000000000e+03
4.159000000000000000e+03
4.539000000000000000e+03
5.003000000000000000e+03
5.813000000000000000e+03
6.188000000000000000e+03
5.850000000000000000e+03
5.792000000000000000e+03
6.318000000000000000e+03
6.517000000000000000e+03
6.442000000000000000e+03
6.557000000000000000e+03
6.887000000000000000e+03
7.346000000000000000e+03
7.379000000000000000e+03
7.746000000000000000e+03
7.786000000000000000e+03
7.478000000000000000e+03
7.246000000000000000e+03
7.164000000000000000e+03
7.539000000000000000e+03
7.207000000000000000e+03
7.488000000000000000e+03
7.604000000000000000e+03
7.930000000000000000e+03
7.814000000000000000e+03
7.766000000000000000e+03
8.151000000000000000e+03
8.876000000000000000e+03
9.221000000000000000e+03
9.261000000000000000e+03
9.763000000000000000e+03
1.035400000000000000e+04
1.162600000000000000e+04
1.203200000000000000e+04
1.211200000000000000e+04
1.146300000000000000e+04
1.128300000000000000e+04
1.096300000000000000e+04
1.106200000000000000e+04
1.102600000000000000e+04
1.152800000000000000e+04
1.282600000000000000e+04
1.350700000000000000e+04
1.460800000000000000e+04
1.535600000000000000e+04
1.680000000000000000e+04
1.627000000000000000e+04
1.488800000000000000e+04
1.436100000000000000e+04
1.289800000000000000e+04
1.261900000000000000e+04
1.271500000000000000e+04
1.223300000000000000e+04
1.038000000000000000e+04
9.540000000000000000e+03
8.004000000000000000e+03
6.064000000000000000e+03
5.456000000000000000e+03
5.624000000000000000e+03
6.164000000000000000e+03
6.737000000000000000e+03
1.058900000000000000e+04
