5.700000000000000000e+01
3.300000000000000000e+01
1.100000000000000000e+02
1.460000000000000000e+02
2.730000000000000000e+02
3.710000000000000000e+02
6.870000000000000000e+02
9.390000000000000000e+02
1.300000000000000000e+03
1.934000000000000000e+03
2.619000000000000000e+03
2.527000000000000000e+03
2.708000000000000000e+03
2.530000000000000000e+03
3.019000000000000000e+03
3.645000000000000000e+03
3.553000000000000000e+03
3.818000000000000000e+03
4.277000000000000000e+03
4.200000000000000000e+03
3.928000000000000000e+03
3.759000000000000000e+03
3.765000000000000000e+03
3.930000000000000000e+03
3.698000000000000000e+03
3.708000000000000000e+03
3.634000000000000000e+03
3.534000000000000000e+03
3.409000000000000000e+03
3.472000000000000000e+03
3.902000000000000000e+03
3.569000000000000000e+03
3.520000000000000000e+03
3.339000000000000000e+03
3.447000000000000000e+03
3.362000000000000000e+03
3.700000000000000000e+03
3.551000000000000000e+03
3.507000000000000000e+03
3.655000000000000000e+03
3.644000000000000000e+03
3.646000000000000000e+03
3.615000000000000000e+03
3.649000000000000000e+03
3.625000000000000000e+03
3.654000000000000000e+03
3.723000000000000000e+03
3.635000000000000000e+03
3.763000000000000000e+03
3.729000000000000000e+03
3.674000000000000000e+03
3.692000000000000000e+03
3.884000000000000000e+03
3.872000000000000000e+03
3.884000000000000000e+03
3.951000000000000000e+03
4.025000000000000000e+03
4.100000000000000000e+03
4.311000000000000000e+03
4.320000000000000000e+03
4.488000000000000000e+03
4.472000000000000000e+03
4.569000000000000000e+03
4.683000000000000000e+03
4.581000000000000000e+03
4.671000000000000000e+03
4.696000000000000000e+03
4.807000000000000000e+03
4.783000000000000000e+03
4.578000000000000000e+03
4.750000000000000000e+03
4.829000000000000000e+03
4.781000000000000000e+03
4.781000000000000000e+03
4.743000000000000000e+03
4.858000000000000000e+03
4.848000000000000000e+03
4.966000000000000000e+03
4.861000000000000000e+03
4.797000000000000000e+03
4.874000000000000000e+03
4.839000000000000000e+03
4.823000000000000000e+03
5.011000000000000000e+03
4.970000000000000000e+03
4.944000000000000000e+03
4.938000000000000000e+03
4.869000000000000000e+03
4.950000000000000000e+03
5.029000000000000000e+03
4.921000000000000000e+03
4.958000000000000000e+03
4.766000000000000000e+03
4.738000000000000000e+03
4.871000000000000000e+03
5.002000000000000000e+03
4.991000000000000000e+03
5.051000000000000000e+03
4.960000000000000000e+03
4.919000000000000000e+03
5.012000000000000000e+03
5.044000000000000000e+03
4.979000000000000000e+03
4.956000000000000000e+03
5.006000000000000000e+03
4.962000000000000000e+03
4.984000000000000000e+03
5.047000000000000000e+03
4.936000000000000000e+03
4.888000000000000000e+03
4.913000000000000000e+03
4.905000000000000000e+03
4.770000000000000000e+03
4.855000000000000000e+03
4.794000000000000000e+03
4.767000000000000000e+03
4.844000000000000000e+03
4.844000000000000000e+03
4.827000000000000000e+03
4.717000000000000000e+03
4.720000000000000000e+03
4.709000000000000000e+03
4.685000000000000000e+03
4.678000000000000000e+03
4.693000000000000000e+03
4.742000000000000000e+03
4.638000000000000000e+03
4.647000000000000000e+03
4.592000000000000000e+03
4.634000000000000000e+03
4.599000000000000000e+03
4.577000000000000000e+03
4.452000000000000000e+03
4.411000000000000000e+03
4.515000000000000000e+03
4.238000000000000000e+03
4.250000000000000000e+03
4.322000000000000000e+03
4.259000000000000000e+03
4.227000000000000000e+03
4.195000000000000000e+03
4.170000000000000000e+03
4.159000000000000000e+03
4.212000000000000000e+03
4.077000000000000000e+03
3.972000000000000000e+03
4.063000000000000000e+03
3.997000000000000000e+03
3.903000000000000000e+03
3.827000000000000000e+03
3.935000000000000000e+03
3.744000000000000000e+03
3.856000000000000000e+03
3.683000000000000000e+03
3.639000000000000000e+03
3.590000000000000000e+03
3.559000000000000000e+03
3.474000000000000000e+03
3.383000000000000000e+03
3.415000000000000000e+03
3.377000000000000000e+03
3.223000000000000000e+03
3.319000000000000000e+03
3.250000000000000000e+03
3.205000000000000000e+03
3.297000000000000000e+03
3.294000000000000000e+03
3.525000000000000000e+03
3.797000000000000000e+03
3.801000000000000000e+03
3.928000000000000000e+03
4.094000000000000000e+03
4.487000000000000000e+03
4.537000000000000000e+03
4.677000000000000000e+03
5.069000000000000000e+03
4.985000000000000000e+03
5.352000000000000000e+03
5.412000000000000000e+03
5.530000000000000000e+03
5.395000000000000000e+03
5.637000000000000000e+03
5.802000000000000000e+03
5.643000000000000000e+03
5.632000000000000000e+03
5.555000000000000000e+03
5.329000000000000000e+03
5.092000000000000000e+03
4.899000000000000000e+03
4.502000000000000000e+03
4.069000000000000000e+03
4.146000000000000000e+03
3.966000000000000000e+03
4.092000000000000000e+03
3.963000000000000000e+03
3.865000000000000000e+03
3.833000000000000000e+03
3.913000000000000000e+03
3.862000000000000000e+03
3.505000000000000000e+03
3.101000000000000000e+03
2.781000000000000000e+03
2.508000000000000000e+03
2.104000000000000000e+03
2.040000000000000000e+03
1.997000000000000000e+03
1.684000000000000000e+03
1.704000000000000000e+03
1.753000000000000000e+03
1.744000000000000000e+03
1.847000000000000000e+03
1.691000000000000000e+03
1.583000000000000000e+03
1.679000000000000000e+03
1.602000000000000000e+03
1.710000000000000000e+03
1.695000000000000000e+03
1.692000000000000000e+03
1.514000000000000000e+03
1.632000000000000000e+03
1.726000000000000000e+03
1.864000000000000000e+03
1.982000000000000000e+03
1.928000000000000000e+03
1.929000000000000000e+03
1.803000000000000000e+03
1.821000000000000000e+03
1.858000000000000000e+03
2.067000000000000000e+03
2.122000000000000000e+03
1.999000000000000000e+03
2.038000000000000000e+03
1.968000000000000000e+03
1.935000000000000000e+03
2.018000000000000000e+03
1.975000000000000000e+03
2.041000000000000000e+03
2.037000000000000000e+03
2.104000000000000000e+03
2.083000000000000000e+03
2.048000000000000000e+03
1.904000000000000000e+03
1.871000000000000000e+03
1.926000000000000000e+03
1.937000000000000000e+03
1.960000000000000000e+03
1.861000000000000000e+03
1.723000000000000000e+03
1.630000000000000000e+03
1.457000000000000000e+03
1.309000000000000000e+03
1.111000000000000000e+03
8.170000000000000000e+02
5.710000000000000000e+02
4.200000000000000000e+02
8.490000000000000000e+02
1.980000000000000000e+02
2.410000000000000000e+02
6.560000000000000000e+02
1.385000000000000000e+03
2.257000000000000000e+03
3.255000000000000000e+03
2.922000000000000000e+03
2.431000000000000000e+03
2.512000000000000000e+03
3.180000000000000000e+03
3.883000000000000000e+03
4.067000000000000000e+03
3.918000000000000000e+03
3.717000000000000000e+03
3.330000000000000000e+03
3.257000000000000000e+03
3.161000000000000000e+03
3.337000000000000000e+03
3.470000000000000000e+03
3.435000000000000000e+03
3.245000000000000000e+03
3.086000000000000000e+03
3.120000000000000000e+03
3.151000000000000000e+03
3.550000000000000000e+03
3.057000000000000000e+03
2.663000000000000000e+03
2.670000000000000000e+03
2.547000000000000000e+03
2.572000000000000000e+03
2.606000000000000000e+03
2.683000000000000000e+03
2.572000000000000000e+03
2.504000000000000000e+03
2.474000000000000000e+03
2.419000000000000000e+03
2.363000000000000000e+03
2.230000000000000000e+03
2.268000000000000000e+03
2.240000000000000000e+03
2.126000000000000000e+03
2.286000000000000000e+03
2.215000000000000000e+03
2.346000000000000000e+03
2.444000000000000000e+03
2.399000000000000000e+03
2.427000000000000000e+03
2.393000000000000000e+03
2.412000000000000000e+03
2.481000000000000000e+03
2.434000000000000000e+03
2.365000000000000000e+03
2.476000000000000000e+03
2.495000000000000000e+03
2.511000000000000000e+03
2.471000000000000000e+03
2.485000000000000000e+03
2.556000000000000000e+03
2.496000000000000000e+03
2.622000000000000000e+03
2.680000000000000000e+03
2.671000000000000000e+03
2.736000000000000000e+03
2.785000000000000000e+03
2.898000000000000000e+03
2.856000000000000000e+03
2.857000000000000000e+03
2.940000000000000000e+03
3.024000000000000000e+03
2.957000000000000000e+03
3.020000000000000000e+03
3.054000000000000000e+03
2.947000000000000000e+03
3.131000000000000000e+03
3.100000000000000000e+03
2.997000000000000000e+03
2.989000000000000000e+03
3.086000000000000000e+03
2.924000000000000000e+03
3.066000000000000000e+03
3.081000000000000000e+03
3.063000000000000000e+03
2.956000000000000000e+03
3.054000000000000000e+03
2.863000000000000000e+03
2.807000000000000000e+03
2.889000000000000000e+03
2.829000000000000000e+03
2.881000000000000000e+03
2.851000000000000000e+03
2.798000000000000000e+03
2.873000000000000000e+03
2.820000000000000000e+03
2.767000000000000000e+03
2.766000000000000000e+03
2.853000000000000000e+03
2.855000000000000000e+03
2.818000000000000000e+03
2.860000000000000000e+03
2.817000000000000000e+03
2.673000000000000000e+03
2.592000000000000000e+03
2.700000000000000000e+03
2.623000000000000000e+03
2.544000000000000000e+03
2.649000000000000000e+03
2.624000000000000000e+03
2.663000000000000000e+03
2.611000000000000000e+03
2.551000000000000000e+03
2.530000000000000000e+03
2.630000000000000000e+03
2.666000000000000000e+03
2.598000000000000000e+03
2.726000000000000000e+03
2.689000000000000000e+03
2.739000000000000000e+03
2.749000000000000000e+03
2.820000000000000000e+03
2.986000000000000000e+03
2.908000000000000000e+03
3.025000000000000000e+03
2.984000000000000000e+03
2.930000000000000000e+03
2.930000000000000000e+03
2.945000000000000000e+03
3.006000000000000000e+03
3.052000000000000000e+03
3.173000000000000000e+03
3.133000000000000000e+03
3.151000000000000000e+03
3.160000000000000000e+03
3.230000000000000000e+03
3.210000000000000000e+03
3.299000000000000000e+03
3.551000000000000000e+03
3.382000000000000000e+03
3.360000000000000000e+03
3.443000000000000000e+03
3.599000000000000000e+03
3.695000000000000000e+03
3.735000000000000000e+03
3.645000000000000000e+03
3.798000000000000000e+03
3.889000000000000000e+03
4.014000000000000000e+03
4.189000000000000000e+03
4.272000000000000000e+03
4.369000000000000000e+03
4.476000000000000000e+03
4.650000000000000000e+03
4.860000000000000000e+03
4.979000000000000000e+03
5.185000000000000000e+03
5.339000000000000000e+03
5.441000000000000000e+03
5.721000000000000000e+03
5.650000000000000000e+03
5.892000000000000000e+03
6.014000000000000000e+03
6.405000000000000000e+03
6.775000000000000000e+03
7.142000000000000000e+03
7.423000000000000000e+03
7.610000000000000000e+03
7.681000000000000000e+03
7.620000000000000000e+03
8.058000000000000000e+03
8.308000000000000000e+03
8.639000000000000000e+03
8.835000000000000000e+03
9.039000000000000000e+03
8.996000000000000000e+03
9.407000000000000000e+03
9.532000000000000000e+03
9.803000000000000000e+03
9.768000000000000000e+03
9.578000000000000000e+03
9.462000000000000000e+03
9.037000000000000000e+03
8.682000000000000000e+03
8.295000000000000000e+03
7.894000000000000000e+03
7.932000000000000000e+03
7.712000000000000000e+03
7.599000000000000000e+03
7.674000000000000000e+03
7.616000000000000000e+03
7.746000000000000000e+03
8.009000000000000000e+03
8.126000000000000000e+03
8.273000000000000000e+03
8.113000000000000000e+03
7.599000000000000000e+03
7.084000000000000000e+03
6.400000000000000000e+03
5.799000000000000000e+03
5.536000000000000000e+03
5.434000000000000000e+03
5.203000000000000000e+03
5.176000000000000000e+03
5.113000000000000000e+03
4.876000000000000000e+03
4.773000000000000000e+03
4.679000000000000000e+03
4.700000000000000000e+03
4.277000000000000000e+03
4.137000000000000000e+03
3.955000000000000000e+03
3.715000000000000000e+03
3.726000000000000000e+03
3.496000000000000000e+03
3.377000000000000000e+03
3.140000000000000000e+03
3.195000000000000000e+03
3.024000000000000000e+03
2.801000000000000000e+03
2.805000000000000000e+03
2.642000000000000000e+03
2.461000000000000000e+03
2.417000000000000000e+03
2.281000000000000000e+03
2.079000000000000000e+03
1.824000000000000000e+03
1.648000000000000000e+03
1.609000000000000000e+03
1.460000000000000000e+03
1.486000000000000000e+03
1.511000000000000000e+03
1.714000000000000000e+03
1.753000000000000000e+03
1.721000000000000000e+03
1.648000000000000000e+03
1.779000000000000000e+03
1.763000000000000000e+03
1.803000000000000000e+03
1.820000000000000000e+03
1.892000000000000000e+03
1.782000000000000000e+03
1.756000000000000000e+03
1.507000000000000000e+03
1.287000000000000000e+03
1.066000000000000000e+03
9.010000000000000000e+02
7.620000000000000000e+02
7.380000000000000000e+02
6.720000000000000000e+02
5.710000000000000000e+02
4.600000000000000000e+02
3.580000000000000000e+02
3.700000000000000000e+02
3.730000000000000000e+02
3.240000000000000000e+02
2.560000000000000000e+02
2.270000000000000000e+02
1.320000000000000000e+02
1.490000000000000000e+02
2.050000000000000000e+02
4.630000000000000000e+02
8.800000000000000000e+02
1.540000000000000000e+03
2.525000000000000000e+03
3.167000000000000000e+03
2.744000000000000000e+03
2.690000000000000000e+03
3.038000000000000000e+03
3.730000000000000000e+03
3.789000000000000000e+03
4.157000000000000000e+03
4.081000000000000000e+03
4.009000000000000000e+03
3.852000000000000000e+03
3.820000000000000000e+03
3.645000000000000000e+03
3.576000000000000000e+03
3.503000000000000000e+03
3.312000000000000000e+03
2.980000000000000000e+03
2.990000000000000000e+03
2.975000000000000000e+03
3.110000000000000000e+03
3.658000000000000000e+03
3.169000000000000000e+03
2.833000000000000000e+03
2.773000000000000000e+03
2.741000000000000000e+03
2.926000000000000000e+03
2.661000000000000000e+03
2.510000000000000000e+03
2.618000000000000000e+03
2.502000000000000000e+03
2.314000000000000000e+03
2.263000000000000000e+03
2.283000000000000000e+03
2.209000000000000000e+03
2.205000000000000000e+03
2.248000000000000000e+03
2.213000000000000000e+03
2.163000000000000000e+03
2.165000000000000000e+03
2.244000000000000000e+03
2.170000000000000000e+03
2.089000000000000000e+03
2.225000000000000000e+03
2.112000000000000000e+03
2.108000000000000000e+03
2.193000000000000000e+03
2.127000000000000000e+03
2.275000000000000000e+03
2.198000000000000000e+03
2.472000000000000000e+03
2.439000000000000000e+03
2.542000000000000000e+03
2.529000000000000000e+03
2.686000000000000000e+03
2.782000000000000000e+03
2.765000000000000000e+03
2.745000000000000000e+03
2.907000000000000000e+03
2.761000000000000000e+03
2.756000000000000000e+03
2.535000000000000000e+03
2.478000000000000000e+03
2.692000000000000000e+03
2.527000000000000000e+03
2.577000000000000000e+03
2.552000000000000000e+03
2.554000000000000000e+03
2.499000000000000000e+03
2.613000000000000000e+03
2.609000000000000000e+03
2.536000000000000000e+03
2.707000000000000000e+03
2.763000000000000000e+03
2.755000000000000000e+03
2.827000000000000000e+03
2.801000000000000000e+03
2.924000000000000000e+03
2.849000000000000000e+03
2.867000000000000000e+03
2.877000000000000000e+03
2.819000000000000000e+03
2.917000000000000000e+03
2.902000000000000000e+03
2.930000000000000000e+03
2.914000000000000000e+03
2.983000000000000000e+03
3.031000000000000000e+03
2.969000000000000000e+03
2.723000000000000000e+03
2.806000000000000000e+03
2.736000000000000000e+03
2.678000000000000000e+03
2.883000000000000000e+03
2.818000000000000000e+03
2.846000000000000000e+03
2.711000000000000000e+03
2.775000000000000000e+03
2.699000000000000000e+03
2.685000000000000000e+03
2.557000000000000000e+03
2.662000000000000000e+03
2.550000000000000000e+03
2.595000000000000000e+03
2.544000000000000000e+03
2.474000000000000000e+03
2.649000000000000000e+03
2.652000000000000000e+03
2.555000000000000000e+03
2.510000000000000000e+03
2.541000000000000000e+03
2.590000000000000000e+03
2.505000000000000000e+03
2.533000000000000000e+03
2.707000000000000000e+03
2.726000000000000000e+03
2.686000000000000000e+03
2.631000000000000000e+03
2.746000000000000000e+03
2.776000000000000000e+03
2.662000000000000000e+03
2.767000000000000000e+03
2.830000000000000000e+03
2.931000000000000000e+03
2.887000000000000000e+03
3.018000000000000000e+03
3.126000000000000000e+03
3.178000000000000000e+03
3.439000000000000000e+03
3.440000000000000000e+03
3.526000000000000000e+03
3.942000000000000000e+03
3.880000000000000000e+03
3.628000000000000000e+03
3.453000000000000000e+03
3.571000000000000000e+03
3.536000000000000000e+03
3.556000000000000000e+03
3.456000000000000000e+03
3.440000000000000000e+03
3.559000000000000000e+03
3.686000000000000000e+03
3.659000000000000000e+03
3.722000000000000000e+03
3.705000000000000000e+03
3.964000000000000000e+03
3.933000000000000000e+03
4.000000000000000000e+03
4.229000000000000000e+03
4.235000000000000000e+03
4.542000000000000000e+03
4.566000000000000000e+03
4.652000000000000000e+03
4.747000000000000000e+03
4.648000000000000000e+03
4.649000000000000000e+03
4.721000000000000000e+03
4.873000000000000000e+03
4.976000000000000000e+03
5.010000000000000000e+03
5.296000000000000000e+03
5.360000000000000000e+03
5.546000000000000000e+03
5.807000000000000000e+03
5.954000000000000000e+03
6.198000000000000000e+03
6.327000000000000000e+03
6.503000000000000000e+03
6.772000000000000000e+03
7.067000000000000000e+03
7.391000000000000000e+03
7.594000000000000000e+03
7.905000000000000000e+03
7.804000000000000000e+03
8.194000000000000000e+03
8.369000000000000000e+03
8.329000000000000000e+03
8.254000000000000000e+03
8.132000000000000000e+03
7.899000000000000000e+03
7.868000000000000000e+03
7.655000000000000000e+03
7.559000000000000000e+03
7.378000000000000000e+03
7.172000000000000000e+03
7.081000000000000000e+03
7.077000000000000000e+03
7.214000000000000000e+03
7.106000000000000000e+03
7.085000000000000000e+03
7.274000000000000000e+03
7.035000000000000000e+03
7.120000000000000000e+03
7.115000000000000000e+03
6.564000000000000000e+03
5.983000000000000000e+03
5.696000000000000000e+03
5.308000000000000000e+03
4.871000000000000000e+03
4.807000000000000000e+03
4.945000000000000000e+03
4.902000000000000000e+03
5.115000000000000000e+03
4.908000000000000000e+03
5.036000000000000000e+03
4.982000000000000000e+03
4.835000000000000000e+03
4.967000000000000000e+03
4.657000000000000000e+03
4.775000000000000000e+03
4.669000000000000000e+03
4.784000000000000000e+03
4.636000000000000000e+03
4.600000000000000000e+03
4.550000000000000000e+03
4.774000000000000000e+03
4.504000000000000000e+03
4.405000000000000000e+03
4.351000000000000000e+03
4.163000000000000000e+03
4.099000000000000000e+03
4.122000000000000000e+03
3.881000000000000000e+03
3.906000000000000000e+03
3.824000000000000000e+03
3.781000000000000000e+03
3.665000000000000000e+03
3.369000000000000000e+03
3.388000000000000000e+03
3.229000000000000000e+03
2.970000000000000000e+03
2.741000000000000000e+03
2.572000000000000000e+03
2.535000000000000000e+03
2.360000000000000000e+03
2.192000000000000000e+03
2.015000000000000000e+03
1.810000000000000000e+03
1.705000000000000000e+03
1.599000000000000000e+03
1.405000000000000000e+03
1.238000000000000000e+03
1.108000000000000000e+03
9.840000000000000000e+02
8.760000000000000000e+02
7.650000000000000000e+02
6.620000000000000000e+02
5.520000000000000000e+02
4.660000000000000000e+02
3.420000000000000000e+02
3.050000000000000000e+02
5.000000000000000000e+02
