1.077000000000000000e+03
4.360000000000000000e+02
5.590000000000000000e+02
6.170000000000000000e+02
6.710000000000000000e+02
6.840000000000000000e+02
8.430000000000000000e+02
9.130000000000000000e+02
9.760000000000000000e+02
1.071000000000000000e+03
1.156000000000000000e+03
1.293000000000000000e+03
1.417000000000000000e+03
1.379000000000000000e+03
1.379000000000000000e+03
1.287000000000000000e+03
1.350000000000000000e+03
1.298000000000000000e+03
1.304000000000000000e+03
1.332000000000000000e+03
1.325000000000000000e+03
1.245000000000000000e+03
1.250000000000000000e+03
1.189000000000000000e+03
1.072000000000000000e+03
1.111000000000000000e+03
1.056000000000000000e+03
1.174000000000000000e+03
1.138000000000000000e+03
1.140000000000000000e+03
1.245000000000000000e+03
1.233000000000000000e+03
1.403000000000000000e+03
1.406000000000000000e+03
1.397000000000000000e+03
1.313000000000000000e+03
1.229000000000000000e+03
1.101000000000000000e+03
1.020000000000000000e+03
9.870000000000000000e+02
8.120000000000000000e+02
6.940000000000000000e+02
5.800000000000000000e+02
5.480000000000000000e+02
5.280000000000000000e+02
5.180000000000000000e+02
4.330000000000000000e+02
4.830000000000000000e+02
4.710000000000000000e+02
4.670000000000000000e+02
4.910000000000000000e+02
4.550000000000000000e+02
5.230000000000000000e+02
4.990000000000000000e+02
4.550000000000000000e+02
4.330000000000000000e+02
3.870000000000000000e+02
4.280000000000000000e+02
4.050000000000000000e+02
4.220000000000000000e+02
4.890000000000000000e+02
5.440000000000000000e+02
6.950000000000000000e+02
7.860000000000000000e+02
8.270000000000000000e+02
1.009000000000000000e+03
1.248000000000000000e+03
1.349000000000000000e+03
1.441000000000000000e+03
1.658000000000000000e+03
1.609000000000000000e+03
1.331000000000000000e+03
1.316000000000000000e+03
1.279000000000000000e+03
1.287000000000000000e+03
1.387000000000000000e+03
1.387000000000000000e+03
1.685000000000000000e+03
1.886000000000000000e+03
2.041000000000000000e+03
1.939000000000000000e+03
1.795000000000000000e+03
1.783000000000000000e+03
1.794000000000000000e+03
1.967000000000000000e+03
1.848000000000000000e+03
2.010000000000000000e+03
2.177000000000000000e+03
2.323000000000000000e+03
2.237000000000000000e+03
2.237000000000000000e+03
2.488000000000000000e+03
2.655000000000000000e+03
3.048000000000000000e+03
2.904000000000000000e+03
2.849000000000000000e+03
2.931000000000000000e+03
3.288000000000000000e+03
3.421000000000000000e+03
3.289000000000000000e+03
3.428000000000000000e+03
3.290000000000000000e+03
2.175000000000000000e+03
1.727000000000000000e+03
1.978000000000000000e+03
2.284000000000000000e+03
2.650000000000000000e+03
2.743000000000000000e+03
2.327000000000000000e+03
2.550000000000000000e+03
2.523000000000000000e+03
2.479000000000000000e+03
2.078000000000000000e+03
2.128000000000000000e+03
2.488000000000000000e+03
2.905000000000000000e+03
2.764000000000000000e+03
2.716000000000000000e+03
3.579000000000000000e+03
2.896000000000000000e+03
3.061000000000000000e+03
3.195000000000000000e+03
2.960000000000000000e+03
3.442000000000000000e+03
3.439000000000000000e+03
2.525000000000000000e+03
2.163000000000000000e+03
2.289000000000000000e+03
2.436000000000000000e+03
2.363000000000000000e+03
2.560000000000000000e+03
2.509000000000000000e+03
2.632000000000000000e+03
2.613000000000000000e+03
2.571000000000000000e+03
2.990000000000000000e+03
3.292000000000000000e+03
2.905000000000000000e+03
2.710000000000000000e+03
2.659000000000000000e+03
2.907000000000000000e+03
2.768000000000000000e+03
2.654000000000000000e+03
2.381000000000000000e+03
1.946000000000000000e+03
1.549000000000000000e+03
1.574000000000000000e+03
1.713000000000000000e+03
1.552000000000000000e+03
1.640000000000000000e+03
1.847000000000000000e+03
2.150000000000000000e+03
2.194000000000000000e+03
2.346000000000000000e+03
2.521000000000000000e+03
2.771000000000000000e+03
2.326000000000000000e+03
3.329000000000000000e+03
3.466000000000000000e+03
3.722000000000000000e+03
4.285000000000000000e+03
5.018000000000000000e+03
4.732000000000000000e+03
4.360000000000000000e+03
3.493000000000000000e+03
2.888000000000000000e+03
2.289000000000000000e+03
2.198000000000000000e+03
2.242000000000000000e+03
2.207000000000000000e+03
2.273000000000000000e+03
2.290000000000000000e+03
2.400000000000000000e+03
2.266000000000000000e+03
2.181000000000000000e+03
2.292000000000000000e+03
2.382000000000000000e+03
2.202000000000000000e+03
2.131000000000000000e+03
2.291000000000000000e+03
2.651000000000000000e+03
2.442000000000000000e+03
2.043000000000000000e+03
1.732000000000000000e+03
1.481000000000000000e+03
1.310000000000000000e+03
8.270000000000000000e+02
6.140000000000000000e+02
5.380000000000000000e+02
3.320000000000000000e+02
2.230000000000000000e+02
1.840000000000000000e+02
1.620000000000000000e+02
1.690000000000000000e+02
1.500000000000000000e+02
1.550000000000000000e+02
1.550000000000000000e+02
1.590000000000000000e+02
1.320000000000000000e+02
1.260000000000000000e+02
1.390000000000000000e+02
1.360000000000000000e+02
1.130000000000000000e+02
1.320000000000000000e+02
1.170000000000000000e+02
1.110000000000000000e+02
1.340000000000000000e+02
1.180000000000000000e+02
1.290000000000000000e+02
1.070000000000000000e+02
1.190000000000000000e+02
1.140000000000000000e+02
1.100000000000000000e+02
1.080000000000000000e+02
1.020000000000000000e+02
9.600000000000000000e+01
1.130000000000000000e+02
1.080000000000000000e+02
1.030000000000000000e+02
9.000000000000000000e+01
1.020000000000000000e+02
7.300000000000000000e+01
7.900000000000000000e+01
7.300000000000000000e+01
7.900000000000000000e+01
7.000000000000000000e+01
7.400000000000000000e+01
8.000000000000000000e+01
6.000000000000000000e+01
5.600000000000000000e+01
3.400000000000000000e+01
2.900000000000000000e+01
3.400000000000000000e+01
3.300000000000000000e+01
2.800000000000000000e+01
1.900000000000000000e+01
1.800000000000000000e+01
1.700000000000000000e+01
1.500000000000000000e+01
2.200000000000000000e+01
1.800000000000000000e+01
1.700000000000000000e+01
1.100000000000000000e+01
1.000000000000000000e+01
1.200000000000000000e+01
9.000000000000000000e+00
1.300000000000000000e+01
8.000000000000000000e+00
1.500000000000000000e+01
1.500000000000000000e+01
5.000000000000000000e+00
8.000000000000000000e+00
4.000000000000000000e+00
9.000000000000000000e+00
0.000000000000000000e+00
2.400000000000000000e+01
1.610000000000000000e+02
2.160000000000000000e+02
3.040000000000000000e+02
4.840000000000000000e+02
5.840000000000000000e+02
5.860000000000000000e+02
5.320000000000000000e+02
6.400000000000000000e+02
6.940000000000000000e+02
7.650000000000000000e+02
7.540000000000000000e+02
8.870000000000000000e+02
8.530000000000000000e+02
9.180000000000000000e+02
1.026000000000000000e+03
1.138000000000000000e+03
1.295000000000000000e+03
1.456000000000000000e+03
1.345000000000000000e+03
1.306000000000000000e+03
1.234000000000000000e+03
1.278000000000000000e+03
1.330000000000000000e+03
1.375000000000000000e+03
1.452000000000000000e+03
1.369000000000000000e+03
1.363000000000000000e+03
1.244000000000000000e+03
1.130000000000000000e+03
1.111000000000000000e+03
1.063000000000000000e+03
9.400000000000000000e+02
9.900000000000000000e+02
9.820000000000000000e+02
1.034000000000000000e+03
1.183000000000000000e+03
1.216000000000000000e+03
1.204000000000000000e+03
1.309000000000000000e+03
1.242000000000000000e+03
1.239000000000000000e+03
1.129000000000000000e+03
9.130000000000000000e+02
8.980000000000000000e+02
9.360000000000000000e+02
8.860000000000000000e+02
7.920000000000000000e+02
7.750000000000000000e+02
6.940000000000000000e+02
6.520000000000000000e+02
5.730000000000000000e+02
5.700000000000000000e+02
5.850000000000000000e+02
5.060000000000000000e+02
4.670000000000000000e+02
4.030000000000000000e+02
4.390000000000000000e+02
4.390000000000000000e+02
4.290000000000000000e+02
4.190000000000000000e+02
4.840000000000000000e+02
4.890000000000000000e+02
5.180000000000000000e+02
5.880000000000000000e+02
6.640000000000000000e+02
7.250000000000000000e+02
6.570000000000000000e+02
6.680000000000000000e+02
6.170000000000000000e+02
6.810000000000000000e+02
5.720000000000000000e+02
4.880000000000000000e+02
5.370000000000000000e+02
4.950000000000000000e+02
4.950000000000000000e+02
5.280000000000000000e+02
5.180000000000000000e+02
5.860000000000000000e+02
9.940000000000000000e+02
1.076000000000000000e+03
1.088000000000000000e+03
1.034000000000000000e+03
1.104000000000000000e+03
1.138000000000000000e+03
1.556000000000000000e+03
1.747000000000000000e+03
1.666000000000000000e+03
1.671000000000000000e+03
1.530000000000000000e+03
1.493000000000000000e+03
1.629000000000000000e+03
1.637000000000000000e+03
1.866000000000000000e+03
2.352000000000000000e+03
2.446000000000000000e+03
2.306000000000000000e+03
1.908000000000000000e+03
1.541000000000000000e+03
1.414000000000000000e+03
1.319000000000000000e+03
1.383000000000000000e+03
1.661000000000000000e+03
1.746000000000000000e+03
1.682000000000000000e+03
1.610000000000000000e+03
1.710000000000000000e+03
1.733000000000000000e+03
1.875000000000000000e+03
1.919000000000000000e+03
1.961000000000000000e+03
2.096000000000000000e+03
1.774000000000000000e+03
2.215000000000000000e+03
2.350000000000000000e+03
2.687000000000000000e+03
3.411000000000000000e+03
4.176000000000000000e+03
4.205000000000000000e+03
4.332000000000000000e+03
4.056000000000000000e+03
2.845000000000000000e+03
2.593000000000000000e+03
2.798000000000000000e+03
3.262000000000000000e+03
3.654000000000000000e+03
3.350000000000000000e+03
3.310000000000000000e+03
3.564000000000000000e+03
3.385000000000000000e+03
3.357000000000000000e+03
4.075000000000000000e+03
4.539000000000000000e+03
5.051000000000000000e+03
4.748000000000000000e+03
3.747000000000000000e+03
3.926000000000000000e+03
4.118000000000000000e+03
3.109000000000000000e+03
3.321000000000000000e+03
3.050000000000000000e+03
2.768000000000000000e+03
2.923000000000000000e+03
3.136000000000000000e+03
2.977000000000000000e+03
4.014000000000000000e+03
3.307000000000000000e+03
3.187000000000000000e+03
2.959000000000000000e+03
2.476000000000000000e+03
2.555000000000000000e+03
2.518000000000000000e+03
2.178000000000000000e+03
2.443000000000000000e+03
2.636000000000000000e+03
2.655000000000000000e+03
3.039000000000000000e+03
3.693000000000000000e+03
4.338000000000000000e+03
4.568000000000000000e+03
5.389000000000000000e+03
5.087000000000000000e+03
4.728000000000000000e+03
3.915000000000000000e+03
3.677000000000000000e+03
2.491000000000000000e+03
2.060000000000000000e+03
2.150000000000000000e+03
2.002000000000000000e+03
1.861000000000000000e+03
1.801000000000000000e+03
1.647000000000000000e+03
1.351000000000000000e+03
1.520000000000000000e+03
1.725000000000000000e+03
1.914000000000000000e+03
2.001000000000000000e+03
1.719000000000000000e+03
1.509000000000000000e+03
1.560000000000000000e+03
1.660000000000000000e+03
1.589000000000000000e+03
1.469000000000000000e+03
1.637000000000000000e+03
1.598000000000000000e+03
1.547000000000000000e+03
1.658000000000000000e+03
1.986000000000000000e+03
1.789000000000000000e+03
1.870000000000000000e+03
2.025000000000000000e+03
1.949000000000000000e+03
1.641000000000000000e+03
1.663000000000000000e+03
1.622000000000000000e+03
1.345000000000000000e+03
8.300000000000000000e+02
5.200000000000000000e+02
4.400000000000000000e+02
2.740000000000000000e+02
1.730000000000000000e+02
1.570000000000000000e+02
1.200000000000000000e+02
1.380000000000000000e+02
1.290000000000000000e+02
1.180000000000000000e+02
1.130000000000000000e+02
1.150000000000000000e+02
1.360000000000000000e+02
1.140000000000000000e+02
8.800000000000000000e+01
7.900000000000000000e+01
6.400000000000000000e+01
6.800000000000000000e+01
6.800000000000000000e+01
7.500000000000000000e+01
5.500000000000000000e+01
5.400000000000000000e+01
6.200000000000000000e+01
5.600000000000000000e+01
4.600000000000000000e+01
5.500000000000000000e+01
4.400000000000000000e+01
5.900000000000000000e+01
4.000000000000000000e+01
3.300000000000000000e+01
3.100000000000000000e+01
2.900000000000000000e+01
5.100000000000000000e+01
3.400000000000000000e+01
2.100000000000000000e+01
1.700000000000000000e+01
1.600000000000000000e+01
1.400000000000000000e+01
1.700000000000000000e+01
1.600000000000000000e+01
1.300000000000000000e+01
1.500000000000000000e+01
2.100000000000000000e+01
3.000000000000000000e+00
8.000000000000000000e+00
1.200000000000000000e+01
9.000000000000000000e+00
8.000000000000000000e+00
1.300000000000000000e+01
5.000000000000000000e+00
5.000000000000000000e+00
4.000000000000000000e+00
6.000000000000000000e+00
7.000000000000000000e+00
9.000000000000000000e+00
5.000000000000000000e+00
4.000000000000000000e+00
6.000000000000000000e+00
1.000000000000000000e+00
4.000000000000000000e+00
2.000000000000000000e+00
4.020000000000000000e+02
4.420000000000000000e+02
5.140000000000000000e+02
5.250000000000000000e+02
5.360000000000000000e+02
5.550000000000000000e+02
6.050000000000000000e+02
6.650000000000000000e+02
6.890000000000000000e+02
7.200000000000000000e+02
7.580000000000000000e+02
7.530000000000000000e+02
7.820000000000000000e+02
8.510000000000000000e+02
1.015000000000000000e+03
1.033000000000000000e+03
1.128000000000000000e+03
1.291000000000000000e+03
1.402000000000000000e+03
1.306000000000000000e+03
1.309000000000000000e+03
1.309000000000000000e+03
1.339000000000000000e+03
1.216000000000000000e+03
1.219000000000000000e+03
1.204000000000000000e+03
1.179000000000000000e+03
1.129000000000000000e+03
1.169000000000000000e+03
1.229000000000000000e+03
1.148000000000000000e+03
1.113000000000000000e+03
1.095000000000000000e+03
1.044000000000000000e+03
1.000000000000000000e+03
9.660000000000000000e+02
8.870000000000000000e+02
9.820000000000000000e+02
1.074000000000000000e+03
1.025000000000000000e+03
1.053000000000000000e+03
1.102000000000000000e+03
1.034000000000000000e+03
1.098000000000000000e+03
9.910000000000000000e+02
1.037000000000000000e+03
9.290000000000000000e+02
8.640000000000000000e+02
8.410000000000000000e+02
9.040000000000000000e+02
9.540000000000000000e+02
9.850000000000000000e+02
9.460000000000000000e+02
7.890000000000000000e+02
7.450000000000000000e+02
6.670000000000000000e+02
6.440000000000000000e+02
6.500000000000000000e+02
5.910000000000000000e+02
4.830000000000000000e+02
5.080000000000000000e+02
4.720000000000000000e+02
4.920000000000000000e+02
4.490000000000000000e+02
5.040000000000000000e+02
4.580000000000000000e+02
4.720000000000000000e+02
4.220000000000000000e+02
4.550000000000000000e+02
5.140000000000000000e+02
4.510000000000000000e+02
4.570000000000000000e+02
4.830000000000000000e+02
4.640000000000000000e+02
4.680000000000000000e+02
4.790000000000000000e+02
5.080000000000000000e+02
5.200000000000000000e+02
6.380000000000000000e+02
6.120000000000000000e+02
5.890000000000000000e+02
7.260000000000000000e+02
7.190000000000000000e+02
6.260000000000000000e+02
6.120000000000000000e+02
5.670000000000000000e+02
5.610000000000000000e+02
5.340000000000000000e+02
4.910000000000000000e+02
5.720000000000000000e+02
6.350000000000000000e+02
7.600000000000000000e+02
9.340000000000000000e+02
9.290000000000000000e+02
9.940000000000000000e+02
1.171000000000000000e+03
1.302000000000000000e+03
1.474000000000000000e+03
1.739000000000000000e+03
1.741000000000000000e+03
1.874000000000000000e+03
2.075000000000000000e+03
2.304000000000000000e+03
2.123000000000000000e+03
2.024000000000000000e+03
1.786000000000000000e+03
1.830000000000000000e+03
1.738000000000000000e+03
1.577000000000000000e+03
1.343000000000000000e+03
1.199000000000000000e+03
1.242000000000000000e+03
1.271000000000000000e+03
1.290000000000000000e+03
1.404000000000000000e+03
1.557000000000000000e+03
1.567000000000000000e+03
1.520000000000000000e+03
1.567000000000000000e+03
1.502000000000000000e+03
1.615000000000000000e+03
1.470000000000000000e+03
1.761000000000000000e+03
1.779000000000000000e+03
1.967000000000000000e+03
2.080000000000000000e+03
1.935000000000000000e+03
2.503000000000000000e+03
2.720000000000000000e+03
3.031000000000000000e+03
3.458000000000000000e+03
3.998000000000000000e+03
4.391000000000000000e+03
4.751000000000000000e+03
6.046000000000000000e+03
6.591000000000000000e+03
7.176000000000000000e+03
6.486000000000000000e+03
6.261000000000000000e+03
5.887000000000000000e+03
6.242000000000000000e+03
5.724000000000000000e+03
5.392000000000000000e+03
5.170000000000000000e+03
6.130000000000000000e+03
5.624000000000000000e+03
3.073000000000000000e+03
2.765000000000000000e+03
3.065000000000000000e+03
2.919000000000000000e+03
3.337000000000000000e+03
3.687000000000000000e+03
3.502000000000000000e+03
3.269000000000000000e+03
3.520000000000000000e+03
2.652000000000000000e+03
2.729000000000000000e+03
3.497000000000000000e+03
4.521000000000000000e+03
5.468000000000000000e+03
5.463000000000000000e+03
4.564000000000000000e+03
3.601000000000000000e+03
3.932000000000000000e+03
2.658000000000000000e+03
2.293000000000000000e+03
2.229000000000000000e+03
2.227000000000000000e+03
2.126000000000000000e+03
2.045000000000000000e+03
1.905000000000000000e+03
1.733000000000000000e+03
1.420000000000000000e+03
1.317000000000000000e+03
1.217000000000000000e+03
1.137000000000000000e+03
1.216000000000000000e+03
1.341000000000000000e+03
1.295000000000000000e+03
1.404000000000000000e+03
1.307000000000000000e+03
1.188000000000000000e+03
1.184000000000000000e+03
1.308000000000000000e+03
1.283000000000000000e+03
1.406000000000000000e+03
1.451000000000000000e+03
1.408000000000000000e+03
1.261000000000000000e+03
1.131000000000000000e+03
1.042000000000000000e+03
1.196000000000000000e+03
1.176000000000000000e+03
1.115000000000000000e+03
1.095000000000000000e+03
1.333000000000000000e+03
1.485000000000000000e+03
1.631000000000000000e+03
1.586000000000000000e+03
1.560000000000000000e+03
1.421000000000000000e+03
1.447000000000000000e+03
1.544000000000000000e+03
1.520000000000000000e+03
1.399000000000000000e+03
1.283000000000000000e+03
1.097000000000000000e+03
8.940000000000000000e+02
6.170000000000000000e+02
4.010000000000000000e+02
3.680000000000000000e+02
1.690000000000000000e+02
8.800000000000000000e+01
6.800000000000000000e+01
5.800000000000000000e+01
5.700000000000000000e+01
6.400000000000000000e+01
6.000000000000000000e+01
5.400000000000000000e+01
5.800000000000000000e+01
3.200000000000000000e+01
5.200000000000000000e+01
5.400000000000000000e+01
4.900000000000000000e+01
4.500000000000000000e+01
3.500000000000000000e+01
4.500000000000000000e+01
5.100000000000000000e+01
4.600000000000000000e+01
4.100000000000000000e+01
3.700000000000000000e+01
5.100000000000000000e+01
3.500000000000000000e+01
3.200000000000000000e+01
2.600000000000000000e+01
3.200000000000000000e+01
3.400000000000000000e+01
1.700000000000000000e+01
1.400000000000000000e+01
1.500000000000000000e+01
1.000000000000000000e+01
9.000000000000000000e+00
8.000000000000000000e+00
9.000000000000000000e+00
8.000000000000000000e+00
1.000000000000000000e+01
5.000000000000000000e+00
1.100000000000000000e+01
2.000000000000000000e+00
9.000000000000000000e+00
3.000000000000000000e+00
8.000000000000000000e+00
5.000000000000000000e+00
8.000000000000000000e+00
4.000000000000000000e+00
1.000000000000000000e+01
