5.933000000000000000e+03
2.359000000000000000e+03
3.399000000000000000e+03
3.294000000000000000e+03
3.968000000000000000e+03
4.304000000000000000e+03
4.580000000000000000e+03
4.847000000000000000e+03
5.176000000000000000e+03
5.918000000000000000e+03
6.435000000000000000e+03
7.471000000000000000e+03
7.941000000000000000e+03
8.052000000000000000e+03
8.261000000000000000e+03
8.396000000000000000e+03
8.631000000000000000e+03
8.688000000000000000e+03
9.139000000000000000e+03
9.565000000000000000e+03
9.064000000000000000e+03
1.006300000000000000e+04
9.225000000000000000e+03
8.951000000000000000e+03
9.294000000000000000e+03
9.293000000000000000e+03
9.533000000000000000e+03
9.316000000000000000e+03
9.366000000000000000e+03
9.489000000000000000e+03
9.847000000000000000e+03
1.019800000000000000e+04
1.022600000000000000e+04
1.081000000000000000e+04
1.100200000000000000e+04
1.276700000000000000e+04
1.325300000000000000e+04
1.296000000000000000e+04
1.298900000000000000e+04
1.077100000000000000e+04
9.868000000000000000e+03
8.990000000000000000e+03
8.739000000000000000e+03
8.617000000000000000e+03
7.844000000000000000e+03
8.770000000000000000e+03
8.217000000000000000e+03
7.646000000000000000e+03
7.690000000000000000e+03
7.133000000000000000e+03
6.604000000000000000e+03
6.649000000000000000e+03
6.139000000000000000e+03
6.088000000000000000e+03
5.868000000000000000e+03
5.791000000000000000e+03
5.861000000000000000e+03
5.704000000000000000e+03
5.451000000000000000e+03
5.409000000000000000e+03
5.437000000000000000e+03
5.172000000000000000e+03
5.253000000000000000e+03
5.260000000000000000e+03
5.080000000000000000e+03
5.035000000000000000e+03
5.031000000000000000e+03
4.956000000000000000e+03
5.111000000000000000e+03
5.119000000000000000e+03
5.020000000000000000e+03
5.034000000000000000e+03
4.877000000000000000e+03
5.056000000000000000e+03
5.117000000000000000e+03
5.236000000000000000e+03
5.149000000000000000e+03
5.103000000000000000e+03
5.115000000000000000e+03
5.023000000000000000e+03
5.175000000000000000e+03
5.204000000000000000e+03
5.131000000000000000e+03
5.090000000000000000e+03
5.224000000000000000e+03
5.152000000000000000e+03
5.147000000000000000e+03
5.273000000000000000e+03
5.054000000000000000e+03
5.182000000000000000e+03
5.059000000000000000e+03
5.289000000000000000e+03
5.321000000000000000e+03
5.278000000000000000e+03
5.135000000000000000e+03
5.193000000000000000e+03
5.242000000000000000e+03
5.252000000000000000e+03
5.410000000000000000e+03
5.401000000000000000e+03
5.467000000000000000e+03
5.556000000000000000e+03
5.486000000000000000e+03
5.637000000000000000e+03
5.590000000000000000e+03
5.459000000000000000e+03
5.376000000000000000e+03
5.235000000000000000e+03
5.185000000000000000e+03
5.110000000000000000e+03
4.859000000000000000e+03
4.882000000000000000e+03
4.718000000000000000e+03
4.437000000000000000e+03
4.344000000000000000e+03
4.085000000000000000e+03
3.977000000000000000e+03
3.756000000000000000e+03
3.693000000000000000e+03
3.608000000000000000e+03
3.385000000000000000e+03
3.291000000000000000e+03
3.024000000000000000e+03
3.009000000000000000e+03
2.895000000000000000e+03
2.740000000000000000e+03
2.655000000000000000e+03
2.472000000000000000e+03
2.432000000000000000e+03
2.311000000000000000e+03
2.239000000000000000e+03
2.134000000000000000e+03
2.030000000000000000e+03
1.907000000000000000e+03
1.904000000000000000e+03
1.814000000000000000e+03
1.873000000000000000e+03
1.729000000000000000e+03
1.657000000000000000e+03
1.573000000000000000e+03
1.603000000000000000e+03
1.534000000000000000e+03
1.520000000000000000e+03
1.397000000000000000e+03
1.431000000000000000e+03
1.358000000000000000e+03
1.328000000000000000e+03
1.301000000000000000e+03
1.217000000000000000e+03
1.223000000000000000e+03
1.186000000000000000e+03
1.164000000000000000e+03
1.215000000000000000e+03
1.197000000000000000e+03
1.137000000000000000e+03
1.114000000000000000e+03
1.113000000000000000e+03
1.091000000000000000e+03
1.020000000000000000e+03
1.057000000000000000e+03
1.037000000000000000e+03
9.950000000000000000e+02
9.500000000000000000e+02
1.004000000000000000e+03
9.850000000000000000e+02
9.520000000000000000e+02
9.360000000000000000e+02
9.220000000000000000e+02
9.530000000000000000e+02
9.240000000000000000e+02
8.690000000000000000e+02
9.360000000000000000e+02
9.030000000000000000e+02
8.810000000000000000e+02
8.700000000000000000e+02
8.590000000000000000e+02
8.910000000000000000e+02
8.470000000000000000e+02
8.280000000000000000e+02
7.790000000000000000e+02
8.120000000000000000e+02
8.810000000000000000e+02
8.650000000000000000e+02
8.910000000000000000e+02
8.630000000000000000e+02
8.730000000000000000e+02
8.790000000000000000e+02
9.150000000000000000e+02
8.800000000000000000e+02
9.000000000000000000e+02
9.150000000000000000e+02
9.670000000000000000e+02
9.920000000000000000e+02
1.020000000000000000e+03
1.080000000000000000e+03
1.089000000000000000e+03
1.170000000000000000e+03
1.100000000000000000e+03
1.179000000000000000e+03
1.118000000000000000e+03
1.134000000000000000e+03
1.102000000000000000e+03
1.106000000000000000e+03
1.073000000000000000e+03
1.026000000000000000e+03
1.062000000000000000e+03
1.035000000000000000e+03
9.910000000000000000e+02
1.028000000000000000e+03
1.013000000000000000e+03
9.580000000000000000e+02
9.540000000000000000e+02
8.920000000000000000e+02
8.150000000000000000e+02
7.340000000000000000e+02
7.280000000000000000e+02
6.980000000000000000e+02
6.830000000000000000e+02
6.720000000000000000e+02
5.860000000000000000e+02
5.980000000000000000e+02
5.600000000000000000e+02
5.400000000000000000e+02
5.000000000000000000e+02
4.950000000000000000e+02
4.820000000000000000e+02
4.370000000000000000e+02
4.100000000000000000e+02
4.070000000000000000e+02
3.730000000000000000e+02
3.460000000000000000e+02
3.490000000000000000e+02
3.270000000000000000e+02
3.080000000000000000e+02
3.080000000000000000e+02
2.850000000000000000e+02
2.370000000000000000e+02
2.770000000000000000e+02
2.440000000000000000e+02
2.100000000000000000e+02
2.480000000000000000e+02
2.470000000000000000e+02
2.550000000000000000e+02
2.460000000000000000e+02
2.170000000000000000e+02
2.310000000000000000e+02
2.300000000000000000e+02
2.710000000000000000e+02
2.950000000000000000e+02
2.510000000000000000e+02
2.420000000000000000e+02
2.670000000000000000e+02
2.740000000000000000e+02
2.960000000000000000e+02
2.080000000000000000e+02
1.141000000000000000e+03
5.447000000000000000e+03
3.095000000000000000e+03
3.148000000000000000e+03
3.557000000000000000e+03
3.924000000000000000e+03
4.230000000000000000e+03
4.499000000000000000e+03
4.975000000000000000e+03
5.585000000000000000e+03
6.328000000000000000e+03
6.649000000000000000e+03
7.416000000000000000e+03
7.809000000000000000e+03
7.824000000000000000e+03
8.012000000000000000e+03
8.324000000000000000e+03
8.881000000000000000e+03
9.335000000000000000e+03
9.855000000000000000e+03
1.084000000000000000e+04
1.011800000000000000e+04
1.004100000000000000e+04
1.063100000000000000e+04
1.085800000000000000e+04
1.081600000000000000e+04
1.073200000000000000e+04
1.145300000000000000e+04
1.231400000000000000e+04
1.385400000000000000e+04
1.475300000000000000e+04
1.609900000000000000e+04
1.583800000000000000e+04
1.392400000000000000e+04
1.360100000000000000e+04
1.181400000000000000e+04
9.697000000000000000e+03
8.640000000000000000e+03
8.411000000000000000e+03
8.007000000000000000e+03
7.978000000000000000e+03
7.517000000000000000e+03
7.449000000000000000e+03
7.247000000000000000e+03
7.232000000000000000e+03
7.004000000000000000e+03
6.900000000000000000e+03
6.746000000000000000e+03
6.749000000000000000e+03
6.698000000000000000e+03
6.764000000000000000e+03
6.613000000000000000e+03
6.629000000000000000e+03
6.406000000000000000e+03
6.602000000000000000e+03
6.504000000000000000e+03
6.371000000000000000e+03
6.145000000000000000e+03
6.369000000000000000e+03
6.114000000000000000e+03
6.075000000000000000e+03
5.921000000000000000e+03
6.186000000000000000e+03
5.988000000000000000e+03
6.067000000000000000e+03
6.109000000000000000e+03
6.120000000000000000e+03
6.301000000000000000e+03
6.294000000000000000e+03
6.142000000000000000e+03
5.912000000000000000e+03
5.568000000000000000e+03
5.504000000000000000e+03
5.360000000000000000e+03
5.247000000000000000e+03
5.235000000000000000e+03
5.198000000000000000e+03
5.134000000000000000e+03
4.975000000000000000e+03
5.062000000000000000e+03
5.037000000000000000e+03
5.078000000000000000e+03
4.946000000000000000e+03
5.034000000000000000e+03
5.222000000000000000e+03
5.187000000000000000e+03
5.001000000000000000e+03
5.167000000000000000e+03
5.099000000000000000e+03
5.138000000000000000e+03
5.098000000000000000e+03
5.335000000000000000e+03
5.268000000000000000e+03
5.096000000000000000e+03
5.008000000000000000e+03
5.178000000000000000e+03
5.296000000000000000e+03
4.988000000000000000e+03
4.980000000000000000e+03
4.841000000000000000e+03
4.902000000000000000e+03
4.925000000000000000e+03
4.920000000000000000e+03
4.874000000000000000e+03
4.843000000000000000e+03
4.763000000000000000e+03
4.789000000000000000e+03
4.597000000000000000e+03
4.535000000000000000e+03
4.532000000000000000e+03
4.362000000000000000e+03
4.343000000000000000e+03
4.252000000000000000e+03
4.095000000000000000e+03
3.875000000000000000e+03
3.674000000000000000e+03
3.582000000000000000e+03
3.419000000000000000e+03
3.343000000000000000e+03
3.197000000000000000e+03
3.033000000000000000e+03
2.942000000000000000e+03
2.814000000000000000e+03
2.673000000000000000e+03
2.497000000000000000e+03
2.453000000000000000e+03
2.334000000000000000e+03
2.144000000000000000e+03
2.132000000000000000e+03
1.933000000000000000e+03
1.932000000000000000e+03
1.760000000000000000e+03
1.768000000000000000e+03
1.733000000000000000e+03
1.648000000000000000e+03
1.535000000000000000e+03
1.522000000000000000e+03
1.468000000000000000e+03
1.377000000000000000e+03
1.354000000000000000e+03
1.265000000000000000e+03
1.307000000000000000e+03
1.256000000000000000e+03
1.222000000000000000e+03
1.166000000000000000e+03
1.173000000000000000e+03
1.148000000000000000e+03
1.127000000000000000e+03
1.049000000000000000e+03
9.870000000000000000e+02
9.970000000000000000e+02
9.510000000000000000e+02
9.740000000000000000e+02
9.670000000000000000e+02
1.048000000000000000e+03
9.650000000000000000e+02
9.640000000000000000e+02
1.004000000000000000e+03
9.910000000000000000e+02
9.710000000000000000e+02
9.310000000000000000e+02
9.840000000000000000e+02
9.640000000000000000e+02
9.730000000000000000e+02
1.002000000000000000e+03
9.540000000000000000e+02
9.990000000000000000e+02
1.003000000000000000e+03
9.720000000000000000e+02
9.620000000000000000e+02
1.005000000000000000e+03
9.030000000000000000e+02
9.730000000000000000e+02
9.480000000000000000e+02
1.026000000000000000e+03
9.960000000000000000e+02
9.250000000000000000e+02
1.004000000000000000e+03
8.640000000000000000e+02
8.750000000000000000e+02
8.540000000000000000e+02
9.070000000000000000e+02
9.450000000000000000e+02
9.670000000000000000e+02
9.140000000000000000e+02
9.270000000000000000e+02
8.900000000000000000e+02
9.060000000000000000e+02
9.020000000000000000e+02
8.570000000000000000e+02
8.180000000000000000e+02
8.710000000000000000e+02
8.530000000000000000e+02
8.540000000000000000e+02
8.470000000000000000e+02
9.310000000000000000e+02
9.270000000000000000e+02
8.970000000000000000e+02
9.040000000000000000e+02
8.530000000000000000e+02
8.710000000000000000e+02
8.810000000000000000e+02
9.140000000000000000e+02
9.240000000000000000e+02
9.010000000000000000e+02
9.860000000000000000e+02
8.930000000000000000e+02
9.370000000000000000e+02
9.110000000000000000e+02
9.400000000000000000e+02
9.230000000000000000e+02
1.012000000000000000e+03
8.620000000000000000e+02
8.900000000000000000e+02
8.710000000000000000e+02
8.820000000000000000e+02
8.080000000000000000e+02
8.190000000000000000e+02
8.450000000000000000e+02
7.840000000000000000e+02
7.720000000000000000e+02
7.310000000000000000e+02
6.700000000000000000e+02
6.460000000000000000e+02
6.450000000000000000e+02
6.230000000000000000e+02
6.030000000000000000e+02
5.660000000000000000e+02
5.470000000000000000e+02
4.550000000000000000e+02
4.220000000000000000e+02
4.380000000000000000e+02
4.080000000000000000e+02
3.810000000000000000e+02
3.560000000000000000e+02
3.200000000000000000e+02
3.210000000000000000e+02
3.100000000000000000e+02
3.180000000000000000e+02
2.930000000000000000e+02
2.980000000000000000e+02
2.490000000000000000e+02
2.540000000000000000e+02
2.740000000000000000e+02
2.760000000000000000e+02
2.380000000000000000e+02
2.530000000000000000e+02
2.270000000000000000e+02
2.600000000000000000e+02
2.420000000000000000e+02
2.360000000000000000e+02
2.740000000000000000e+02
2.160000000000000000e+02
2.300000000000000000e+02
2.320000000000000000e+02
2.930000000000000000e+02
6.100000000000000000e+02
4.824000000000000000e+03
3.505000000000000000e+03
2.815000000000000000e+03
3.574000000000000000e+03
3.998000000000000000e+03
4.113000000000000000e+03
4.495000000000000000e+03
4.933000000000000000e+03
5.251000000000000000e+03
5.991000000000000000e+03
6.448000000000000000e+03
6.734000000000000000e+03
7.524000000000000000e+03
7.396000000000000000e+03
7.452000000000000000e+03
7.577000000000000000e+03
8.298000000000000000e+03
8.780000000000000000e+03
9.515000000000000000e+03
1.043400000000000000e+04
9.397000000000000000e+03
9.654000000000000000e+03
1.053100000000000000e+04
1.095200000000000000e+04
1.087400000000000000e+04
1.106000000000000000e+04
1.219300000000000000e+04
1.298800000000000000e+04
1.495300000000000000e+04
1.621200000000000000e+04
1.824600000000000000e+04
1.613000000000000000e+04
1.318200000000000000e+04
1.077800000000000000e+04
9.140000000000000000e+03
8.505000000000000000e+03
7.496000000000000000e+03
7.338000000000000000e+03
7.426000000000000000e+03
7.207000000000000000e+03
7.375000000000000000e+03
7.487000000000000000e+03
7.249000000000000000e+03
7.280000000000000000e+03
7.163000000000000000e+03
7.502000000000000000e+03
7.372000000000000000e+03
7.344000000000000000e+03
7.492000000000000000e+03
7.539000000000000000e+03
7.610000000000000000e+03
7.573000000000000000e+03
7.489000000000000000e+03
7.392000000000000000e+03
7.386000000000000000e+03
7.081000000000000000e+03
6.986000000000000000e+03
6.739000000000000000e+03
6.838000000000000000e+03
6.751000000000000000e+03
6.715000000000000000e+03
6.491000000000000000e+03
6.198000000000000000e+03
5.988000000000000000e+03
5.821000000000000000e+03
5.941000000000000000e+03
5.797000000000000000e+03
5.775000000000000000e+03
5.739000000000000000e+03
5.690000000000000000e+03
5.520000000000000000e+03
5.337000000000000000e+03
5.223000000000000000e+03
5.082000000000000000e+03
5.087000000000000000e+03
5.242000000000000000e+03
4.980000000000000000e+03
4.910000000000000000e+03
4.986000000000000000e+03
4.941000000000000000e+03
4.806000000000000000e+03
4.784000000000000000e+03
4.702000000000000000e+03
4.825000000000000000e+03
4.897000000000000000e+03
4.717000000000000000e+03
4.744000000000000000e+03
4.695000000000000000e+03
4.832000000000000000e+03
4.740000000000000000e+03
4.815000000000000000e+03
4.878000000000000000e+03
4.813000000000000000e+03
4.990000000000000000e+03
4.760000000000000000e+03
4.784000000000000000e+03
4.922000000000000000e+03
4.881000000000000000e+03
4.710000000000000000e+03
4.804000000000000000e+03
4.738000000000000000e+03
4.806000000000000000e+03
4.762000000000000000e+03
4.781000000000000000e+03
4.623000000000000000e+03
4.513000000000000000e+03
4.537000000000000000e+03
4.552000000000000000e+03
4.382000000000000000e+03
4.320000000000000000e+03
4.197000000000000000e+03
4.043000000000000000e+03
3.916000000000000000e+03
3.770000000000000000e+03
3.594000000000000000e+03
3.571000000000000000e+03
3.380000000000000000e+03
3.244000000000000000e+03
3.121000000000000000e+03
2.960000000000000000e+03
2.958000000000000000e+03
2.697000000000000000e+03
2.553000000000000000e+03
2.454000000000000000e+03
2.400000000000000000e+03
2.191000000000000000e+03
2.139000000000000000e+03
2.023000000000000000e+03
1.923000000000000000e+03
1.895000000000000000e+03
1.820000000000000000e+03
1.762000000000000000e+03
1.666000000000000000e+03
1.611000000000000000e+03
1.597000000000000000e+03
1.582000000000000000e+03
1.598000000000000000e+03
1.521000000000000000e+03
1.459000000000000000e+03
1.441000000000000000e+03
1.449000000000000000e+03
1.476000000000000000e+03
1.403000000000000000e+03
1.367000000000000000e+03
1.369000000000000000e+03
1.365000000000000000e+03
1.299000000000000000e+03
1.259000000000000000e+03
1.295000000000000000e+03
1.190000000000000000e+03
1.103000000000000000e+03
1.145000000000000000e+03
1.112000000000000000e+03
1.076000000000000000e+03
1.098000000000000000e+03
1.047000000000000000e+03
9.980000000000000000e+02
9.590000000000000000e+02
9.230000000000000000e+02
9.280000000000000000e+02
8.530000000000000000e+02
8.770000000000000000e+02
8.560000000000000000e+02
9.060000000000000000e+02
8.870000000000000000e+02
9.070000000000000000e+02
8.820000000000000000e+02
9.330000000000000000e+02
9.550000000000000000e+02
9.450000000000000000e+02
1.017000000000000000e+03
9.750000000000000000e+02
1.010000000000000000e+03
9.600000000000000000e+02
1.080000000000000000e+03
9.970000000000000000e+02
1.066000000000000000e+03
9.650000000000000000e+02
1.013000000000000000e+03
1.067000000000000000e+03
1.027000000000000000e+03
1.046000000000000000e+03
1.108000000000000000e+03
1.103000000000000000e+03
1.079000000000000000e+03
1.095000000000000000e+03
1.110000000000000000e+03
1.116000000000000000e+03
1.103000000000000000e+03
1.109000000000000000e+03
1.104000000000000000e+03
1.124000000000000000e+03
1.094000000000000000e+03
1.120000000000000000e+03
1.074000000000000000e+03
1.042000000000000000e+03
1.014000000000000000e+03
1.003000000000000000e+03
1.042000000000000000e+03
1.010000000000000000e+03
1.032000000000000000e+03
1.031000000000000000e+03
9.830000000000000000e+02
9.850000000000000000e+02
9.720000000000000000e+02
9.130000000000000000e+02
9.050000000000000000e+02
9.710000000000000000e+02
8.450000000000000000e+02
9.040000000000000000e+02
8.930000000000000000e+02
8.560000000000000000e+02
8.620000000000000000e+02
8.210000000000000000e+02
8.710000000000000000e+02
8.500000000000000000e+02
8.310000000000000000e+02
8.260000000000000000e+02
7.680000000000000000e+02
6.720000000000000000e+02
7.150000000000000000e+02
7.190000000000000000e+02
6.850000000000000000e+02
6.470000000000000000e+02
6.140000000000000000e+02
6.260000000000000000e+02
6.110000000000000000e+02
5.460000000000000000e+02
5.560000000000000000e+02
5.220000000000000000e+02
5.350000000000000000e+02
4.840000000000000000e+02
4.850000000000000000e+02
4.900000000000000000e+02
5.100000000000000000e+02
4.500000000000000000e+02
4.610000000000000000e+02
4.750000000000000000e+02
4.450000000000000000e+02
4.170000000000000000e+02
4.290000000000000000e+02
4.820000000000000000e+02
4.460000000000000000e+02
4.520000000000000000e+02
3.620000000000000000e+02
3.810000000000000000e+02
3.920000000000000000e+02
3.340000000000000000e+02
3.760000000000000000e+02
3.530000000000000000e+02
3.260000000000000000e+02
3.280000000000000000e+02
3.200000000000000000e+02
2.100000000000000000e+02
3.330000000000000000e+02
5.280000000000000000e+02
