1.496000000000000000e+03
2.810000000000000000e+02
5.240000000000000000e+02
2.580000000000000000e+02
4.480000000000000000e+02
4.320000000000000000e+02
2.320000000000000000e+02
3.380000000000000000e+02
2.000000000000000000e+02
2.600000000000000000e+02
1.550000000000000000e+02
2.430000000000000000e+02
2.270000000000000000e+02
1.410000000000000000e+02
2.110000000000000000e+02
1.030000000000000000e+02
1.970000000000000000e+02
1.440000000000000000e+02
1.800000000000000000e+02
2.360000000000000000e+02
2.130000000000000000e+02
2.520000000000000000e+02
2.750000000000000000e+02
2.710000000000000000e+02
2.860000000000000000e+02
3.940000000000000000e+02
5.590000000000000000e+02
4.660000000000000000e+02
6.580000000000000000e+02
5.340000000000000000e+02
4.260000000000000000e+02
4.000000000000000000e+02
4.480000000000000000e+02
4.880000000000000000e+02
6.230000000000000000e+02
6.230000000000000000e+02
7.400000000000000000e+02
7.690000000000000000e+02
9.490000000000000000e+02
9.660000000000000000e+02
9.110000000000000000e+02
9.260000000000000000e+02
1.016000000000000000e+03
1.111000000000000000e+03
1.119000000000000000e+03
1.295000000000000000e+03
1.320000000000000000e+03
1.414000000000000000e+03
1.539000000000000000e+03
1.503000000000000000e+03
1.528000000000000000e+03
1.528000000000000000e+03
1.441000000000000000e+03
1.498000000000000000e+03
1.478000000000000000e+03
1.329000000000000000e+03
1.281000000000000000e+03
1.268000000000000000e+03
1.242000000000000000e+03
1.090000000000000000e+03
1.042000000000000000e+03
1.027000000000000000e+03
9.600000000000000000e+02
9.720000000000000000e+02
1.024000000000000000e+03
1.000000000000000000e+03
1.045000000000000000e+03
9.520000000000000000e+02
8.570000000000000000e+02
9.170000000000000000e+02
8.870000000000000000e+02
9.140000000000000000e+02
9.590000000000000000e+02
9.860000000000000000e+02
1.004000000000000000e+03
1.150000000000000000e+03
1.127000000000000000e+03
1.075000000000000000e+03
1.156000000000000000e+03
1.283000000000000000e+03
1.287000000000000000e+03
1.202000000000000000e+03
1.344000000000000000e+03
1.463000000000000000e+03
1.486000000000000000e+03
1.714000000000000000e+03
1.743000000000000000e+03
1.964000000000000000e+03
2.037000000000000000e+03
2.173000000000000000e+03
2.250000000000000000e+03
2.521000000000000000e+03
2.626000000000000000e+03
2.806000000000000000e+03
2.566000000000000000e+03
2.389000000000000000e+03
2.248000000000000000e+03
2.350000000000000000e+03
2.230000000000000000e+03
2.142000000000000000e+03
2.129000000000000000e+03
2.254000000000000000e+03
2.387000000000000000e+03
2.610000000000000000e+03
2.677000000000000000e+03
2.289000000000000000e+03
1.966000000000000000e+03
1.856000000000000000e+03
1.877000000000000000e+03
1.946000000000000000e+03
1.946000000000000000e+03
2.116000000000000000e+03
2.209000000000000000e+03
2.088000000000000000e+03
2.080000000000000000e+03
2.143000000000000000e+03
2.158000000000000000e+03
2.214000000000000000e+03
2.295000000000000000e+03
2.411000000000000000e+03
2.535000000000000000e+03
2.362000000000000000e+03
2.475000000000000000e+03
2.291000000000000000e+03
2.441000000000000000e+03
2.437000000000000000e+03
2.444000000000000000e+03
2.562000000000000000e+03
2.545000000000000000e+03
2.329000000000000000e+03
2.296000000000000000e+03
2.345000000000000000e+03
2.354000000000000000e+03
2.423000000000000000e+03
2.474000000000000000e+03
2.611000000000000000e+03
2.759000000000000000e+03
2.997000000000000000e+03
2.839000000000000000e+03
3.067000000000000000e+03
3.094000000000000000e+03
2.975000000000000000e+03
3.003000000000000000e+03
2.969000000000000000e+03
3.154000000000000000e+03
3.184000000000000000e+03
3.324000000000000000e+03
3.478000000000000000e+03
3.399000000000000000e+03
3.259000000000000000e+03
3.336000000000000000e+03
3.443000000000000000e+03
3.516000000000000000e+03
3.528000000000000000e+03
3.404000000000000000e+03
3.233000000000000000e+03
3.098000000000000000e+03
2.913000000000000000e+03
2.892000000000000000e+03
2.782000000000000000e+03
2.660000000000000000e+03
2.497000000000000000e+03
2.378000000000000000e+03
2.448000000000000000e+03
2.136000000000000000e+03
2.214000000000000000e+03
2.094000000000000000e+03
2.247000000000000000e+03
2.337000000000000000e+03
2.445000000000000000e+03
2.494000000000000000e+03
2.588000000000000000e+03
2.846000000000000000e+03
2.807000000000000000e+03
2.921000000000000000e+03
3.075000000000000000e+03
3.228000000000000000e+03
3.481000000000000000e+03
3.538000000000000000e+03
3.603000000000000000e+03
3.627000000000000000e+03
3.316000000000000000e+03
3.388000000000000000e+03
2.907000000000000000e+03
2.658000000000000000e+03
2.359000000000000000e+03
2.113000000000000000e+03
1.909000000000000000e+03
1.782000000000000000e+03
1.625000000000000000e+03
1.621000000000000000e+03
1.498000000000000000e+03
1.430000000000000000e+03
1.418000000000000000e+03
1.437000000000000000e+03
1.410000000000000000e+03
1.397000000000000000e+03
1.320000000000000000e+03
1.334000000000000000e+03
1.338000000000000000e+03
1.375000000000000000e+03
1.368000000000000000e+03
1.233000000000000000e+03
1.150000000000000000e+03
1.198000000000000000e+03
1.219000000000000000e+03
1.182000000000000000e+03
1.149000000000000000e+03
1.160000000000000000e+03
1.129000000000000000e+03
1.107000000000000000e+03
1.144000000000000000e+03
1.136000000000000000e+03
1.068000000000000000e+03
1.089000000000000000e+03
1.104000000000000000e+03
1.168000000000000000e+03
1.168000000000000000e+03
1.168000000000000000e+03
1.271000000000000000e+03
1.235000000000000000e+03
1.176000000000000000e+03
1.219000000000000000e+03
1.187000000000000000e+03
1.244000000000000000e+03
1.234000000000000000e+03
1.176000000000000000e+03
1.298000000000000000e+03
1.290000000000000000e+03
1.163000000000000000e+03
1.296000000000000000e+03
1.362000000000000000e+03
1.542000000000000000e+03
1.785000000000000000e+03
1.939000000000000000e+03
1.998000000000000000e+03
2.081000000000000000e+03
1.920000000000000000e+03
1.864000000000000000e+03
2.064000000000000000e+03
2.098000000000000000e+03
2.050000000000000000e+03
2.018000000000000000e+03
1.842000000000000000e+03
1.757000000000000000e+03
1.700000000000000000e+03
1.542000000000000000e+03
1.395000000000000000e+03
1.221000000000000000e+03
1.094000000000000000e+03
9.800000000000000000e+02
1.118000000000000000e+03
1.980000000000000000e+03
3.929000000000000000e+03
6.417000000000000000e+03
1.509400000000000000e+04
2.100000000000000000e+03
1.339000000000000000e+03
8.680000000000000000e+02
6.160000000000000000e+02
4.650000000000000000e+02
4.030000000000000000e+02
4.630000000000000000e+02
4.260000000000000000e+02
4.300000000000000000e+02
4.120000000000000000e+02
4.470000000000000000e+02
5.290000000000000000e+02
8.460000000000000000e+02
5.480000000000000000e+02
4.190000000000000000e+02
4.140000000000000000e+02
3.680000000000000000e+02
4.480000000000000000e+02
5.140000000000000000e+02
6.710000000000000000e+02
8.280000000000000000e+02
8.930000000000000000e+02
1.124000000000000000e+03
1.022000000000000000e+03
1.019000000000000000e+03
1.031000000000000000e+03
1.080000000000000000e+03
1.169000000000000000e+03
1.383000000000000000e+03
1.431000000000000000e+03
1.469000000000000000e+03
1.494000000000000000e+03
1.593000000000000000e+03
1.492000000000000000e+03
1.721000000000000000e+03
1.697000000000000000e+03
1.811000000000000000e+03
1.765000000000000000e+03
1.815000000000000000e+03
1.831000000000000000e+03
1.786000000000000000e+03
1.858000000000000000e+03
1.807000000000000000e+03
2.040000000000000000e+03
2.195000000000000000e+03
2.274000000000000000e+03
2.440000000000000000e+03
2.576000000000000000e+03
2.866000000000000000e+03
3.138000000000000000e+03
3.202000000000000000e+03
3.323000000000000000e+03
3.099000000000000000e+03
2.555000000000000000e+03
2.313000000000000000e+03
2.375000000000000000e+03
2.279000000000000000e+03
2.177000000000000000e+03
2.285000000000000000e+03
2.216000000000000000e+03
2.368000000000000000e+03
2.307000000000000000e+03
2.162000000000000000e+03
2.095000000000000000e+03
2.048000000000000000e+03
2.219000000000000000e+03
2.328000000000000000e+03
2.289000000000000000e+03
2.128000000000000000e+03
1.964000000000000000e+03
2.039000000000000000e+03
2.170000000000000000e+03
2.369000000000000000e+03
2.627000000000000000e+03
2.719000000000000000e+03
2.915000000000000000e+03
3.070000000000000000e+03
2.882000000000000000e+03
3.016000000000000000e+03
3.201000000000000000e+03
3.428000000000000000e+03
3.481000000000000000e+03
3.243000000000000000e+03
2.833000000000000000e+03
2.730000000000000000e+03
2.622000000000000000e+03
2.662000000000000000e+03
2.667000000000000000e+03
2.701000000000000000e+03
2.998000000000000000e+03
3.233000000000000000e+03
3.456000000000000000e+03
3.679000000000000000e+03
3.913000000000000000e+03
4.133000000000000000e+03
3.878000000000000000e+03
3.647000000000000000e+03
3.530000000000000000e+03
3.840000000000000000e+03
3.719000000000000000e+03
3.626000000000000000e+03
3.740000000000000000e+03
3.586000000000000000e+03
3.716000000000000000e+03
3.711000000000000000e+03
3.595000000000000000e+03
3.669000000000000000e+03
3.649000000000000000e+03
3.269000000000000000e+03
3.273000000000000000e+03
3.214000000000000000e+03
3.048000000000000000e+03
2.974000000000000000e+03
2.912000000000000000e+03
2.937000000000000000e+03
2.720000000000000000e+03
2.521000000000000000e+03
2.367000000000000000e+03
2.053000000000000000e+03
1.874000000000000000e+03
1.740000000000000000e+03
1.789000000000000000e+03
1.759000000000000000e+03
1.736000000000000000e+03
1.714000000000000000e+03
1.779000000000000000e+03
1.738000000000000000e+03
1.673000000000000000e+03
1.686000000000000000e+03
1.591000000000000000e+03
1.606000000000000000e+03
1.589000000000000000e+03
1.608000000000000000e+03
1.452000000000000000e+03
1.275000000000000000e+03
1.080000000000000000e+03
9.440000000000000000e+02
7.740000000000000000e+02
7.840000000000000000e+02
7.490000000000000000e+02
6.650000000000000000e+02
7.180000000000000000e+02
7.400000000000000000e+02
7.340000000000000000e+02
7.930000000000000000e+02
7.520000000000000000e+02
7.560000000000000000e+02
8.030000000000000000e+02
7.750000000000000000e+02
8.100000000000000000e+02
8.420000000000000000e+02
8.760000000000000000e+02
8.750000000000000000e+02
9.770000000000000000e+02
9.910000000000000000e+02
1.082000000000000000e+03
9.990000000000000000e+02
1.003000000000000000e+03
1.092000000000000000e+03
1.073000000000000000e+03
1.283000000000000000e+03
1.595000000000000000e+03
1.652000000000000000e+03
1.487000000000000000e+03
1.177000000000000000e+03
1.256000000000000000e+03
1.264000000000000000e+03
1.298000000000000000e+03
1.265000000000000000e+03
1.393000000000000000e+03
1.435000000000000000e+03
1.481000000000000000e+03
1.513000000000000000e+03
1.508000000000000000e+03
1.551000000000000000e+03
1.550000000000000000e+03
1.566000000000000000e+03
1.655000000000000000e+03
1.672000000000000000e+03
1.708000000000000000e+03
1.776000000000000000e+03
1.697000000000000000e+03
1.727000000000000000e+03
1.662000000000000000e+03
1.651000000000000000e+03
1.554000000000000000e+03
1.576000000000000000e+03
1.546000000000000000e+03
1.606000000000000000e+03
1.528000000000000000e+03
1.477000000000000000e+03
1.529000000000000000e+03
1.430000000000000000e+03
1.479000000000000000e+03
1.495000000000000000e+03
1.381000000000000000e+03
1.441000000000000000e+03
1.392000000000000000e+03
1.483000000000000000e+03
1.393000000000000000e+03
1.396000000000000000e+03
1.330000000000000000e+03
1.453000000000000000e+03
1.521000000000000000e+03
1.588000000000000000e+03
1.803000000000000000e+03
1.778000000000000000e+03
1.648000000000000000e+03
1.686000000000000000e+03
1.805000000000000000e+03
2.001000000000000000e+03
1.956000000000000000e+03
1.920000000000000000e+03
1.919000000000000000e+03
2.044000000000000000e+03
2.096000000000000000e+03
1.881000000000000000e+03
2.090000000000000000e+03
2.242000000000000000e+03
3.106000000000000000e+03
2.911000000000000000e+03
2.674000000000000000e+03
3.870000000000000000e+03
3.064000000000000000e+03
2.366000000000000000e+03
2.336000000000000000e+03
2.231000000000000000e+03
2.431000000000000000e+03
2.694000000000000000e+03
2.706000000000000000e+03
2.769000000000000000e+03
2.709000000000000000e+03
2.528000000000000000e+03
2.278000000000000000e+03
1.783000000000000000e+03
1.471000000000000000e+03
1.013000000000000000e+03
7.200000000000000000e+02
5.460000000000000000e+02
4.000000000000000000e+02
2.970000000000000000e+02
1.800000000000000000e+02
8.800000000000000000e+01
5.900000000000000000e+01
2.900000000000000000e+01
2.500000000000000000e+01
2.700000000000000000e+01
2.500000000000000000e+01
2.700000000000000000e+01
2.700000000000000000e+01
2.900000000000000000e+01
2.500000000000000000e+01
3.300000000000000000e+01
3.400000000000000000e+01
3.300000000000000000e+01
1.840000000000000000e+02
1.156600000000000000e+04
4.440000000000000000e+03
3.560000000000000000e+03
2.911000000000000000e+03
2.414000000000000000e+03
2.039000000000000000e+03
1.973000000000000000e+03
1.796000000000000000e+03
1.761000000000000000e+03
1.832000000000000000e+03
1.735000000000000000e+03
1.891000000000000000e+03
2.009000000000000000e+03
2.251000000000000000e+03
2.206000000000000000e+03
2.512000000000000000e+03
2.451000000000000000e+03
2.513000000000000000e+03
2.608000000000000000e+03
2.602000000000000000e+03
2.656000000000000000e+03
2.582000000000000000e+03
2.591000000000000000e+03
2.624000000000000000e+03
2.557000000000000000e+03
2.348000000000000000e+03
2.245000000000000000e+03
2.313000000000000000e+03
2.260000000000000000e+03
2.187000000000000000e+03
2.072000000000000000e+03
2.101000000000000000e+03
1.940000000000000000e+03
1.835000000000000000e+03
1.815000000000000000e+03
1.812000000000000000e+03
1.841000000000000000e+03
1.688000000000000000e+03
1.604000000000000000e+03
1.432000000000000000e+03
1.299000000000000000e+03
1.255000000000000000e+03
1.309000000000000000e+03
1.251000000000000000e+03
1.251000000000000000e+03
1.538000000000000000e+03
1.727000000000000000e+03
1.666000000000000000e+03
1.772000000000000000e+03
1.834000000000000000e+03
1.927000000000000000e+03
2.100000000000000000e+03
2.296000000000000000e+03
2.396000000000000000e+03
2.384000000000000000e+03
2.404000000000000000e+03
2.420000000000000000e+03
2.308000000000000000e+03
2.272000000000000000e+03
2.394000000000000000e+03
2.683000000000000000e+03
2.796000000000000000e+03
3.146000000000000000e+03
3.360000000000000000e+03
3.375000000000000000e+03
3.232000000000000000e+03
3.357000000000000000e+03
3.356000000000000000e+03
3.567000000000000000e+03
3.767000000000000000e+03
3.604000000000000000e+03
3.220000000000000000e+03
3.047000000000000000e+03
3.190000000000000000e+03
3.322000000000000000e+03
3.487000000000000000e+03
3.414000000000000000e+03
3.525000000000000000e+03
3.791000000000000000e+03
3.646000000000000000e+03
3.761000000000000000e+03
3.760000000000000000e+03
3.910000000000000000e+03
3.908000000000000000e+03
3.787000000000000000e+03
3.838000000000000000e+03
3.750000000000000000e+03
3.562000000000000000e+03
3.572000000000000000e+03
3.432000000000000000e+03
3.277000000000000000e+03
3.418000000000000000e+03
3.429000000000000000e+03
3.376000000000000000e+03
3.073000000000000000e+03
3.295000000000000000e+03
3.296000000000000000e+03
3.086000000000000000e+03
2.664000000000000000e+03
2.411000000000000000e+03
2.167000000000000000e+03
1.880000000000000000e+03
1.660000000000000000e+03
1.596000000000000000e+03
1.508000000000000000e+03
1.481000000000000000e+03
1.540000000000000000e+03
1.510000000000000000e+03
1.478000000000000000e+03
1.448000000000000000e+03
1.314000000000000000e+03
1.097000000000000000e+03
9.320000000000000000e+02
8.210000000000000000e+02
8.230000000000000000e+02
8.110000000000000000e+02
7.430000000000000000e+02
7.500000000000000000e+02
7.470000000000000000e+02
6.320000000000000000e+02
5.850000000000000000e+02
6.780000000000000000e+02
5.990000000000000000e+02
6.210000000000000000e+02
7.190000000000000000e+02
7.250000000000000000e+02
6.260000000000000000e+02
5.850000000000000000e+02
6.130000000000000000e+02
6.460000000000000000e+02
5.850000000000000000e+02
6.390000000000000000e+02
5.480000000000000000e+02
5.390000000000000000e+02
5.440000000000000000e+02
5.970000000000000000e+02
4.960000000000000000e+02
5.060000000000000000e+02
5.080000000000000000e+02
5.770000000000000000e+02
5.400000000000000000e+02
6.350000000000000000e+02
5.320000000000000000e+02
6.090000000000000000e+02
6.380000000000000000e+02
7.240000000000000000e+02
7.870000000000000000e+02
8.500000000000000000e+02
8.580000000000000000e+02
8.670000000000000000e+02
9.500000000000000000e+02
1.228000000000000000e+03
1.177000000000000000e+03
1.300000000000000000e+03
1.184000000000000000e+03
8.850000000000000000e+02
8.030000000000000000e+02
8.270000000000000000e+02
9.350000000000000000e+02
9.590000000000000000e+02
9.800000000000000000e+02
9.460000000000000000e+02
6.620000000000000000e+02
7.320000000000000000e+02
9.230000000000000000e+02
1.153000000000000000e+03
1.314000000000000000e+03
1.429000000000000000e+03
1.505000000000000000e+03
1.796000000000000000e+03
1.413000000000000000e+03
1.433000000000000000e+03
2.090000000000000000e+03
2.397000000000000000e+03
1.676000000000000000e+03
1.230000000000000000e+03
1.563000000000000000e+03
1.735000000000000000e+03
1.265000000000000000e+03
1.074000000000000000e+03
1.110000000000000000e+03
1.235000000000000000e+03
1.247000000000000000e+03
1.424000000000000000e+03
1.458000000000000000e+03
1.458000000000000000e+03
1.497000000000000000e+03
1.539000000000000000e+03
1.571000000000000000e+03
1.648000000000000000e+03
1.699000000000000000e+03
1.760000000000000000e+03
1.736000000000000000e+03
1.818000000000000000e+03
1.801000000000000000e+03
1.700000000000000000e+03
1.717000000000000000e+03
1.697000000000000000e+03
1.652000000000000000e+03
1.606000000000000000e+03
1.579000000000000000e+03
1.580000000000000000e+03
1.562000000000000000e+03
1.387000000000000000e+03
1.386000000000000000e+03
1.345000000000000000e+03
1.419000000000000000e+03
1.461000000000000000e+03
1.458000000000000000e+03
1.472000000000000000e+03
1.476000000000000000e+03
1.530000000000000000e+03
1.619000000000000000e+03
1.564000000000000000e+03
1.592000000000000000e+03
1.652000000000000000e+03
1.690000000000000000e+03
1.714000000000000000e+03
1.696000000000000000e+03
1.719000000000000000e+03
1.666000000000000000e+03
1.819000000000000000e+03
1.962000000000000000e+03
2.060000000000000000e+03
2.303000000000000000e+03
2.351000000000000000e+03
2.301000000000000000e+03
2.608000000000000000e+03
2.785000000000000000e+03
2.853000000000000000e+03
2.873000000000000000e+03
2.932000000000000000e+03
2.797000000000000000e+03
2.404000000000000000e+03
1.686000000000000000e+03
1.120000000000000000e+03
7.280000000000000000e+02
5.120000000000000000e+02
3.260000000000000000e+02
2.280000000000000000e+02
1.410000000000000000e+02
8.500000000000000000e+01
6.200000000000000000e+01
3.000000000000000000e+01
4.400000000000000000e+01
2.600000000000000000e+01
2.100000000000000000e+01
1.800000000000000000e+01
1.300000000000000000e+01
1.000000000000000000e+01
2.000000000000000000e+00
6.000000000000000000e+00
3.000000000000000000e+00
2.000000000000000000e+00
3.000000000000000000e+00
2.000000000000000000e+00
