6.804000000000000000e+03
2.187000000000000000e+03
3.474000000000000000e+03
2.394000000000000000e+03
2.687000000000000000e+03
2.699000000000000000e+03
2.114000000000000000e+03
2.117000000000000000e+03
1.637000000000000000e+03
1.602000000000000000e+03
1.398000000000000000e+03
1.257000000000000000e+03
1.238000000000000000e+03
1.121000000000000000e+03
1.082000000000000000e+03
1.097000000000000000e+03
1.049000000000000000e+03
1.049000000000000000e+03
1.044000000000000000e+03
1.063000000000000000e+03
1.009000000000000000e+03
1.108000000000000000e+03
1.074000000000000000e+03
1.079000000000000000e+03
1.058000000000000000e+03
1.154000000000000000e+03
1.082000000000000000e+03
1.216000000000000000e+03
1.241000000000000000e+03
1.353000000000000000e+03
1.467000000000000000e+03
1.511000000000000000e+03
1.640000000000000000e+03
1.685000000000000000e+03
1.763000000000000000e+03
1.726000000000000000e+03
1.650000000000000000e+03
1.636000000000000000e+03
1.694000000000000000e+03
1.692000000000000000e+03
1.658000000000000000e+03
1.890000000000000000e+03
1.998000000000000000e+03
2.070000000000000000e+03
2.224000000000000000e+03
2.514000000000000000e+03
2.769000000000000000e+03
2.949000000000000000e+03
3.461000000000000000e+03
3.887000000000000000e+03
4.288000000000000000e+03
4.659000000000000000e+03
5.041000000000000000e+03
5.738000000000000000e+03
6.106000000000000000e+03
6.556000000000000000e+03
7.246000000000000000e+03
7.853000000000000000e+03
8.110000000000000000e+03
8.792000000000000000e+03
9.122000000000000000e+03
9.386000000000000000e+03
9.586000000000000000e+03
9.296000000000000000e+03
9.282000000000000000e+03
8.939000000000000000e+03
8.912000000000000000e+03
9.015000000000000000e+03
9.421000000000000000e+03
9.407000000000000000e+03
9.213000000000000000e+03
9.073000000000000000e+03
8.466000000000000000e+03
8.637000000000000000e+03
8.989000000000000000e+03
9.151000000000000000e+03
9.572000000000000000e+03
9.812000000000000000e+03
1.013900000000000000e+04
1.075300000000000000e+04
1.167300000000000000e+04
1.135600000000000000e+04
1.100200000000000000e+04
1.079500000000000000e+04
1.077100000000000000e+04
1.091400000000000000e+04
1.100400000000000000e+04
1.139200000000000000e+04
1.158300000000000000e+04
1.182600000000000000e+04
1.264700000000000000e+04
1.285000000000000000e+04
1.226400000000000000e+04
1.254900000000000000e+04
1.279500000000000000e+04
1.297600000000000000e+04
1.325300000000000000e+04
1.363700000000000000e+04
1.365900000000000000e+04
1.275500000000000000e+04
1.076500000000000000e+04
8.728000000000000000e+03
7.245000000000000000e+03
6.679000000000000000e+03
6.648000000000000000e+03
6.383000000000000000e+03
6.507000000000000000e+03
5.763000000000000000e+03
5.658000000000000000e+03
5.337000000000000000e+03
4.866000000000000000e+03
4.756000000000000000e+03
4.823000000000000000e+03
4.675000000000000000e+03
4.458000000000000000e+03
4.781000000000000000e+03
4.722000000000000000e+03
4.822000000000000000e+03
4.983000000000000000e+03
4.853000000000000000e+03
5.004000000000000000e+03
4.866000000000000000e+03
4.838000000000000000e+03
4.773000000000000000e+03
4.976000000000000000e+03
4.967000000000000000e+03
5.116000000000000000e+03
5.014000000000000000e+03
4.914000000000000000e+03
4.860000000000000000e+03
4.487000000000000000e+03
4.500000000000000000e+03
4.435000000000000000e+03
4.342000000000000000e+03
4.195000000000000000e+03
4.149000000000000000e+03
4.036000000000000000e+03
3.957000000000000000e+03
3.864000000000000000e+03
4.003000000000000000e+03
4.026000000000000000e+03
4.048000000000000000e+03
4.186000000000000000e+03
4.113000000000000000e+03
4.339000000000000000e+03
4.469000000000000000e+03
4.554000000000000000e+03
4.865000000000000000e+03
4.947000000000000000e+03
5.339000000000000000e+03
5.558000000000000000e+03
5.584000000000000000e+03
5.369000000000000000e+03
5.550000000000000000e+03
5.819000000000000000e+03
6.286000000000000000e+03
6.833000000000000000e+03
7.322000000000000000e+03
6.673000000000000000e+03
5.217000000000000000e+03
4.349000000000000000e+03
3.957000000000000000e+03
4.035000000000000000e+03
3.832000000000000000e+03
3.708000000000000000e+03
3.699000000000000000e+03
3.602000000000000000e+03
3.620000000000000000e+03
3.605000000000000000e+03
3.537000000000000000e+03
3.459000000000000000e+03
3.461000000000000000e+03
3.453000000000000000e+03
3.605000000000000000e+03
3.617000000000000000e+03
3.836000000000000000e+03
3.975000000000000000e+03
3.985000000000000000e+03
4.240000000000000000e+03
4.201000000000000000e+03
4.208000000000000000e+03
4.187000000000000000e+03
4.262000000000000000e+03
4.345000000000000000e+03
4.245000000000000000e+03
4.240000000000000000e+03
4.261000000000000000e+03
4.358000000000000000e+03
4.251000000000000000e+03
4.127000000000000000e+03
4.051000000000000000e+03
4.069000000000000000e+03
4.183000000000000000e+03
4.055000000000000000e+03
3.948000000000000000e+03
3.883000000000000000e+03
3.919000000000000000e+03
4.006000000000000000e+03
4.054000000000000000e+03
4.181000000000000000e+03
4.254000000000000000e+03
4.458000000000000000e+03
4.544000000000000000e+03
4.614000000000000000e+03
4.670000000000000000e+03
4.751000000000000000e+03
4.893000000000000000e+03
5.139000000000000000e+03
5.288000000000000000e+03
5.506000000000000000e+03
5.742000000000000000e+03
5.938000000000000000e+03
5.989000000000000000e+03
5.927000000000000000e+03
6.113000000000000000e+03
6.208000000000000000e+03
6.318000000000000000e+03
6.386000000000000000e+03
6.237000000000000000e+03
6.235000000000000000e+03
6.298000000000000000e+03
6.002000000000000000e+03
6.072000000000000000e+03
5.891000000000000000e+03
5.961000000000000000e+03
5.602000000000000000e+03
5.441000000000000000e+03
5.073000000000000000e+03
4.790000000000000000e+03
4.776000000000000000e+03
4.799000000000000000e+03
4.833000000000000000e+03
4.941000000000000000e+03
4.941000000000000000e+03
5.013000000000000000e+03
5.487000000000000000e+03
5.438000000000000000e+03
5.593000000000000000e+03
5.636000000000000000e+03
5.607000000000000000e+03
5.603000000000000000e+03
5.732000000000000000e+03
6.066000000000000000e+03
6.443000000000000000e+03
7.023000000000000000e+03
7.545000000000000000e+03
7.845000000000000000e+03
8.173000000000000000e+03
9.134000000000000000e+03
1.009000000000000000e+04
1.066100000000000000e+04
1.069700000000000000e+04
1.142000000000000000e+04
1.452800000000000000e+04
1.858200000000000000e+04
2.596800000000000000e+04
1.365000000000000000e+04
6.283000000000000000e+03
4.258000000000000000e+03
3.304000000000000000e+03
2.488000000000000000e+03
2.135000000000000000e+03
1.832000000000000000e+03
1.634000000000000000e+03
1.500000000000000000e+03
1.473000000000000000e+03
1.436000000000000000e+03
1.532000000000000000e+03
1.629000000000000000e+03
1.759000000000000000e+03
1.780000000000000000e+03
1.674000000000000000e+03
1.605000000000000000e+03
1.600000000000000000e+03
1.484000000000000000e+03
1.616000000000000000e+03
1.522000000000000000e+03
1.559000000000000000e+03
1.625000000000000000e+03
1.661000000000000000e+03
1.711000000000000000e+03
1.705000000000000000e+03
1.843000000000000000e+03
1.866000000000000000e+03
2.084000000000000000e+03
2.301000000000000000e+03
2.742000000000000000e+03
3.233000000000000000e+03
3.578000000000000000e+03
4.200000000000000000e+03
4.723000000000000000e+03
5.392000000000000000e+03
6.154000000000000000e+03
7.046000000000000000e+03
7.900000000000000000e+03
8.556000000000000000e+03
9.258000000000000000e+03
9.964000000000000000e+03
1.057200000000000000e+04
1.115000000000000000e+04
1.143200000000000000e+04
1.147200000000000000e+04
1.095700000000000000e+04
1.076100000000000000e+04
1.084500000000000000e+04
1.087400000000000000e+04
1.107300000000000000e+04
1.053100000000000000e+04
1.038900000000000000e+04
9.996000000000000000e+03
9.965000000000000000e+03
1.020800000000000000e+04
1.014400000000000000e+04
1.068400000000000000e+04
1.056700000000000000e+04
1.094000000000000000e+04
1.107200000000000000e+04
1.098100000000000000e+04
9.832000000000000000e+03
9.888000000000000000e+03
9.866000000000000000e+03
9.637000000000000000e+03
1.032800000000000000e+04
1.074000000000000000e+04
1.048000000000000000e+04
1.001400000000000000e+04
9.403000000000000000e+03
8.816000000000000000e+03
8.407000000000000000e+03
8.159000000000000000e+03
8.368000000000000000e+03
8.192000000000000000e+03
8.455000000000000000e+03
8.143000000000000000e+03
7.959000000000000000e+03
8.250000000000000000e+03
8.635000000000000000e+03
8.630000000000000000e+03
8.645000000000000000e+03
8.831000000000000000e+03
9.047000000000000000e+03
9.086000000000000000e+03
9.066000000000000000e+03
9.386000000000000000e+03
9.881000000000000000e+03
1.102100000000000000e+04
1.197200000000000000e+04
1.277500000000000000e+04
1.338300000000000000e+04
1.279600000000000000e+04
1.151700000000000000e+04
9.573000000000000000e+03
8.123000000000000000e+03
7.158000000000000000e+03
6.785000000000000000e+03
6.481000000000000000e+03
6.439000000000000000e+03
6.389000000000000000e+03
6.540000000000000000e+03
6.621000000000000000e+03
6.468000000000000000e+03
6.691000000000000000e+03
6.609000000000000000e+03
6.715000000000000000e+03
6.745000000000000000e+03
6.661000000000000000e+03
6.841000000000000000e+03
6.883000000000000000e+03
6.896000000000000000e+03
6.910000000000000000e+03
6.966000000000000000e+03
6.727000000000000000e+03
6.711000000000000000e+03
6.493000000000000000e+03
6.150000000000000000e+03
5.946000000000000000e+03
5.676000000000000000e+03
5.651000000000000000e+03
5.665000000000000000e+03
5.274000000000000000e+03
5.071000000000000000e+03
5.163000000000000000e+03
4.997000000000000000e+03
4.934000000000000000e+03
4.822000000000000000e+03
4.647000000000000000e+03
5.059000000000000000e+03
5.429000000000000000e+03
6.099000000000000000e+03
7.907000000000000000e+03
8.177000000000000000e+03
5.755000000000000000e+03
3.860000000000000000e+03
3.068000000000000000e+03
2.625000000000000000e+03
2.358000000000000000e+03
2.103000000000000000e+03
1.849000000000000000e+03
1.591000000000000000e+03
1.290000000000000000e+03
1.107000000000000000e+03
1.043000000000000000e+03
9.740000000000000000e+02
8.750000000000000000e+02
9.100000000000000000e+02
9.990000000000000000e+02
9.030000000000000000e+02
9.310000000000000000e+02
9.840000000000000000e+02
1.016000000000000000e+03
1.006000000000000000e+03
1.110000000000000000e+03
1.134000000000000000e+03
1.139000000000000000e+03
1.129000000000000000e+03
1.261000000000000000e+03
1.310000000000000000e+03
1.304000000000000000e+03
1.251000000000000000e+03
1.322000000000000000e+03
1.316000000000000000e+03
1.392000000000000000e+03
1.442000000000000000e+03
1.467000000000000000e+03
1.536000000000000000e+03
1.557000000000000000e+03
1.654000000000000000e+03
1.667000000000000000e+03
1.739000000000000000e+03
1.797000000000000000e+03
1.854000000000000000e+03
1.801000000000000000e+03
1.936000000000000000e+03
1.994000000000000000e+03
2.217000000000000000e+03
2.334000000000000000e+03
2.351000000000000000e+03
2.441000000000000000e+03
2.487000000000000000e+03
2.702000000000000000e+03
2.910000000000000000e+03
3.100000000000000000e+03
3.179000000000000000e+03
3.367000000000000000e+03
3.475000000000000000e+03
3.709000000000000000e+03
3.901000000000000000e+03
4.243000000000000000e+03
4.328000000000000000e+03
4.618000000000000000e+03
4.941000000000000000e+03
5.177000000000000000e+03
5.190000000000000000e+03
5.347000000000000000e+03
5.715000000000000000e+03
6.046000000000000000e+03
6.005000000000000000e+03
6.341000000000000000e+03
6.358000000000000000e+03
6.544000000000000000e+03
6.454000000000000000e+03
6.561000000000000000e+03
6.554000000000000000e+03
6.719000000000000000e+03
6.579000000000000000e+03
6.676000000000000000e+03
6.521000000000000000e+03
6.499000000000000000e+03
6.631000000000000000e+03
6.374000000000000000e+03
6.305000000000000000e+03
6.343000000000000000e+03
6.459000000000000000e+03
6.345000000000000000e+03
6.520000000000000000e+03
6.457000000000000000e+03
6.310000000000000000e+03
6.282000000000000000e+03
6.283000000000000000e+03
5.878000000000000000e+03
6.221000000000000000e+03
6.080000000000000000e+03
6.069000000000000000e+03
5.905000000000000000e+03
5.812000000000000000e+03
5.813000000000000000e+03
6.027000000000000000e+03
6.239000000000000000e+03
6.631000000000000000e+03
7.238000000000000000e+03
7.746000000000000000e+03
7.951000000000000000e+03
8.243000000000000000e+03
9.227000000000000000e+03
1.028300000000000000e+04
1.101500000000000000e+04
1.090600000000000000e+04
1.148500000000000000e+04
1.141500000000000000e+04
1.095000000000000000e+04
8.718000000000000000e+03
6.025000000000000000e+03
6.437000000000000000e+03
6.009000000000000000e+03
4.726000000000000000e+03
1.393000000000000000e+03
6.270000000000000000e+02
5.040000000000000000e+02
5.730000000000000000e+02
6.360000000000000000e+02
6.350000000000000000e+02
7.180000000000000000e+02
2.028700000000000000e+04
7.135000000000000000e+03
5.289000000000000000e+03
3.913000000000000000e+03
3.400000000000000000e+03
3.018000000000000000e+03
2.515000000000000000e+03
2.343000000000000000e+03
2.134000000000000000e+03
1.961000000000000000e+03
1.981000000000000000e+03
1.883000000000000000e+03
1.772000000000000000e+03
1.880000000000000000e+03
1.885000000000000000e+03
1.944000000000000000e+03
1.967000000000000000e+03
2.069000000000000000e+03
2.146000000000000000e+03
2.516000000000000000e+03
2.535000000000000000e+03
2.758000000000000000e+03
3.087000000000000000e+03
3.279000000000000000e+03
3.326000000000000000e+03
3.593000000000000000e+03
3.662000000000000000e+03
3.896000000000000000e+03
3.888000000000000000e+03
4.026000000000000000e+03
3.993000000000000000e+03
4.057000000000000000e+03
4.119000000000000000e+03
4.007000000000000000e+03
4.215000000000000000e+03
4.473000000000000000e+03
4.704000000000000000e+03
5.118000000000000000e+03
5.287000000000000000e+03
5.461000000000000000e+03
5.732000000000000000e+03
6.149000000000000000e+03
5.955000000000000000e+03
6.337000000000000000e+03
6.766000000000000000e+03
6.659000000000000000e+03
6.427000000000000000e+03
6.962000000000000000e+03
7.086000000000000000e+03
7.032000000000000000e+03
6.851000000000000000e+03
6.527000000000000000e+03
6.331000000000000000e+03
6.226000000000000000e+03
5.949000000000000000e+03
5.422000000000000000e+03
5.240000000000000000e+03
5.739000000000000000e+03
4.962000000000000000e+03
4.539000000000000000e+03
4.410000000000000000e+03
4.218000000000000000e+03
4.072000000000000000e+03
3.992000000000000000e+03
4.033000000000000000e+03
3.949000000000000000e+03
3.903000000000000000e+03
3.886000000000000000e+03
4.017000000000000000e+03
3.975000000000000000e+03
3.992000000000000000e+03
3.912000000000000000e+03
3.822000000000000000e+03
3.879000000000000000e+03
3.892000000000000000e+03
3.966000000000000000e+03
4.062000000000000000e+03
4.415000000000000000e+03
4.667000000000000000e+03
5.078000000000000000e+03
5.194000000000000000e+03
5.484000000000000000e+03
5.504000000000000000e+03
5.545000000000000000e+03
5.951000000000000000e+03
6.015000000000000000e+03
6.311000000000000000e+03
6.849000000000000000e+03
6.930000000000000000e+03
6.946000000000000000e+03
6.883000000000000000e+03
6.924000000000000000e+03
7.144000000000000000e+03
7.117000000000000000e+03
7.372000000000000000e+03
7.527000000000000000e+03
7.782000000000000000e+03
8.111000000000000000e+03
8.341000000000000000e+03
8.604000000000000000e+03
8.714000000000000000e+03
8.582000000000000000e+03
8.455000000000000000e+03
8.351000000000000000e+03
8.170000000000000000e+03
8.045000000000000000e+03
7.644000000000000000e+03
7.466000000000000000e+03
7.304000000000000000e+03
7.243000000000000000e+03
7.021000000000000000e+03
6.953000000000000000e+03
6.955000000000000000e+03
6.927000000000000000e+03
6.949000000000000000e+03
6.662000000000000000e+03
6.385000000000000000e+03
6.440000000000000000e+03
6.593000000000000000e+03
6.395000000000000000e+03
6.974000000000000000e+03
7.720000000000000000e+03
8.179000000000000000e+03
7.129000000000000000e+03
5.584000000000000000e+03
4.176000000000000000e+03
3.522000000000000000e+03
3.063000000000000000e+03
2.920000000000000000e+03
2.573000000000000000e+03
2.510000000000000000e+03
2.300000000000000000e+03
2.189000000000000000e+03
2.146000000000000000e+03
2.093000000000000000e+03
2.114000000000000000e+03
1.995000000000000000e+03
1.920000000000000000e+03
1.851000000000000000e+03
1.986000000000000000e+03
2.000000000000000000e+03
1.981000000000000000e+03
2.010000000000000000e+03
2.030000000000000000e+03
2.064000000000000000e+03
1.966000000000000000e+03
1.785000000000000000e+03
1.731000000000000000e+03
1.617000000000000000e+03
1.699000000000000000e+03
1.675000000000000000e+03
1.741000000000000000e+03
1.800000000000000000e+03
1.853000000000000000e+03
1.862000000000000000e+03
1.875000000000000000e+03
1.793000000000000000e+03
1.876000000000000000e+03
1.885000000000000000e+03
1.870000000000000000e+03
2.019000000000000000e+03
2.083000000000000000e+03
2.172000000000000000e+03
2.170000000000000000e+03
2.282000000000000000e+03
2.312000000000000000e+03
2.527000000000000000e+03
2.537000000000000000e+03
2.667000000000000000e+03
2.793000000000000000e+03
2.881000000000000000e+03
3.071000000000000000e+03
3.318000000000000000e+03
3.387000000000000000e+03
3.555000000000000000e+03
3.662000000000000000e+03
3.734000000000000000e+03
3.698000000000000000e+03
3.818000000000000000e+03
3.898000000000000000e+03
3.830000000000000000e+03
3.850000000000000000e+03
3.855000000000000000e+03
3.782000000000000000e+03
3.810000000000000000e+03
3.810000000000000000e+03
3.944000000000000000e+03
4.058000000000000000e+03
4.262000000000000000e+03
4.481000000000000000e+03
4.610000000000000000e+03
4.843000000000000000e+03
4.838000000000000000e+03
4.960000000000000000e+03
5.223000000000000000e+03
5.662000000000000000e+03
5.845000000000000000e+03
6.112000000000000000e+03
6.357000000000000000e+03
6.456000000000000000e+03
6.681000000000000000e+03
6.999000000000000000e+03
7.215000000000000000e+03
7.634000000000000000e+03
7.928000000000000000e+03
8.288000000000000000e+03
8.705000000000000000e+03
8.860000000000000000e+03
8.973000000000000000e+03
9.200000000000000000e+03
9.544000000000000000e+03
9.527000000000000000e+03
9.627000000000000000e+03
9.429000000000000000e+03
9.542000000000000000e+03
9.527000000000000000e+03
9.533000000000000000e+03
9.493000000000000000e+03
9.282000000000000000e+03
9.029000000000000000e+03
8.749000000000000000e+03
8.439000000000000000e+03
8.255000000000000000e+03
8.521000000000000000e+03
8.340000000000000000e+03
8.255000000000000000e+03
8.137000000000000000e+03
7.967000000000000000e+03
8.061000000000000000e+03
7.910000000000000000e+03
7.752000000000000000e+03
7.432000000000000000e+03
7.906000000000000000e+03
7.641000000000000000e+03
7.812000000000000000e+03
7.692000000000000000e+03
7.695000000000000000e+03
7.733000000000000000e+03
8.036000000000000000e+03
8.504000000000000000e+03
8.851000000000000000e+03
9.384000000000000000e+03
9.892000000000000000e+03
1.023400000000000000e+04
1.029600000000000000e+04
1.100000000000000000e+04
1.205500000000000000e+04
1.292700000000000000e+04
1.301500000000000000e+04
1.364700000000000000e+04
1.382900000000000000e+04
1.413200000000000000e+04
1.382600000000000000e+04
1.442900000000000000e+04
1.431300000000000000e+04
1.874700000000000000e+04
