1.044700000000000000e+04
6.026000000000000000e+03
4.429000000000000000e+03
3.821000000000000000e+03
4.287000000000000000e+03
3.212000000000000000e+03
2.958000000000000000e+03
2.575000000000000000e+03
2.240000000000000000e+03
1.909000000000000000e+03
1.886000000000000000e+03
1.800000000000000000e+03
1.517000000000000000e+03
1.338000000000000000e+03
1.242000000000000000e+03
1.201000000000000000e+03
1.187000000000000000e+03
1.243000000000000000e+03
1.335000000000000000e+03
1.476000000000000000e+03
1.298000000000000000e+03
1.337000000000000000e+03
1.290000000000000000e+03
1.466000000000000000e+03
1.435000000000000000e+03
1.553000000000000000e+03
1.527000000000000000e+03
1.794000000000000000e+03
2.016000000000000000e+03
2.027000000000000000e+03
1.960000000000000000e+03
2.015000000000000000e+03
1.963000000000000000e+03
2.143000000000000000e+03
5.348000000000000000e+03
3.183000000000000000e+03
2.466000000000000000e+03
2.371000000000000000e+03
2.593000000000000000e+03
2.474000000000000000e+03
2.442000000000000000e+03
2.457000000000000000e+03
2.616000000000000000e+03
2.578000000000000000e+03
2.308000000000000000e+03
2.121000000000000000e+03
2.061000000000000000e+03
1.989000000000000000e+03
1.934000000000000000e+03
2.028000000000000000e+03
2.095000000000000000e+03
1.929000000000000000e+03
2.010000000000000000e+03
2.047000000000000000e+03
2.137000000000000000e+03
2.151000000000000000e+03
2.060000000000000000e+03
2.175000000000000000e+03
2.081000000000000000e+03
1.830000000000000000e+03
1.791000000000000000e+03
1.862000000000000000e+03
1.798000000000000000e+03
1.781000000000000000e+03
1.771000000000000000e+03
1.807000000000000000e+03
1.833000000000000000e+03
1.798000000000000000e+03
1.934000000000000000e+03
1.949000000000000000e+03
1.965000000000000000e+03
1.906000000000000000e+03
1.873000000000000000e+03
1.796000000000000000e+03
1.734000000000000000e+03
1.688000000000000000e+03
1.676000000000000000e+03
1.585000000000000000e+03
1.497000000000000000e+03
1.555000000000000000e+03
1.503000000000000000e+03
1.386000000000000000e+03
1.358000000000000000e+03
1.371000000000000000e+03
1.463000000000000000e+03
1.417000000000000000e+03
1.388000000000000000e+03
1.437000000000000000e+03
1.733000000000000000e+03
1.802000000000000000e+03
1.842000000000000000e+03
1.838000000000000000e+03
1.711000000000000000e+03
1.885000000000000000e+03
1.745000000000000000e+03
1.729000000000000000e+03
1.709000000000000000e+03
1.957000000000000000e+03
1.858000000000000000e+03
1.798000000000000000e+03
1.727000000000000000e+03
1.833000000000000000e+03
1.932000000000000000e+03
1.768000000000000000e+03
1.727000000000000000e+03
1.960000000000000000e+03
1.945000000000000000e+03
1.866000000000000000e+03
2.162000000000000000e+03
1.970000000000000000e+03
2.054000000000000000e+03
2.061000000000000000e+03
2.135000000000000000e+03
1.966000000000000000e+03
1.844000000000000000e+03
1.869000000000000000e+03
1.867000000000000000e+03
1.963000000000000000e+03
2.188000000000000000e+03
2.060000000000000000e+03
1.838000000000000000e+03
1.878000000000000000e+03
2.034000000000000000e+03
2.040000000000000000e+03
2.298000000000000000e+03
2.472000000000000000e+03
2.464000000000000000e+03
2.748000000000000000e+03
2.786000000000000000e+03
2.920000000000000000e+03
2.916000000000000000e+03
2.454000000000000000e+03
2.144000000000000000e+03
2.039000000000000000e+03
1.973000000000000000e+03
1.922000000000000000e+03
2.184000000000000000e+03
2.105000000000000000e+03
2.341000000000000000e+03
2.201000000000000000e+03
2.250000000000000000e+03
2.450000000000000000e+03
2.398000000000000000e+03
2.236000000000000000e+03
2.225000000000000000e+03
2.044000000000000000e+03
2.387000000000000000e+03
2.007000000000000000e+03
2.475000000000000000e+03
2.202000000000000000e+03
2.995000000000000000e+03
4.123000000000000000e+03
2.192000000000000000e+03
1.849000000000000000e+03
1.815000000000000000e+03
1.694000000000000000e+03
1.640000000000000000e+03
1.616000000000000000e+03
1.499000000000000000e+03
1.460000000000000000e+03
1.539000000000000000e+03
1.457000000000000000e+03
1.512000000000000000e+03
1.501000000000000000e+03
1.480000000000000000e+03
1.526000000000000000e+03
1.479000000000000000e+03
1.467000000000000000e+03
1.532000000000000000e+03
1.526000000000000000e+03
1.527000000000000000e+03
1.474000000000000000e+03
1.460000000000000000e+03
1.568000000000000000e+03
1.570000000000000000e+03
1.564000000000000000e+03
1.463000000000000000e+03
1.472000000000000000e+03
1.497000000000000000e+03
1.456000000000000000e+03
1.521000000000000000e+03
1.523000000000000000e+03
1.447000000000000000e+03
1.505000000000000000e+03
1.498000000000000000e+03
1.486000000000000000e+03
1.486000000000000000e+03
1.531000000000000000e+03
1.548000000000000000e+03
1.597000000000000000e+03
1.450000000000000000e+03
1.425000000000000000e+03
1.623000000000000000e+03
1.624000000000000000e+03
1.729000000000000000e+03
1.690000000000000000e+03
1.749000000000000000e+03
1.685000000000000000e+03
1.661000000000000000e+03
1.946000000000000000e+03
1.761000000000000000e+03
1.884000000000000000e+03
1.799000000000000000e+03
1.906000000000000000e+03
1.730000000000000000e+03
1.762000000000000000e+03
2.012000000000000000e+03
2.226000000000000000e+03
2.238000000000000000e+03
2.496000000000000000e+03
2.380000000000000000e+03
2.685000000000000000e+03
3.470000000000000000e+03
3.547000000000000000e+03
3.197000000000000000e+03
3.214000000000000000e+03
3.138000000000000000e+03
2.776000000000000000e+03
2.922000000000000000e+03
2.871000000000000000e+03
3.468000000000000000e+03
4.217000000000000000e+03
4.330000000000000000e+03
4.505000000000000000e+03
5.313000000000000000e+03
6.789000000000000000e+03
7.628000000000000000e+03
7.526000000000000000e+03
2.113900000000000000e+04
1.754300000000000000e+04
2.273000000000000000e+03
1.440000000000000000e+03
1.205000000000000000e+03
6.750000000000000000e+02
8.630000000000000000e+02
6.850000000000000000e+02
9.700000000000000000e+02
6.690000000000000000e+02
9.870000000000000000e+02
6.380000000000000000e+02
7.800000000000000000e+02
4.910000000000000000e+02
5.690000000000000000e+02
4.790000000000000000e+02
4.510000000000000000e+02
5.450000000000000000e+02
6.440000000000000000e+02
5.190000000000000000e+02
6.140000000000000000e+02
6.840000000000000000e+02
8.090000000000000000e+02
1.225000000000000000e+03
1.181000000000000000e+03
1.766000000000000000e+03
3.634000000000000000e+03
6.476990000000000000e+05
1.047700000000000000e+04
6.059000000000000000e+03
4.420000000000000000e+03
3.830000000000000000e+03
4.281000000000000000e+03
3.199000000000000000e+03
2.975000000000000000e+03
2.599000000000000000e+03
2.258000000000000000e+03
1.931000000000000000e+03
1.903000000000000000e+03
1.819000000000000000e+03
1.524000000000000000e+03
1.340000000000000000e+03
1.247000000000000000e+03
1.229000000000000000e+03
1.216000000000000000e+03
1.251000000000000000e+03
1.333000000000000000e+03
1.472000000000000000e+03
1.313000000000000000e+03
1.352000000000000000e+03
1.303000000000000000e+03
1.469000000000000000e+03
1.430000000000000000e+03
1.564000000000000000e+03
1.549000000000000000e+03
1.882000000000000000e+03
2.157000000000000000e+03
2.014000000000000000e+03
1.910000000000000000e+03
1.989000000000000000e+03
1.952000000000000000e+03
2.151000000000000000e+03
5.482000000000000000e+03
3.645000000000000000e+03
3.250000000000000000e+03
2.738000000000000000e+03
2.416000000000000000e+03
2.320000000000000000e+03
2.549000000000000000e+03
2.376000000000000000e+03
2.104000000000000000e+03
2.100000000000000000e+03
2.036000000000000000e+03
2.145000000000000000e+03
2.134000000000000000e+03
2.106000000000000000e+03
2.114000000000000000e+03
2.117000000000000000e+03
2.114000000000000000e+03
1.878000000000000000e+03
1.881000000000000000e+03
1.935000000000000000e+03
2.048000000000000000e+03
2.122000000000000000e+03
2.038000000000000000e+03
2.094000000000000000e+03
2.062000000000000000e+03
1.887000000000000000e+03
1.808000000000000000e+03
1.893000000000000000e+03
1.801000000000000000e+03
1.745000000000000000e+03
1.713000000000000000e+03
1.753000000000000000e+03
1.787000000000000000e+03
1.792000000000000000e+03
1.923000000000000000e+03
1.925000000000000000e+03
1.978000000000000000e+03
1.924000000000000000e+03
1.861000000000000000e+03
1.785000000000000000e+03
1.727000000000000000e+03
1.711000000000000000e+03
1.691000000000000000e+03
1.575000000000000000e+03
1.539000000000000000e+03
1.569000000000000000e+03
1.500000000000000000e+03
1.392000000000000000e+03
1.348000000000000000e+03
1.407000000000000000e+03
1.506000000000000000e+03
1.561000000000000000e+03
1.750000000000000000e+03
1.785000000000000000e+03
1.797000000000000000e+03
1.820000000000000000e+03
1.901000000000000000e+03
2.040000000000000000e+03
1.802000000000000000e+03
1.774000000000000000e+03
1.782000000000000000e+03
1.911000000000000000e+03
1.814000000000000000e+03
1.905000000000000000e+03
1.869000000000000000e+03
1.892000000000000000e+03
1.790000000000000000e+03
1.734000000000000000e+03
1.845000000000000000e+03
1.941000000000000000e+03
1.823000000000000000e+03
1.857000000000000000e+03
2.037000000000000000e+03
1.975000000000000000e+03
2.285000000000000000e+03
2.127000000000000000e+03
2.108000000000000000e+03
1.935000000000000000e+03
1.816000000000000000e+03
1.914000000000000000e+03
1.895000000000000000e+03
1.969000000000000000e+03
2.108000000000000000e+03
2.005000000000000000e+03
2.000000000000000000e+03
2.018000000000000000e+03
1.871000000000000000e+03
1.937000000000000000e+03
2.415000000000000000e+03
2.510000000000000000e+03
2.490000000000000000e+03
2.866000000000000000e+03
2.884000000000000000e+03
2.885000000000000000e+03
2.806000000000000000e+03
2.519000000000000000e+03
2.210000000000000000e+03
1.864000000000000000e+03
1.966000000000000000e+03
2.118000000000000000e+03
2.049000000000000000e+03
2.040000000000000000e+03
2.302000000000000000e+03
2.226000000000000000e+03
2.484000000000000000e+03
2.445000000000000000e+03
2.408000000000000000e+03
2.224000000000000000e+03
2.160000000000000000e+03
2.136000000000000000e+03
2.257000000000000000e+03
2.171000000000000000e+03
2.396000000000000000e+03
2.044000000000000000e+03
2.467000000000000000e+03
2.214000000000000000e+03
2.664000000000000000e+03
2.056000000000000000e+03
2.473000000000000000e+03
2.221000000000000000e+03
3.050000000000000000e+03
1.787000000000000000e+03
1.646000000000000000e+03
1.597000000000000000e+03
1.625000000000000000e+03
1.541000000000000000e+03
1.525000000000000000e+03
1.549000000000000000e+03
1.522000000000000000e+03
1.538000000000000000e+03
1.490000000000000000e+03
1.504000000000000000e+03
1.565000000000000000e+03
1.352000000000000000e+03
1.385000000000000000e+03
1.510000000000000000e+03
1.495000000000000000e+03
1.477000000000000000e+03
1.412000000000000000e+03
1.473000000000000000e+03
1.404000000000000000e+03
1.423000000000000000e+03
1.439000000000000000e+03
1.491000000000000000e+03
1.569000000000000000e+03
1.445000000000000000e+03
1.458000000000000000e+03
1.519000000000000000e+03
1.602000000000000000e+03
1.666000000000000000e+03
1.586000000000000000e+03
1.541000000000000000e+03
1.555000000000000000e+03
1.523000000000000000e+03
1.519000000000000000e+03
1.682000000000000000e+03
1.542000000000000000e+03
1.469000000000000000e+03
1.621000000000000000e+03
1.715000000000000000e+03
1.829000000000000000e+03
1.892000000000000000e+03
1.922000000000000000e+03
1.740000000000000000e+03
1.745000000000000000e+03
2.043000000000000000e+03
1.805000000000000000e+03
1.906000000000000000e+03
2.030000000000000000e+03
2.314000000000000000e+03
2.313000000000000000e+03
2.493000000000000000e+03
2.387000000000000000e+03
2.705000000000000000e+03
3.512000000000000000e+03
3.600000000000000000e+03
3.217000000000000000e+03
3.398000000000000000e+03
3.173000000000000000e+03
2.663000000000000000e+03
2.778000000000000000e+03
2.802000000000000000e+03
3.518000000000000000e+03
4.229000000000000000e+03
4.061000000000000000e+03
3.653000000000000000e+03
3.780000000000000000e+03
3.843000000000000000e+03
3.570000000000000000e+03
4.717000000000000000e+03
5.692000000000000000e+03
4.010000000000000000e+03
3.514000000000000000e+03
5.399000000000000000e+03
2.036200000000000000e+04
1.680800000000000000e+04
1.392000000000000000e+03
7.880000000000000000e+02
1.002000000000000000e+03
6.280000000000000000e+02
8.350000000000000000e+02
6.690000000000000000e+02
9.520000000000000000e+02
6.650000000000000000e+02
9.870000000000000000e+02
6.410000000000000000e+02
7.810000000000000000e+02
4.990000000000000000e+02
5.780000000000000000e+02
4.620000000000000000e+02
4.550000000000000000e+02
5.510000000000000000e+02
6.440000000000000000e+02
5.020000000000000000e+02
6.250000000000000000e+02
6.950000000000000000e+02
7.980000000000000000e+02
1.229000000000000000e+03
1.225000000000000000e+03
1.646000000000000000e+03
3.798000000000000000e+03
6.475510000000000000e+05
1.049200000000000000e+04
6.080000000000000000e+03
4.428000000000000000e+03
3.839000000000000000e+03
4.281000000000000000e+03
3.205000000000000000e+03
2.981000000000000000e+03
2.593000000000000000e+03
2.255000000000000000e+03
1.922000000000000000e+03
1.905000000000000000e+03
1.806000000000000000e+03
1.512000000000000000e+03
1.348000000000000000e+03
1.246000000000000000e+03
1.233000000000000000e+03
1.216000000000000000e+03
1.248000000000000000e+03
1.333000000000000000e+03
1.475000000000000000e+03
1.315000000000000000e+03
1.347000000000000000e+03
1.292000000000000000e+03
1.462000000000000000e+03
1.422000000000000000e+03
1.571000000000000000e+03
1.542000000000000000e+03
1.881000000000000000e+03
2.166000000000000000e+03
1.994000000000000000e+03
1.871000000000000000e+03
1.949000000000000000e+03
1.935000000000000000e+03
2.165000000000000000e+03
5.522000000000000000e+03
3.677000000000000000e+03
3.254000000000000000e+03
2.731000000000000000e+03
2.428000000000000000e+03
2.313000000000000000e+03
2.550000000000000000e+03
2.367000000000000000e+03
2.106000000000000000e+03
2.090000000000000000e+03
2.043000000000000000e+03
2.139000000000000000e+03
2.138000000000000000e+03
2.108000000000000000e+03
2.097000000000000000e+03
2.114000000000000000e+03
2.115000000000000000e+03
1.879000000000000000e+03
1.873000000000000000e+03
1.921000000000000000e+03
2.036000000000000000e+03
2.120000000000000000e+03
2.048000000000000000e+03
2.104000000000000000e+03
2.067000000000000000e+03
1.897000000000000000e+03
1.803000000000000000e+03
1.890000000000000000e+03
1.786000000000000000e+03
1.741000000000000000e+03
1.704000000000000000e+03
1.764000000000000000e+03
1.801000000000000000e+03
1.777000000000000000e+03
1.929000000000000000e+03
1.920000000000000000e+03
1.984000000000000000e+03
1.923000000000000000e+03
1.867000000000000000e+03
1.778000000000000000e+03
1.719000000000000000e+03
1.721000000000000000e+03
1.708000000000000000e+03
1.573000000000000000e+03
1.517000000000000000e+03
1.574000000000000000e+03
1.486000000000000000e+03
1.413000000000000000e+03
1.343000000000000000e+03
1.422000000000000000e+03
1.535000000000000000e+03
1.586000000000000000e+03
1.780000000000000000e+03
1.837000000000000000e+03
1.812000000000000000e+03
1.849000000000000000e+03
1.908000000000000000e+03
2.032000000000000000e+03
1.807000000000000000e+03
1.813000000000000000e+03
1.821000000000000000e+03
1.951000000000000000e+03
1.856000000000000000e+03
1.920000000000000000e+03
1.907000000000000000e+03
1.871000000000000000e+03
1.750000000000000000e+03
1.744000000000000000e+03
1.956000000000000000e+03
1.993000000000000000e+03
1.877000000000000000e+03
2.031000000000000000e+03
2.066000000000000000e+03
2.094000000000000000e+03
2.233000000000000000e+03
2.220000000000000000e+03
2.037000000000000000e+03
1.846000000000000000e+03
1.925000000000000000e+03
1.923000000000000000e+03
2.016000000000000000e+03
2.106000000000000000e+03
2.045000000000000000e+03
1.897000000000000000e+03
2.094000000000000000e+03
1.984000000000000000e+03
1.941000000000000000e+03
2.225000000000000000e+03
2.582000000000000000e+03
2.504000000000000000e+03
2.867000000000000000e+03
2.916000000000000000e+03
2.971000000000000000e+03
2.842000000000000000e+03
2.512000000000000000e+03
2.147000000000000000e+03
1.998000000000000000e+03
1.901000000000000000e+03
2.021000000000000000e+03
2.152000000000000000e+03
2.120000000000000000e+03
2.071000000000000000e+03
2.366000000000000000e+03
2.323000000000000000e+03
2.581000000000000000e+03
2.446000000000000000e+03
2.105000000000000000e+03
2.241000000000000000e+03
1.965000000000000000e+03
2.234000000000000000e+03
2.296000000000000000e+03
2.105000000000000000e+03
2.293000000000000000e+03
1.961000000000000000e+03
2.651000000000000000e+03
2.443000000000000000e+03
3.341000000000000000e+03
2.461000000000000000e+03
3.115000000000000000e+03
1.728000000000000000e+03
1.608000000000000000e+03
1.607000000000000000e+03
1.593000000000000000e+03
1.588000000000000000e+03
1.595000000000000000e+03
1.526000000000000000e+03
1.544000000000000000e+03
1.460000000000000000e+03
1.564000000000000000e+03
1.481000000000000000e+03
1.463000000000000000e+03
1.485000000000000000e+03
1.426000000000000000e+03
1.385000000000000000e+03
1.477000000000000000e+03
1.471000000000000000e+03
1.475000000000000000e+03
1.460000000000000000e+03
1.456000000000000000e+03
1.397000000000000000e+03
1.424000000000000000e+03
1.497000000000000000e+03
1.508000000000000000e+03
1.498000000000000000e+03
1.536000000000000000e+03
1.427000000000000000e+03
1.488000000000000000e+03
1.598000000000000000e+03
1.601000000000000000e+03
1.624000000000000000e+03
1.523000000000000000e+03
1.560000000000000000e+03
1.536000000000000000e+03
1.521000000000000000e+03
1.579000000000000000e+03
1.687000000000000000e+03
1.478000000000000000e+03
1.480000000000000000e+03
1.739000000000000000e+03
1.684000000000000000e+03
1.899000000000000000e+03
1.876000000000000000e+03
1.952000000000000000e+03
1.768000000000000000e+03
1.805000000000000000e+03
1.980000000000000000e+03
1.838000000000000000e+03
2.119000000000000000e+03
2.300000000000000000e+03
2.393000000000000000e+03
2.490000000000000000e+03
2.403000000000000000e+03
2.745000000000000000e+03
3.541000000000000000e+03
3.497000000000000000e+03
3.238000000000000000e+03
3.360000000000000000e+03
3.223000000000000000e+03
2.777000000000000000e+03
2.783000000000000000e+03
2.713000000000000000e+03
3.361000000000000000e+03
4.284000000000000000e+03
4.081000000000000000e+03
3.671000000000000000e+03
3.777000000000000000e+03
3.757000000000000000e+03
3.477000000000000000e+03
4.396000000000000000e+03
4.703000000000000000e+03
3.786000000000000000e+03
3.179000000000000000e+03
3.283000000000000000e+03
5.167000000000000000e+03
2.019500000000000000e+04
1.675100000000000000e+04
1.375000000000000000e+03
7.970000000000000000e+02
9.840000000000000000e+02
6.300000000000000000e+02
8.350000000000000000e+02
6.710000000000000000e+02
9.490000000000000000e+02
6.690000000000000000e+02
9.900000000000000000e+02
6.500000000000000000e+02
7.830000000000000000e+02
4.860000000000000000e+02
5.700000000000000000e+02
4.830000000000000000e+02
4.610000000000000000e+02
5.520000000000000000e+02
6.380000000000000000e+02
5.090000000000000000e+02
6.150000000000000000e+02
7.050000000000000000e+02
8.150000000000000000e+02
1.224000000000000000e+03
1.229000000000000000e+03
1.690000000000000000e+03
3.885000000000000000e+03
6.473890000000000000e+05
