3.910000000000000000e+04
1.459900000000000000e+04
1.264700000000000000e+04
1.303100000000000000e+04
1.180900000000000000e+04
9.739000000000000000e+03
8.100000000000000000e+03
7.027000000000000000e+03
6.302000000000000000e+03
5.555000000000000000e+03
4.966000000000000000e+03
4.461000000000000000e+03
4.260000000000000000e+03
3.860000000000000000e+03
3.657000000000000000e+03
3.487000000000000000e+03
3.196000000000000000e+03
3.078000000000000000e+03
2.823000000000000000e+03
2.778000000000000000e+03
2.617000000000000000e+03
2.486000000000000000e+03
2.481000000000000000e+03
2.381000000000000000e+03
2.458000000000000000e+03
2.443000000000000000e+03
2.388000000000000000e+03
2.378000000000000000e+03
2.298000000000000000e+03
2.308000000000000000e+03
2.318000000000000000e+03
2.414000000000000000e+03
2.343000000000000000e+03
2.479000000000000000e+03
2.453000000000000000e+03
2.608000000000000000e+03
2.455000000000000000e+03
2.463000000000000000e+03
2.663000000000000000e+03
2.559000000000000000e+03
2.668000000000000000e+03
2.690000000000000000e+03
2.825000000000000000e+03
2.831000000000000000e+03
2.944000000000000000e+03
2.961000000000000000e+03
3.049000000000000000e+03
3.087000000000000000e+03
3.115000000000000000e+03
3.126000000000000000e+03
3.208000000000000000e+03
3.248000000000000000e+03
3.224000000000000000e+03
3.154000000000000000e+03
3.214000000000000000e+03
2.982000000000000000e+03
2.871000000000000000e+03
2.719000000000000000e+03
2.717000000000000000e+03
2.602000000000000000e+03
2.543000000000000000e+03
2.482000000000000000e+03
2.426000000000000000e+03
2.285000000000000000e+03
2.304000000000000000e+03
2.221000000000000000e+03
2.239000000000000000e+03
2.180000000000000000e+03
2.221000000000000000e+03
2.286000000000000000e+03
2.205000000000000000e+03
2.147000000000000000e+03
2.123000000000000000e+03
2.110000000000000000e+03
2.167000000000000000e+03
2.293000000000000000e+03
2.238000000000000000e+03
2.167000000000000000e+03
2.110000000000000000e+03
2.240000000000000000e+03
2.206000000000000000e+03
2.167000000000000000e+03
2.201000000000000000e+03
2.256000000000000000e+03
2.398000000000000000e+03
2.443000000000000000e+03
2.550000000000000000e+03
2.416000000000000000e+03
2.442000000000000000e+03
2.440000000000000000e+03
2.455000000000000000e+03
2.494000000000000000e+03
2.468000000000000000e+03
2.588000000000000000e+03
2.571000000000000000e+03
2.590000000000000000e+03
2.581000000000000000e+03
2.638000000000000000e+03
2.628000000000000000e+03
2.595000000000000000e+03
2.720000000000000000e+03
2.743000000000000000e+03
2.752000000000000000e+03
2.830000000000000000e+03
2.865000000000000000e+03
2.876000000000000000e+03
2.857000000000000000e+03
2.979000000000000000e+03
2.988000000000000000e+03
2.937000000000000000e+03
2.866000000000000000e+03
3.072000000000000000e+03
3.169000000000000000e+03
3.253000000000000000e+03
3.389000000000000000e+03
3.264000000000000000e+03
3.311000000000000000e+03
3.340000000000000000e+03
3.292000000000000000e+03
3.473000000000000000e+03
3.456000000000000000e+03
3.349000000000000000e+03
3.394000000000000000e+03
3.407000000000000000e+03
3.488000000000000000e+03
3.696000000000000000e+03
3.513000000000000000e+03
3.569000000000000000e+03
3.637000000000000000e+03
3.776000000000000000e+03
3.778000000000000000e+03
3.842000000000000000e+03
3.796000000000000000e+03
3.931000000000000000e+03
3.804000000000000000e+03
3.838000000000000000e+03
3.783000000000000000e+03
3.930000000000000000e+03
3.953000000000000000e+03
3.835000000000000000e+03
3.978000000000000000e+03
3.958000000000000000e+03
3.857000000000000000e+03
4.045000000000000000e+03
4.019000000000000000e+03
3.991000000000000000e+03
4.080000000000000000e+03
4.105000000000000000e+03
4.126000000000000000e+03
4.306000000000000000e+03
4.469000000000000000e+03
4.467000000000000000e+03
4.589000000000000000e+03
4.708000000000000000e+03
4.823000000000000000e+03
4.925000000000000000e+03
4.969000000000000000e+03
5.044000000000000000e+03
5.285000000000000000e+03
5.318000000000000000e+03
5.234000000000000000e+03
5.455000000000000000e+03
5.381000000000000000e+03
5.400000000000000000e+03
5.596000000000000000e+03
5.801000000000000000e+03
6.018000000000000000e+03
6.158000000000000000e+03
7.392000000000000000e+03
8.212000000000000000e+03
1.008600000000000000e+04
1.195800000000000000e+04
1.410800000000000000e+04
1.569800000000000000e+04
1.759500000000000000e+04
1.822500000000000000e+04
2.064400000000000000e+04
2.183000000000000000e+04
2.278100000000000000e+04
2.047800000000000000e+04
1.808800000000000000e+04
1.552500000000000000e+04
1.407000000000000000e+04
1.274700000000000000e+04
1.210700000000000000e+04
1.170500000000000000e+04
1.198500000000000000e+04
1.206400000000000000e+04
1.118700000000000000e+04
1.102700000000000000e+04
1.016500000000000000e+04
9.765000000000000000e+03
9.295000000000000000e+03
9.361000000000000000e+03
1.020600000000000000e+04
1.054200000000000000e+04
9.923000000000000000e+03
1.013500000000000000e+04
9.362000000000000000e+03
9.258000000000000000e+03
9.946000000000000000e+03
1.139900000000000000e+04
1.151600000000000000e+04
1.192100000000000000e+04
1.136100000000000000e+04
1.129500000000000000e+04
1.097800000000000000e+04
1.089200000000000000e+04
1.148200000000000000e+04
1.180600000000000000e+04
9.805000000000000000e+03
9.499000000000000000e+03
9.203000000000000000e+03
8.590000000000000000e+03
8.479000000000000000e+03
7.925000000000000000e+03
7.674000000000000000e+03
7.142000000000000000e+03
6.199000000000000000e+03
5.808000000000000000e+03
5.314000000000000000e+03
5.282000000000000000e+03
5.011000000000000000e+03
5.089000000000000000e+03
4.557000000000000000e+03
4.007000000000000000e+03
3.935000000000000000e+03
3.886000000000000000e+03
4.095000000000000000e+03
4.183000000000000000e+03
4.368000000000000000e+03
4.740000000000000000e+03
5.354000000000000000e+03
6.596000000000000000e+03
3.828000000000000000e+03
3.131000000000000000e+03
2.224000000000000000e+03
1.595000000000000000e+03
1.308000000000000000e+03
1.131000000000000000e+03
9.380000000000000000e+02
9.260000000000000000e+02
7.740000000000000000e+02
7.780000000000000000e+02
6.460000000000000000e+02
5.530000000000000000e+02
5.250000000000000000e+02
4.260000000000000000e+02
3.760000000000000000e+02
2.920000000000000000e+02
2.580000000000000000e+02
2.560000000000000000e+02
1.990000000000000000e+02
1.380000000000000000e+02
1.200000000000000000e+02
5.440000000000000000e+02
4.449600000000000000e+04
1.952800000000000000e+04
1.311200000000000000e+04
9.887000000000000000e+03
7.916000000000000000e+03
6.475000000000000000e+03
5.340000000000000000e+03
4.538000000000000000e+03
4.081000000000000000e+03
3.457000000000000000e+03
3.108000000000000000e+03
2.770000000000000000e+03
2.623000000000000000e+03
2.337000000000000000e+03
2.172000000000000000e+03
2.201000000000000000e+03
2.091000000000000000e+03
1.973000000000000000e+03
1.955000000000000000e+03
1.937000000000000000e+03
1.832000000000000000e+03
1.884000000000000000e+03
1.871000000000000000e+03
1.789000000000000000e+03
1.778000000000000000e+03
1.757000000000000000e+03
1.732000000000000000e+03
1.678000000000000000e+03
1.681000000000000000e+03
1.716000000000000000e+03
1.736000000000000000e+03
1.688000000000000000e+03
1.773000000000000000e+03
1.674000000000000000e+03
1.699000000000000000e+03
1.746000000000000000e+03
1.778000000000000000e+03
1.685000000000000000e+03
1.691000000000000000e+03
1.746000000000000000e+03
1.809000000000000000e+03
1.722000000000000000e+03
1.725000000000000000e+03
1.785000000000000000e+03
1.777000000000000000e+03
1.801000000000000000e+03
1.826000000000000000e+03
1.837000000000000000e+03
1.876000000000000000e+03
1.889000000000000000e+03
1.936000000000000000e+03
2.000000000000000000e+03
1.976000000000000000e+03
1.996000000000000000e+03
2.152000000000000000e+03
2.125000000000000000e+03
2.132000000000000000e+03
2.143000000000000000e+03
2.186000000000000000e+03
2.179000000000000000e+03
2.160000000000000000e+03
2.259000000000000000e+03
2.221000000000000000e+03
2.323000000000000000e+03
2.237000000000000000e+03
2.288000000000000000e+03
2.254000000000000000e+03
2.264000000000000000e+03
2.225000000000000000e+03
2.197000000000000000e+03
2.247000000000000000e+03
2.156000000000000000e+03
2.240000000000000000e+03
2.232000000000000000e+03
2.277000000000000000e+03
2.325000000000000000e+03
2.329000000000000000e+03
2.348000000000000000e+03
2.367000000000000000e+03
2.383000000000000000e+03
2.388000000000000000e+03
2.349000000000000000e+03
2.454000000000000000e+03
2.428000000000000000e+03
2.538000000000000000e+03
2.427000000000000000e+03
2.552000000000000000e+03
2.642000000000000000e+03
2.689000000000000000e+03
2.678000000000000000e+03
2.746000000000000000e+03
2.865000000000000000e+03
3.002000000000000000e+03
3.019000000000000000e+03
3.115000000000000000e+03
3.147000000000000000e+03
3.293000000000000000e+03
3.395000000000000000e+03
3.493000000000000000e+03
3.500000000000000000e+03
3.708000000000000000e+03
3.900000000000000000e+03
3.882000000000000000e+03
3.975000000000000000e+03
4.320000000000000000e+03
4.271000000000000000e+03
4.403000000000000000e+03
4.457000000000000000e+03
4.524000000000000000e+03
4.494000000000000000e+03
4.534000000000000000e+03
4.477000000000000000e+03
4.400000000000000000e+03
4.540000000000000000e+03
4.611000000000000000e+03
4.697000000000000000e+03
4.773000000000000000e+03
4.713000000000000000e+03
4.789000000000000000e+03
4.679000000000000000e+03
4.855000000000000000e+03
4.650000000000000000e+03
4.729000000000000000e+03
4.745000000000000000e+03
4.728000000000000000e+03
4.775000000000000000e+03
4.750000000000000000e+03
4.844000000000000000e+03
4.928000000000000000e+03
5.149000000000000000e+03
5.208000000000000000e+03
5.536000000000000000e+03
5.461000000000000000e+03
5.571000000000000000e+03
5.698000000000000000e+03
5.702000000000000000e+03
5.661000000000000000e+03
5.669000000000000000e+03
5.475000000000000000e+03
5.586000000000000000e+03
5.564000000000000000e+03
5.571000000000000000e+03
5.382000000000000000e+03
5.591000000000000000e+03
5.714000000000000000e+03
5.891000000000000000e+03
5.844000000000000000e+03
6.149000000000000000e+03
6.078000000000000000e+03
6.196000000000000000e+03
6.260000000000000000e+03
6.291000000000000000e+03
6.376000000000000000e+03
6.663000000000000000e+03
6.800000000000000000e+03
7.062000000000000000e+03
6.918000000000000000e+03
7.111000000000000000e+03
7.038000000000000000e+03
7.075000000000000000e+03
6.826000000000000000e+03
6.806000000000000000e+03
6.585000000000000000e+03
6.563000000000000000e+03
6.515000000000000000e+03
6.673000000000000000e+03
6.797000000000000000e+03
6.943000000000000000e+03
7.201000000000000000e+03
6.960000000000000000e+03
6.957000000000000000e+03
6.698000000000000000e+03
6.733000000000000000e+03
6.689000000000000000e+03
6.554000000000000000e+03
6.495000000000000000e+03
6.303000000000000000e+03
6.083000000000000000e+03
5.822000000000000000e+03
5.939000000000000000e+03
6.103000000000000000e+03
6.156000000000000000e+03
6.284000000000000000e+03
6.150000000000000000e+03
6.294000000000000000e+03
6.509000000000000000e+03
6.735000000000000000e+03
7.434000000000000000e+03
9.165000000000000000e+03
1.135900000000000000e+04
1.361200000000000000e+04
1.569300000000000000e+04
1.644000000000000000e+04
1.634800000000000000e+04
1.610300000000000000e+04
1.616300000000000000e+04
1.533300000000000000e+04
1.548000000000000000e+04
1.608300000000000000e+04
1.599100000000000000e+04
1.552600000000000000e+04
1.514700000000000000e+04
1.588600000000000000e+04
1.649400000000000000e+04
1.489400000000000000e+04
1.209200000000000000e+04
1.041300000000000000e+04
9.906000000000000000e+03
9.678000000000000000e+03
9.631000000000000000e+03
9.896000000000000000e+03
9.991000000000000000e+03
9.311000000000000000e+03
8.015000000000000000e+03
7.158000000000000000e+03
6.769000000000000000e+03
6.750000000000000000e+03
5.931000000000000000e+03
4.927000000000000000e+03
4.212000000000000000e+03
4.478000000000000000e+03
4.747000000000000000e+03
5.044000000000000000e+03
5.663000000000000000e+03
5.690000000000000000e+03
5.741000000000000000e+03
6.209000000000000000e+03
6.027000000000000000e+03
6.069000000000000000e+03
5.804000000000000000e+03
4.954000000000000000e+03
5.349000000000000000e+03
6.066000000000000000e+03
7.399000000000000000e+03
5.328000000000000000e+03
4.718000000000000000e+03
4.790000000000000000e+03
4.015000000000000000e+03
2.892000000000000000e+03
2.653000000000000000e+03
2.737000000000000000e+03
2.137000000000000000e+03
2.346000000000000000e+03
2.940000000000000000e+03
3.873000000000000000e+03
5.187000000000000000e+03
6.083000000000000000e+03
2.874000000000000000e+03
1.191000000000000000e+03
4.500000000000000000e+02
2.060000000000000000e+02
1.260000000000000000e+02
8.100000000000000000e+01
5.200000000000000000e+01
3.200000000000000000e+01
4.900000000000000000e+01
1.270000000000000000e+03
3.540000000000000000e+02
3.960000000000000000e+02
5.230000000000000000e+02
5.830000000000000000e+02
6.690000000000000000e+02
7.610000000000000000e+02
8.950000000000000000e+02
1.002000000000000000e+03
1.163000000000000000e+03
1.362000000000000000e+03
1.627000000000000000e+03
1.783000000000000000e+03
2.087000000000000000e+03
2.274000000000000000e+03
2.624000000000000000e+03
2.906000000000000000e+03
3.500000000000000000e+03
3.814000000000000000e+03
4.310000000000000000e+03
5.276000000000000000e+03
6.726000000000000000e+03
9.916000000000000000e+03
9.733000000000000000e+03
2.804300000000000000e+04
1.720300000000000000e+04
1.297000000000000000e+04
8.695000000000000000e+03
6.848000000000000000e+03
5.394000000000000000e+03
4.462000000000000000e+03
3.742000000000000000e+03
3.332000000000000000e+03
3.087000000000000000e+03
2.893000000000000000e+03
2.734000000000000000e+03
2.665000000000000000e+03
2.533000000000000000e+03
2.577000000000000000e+03
2.583000000000000000e+03
2.501000000000000000e+03
2.379000000000000000e+03
2.380000000000000000e+03
2.420000000000000000e+03
2.325000000000000000e+03
2.284000000000000000e+03
2.254000000000000000e+03
2.220000000000000000e+03
2.331000000000000000e+03
2.236000000000000000e+03
2.248000000000000000e+03
2.310000000000000000e+03
2.335000000000000000e+03
2.315000000000000000e+03
2.403000000000000000e+03
2.335000000000000000e+03
2.444000000000000000e+03
2.347000000000000000e+03
2.534000000000000000e+03
2.403000000000000000e+03
2.426000000000000000e+03
2.427000000000000000e+03
2.521000000000000000e+03
2.536000000000000000e+03
2.489000000000000000e+03
2.583000000000000000e+03
2.633000000000000000e+03
2.576000000000000000e+03
2.683000000000000000e+03
2.647000000000000000e+03
2.662000000000000000e+03
2.717000000000000000e+03
2.770000000000000000e+03
2.861000000000000000e+03
2.939000000000000000e+03
2.885000000000000000e+03
2.858000000000000000e+03
2.818000000000000000e+03
2.919000000000000000e+03
2.903000000000000000e+03
2.983000000000000000e+03
3.038000000000000000e+03
3.060000000000000000e+03
3.057000000000000000e+03
3.113000000000000000e+03
3.215000000000000000e+03
3.190000000000000000e+03
3.312000000000000000e+03
3.326000000000000000e+03
3.288000000000000000e+03
3.313000000000000000e+03
3.285000000000000000e+03
3.346000000000000000e+03
3.400000000000000000e+03
3.496000000000000000e+03
3.467000000000000000e+03
3.550000000000000000e+03
3.611000000000000000e+03
3.735000000000000000e+03
3.837000000000000000e+03
3.795000000000000000e+03
3.861000000000000000e+03
3.886000000000000000e+03
3.887000000000000000e+03
4.037000000000000000e+03
4.082000000000000000e+03
4.174000000000000000e+03
4.074000000000000000e+03
4.326000000000000000e+03
4.417000000000000000e+03
4.423000000000000000e+03
4.442000000000000000e+03
4.644000000000000000e+03
4.868000000000000000e+03
4.925000000000000000e+03
4.897000000000000000e+03
5.050000000000000000e+03
5.095000000000000000e+03
4.809000000000000000e+03
5.021000000000000000e+03
5.009000000000000000e+03
5.135000000000000000e+03
5.238000000000000000e+03
5.174000000000000000e+03
5.176000000000000000e+03
5.112000000000000000e+03
5.061000000000000000e+03
4.924000000000000000e+03
4.896000000000000000e+03
5.090000000000000000e+03
4.969000000000000000e+03
4.899000000000000000e+03
4.882000000000000000e+03
4.754000000000000000e+03
4.837000000000000000e+03
4.688000000000000000e+03
4.767000000000000000e+03
4.779000000000000000e+03
4.732000000000000000e+03
4.618000000000000000e+03
4.698000000000000000e+03
4.639000000000000000e+03
4.765000000000000000e+03
4.759000000000000000e+03
4.764000000000000000e+03
4.778000000000000000e+03
4.852000000000000000e+03
4.905000000000000000e+03
4.946000000000000000e+03
5.148000000000000000e+03
5.342000000000000000e+03
5.526000000000000000e+03
5.586000000000000000e+03
5.687000000000000000e+03
5.749000000000000000e+03
5.492000000000000000e+03
5.531000000000000000e+03
5.376000000000000000e+03
5.212000000000000000e+03
5.256000000000000000e+03
5.055000000000000000e+03
5.182000000000000000e+03
4.749000000000000000e+03
5.041000000000000000e+03
5.128000000000000000e+03
4.906000000000000000e+03
4.526000000000000000e+03
4.072000000000000000e+03
3.947000000000000000e+03
3.771000000000000000e+03
3.691000000000000000e+03
3.621000000000000000e+03
3.548000000000000000e+03
3.432000000000000000e+03
3.373000000000000000e+03
3.245000000000000000e+03
3.064000000000000000e+03
3.305000000000000000e+03
3.236000000000000000e+03
3.281000000000000000e+03
3.292000000000000000e+03
3.343000000000000000e+03
3.303000000000000000e+03
3.266000000000000000e+03
3.444000000000000000e+03
3.618000000000000000e+03
3.716000000000000000e+03
3.847000000000000000e+03
3.836000000000000000e+03
3.932000000000000000e+03
3.851000000000000000e+03
3.821000000000000000e+03
3.753000000000000000e+03
3.718000000000000000e+03
3.839000000000000000e+03
3.888000000000000000e+03
4.034000000000000000e+03
4.066000000000000000e+03
3.911000000000000000e+03
3.912000000000000000e+03
3.685000000000000000e+03
3.519000000000000000e+03
3.340000000000000000e+03
3.314000000000000000e+03
3.244000000000000000e+03
3.115000000000000000e+03
3.077000000000000000e+03
2.984000000000000000e+03
2.891000000000000000e+03
2.748000000000000000e+03
2.674000000000000000e+03
2.662000000000000000e+03
2.598000000000000000e+03
2.617000000000000000e+03
2.841000000000000000e+03
2.702000000000000000e+03
2.753000000000000000e+03
2.955000000000000000e+03
3.027000000000000000e+03
3.118000000000000000e+03
3.394000000000000000e+03
4.186000000000000000e+03
4.730000000000000000e+03
5.195000000000000000e+03
5.890000000000000000e+03
6.021000000000000000e+03
6.713000000000000000e+03
7.888000000000000000e+03
9.396000000000000000e+03
1.115700000000000000e+04
1.309500000000000000e+04
1.496300000000000000e+04
1.514900000000000000e+04
1.389600000000000000e+04
1.190000000000000000e+04
1.076000000000000000e+04
1.052200000000000000e+04
1.036200000000000000e+04
1.109100000000000000e+04
1.200400000000000000e+04
1.298100000000000000e+04
1.323600000000000000e+04
1.366600000000000000e+04
1.432500000000000000e+04
1.372900000000000000e+04
1.335200000000000000e+04
1.254200000000000000e+04
1.224800000000000000e+04
1.236100000000000000e+04
1.306500000000000000e+04
1.539900000000000000e+04
1.883400000000000000e+04
2.426700000000000000e+04
3.301800000000000000e+04
3.612400000000000000e+04
3.835600000000000000e+04
