4.730000000000000000e+03
9.330000000000000000e+02
1.227000000000000000e+03
1.519000000000000000e+03
2.554000000000000000e+03
6.599000000000000000e+03
1.557000000000000000e+04
4.922000000000000000e+03
2.664000000000000000e+03
2.015000000000000000e+03
1.640000000000000000e+03
1.455000000000000000e+03
1.194000000000000000e+03
1.100000000000000000e+03
1.037000000000000000e+03
9.650000000000000000e+02
9.380000000000000000e+02
8.330000000000000000e+02
7.670000000000000000e+02
7.850000000000000000e+02
7.070000000000000000e+02
7.090000000000000000e+02
7.300000000000000000e+02
6.880000000000000000e+02
6.660000000000000000e+02
6.620000000000000000e+02
6.560000000000000000e+02
6.020000000000000000e+02
6.350000000000000000e+02
6.410000000000000000e+02
6.280000000000000000e+02
6.320000000000000000e+02
6.480000000000000000e+02
6.360000000000000000e+02
6.270000000000000000e+02
6.510000000000000000e+02
7.010000000000000000e+02
7.260000000000000000e+02
7.230000000000000000e+02
7.510000000000000000e+02
7.970000000000000000e+02
8.370000000000000000e+02
9.000000000000000000e+02
8.000000000000000000e+02
8.100000000000000000e+02
7.300000000000000000e+02
6.900000000000000000e+02
6.680000000000000000e+02
5.920000000000000000e+02
5.590000000000000000e+02
5.570000000000000000e+02
5.270000000000000000e+02
4.560000000000000000e+02
4.860000000000000000e+02
4.730000000000000000e+02
4.840000000000000000e+02
4.530000000000000000e+02
4.720000000000000000e+02
4.490000000000000000e+02
4.150000000000000000e+02
4.080000000000000000e+02
4.270000000000000000e+02
4.210000000000000000e+02
3.940000000000000000e+02
3.740000000000000000e+02
3.740000000000000000e+02
3.720000000000000000e+02
3.550000000000000000e+02
3.740000000000000000e+02
3.670000000000000000e+02
3.560000000000000000e+02
3.600000000000000000e+02
3.200000000000000000e+02
3.170000000000000000e+02
3.340000000000000000e+02
3.140000000000000000e+02
3.230000000000000000e+02
2.990000000000000000e+02
2.940000000000000000e+02
2.960000000000000000e+02
2.730000000000000000e+02
2.450000000000000000e+02
2.830000000000000000e+02
2.110000000000000000e+02
2.490000000000000000e+02
2.440000000000000000e+02
2.070000000000000000e+02
2.350000000000000000e+02
2.280000000000000000e+02
1.830000000000000000e+02
2.030000000000000000e+02
1.980000000000000000e+02
1.860000000000000000e+02
1.980000000000000000e+02
1.640000000000000000e+02
1.990000000000000000e+02
1.710000000000000000e+02
1.510000000000000000e+02
1.730000000000000000e+02
1.400000000000000000e+02
1.400000000000000000e+02
1.150000000000000000e+02
1.480000000000000000e+02
1.220000000000000000e+02
1.400000000000000000e+02
1.190000000000000000e+02
1.290000000000000000e+02
1.140000000000000000e+02
1.150000000000000000e+02
1.330000000000000000e+02
1.210000000000000000e+02
1.260000000000000000e+02
1.200000000000000000e+02
1.050000000000000000e+02
9.900000000000000000e+01
1.040000000000000000e+02
9.400000000000000000e+01
1.100000000000000000e+02
1.090000000000000000e+02
9.100000000000000000e+01
1.000000000000000000e+02
8.000000000000000000e+01
8.400000000000000000e+01
1.040000000000000000e+02
9.300000000000000000e+01
9.300000000000000000e+01
7.800000000000000000e+01
7.800000000000000000e+01
6.900000000000000000e+01
8.600000000000000000e+01
8.100000000000000000e+01
7.100000000000000000e+01
1.000000000000000000e+02
9.300000000000000000e+01
6.800000000000000000e+01
6.500000000000000000e+01
6.700000000000000000e+01
7.500000000000000000e+01
6.000000000000000000e+01
6.700000000000000000e+01
6.900000000000000000e+01
6.500000000000000000e+01
6.500000000000000000e+01
6.500000000000000000e+01
8.100000000000000000e+01
7.400000000000000000e+01
5.500000000000000000e+01
6.900000000000000000e+01
5.600000000000000000e+01
5.900000000000000000e+01
5.300000000000000000e+01
6.700000000000000000e+01
7.900000000000000000e+01
7.300000000000000000e+01
6.200000000000000000e+01
6.400000000000000000e+01
5.400000000000000000e+01
6.300000000000000000e+01
5.600000000000000000e+01
5.200000000000000000e+01
6.500000000000000000e+01
4.600000000000000000e+01
6.300000000000000000e+01
4.400000000000000000e+01
6.100000000000000000e+01
4.800000000000000000e+01
4.500000000000000000e+01
5.400000000000000000e+01
5.300000000000000000e+01
6.300000000000000000e+01
3.600000000000000000e+01
5.200000000000000000e+01
4.400000000000000000e+01
4.400000000000000000e+01
3.400000000000000000e+01
3.900000000000000000e+01
3.800000000000000000e+01
4.400000000000000000e+01
6.200000000000000000e+01
5.600000000000000000e+01
4.900000000000000000e+01
5.400000000000000000e+01
5.500000000000000000e+01
5.800000000000000000e+01
6.800000000000000000e+01
5.600000000000000000e+01
7.100000000000000000e+01
5.500000000000000000e+01
6.200000000000000000e+01
7.700000000000000000e+01
8.400000000000000000e+01
7.000000000000000000e+01
7.300000000000000000e+01
7.100000000000000000e+01
8.000000000000000000e+01
7.300000000000000000e+01
6.700000000000000000e+01
5.100000000000000000e+01
5.500000000000000000e+01
6.400000000000000000e+01
5.000000000000000000e+01
5.400000000000000000e+01
5.300000000000000000e+01
4.200000000000000000e+01
3.000000000000000000e+01
2.400000000000000000e+01
2.500000000000000000e+01
2.500000000000000000e+01
3.300000000000000000e+01
2.000000000000000000e+01
2.600000000000000000e+01
2.200000000000000000e+01
1.000000000000000000e+01
8.000000000000000000e+00
1.400000000000000000e+01
1.800000000000000000e+01
9.000000000000000000e+00
4.000000000000000000e+00
1.100000000000000000e+01
1.100000000000000000e+01
4.000000000000000000e+00
8.000000000000000000e+00
3.000000000000000000e+00
3.000000000000000000e+00
3.000000000000000000e+00
3.000000000000000000e+00
2.000000000000000000e+00
2.000000000000000000e+00
1.000000000000000000e+00
1.000000000000000000e+00
2.000000000000000000e+00
2.000000000000000000e+00
1.000000000000000000e+00
4.000000000000000000e+00
1.000000000000000000e+00
2.000000000000000000e+00
0.000000000000000000e+00
0.000000000000000000e+00
1.000000000000000000e+00
0.000000000000000000e+00
0.000000000000000000e+00
0.000000000000000000e+00
0.000000000000000000e+00
0.000000000000000000e+00
0.000000000000000000e+00
0.000000000000000000e+00
0.000000000000000000e+00
0.000000000000000000e+00
0.000000000000000000e+00
0.000000000000000000e+00
0.000000000000000000e+00
0.000000000000000000e+00
0.000000000000000000e+00
0.000000000000000000e+00
0.000000000000000000e+00
0.000000000000000000e+00
2.335000000000000000e+03
9.420000000000000000e+02
1.146000000000000000e+03
1.391000000000000000e+03
2.264000000000000000e+03
6.746000000000000000e+03
1.534700000000000000e+04
7.972000000000000000e+03
3.795000000000000000e+03
2.157000000000000000e+03
1.801000000000000000e+03
1.485000000000000000e+03
1.390000000000000000e+03
1.248000000000000000e+03
1.169000000000000000e+03
9.850000000000000000e+02
8.960000000000000000e+02
8.060000000000000000e+02
7.670000000000000000e+02
7.030000000000000000e+02
6.360000000000000000e+02
5.640000000000000000e+02
5.180000000000000000e+02
5.580000000000000000e+02
5.000000000000000000e+02
5.270000000000000000e+02
4.640000000000000000e+02
4.780000000000000000e+02
4.180000000000000000e+02
4.410000000000000000e+02
4.350000000000000000e+02
4.110000000000000000e+02
3.680000000000000000e+02
4.380000000000000000e+02
3.780000000000000000e+02
4.350000000000000000e+02
3.980000000000000000e+02
4.140000000000000000e+02
3.530000000000000000e+02
4.000000000000000000e+02
3.940000000000000000e+02
3.930000000000000000e+02
3.960000000000000000e+02
3.970000000000000000e+02
3.780000000000000000e+02
3.890000000000000000e+02
3.970000000000000000e+02
4.160000000000000000e+02
3.960000000000000000e+02
4.130000000000000000e+02
3.650000000000000000e+02
3.570000000000000000e+02
3.340000000000000000e+02
4.140000000000000000e+02
3.770000000000000000e+02
3.760000000000000000e+02
3.550000000000000000e+02
3.850000000000000000e+02
3.580000000000000000e+02
3.430000000000000000e+02
3.940000000000000000e+02
3.250000000000000000e+02
3.800000000000000000e+02
3.730000000000000000e+02
3.720000000000000000e+02
3.700000000000000000e+02
3.540000000000000000e+02
3.700000000000000000e+02
3.550000000000000000e+02
3.910000000000000000e+02
3.490000000000000000e+02
3.400000000000000000e+02
3.540000000000000000e+02
3.540000000000000000e+02
3.520000000000000000e+02
3.340000000000000000e+02
3.600000000000000000e+02
3.410000000000000000e+02
3.130000000000000000e+02
3.520000000000000000e+02
3.200000000000000000e+02
3.390000000000000000e+02
2.950000000000000000e+02
3.230000000000000000e+02
3.080000000000000000e+02
2.900000000000000000e+02
2.790000000000000000e+02
3.210000000000000000e+02
3.140000000000000000e+02
2.770000000000000000e+02
2.750000000000000000e+02
2.920000000000000000e+02
2.580000000000000000e+02
2.710000000000000000e+02
2.440000000000000000e+02
2.540000000000000000e+02
2.540000000000000000e+02
2.680000000000000000e+02
2.250000000000000000e+02
2.680000000000000000e+02
2.490000000000000000e+02
2.850000000000000000e+02
2.240000000000000000e+02
2.330000000000000000e+02
2.170000000000000000e+02
2.210000000000000000e+02
2.400000000000000000e+02
2.060000000000000000e+02
2.130000000000000000e+02
2.020000000000000000e+02
1.900000000000000000e+02
2.330000000000000000e+02
1.850000000000000000e+02
2.050000000000000000e+02
2.080000000000000000e+02
1.710000000000000000e+02
1.810000000000000000e+02
1.800000000000000000e+02
1.600000000000000000e+02
1.440000000000000000e+02
1.580000000000000000e+02
1.820000000000000000e+02
1.500000000000000000e+02
1.550000000000000000e+02
1.590000000000000000e+02
1.350000000000000000e+02
1.580000000000000000e+02
1.340000000000000000e+02
1.400000000000000000e+02
1.230000000000000000e+02
1.370000000000000000e+02
1.250000000000000000e+02
1.140000000000000000e+02
1.310000000000000000e+02
1.360000000000000000e+02
9.700000000000000000e+01
1.300000000000000000e+02
1.060000000000000000e+02
1.120000000000000000e+02
1.090000000000000000e+02
1.250000000000000000e+02
1.250000000000000000e+02
1.140000000000000000e+02
9.500000000000000000e+01
9.200000000000000000e+01
1.020000000000000000e+02
8.900000000000000000e+01
1.100000000000000000e+02
1.160000000000000000e+02
8.600000000000000000e+01
1.040000000000000000e+02
8.400000000000000000e+01
9.000000000000000000e+01
8.800000000000000000e+01
9.900000000000000000e+01
9.400000000000000000e+01
8.000000000000000000e+01
8.200000000000000000e+01
8.400000000000000000e+01
1.050000000000000000e+02
8.600000000000000000e+01
1.010000000000000000e+02
7.600000000000000000e+01
8.900000000000000000e+01
6.800000000000000000e+01
6.400000000000000000e+01
7.200000000000000000e+01
7.400000000000000000e+01
6.900000000000000000e+01
8.400000000000000000e+01
7.800000000000000000e+01
7.200000000000000000e+01
7.600000000000000000e+01
8.300000000000000000e+01
7.700000000000000000e+01
7.200000000000000000e+01
7.100000000000000000e+01
7.900000000000000000e+01
5.200000000000000000e+01
6.800000000000000000e+01
6.000000000000000000e+01
6.000000000000000000e+01
6.700000000000000000e+01
6.600000000000000000e+01
5.600000000000000000e+01
5.300000000000000000e+01
6.800000000000000000e+01
6.600000000000000000e+01
6.200000000000000000e+01
5.700000000000000000e+01
5.400000000000000000e+01
4.900000000000000000e+01
6.400000000000000000e+01
6.900000000000000000e+01
6.100000000000000000e+01
5.300000000000000000e+01
7.000000000000000000e+01
8.100000000000000000e+01
8.300000000000000000e+01
7.800000000000000000e+01
8.900000000000000000e+01
7.700000000000000000e+01
1.030000000000000000e+02
1.150000000000000000e+02
1.060000000000000000e+02
7.700000000000000000e+01
9.200000000000000000e+01
9.900000000000000000e+01
9.700000000000000000e+01
7.700000000000000000e+01
6.900000000000000000e+01
8.300000000000000000e+01
8.900000000000000000e+01
6.700000000000000000e+01
7.700000000000000000e+01
6.900000000000000000e+01
4.700000000000000000e+01
4.200000000000000000e+01
4.100000000000000000e+01
2.900000000000000000e+01
2.800000000000000000e+01
3.300000000000000000e+01
1.900000000000000000e+01
2.100000000000000000e+01
2.400000000000000000e+01
1.900000000000000000e+01
1.600000000000000000e+01
1.400000000000000000e+01
1.400000000000000000e+01
7.000000000000000000e+00
9.000000000000000000e+00
1.100000000000000000e+01
3.000000000000000000e+00
4.000000000000000000e+00
2.000000000000000000e+00
4.000000000000000000e+00
2.000000000000000000e+00
4.000000000000000000e+00
2.000000000000000000e+00
2.000000000000000000e+00
5.000000000000000000e+00
2.000000000000000000e+00
1.000000000000000000e+00
2.000000000000000000e+00
0.000000000000000000e+00
0.000000000000000000e+00
0.000000000000000000e+00
1.000000000000000000e+00
0.000000000000000000e+00
0.000000000000000000e+00
0.000000000000000000e+00
0.000000000000000000e+00
0.000000000000000000e+00
0.000000000000000000e+00
0.000000000000000000e+00
0.000000000000000000e+00
1.229000000000000000e+03
6.470000000000000000e+02
8.670000000000000000e+02
1.386000000000000000e+03
1.926000000000000000e+03
7.940000000000000000e+03
1.489800000000000000e+04
4.528000000000000000e+03
1.794000000000000000e+03
1.471000000000000000e+03
1.296000000000000000e+03
1.060000000000000000e+03
9.320000000000000000e+02
8.360000000000000000e+02
7.770000000000000000e+02
6.850000000000000000e+02
6.830000000000000000e+02
6.130000000000000000e+02
5.610000000000000000e+02
5.620000000000000000e+02
5.370000000000000000e+02
4.310000000000000000e+02
4.920000000000000000e+02
4.360000000000000000e+02
4.590000000000000000e+02
4.390000000000000000e+02
3.780000000000000000e+02
3.930000000000000000e+02
3.940000000000000000e+02
3.620000000000000000e+02
3.860000000000000000e+02
3.030000000000000000e+02
3.570000000000000000e+02
3.540000000000000000e+02
3.420000000000000000e+02
3.390000000000000000e+02
3.280000000000000000e+02
3.300000000000000000e+02
3.220000000000000000e+02
3.080000000000000000e+02
3.300000000000000000e+02
2.520000000000000000e+02
2.980000000000000000e+02
2.600000000000000000e+02
2.790000000000000000e+02
2.870000000000000000e+02
2.700000000000000000e+02
2.660000000000000000e+02
2.750000000000000000e+02
2.650000000000000000e+02
2.390000000000000000e+02
2.900000000000000000e+02
3.050000000000000000e+02
2.980000000000000000e+02
2.550000000000000000e+02
2.750000000000000000e+02
2.800000000000000000e+02
2.610000000000000000e+02
2.420000000000000000e+02
2.940000000000000000e+02
2.270000000000000000e+02
2.650000000000000000e+02
2.520000000000000000e+02
2.350000000000000000e+02
2.360000000000000000e+02
2.630000000000000000e+02
2.580000000000000000e+02
2.770000000000000000e+02
2.390000000000000000e+02
2.400000000000000000e+02
2.390000000000000000e+02
2.410000000000000000e+02
2.610000000000000000e+02
2.240000000000000000e+02
2.540000000000000000e+02
2.690000000000000000e+02
2.510000000000000000e+02
2.570000000000000000e+02
2.410000000000000000e+02
2.750000000000000000e+02
2.610000000000000000e+02
2.240000000000000000e+02
2.560000000000000000e+02
2.380000000000000000e+02
2.550000000000000000e+02
2.590000000000000000e+02
2.600000000000000000e+02
2.340000000000000000e+02
2.470000000000000000e+02
2.500000000000000000e+02
2.470000000000000000e+02
2.440000000000000000e+02
2.380000000000000000e+02
2.440000000000000000e+02
2.340000000000000000e+02
2.640000000000000000e+02
3.050000000000000000e+02
2.490000000000000000e+02
2.500000000000000000e+02
2.610000000000000000e+02
2.690000000000000000e+02
2.430000000000000000e+02
2.570000000000000000e+02
2.700000000000000000e+02
2.660000000000000000e+02
2.730000000000000000e+02
3.000000000000000000e+02
2.620000000000000000e+02
3.000000000000000000e+02
2.620000000000000000e+02
2.870000000000000000e+02
2.930000000000000000e+02
2.610000000000000000e+02
3.060000000000000000e+02
2.880000000000000000e+02
2.930000000000000000e+02
3.480000000000000000e+02
3.290000000000000000e+02
3.390000000000000000e+02
3.020000000000000000e+02
2.930000000000000000e+02
3.330000000000000000e+02
3.110000000000000000e+02
3.150000000000000000e+02
3.110000000000000000e+02
3.010000000000000000e+02
3.040000000000000000e+02
3.170000000000000000e+02
3.320000000000000000e+02
3.130000000000000000e+02
3.270000000000000000e+02
3.260000000000000000e+02
3.140000000000000000e+02
3.380000000000000000e+02
3.360000000000000000e+02
3.370000000000000000e+02
3.330000000000000000e+02
3.120000000000000000e+02
3.070000000000000000e+02
3.680000000000000000e+02
3.140000000000000000e+02
3.090000000000000000e+02
2.940000000000000000e+02
3.070000000000000000e+02
3.570000000000000000e+02
3.440000000000000000e+02
3.140000000000000000e+02
2.980000000000000000e+02
3.200000000000000000e+02
3.170000000000000000e+02
3.500000000000000000e+02
3.250000000000000000e+02
2.850000000000000000e+02
3.210000000000000000e+02
3.230000000000000000e+02
3.030000000000000000e+02
3.020000000000000000e+02
2.900000000000000000e+02
2.790000000000000000e+02
2.670000000000000000e+02
2.580000000000000000e+02
2.260000000000000000e+02
2.530000000000000000e+02
2.200000000000000000e+02
2.380000000000000000e+02
2.710000000000000000e+02
2.450000000000000000e+02
2.520000000000000000e+02
2.260000000000000000e+02
2.280000000000000000e+02
2.490000000000000000e+02
2.360000000000000000e+02
2.170000000000000000e+02
2.520000000000000000e+02
2.110000000000000000e+02
2.240000000000000000e+02
2.150000000000000000e+02
2.030000000000000000e+02
2.190000000000000000e+02
2.180000000000000000e+02
1.880000000000000000e+02
1.980000000000000000e+02
1.810000000000000000e+02
1.880000000000000000e+02
2.370000000000000000e+02
1.930000000000000000e+02
1.990000000000000000e+02
1.540000000000000000e+02
2.030000000000000000e+02
1.890000000000000000e+02
1.800000000000000000e+02
1.690000000000000000e+02
1.570000000000000000e+02
1.570000000000000000e+02
1.700000000000000000e+02
1.720000000000000000e+02
1.720000000000000000e+02
1.460000000000000000e+02
1.830000000000000000e+02
1.750000000000000000e+02
1.780000000000000000e+02
1.700000000000000000e+02
1.810000000000000000e+02
1.640000000000000000e+02
1.520000000000000000e+02
1.480000000000000000e+02
1.500000000000000000e+02
1.440000000000000000e+02
1.430000000000000000e+02
1.420000000000000000e+02
1.550000000000000000e+02
1.420000000000000000e+02
1.550000000000000000e+02
1.330000000000000000e+02
1.040000000000000000e+02
1.130000000000000000e+02
9.500000000000000000e+01
9.400000000000000000e+01
8.100000000000000000e+01
7.300000000000000000e+01
8.800000000000000000e+01
6.700000000000000000e+01
6.600000000000000000e+01
4.300000000000000000e+01
6.500000000000000000e+01
5.200000000000000000e+01
5.400000000000000000e+01
6.500000000000000000e+01
4.600000000000000000e+01
3.300000000000000000e+01
2.500000000000000000e+01
4.100000000000000000e+01
3.600000000000000000e+01
2.700000000000000000e+01
2.800000000000000000e+01
3.100000000000000000e+01
2.100000000000000000e+01
2.400000000000000000e+01
1.700000000000000000e+01
1.600000000000000000e+01
1.800000000000000000e+01
1.500000000000000000e+01
1.900000000000000000e+01
1.000000000000000000e+01
1.300000000000000000e+01
8.000000000000000000e+00
7.000000000000000000e+00
6.000000000000000000e+00
7.000000000000000000e+00
8.000000000000000000e+00
1.000000000000000000e+00
5.000000000000000000e+00
3.000000000000000000e+00
8.000000000000000000e+00
3.000000000000000000e+00
1.800000000000000000e+01
