5.930000000000000000e+02
2.390000000000000000e+02
4.360000000000000000e+02
4.830000000000000000e+02
5.970000000000000000e+02
7.800000000000000000e+02
9.230000000000000000e+02
1.164000000000000000e+03
1.294000000000000000e+03
1.998000000000000000e+03
2.907000000000000000e+03
3.559000000000000000e+03
5.740000000000000000e+03
6.420000000000000000e+03
6.774000000000000000e+03
5.671000000000000000e+03
4.804000000000000000e+03
3.976000000000000000e+03
3.912000000000000000e+03
4.478000000000000000e+03
5.391000000000000000e+03
6.869000000000000000e+03
1.111200000000000000e+04
1.323900000000000000e+04
1.455000000000000000e+04
1.320200000000000000e+04
1.105500000000000000e+04
1.058500000000000000e+04
8.813000000000000000e+03
7.794000000000000000e+03
6.950000000000000000e+03
6.187000000000000000e+03
5.931000000000000000e+03
5.338000000000000000e+03
5.357000000000000000e+03
5.622000000000000000e+03
5.574000000000000000e+03
4.707000000000000000e+03
4.217000000000000000e+03
4.090000000000000000e+03
4.090000000000000000e+03
4.485000000000000000e+03
4.398000000000000000e+03
4.231000000000000000e+03
4.283000000000000000e+03
3.899000000000000000e+03
3.422000000000000000e+03
3.105000000000000000e+03
3.231000000000000000e+03
3.157000000000000000e+03
3.423000000000000000e+03
3.116000000000000000e+03
2.866000000000000000e+03
2.767000000000000000e+03
2.592000000000000000e+03
2.491000000000000000e+03
2.528000000000000000e+03
2.427000000000000000e+03
2.391000000000000000e+03
2.543000000000000000e+03
2.555000000000000000e+03
2.695000000000000000e+03
2.570000000000000000e+03
2.715000000000000000e+03
2.650000000000000000e+03
2.690000000000000000e+03
2.675000000000000000e+03
2.644000000000000000e+03
2.733000000000000000e+03
2.743000000000000000e+03
2.692000000000000000e+03
2.824000000000000000e+03
2.805000000000000000e+03
2.833000000000000000e+03
2.913000000000000000e+03
3.069000000000000000e+03
2.999000000000000000e+03
3.137000000000000000e+03
3.128000000000000000e+03
3.307000000000000000e+03
3.409000000000000000e+03
3.537000000000000000e+03
3.646000000000000000e+03
3.731000000000000000e+03
3.733000000000000000e+03
4.063000000000000000e+03
4.444000000000000000e+03
4.318000000000000000e+03
4.397000000000000000e+03
4.162000000000000000e+03
4.141000000000000000e+03
4.220000000000000000e+03
4.126000000000000000e+03
4.026000000000000000e+03
4.034000000000000000e+03
4.142000000000000000e+03
4.050000000000000000e+03
4.106000000000000000e+03
3.921000000000000000e+03
3.985000000000000000e+03
4.288000000000000000e+03
3.985000000000000000e+03
3.985000000000000000e+03
3.682000000000000000e+03
3.515000000000000000e+03
3.323000000000000000e+03
3.294000000000000000e+03
3.359000000000000000e+03
3.376000000000000000e+03
3.441000000000000000e+03
3.370000000000000000e+03
3.376000000000000000e+03
3.451000000000000000e+03
3.357000000000000000e+03
3.350000000000000000e+03
3.155000000000000000e+03
3.154000000000000000e+03
3.098000000000000000e+03
3.080000000000000000e+03
3.082000000000000000e+03
3.255000000000000000e+03
3.465000000000000000e+03
3.350000000000000000e+03
3.226000000000000000e+03
3.296000000000000000e+03
3.123000000000000000e+03
3.389000000000000000e+03
3.189000000000000000e+03
3.092000000000000000e+03
3.044000000000000000e+03
2.888000000000000000e+03
3.044000000000000000e+03
2.934000000000000000e+03
2.949000000000000000e+03
2.883000000000000000e+03
2.784000000000000000e+03
2.755000000000000000e+03
2.886000000000000000e+03
2.884000000000000000e+03
2.839000000000000000e+03
2.988000000000000000e+03
2.727000000000000000e+03
2.558000000000000000e+03
2.588000000000000000e+03
2.433000000000000000e+03
2.372000000000000000e+03
2.536000000000000000e+03
2.532000000000000000e+03
2.520000000000000000e+03
2.550000000000000000e+03
2.385000000000000000e+03
2.567000000000000000e+03
2.645000000000000000e+03
2.833000000000000000e+03
2.861000000000000000e+03
2.679000000000000000e+03
2.596000000000000000e+03
2.638000000000000000e+03
2.605000000000000000e+03
2.562000000000000000e+03
2.590000000000000000e+03
2.542000000000000000e+03
2.657000000000000000e+03
3.055000000000000000e+03
3.331000000000000000e+03
3.676000000000000000e+03
3.679000000000000000e+03
3.396000000000000000e+03
3.123000000000000000e+03
2.967000000000000000e+03
3.263000000000000000e+03
3.176000000000000000e+03
3.501000000000000000e+03
3.450000000000000000e+03
3.621000000000000000e+03
3.605000000000000000e+03
3.825000000000000000e+03
3.944000000000000000e+03
3.853000000000000000e+03
4.055000000000000000e+03
4.374000000000000000e+03
4.068000000000000000e+03
4.023000000000000000e+03
3.814000000000000000e+03
3.762000000000000000e+03
3.845000000000000000e+03
3.844000000000000000e+03
3.953000000000000000e+03
3.887000000000000000e+03
4.160000000000000000e+03
4.025000000000000000e+03
4.186000000000000000e+03
4.117000000000000000e+03
3.746000000000000000e+03
4.060000000000000000e+03
3.818000000000000000e+03
3.573000000000000000e+03
3.228000000000000000e+03
2.975000000000000000e+03
2.740000000000000000e+03
2.360000000000000000e+03
2.354000000000000000e+03
2.200000000000000000e+03
2.041000000000000000e+03
1.921000000000000000e+03
2.237000000000000000e+03
2.453000000000000000e+03
2.897000000000000000e+03
4.011000000000000000e+03
5.415000000000000000e+03
7.612000000000000000e+03
6.442000000000000000e+03
8.400000000000000000e+03
6.775000000000000000e+03
1.107800000000000000e+04
9.446000000000000000e+03
1.080300000000000000e+04
8.761000000000000000e+03
1.127200000000000000e+04
7.777000000000000000e+03
9.296000000000000000e+03
6.136000000000000000e+03
3.245000000000000000e+03
2.516000000000000000e+03
2.105000000000000000e+03
1.869000000000000000e+03
2.068000000000000000e+03
2.108000000000000000e+03
2.047000000000000000e+03
1.949000000000000000e+03
1.917000000000000000e+03
2.131000000000000000e+03
2.071000000000000000e+03
2.179000000000000000e+03
2.012000000000000000e+03
1.860000000000000000e+03
1.880000000000000000e+03
1.754000000000000000e+03
1.759000000000000000e+03
1.480000000000000000e+03
1.640000000000000000e+03
1.112000000000000000e+03
7.320000000000000000e+02
6.910000000000000000e+02
6.700000000000000000e+02
5.780000000000000000e+02
5.680000000000000000e+02
5.480000000000000000e+02
5.050000000000000000e+02
4.680000000000000000e+02
5.080000000000000000e+02
5.300000000000000000e+02
4.430000000000000000e+02
4.730000000000000000e+02
4.330000000000000000e+02
2.042000000000000000e+03
6.837000000000000000e+03
4.230000000000000000e+03
6.723000000000000000e+03
9.664000000000000000e+03
1.259000000000000000e+04
1.673800000000000000e+04
1.547100000000000000e+04
1.010200000000000000e+04
7.535000000000000000e+03
6.859000000000000000e+03
6.880000000000000000e+03
6.600000000000000000e+03
7.297000000000000000e+03
9.272000000000000000e+03
9.731000000000000000e+03
9.864000000000000000e+03
8.507000000000000000e+03
8.295000000000000000e+03
7.582000000000000000e+03
6.875000000000000000e+03
6.476000000000000000e+03
5.742000000000000000e+03
5.323000000000000000e+03
5.412000000000000000e+03
5.605000000000000000e+03
5.970000000000000000e+03
6.624000000000000000e+03
8.045000000000000000e+03
8.355000000000000000e+03
8.231000000000000000e+03
8.118000000000000000e+03
7.119000000000000000e+03
6.362000000000000000e+03
5.544000000000000000e+03
4.873000000000000000e+03
4.434000000000000000e+03
4.155000000000000000e+03
3.934000000000000000e+03
3.696000000000000000e+03
3.543000000000000000e+03
3.693000000000000000e+03
3.707000000000000000e+03
3.805000000000000000e+03
3.550000000000000000e+03
3.565000000000000000e+03
3.497000000000000000e+03
3.399000000000000000e+03
3.397000000000000000e+03
3.424000000000000000e+03
3.549000000000000000e+03
3.509000000000000000e+03
3.422000000000000000e+03
3.529000000000000000e+03
3.536000000000000000e+03
3.651000000000000000e+03
3.547000000000000000e+03
3.539000000000000000e+03
3.494000000000000000e+03
3.306000000000000000e+03
3.401000000000000000e+03
3.201000000000000000e+03
3.261000000000000000e+03
3.107000000000000000e+03
3.092000000000000000e+03
2.994000000000000000e+03
3.082000000000000000e+03
3.068000000000000000e+03
3.054000000000000000e+03
3.214000000000000000e+03
3.060000000000000000e+03
3.108000000000000000e+03
3.065000000000000000e+03
2.863000000000000000e+03
2.951000000000000000e+03
2.892000000000000000e+03
2.891000000000000000e+03
2.937000000000000000e+03
2.691000000000000000e+03
2.914000000000000000e+03
2.809000000000000000e+03
3.040000000000000000e+03
3.062000000000000000e+03
3.015000000000000000e+03
3.071000000000000000e+03
3.227000000000000000e+03
3.337000000000000000e+03
3.301000000000000000e+03
3.315000000000000000e+03
3.501000000000000000e+03
3.428000000000000000e+03
3.387000000000000000e+03
3.300000000000000000e+03
3.516000000000000000e+03
3.690000000000000000e+03
3.473000000000000000e+03
3.539000000000000000e+03
3.483000000000000000e+03
3.825000000000000000e+03
3.831000000000000000e+03
3.915000000000000000e+03
3.936000000000000000e+03
3.872000000000000000e+03
3.791000000000000000e+03
3.854000000000000000e+03
3.861000000000000000e+03
3.744000000000000000e+03
3.663000000000000000e+03
3.544000000000000000e+03
3.526000000000000000e+03
3.351000000000000000e+03
3.403000000000000000e+03
3.339000000000000000e+03
3.190000000000000000e+03
2.884000000000000000e+03
2.848000000000000000e+03
2.723000000000000000e+03
2.698000000000000000e+03
2.515000000000000000e+03
2.357000000000000000e+03
2.389000000000000000e+03
2.254000000000000000e+03
2.168000000000000000e+03
2.112000000000000000e+03
2.085000000000000000e+03
2.246000000000000000e+03
2.200000000000000000e+03
2.207000000000000000e+03
2.282000000000000000e+03
2.385000000000000000e+03
2.563000000000000000e+03
2.800000000000000000e+03
2.624000000000000000e+03
2.630000000000000000e+03
2.872000000000000000e+03
3.047000000000000000e+03
3.533000000000000000e+03
3.575000000000000000e+03
3.420000000000000000e+03
3.303000000000000000e+03
3.315000000000000000e+03
3.092000000000000000e+03
2.938000000000000000e+03
2.896000000000000000e+03
2.965000000000000000e+03
2.900000000000000000e+03
2.965000000000000000e+03
3.087000000000000000e+03
3.014000000000000000e+03
2.893000000000000000e+03
3.046000000000000000e+03
2.768000000000000000e+03
2.544000000000000000e+03
2.559000000000000000e+03
2.610000000000000000e+03
2.615000000000000000e+03
2.536000000000000000e+03
2.668000000000000000e+03
2.699000000000000000e+03
2.537000000000000000e+03
2.468000000000000000e+03
2.482000000000000000e+03
2.558000000000000000e+03
2.693000000000000000e+03
2.666000000000000000e+03
2.604000000000000000e+03
2.559000000000000000e+03
2.508000000000000000e+03
2.554000000000000000e+03
2.755000000000000000e+03
2.715000000000000000e+03
2.752000000000000000e+03
2.538000000000000000e+03
2.788000000000000000e+03
2.516000000000000000e+03
2.656000000000000000e+03
2.514000000000000000e+03
2.450000000000000000e+03
2.497000000000000000e+03
2.477000000000000000e+03
2.309000000000000000e+03
2.273000000000000000e+03
2.150000000000000000e+03
2.103000000000000000e+03
1.988000000000000000e+03
1.935000000000000000e+03
1.977000000000000000e+03
1.804000000000000000e+03
1.861000000000000000e+03
1.925000000000000000e+03
2.160000000000000000e+03
2.021000000000000000e+03
2.213000000000000000e+03
2.615000000000000000e+03
2.708000000000000000e+03
2.894000000000000000e+03
2.894000000000000000e+03
2.860000000000000000e+03
3.100000000000000000e+03
3.505000000000000000e+03
3.251000000000000000e+03
3.302000000000000000e+03
2.994000000000000000e+03
2.682000000000000000e+03
2.578000000000000000e+03
2.857000000000000000e+03
3.513000000000000000e+03
3.349000000000000000e+03
2.869000000000000000e+03
2.407000000000000000e+03
2.232000000000000000e+03
2.150000000000000000e+03
2.036000000000000000e+03
1.931000000000000000e+03
1.971000000000000000e+03
2.187000000000000000e+03
2.487000000000000000e+03
2.891000000000000000e+03
3.499000000000000000e+03
5.253000000000000000e+03
4.316000000000000000e+03
7.994000000000000000e+03
5.969000000000000000e+03
5.375000000000000000e+03
6.782000000000000000e+03
8.288000000000000000e+03
5.955000000000000000e+03
4.764000000000000000e+03
6.398000000000000000e+03
6.474000000000000000e+03
8.415000000000000000e+03
7.249000000000000000e+03
2.389000000000000000e+03
1.811000000000000000e+03
1.556000000000000000e+03
1.465000000000000000e+03
1.516000000000000000e+03
1.380000000000000000e+03
1.113000000000000000e+03
1.195000000000000000e+03
8.950000000000000000e+02
1.018000000000000000e+03
9.360000000000000000e+02
9.220000000000000000e+02
8.310000000000000000e+02
7.710000000000000000e+02
6.480000000000000000e+02
4.190000000000000000e+02
3.160000000000000000e+02
3.170000000000000000e+02
2.810000000000000000e+02
2.440000000000000000e+02
2.700000000000000000e+02
2.530000000000000000e+02
2.350000000000000000e+02
2.300000000000000000e+02
4.420000000000000000e+02
4.260000000000000000e+02
1.480000000000000000e+02
2.050000000000000000e+02
2.590000000000000000e+02
3.600000000000000000e+02
6.010000000000000000e+02
9.510000000000000000e+02
1.446000000000000000e+03
2.661000000000000000e+03
4.381000000000000000e+03
5.166000000000000000e+03
6.589000000000000000e+03
6.167000000000000000e+03
5.389000000000000000e+03
5.249000000000000000e+03
4.746000000000000000e+03
5.019000000000000000e+03
4.885000000000000000e+03
4.593000000000000000e+03
4.352000000000000000e+03
4.069000000000000000e+03
3.812000000000000000e+03
3.815000000000000000e+03
4.260000000000000000e+03
4.734000000000000000e+03
5.329000000000000000e+03
5.946000000000000000e+03
6.105000000000000000e+03
6.010000000000000000e+03
5.600000000000000000e+03
4.852000000000000000e+03
4.452000000000000000e+03
3.766000000000000000e+03
3.344000000000000000e+03
3.107000000000000000e+03
2.781000000000000000e+03
2.360000000000000000e+03
2.327000000000000000e+03
1.986000000000000000e+03
1.846000000000000000e+03
1.772000000000000000e+03
1.621000000000000000e+03
1.586000000000000000e+03
1.551000000000000000e+03
1.568000000000000000e+03
1.529000000000000000e+03
1.558000000000000000e+03
1.492000000000000000e+03
1.617000000000000000e+03
1.626000000000000000e+03
1.682000000000000000e+03
1.576000000000000000e+03
1.701000000000000000e+03
1.727000000000000000e+03
1.753000000000000000e+03
1.871000000000000000e+03
1.771000000000000000e+03
1.893000000000000000e+03
1.944000000000000000e+03
2.009000000000000000e+03
1.935000000000000000e+03
2.100000000000000000e+03
2.017000000000000000e+03
2.096000000000000000e+03
2.160000000000000000e+03
2.098000000000000000e+03
2.054000000000000000e+03
2.182000000000000000e+03
2.208000000000000000e+03
2.303000000000000000e+03
2.281000000000000000e+03
2.495000000000000000e+03
2.521000000000000000e+03
2.472000000000000000e+03
2.600000000000000000e+03
2.614000000000000000e+03
2.628000000000000000e+03
2.712000000000000000e+03
2.759000000000000000e+03
2.814000000000000000e+03
2.975000000000000000e+03
3.255000000000000000e+03
3.274000000000000000e+03
3.316000000000000000e+03
3.123000000000000000e+03
3.118000000000000000e+03
3.051000000000000000e+03
2.923000000000000000e+03
2.978000000000000000e+03
3.017000000000000000e+03
2.871000000000000000e+03
2.802000000000000000e+03
2.896000000000000000e+03
2.867000000000000000e+03
2.821000000000000000e+03
2.718000000000000000e+03
2.802000000000000000e+03
2.621000000000000000e+03
2.657000000000000000e+03
2.568000000000000000e+03
2.438000000000000000e+03
2.345000000000000000e+03
2.314000000000000000e+03
2.246000000000000000e+03
2.297000000000000000e+03
2.362000000000000000e+03
2.353000000000000000e+03
2.766000000000000000e+03
2.916000000000000000e+03
2.616000000000000000e+03
2.500000000000000000e+03
2.331000000000000000e+03
2.092000000000000000e+03
2.110000000000000000e+03
1.791000000000000000e+03
1.817000000000000000e+03
1.860000000000000000e+03
1.869000000000000000e+03
2.049000000000000000e+03
2.059000000000000000e+03
2.176000000000000000e+03
2.441000000000000000e+03
2.243000000000000000e+03
2.193000000000000000e+03
2.016000000000000000e+03
2.191000000000000000e+03
2.207000000000000000e+03
2.281000000000000000e+03
2.410000000000000000e+03
2.436000000000000000e+03
2.437000000000000000e+03
2.617000000000000000e+03
2.622000000000000000e+03
2.610000000000000000e+03
2.545000000000000000e+03
2.520000000000000000e+03
2.488000000000000000e+03
2.770000000000000000e+03
3.183000000000000000e+03
3.180000000000000000e+03
3.761000000000000000e+03
4.492000000000000000e+03
5.143000000000000000e+03
5.079000000000000000e+03
4.964000000000000000e+03
4.605000000000000000e+03
4.448000000000000000e+03
4.753000000000000000e+03
4.791000000000000000e+03
4.897000000000000000e+03
4.427000000000000000e+03
4.795000000000000000e+03
5.325000000000000000e+03
5.607000000000000000e+03
6.300000000000000000e+03
5.389000000000000000e+03
5.555000000000000000e+03
5.804000000000000000e+03
5.361000000000000000e+03
5.668000000000000000e+03
5.844000000000000000e+03
6.176000000000000000e+03
6.829000000000000000e+03
7.430000000000000000e+03
7.072000000000000000e+03
7.164000000000000000e+03
7.307000000000000000e+03
7.105000000000000000e+03
6.730000000000000000e+03
6.965000000000000000e+03
6.332000000000000000e+03
6.212000000000000000e+03
5.921000000000000000e+03
6.209000000000000000e+03
6.619000000000000000e+03
7.184000000000000000e+03
8.017000000000000000e+03
8.633000000000000000e+03
8.591000000000000000e+03
8.449000000000000000e+03
8.481000000000000000e+03
8.773000000000000000e+03
8.627000000000000000e+03
7.581000000000000000e+03
7.336000000000000000e+03
7.472000000000000000e+03
7.507000000000000000e+03
7.675000000000000000e+03
7.191000000000000000e+03
6.701000000000000000e+03
6.647000000000000000e+03
6.361000000000000000e+03
6.331000000000000000e+03
5.915000000000000000e+03
6.042000000000000000e+03
6.180000000000000000e+03
5.623000000000000000e+03
4.807000000000000000e+03
4.627000000000000000e+03
4.477000000000000000e+03
3.510000000000000000e+03
3.493000000000000000e+03
3.094000000000000000e+03
2.927000000000000000e+03
2.954000000000000000e+03
2.645000000000000000e+03
2.609000000000000000e+03
2.632000000000000000e+03
2.549000000000000000e+03
2.587000000000000000e+03
2.583000000000000000e+03
2.568000000000000000e+03
2.615000000000000000e+03
2.418000000000000000e+03
2.706000000000000000e+03
3.262000000000000000e+03
3.492000000000000000e+03
5.313000000000000000e+03
5.595000000000000000e+03
8.503000000000000000e+03
6.084000000000000000e+03
5.333000000000000000e+03
5.298000000000000000e+03
6.300000000000000000e+03
5.058000000000000000e+03
4.075000000000000000e+03
5.678000000000000000e+03
5.436000000000000000e+03
5.256000000000000000e+03
4.055000000000000000e+03
5.016000000000000000e+03
3.679000000000000000e+03
7.763000000000000000e+03
2.939000000000000000e+03
1.609000000000000000e+03
1.532000000000000000e+03
1.445000000000000000e+03
1.408000000000000000e+03
1.511000000000000000e+03
1.260000000000000000e+03
1.369000000000000000e+03
1.454000000000000000e+03
1.308000000000000000e+03
1.153000000000000000e+03
1.201000000000000000e+03
1.227000000000000000e+03
1.131000000000000000e+03
1.349000000000000000e+03
1.296000000000000000e+03
1.245000000000000000e+03
9.510000000000000000e+02
8.360000000000000000e+02
6.530000000000000000e+02
5.170000000000000000e+02
4.940000000000000000e+02
1.979000000000000000e+03
