1.472400000000000000e+04
3.327000000000000000e+03
3.792000000000000000e+03
3.622000000000000000e+03
4.125000000000000000e+03
4.104000000000000000e+03
3.858000000000000000e+03
4.010000000000000000e+03
3.530000000000000000e+03
3.345000000000000000e+03
3.216000000000000000e+03
3.162000000000000000e+03
3.152000000000000000e+03
3.122000000000000000e+03
3.273000000000000000e+03
3.225000000000000000e+03
3.164000000000000000e+03
3.237000000000000000e+03
3.406000000000000000e+03
3.347000000000000000e+03
3.401000000000000000e+03
3.537000000000000000e+03
3.534000000000000000e+03
3.678000000000000000e+03
3.588000000000000000e+03
3.702000000000000000e+03
3.713000000000000000e+03
3.762000000000000000e+03
3.725000000000000000e+03
3.769000000000000000e+03
3.853000000000000000e+03
3.673000000000000000e+03
3.685000000000000000e+03
3.579000000000000000e+03
3.573000000000000000e+03
3.545000000000000000e+03
3.514000000000000000e+03
3.561000000000000000e+03
3.470000000000000000e+03
3.291000000000000000e+03
3.292000000000000000e+03
3.088000000000000000e+03
3.132000000000000000e+03
3.039000000000000000e+03
3.021000000000000000e+03
2.930000000000000000e+03
2.764000000000000000e+03
2.749000000000000000e+03
2.833000000000000000e+03
2.961000000000000000e+03
3.204000000000000000e+03
2.599000000000000000e+03
2.951000000000000000e+03
2.434000000000000000e+03
2.508000000000000000e+03
2.479000000000000000e+03
2.209000000000000000e+03
2.261000000000000000e+03
2.224000000000000000e+03
2.151000000000000000e+03
2.189000000000000000e+03
2.263000000000000000e+03
2.141000000000000000e+03
1.808000000000000000e+03
1.868000000000000000e+03
1.699000000000000000e+03
1.677000000000000000e+03
1.560000000000000000e+03
1.459000000000000000e+03
1.273000000000000000e+03
1.160000000000000000e+03
1.034000000000000000e+03
1.066000000000000000e+03
9.710000000000000000e+02
8.690000000000000000e+02
8.770000000000000000e+02
8.720000000000000000e+02
7.410000000000000000e+02
6.970000000000000000e+02
7.080000000000000000e+02
6.890000000000000000e+02
6.470000000000000000e+02
6.450000000000000000e+02
6.720000000000000000e+02
6.320000000000000000e+02
5.990000000000000000e+02
5.910000000000000000e+02
5.830000000000000000e+02
5.400000000000000000e+02
5.600000000000000000e+02
5.100000000000000000e+02
5.400000000000000000e+02
5.790000000000000000e+02
5.680000000000000000e+02
5.580000000000000000e+02
5.800000000000000000e+02
5.680000000000000000e+02
6.270000000000000000e+02
6.250000000000000000e+02
5.980000000000000000e+02
5.970000000000000000e+02
5.310000000000000000e+02
4.900000000000000000e+02
4.360000000000000000e+02
4.590000000000000000e+02
3.650000000000000000e+02
4.440000000000000000e+02
3.690000000000000000e+02
3.510000000000000000e+02
3.710000000000000000e+02
3.400000000000000000e+02
3.330000000000000000e+02
3.590000000000000000e+02
3.020000000000000000e+02
2.980000000000000000e+02
3.160000000000000000e+02
2.910000000000000000e+02
2.970000000000000000e+02
2.720000000000000000e+02
2.860000000000000000e+02
2.530000000000000000e+02
2.700000000000000000e+02
2.230000000000000000e+02
2.210000000000000000e+02
2.300000000000000000e+02
2.740000000000000000e+02
2.120000000000000000e+02
2.190000000000000000e+02
2.460000000000000000e+02
2.300000000000000000e+02
2.230000000000000000e+02
2.500000000000000000e+02
2.170000000000000000e+02
2.300000000000000000e+02
2.310000000000000000e+02
2.420000000000000000e+02
2.620000000000000000e+02
2.810000000000000000e+02
2.700000000000000000e+02
2.760000000000000000e+02
3.100000000000000000e+02
3.040000000000000000e+02
3.500000000000000000e+02
3.070000000000000000e+02
3.840000000000000000e+02
3.520000000000000000e+02
3.570000000000000000e+02
3.100000000000000000e+02
2.930000000000000000e+02
2.790000000000000000e+02
3.410000000000000000e+02
2.950000000000000000e+02
3.560000000000000000e+02
3.490000000000000000e+02
3.500000000000000000e+02
3.720000000000000000e+02
4.380000000000000000e+02
5.030000000000000000e+02
6.370000000000000000e+02
6.750000000000000000e+02
6.620000000000000000e+02
6.610000000000000000e+02
6.330000000000000000e+02
6.200000000000000000e+02
7.020000000000000000e+02
7.470000000000000000e+02
7.530000000000000000e+02
9.360000000000000000e+02
9.100000000000000000e+02
9.180000000000000000e+02
9.960000000000000000e+02
1.096000000000000000e+03
1.046000000000000000e+03
1.042000000000000000e+03
1.019000000000000000e+03
1.058000000000000000e+03
1.207000000000000000e+03
1.426000000000000000e+03
1.704000000000000000e+03
2.181000000000000000e+03
2.034000000000000000e+03
2.193000000000000000e+03
2.320000000000000000e+03
2.802000000000000000e+03
2.799000000000000000e+03
2.844000000000000000e+03
2.864000000000000000e+03
2.957000000000000000e+03
3.375000000000000000e+03
4.171000000000000000e+03
3.483000000000000000e+03
3.388000000000000000e+03
4.012000000000000000e+03
4.322000000000000000e+03
3.760000000000000000e+03
3.417000000000000000e+03
4.071000000000000000e+03
3.906000000000000000e+03
3.857000000000000000e+03
4.113000000000000000e+03
4.304000000000000000e+03
4.710000000000000000e+03
5.877000000000000000e+03
7.128000000000000000e+03
8.620000000000000000e+03
8.922000000000000000e+03
9.766000000000000000e+03
9.324000000000000000e+03
8.678000000000000000e+03
7.177000000000000000e+03
5.737000000000000000e+03
4.751000000000000000e+03
3.549000000000000000e+03
2.052000000000000000e+03
1.186000000000000000e+03
9.010000000000000000e+02
7.260000000000000000e+02
8.460000000000000000e+02
6.960000000000000000e+02
7.590000000000000000e+02
6.800000000000000000e+02
6.670000000000000000e+02
5.360000000000000000e+02
5.740000000000000000e+02
4.680000000000000000e+02
4.680000000000000000e+02
4.260000000000000000e+02
4.210000000000000000e+02
3.210000000000000000e+02
3.450000000000000000e+02
3.340000000000000000e+02
3.150000000000000000e+02
2.570000000000000000e+02
2.740000000000000000e+02
2.990000000000000000e+02
2.660000000000000000e+02
2.260000000000000000e+02
2.530000000000000000e+02
2.120000000000000000e+02
1.900000000000000000e+02
1.890000000000000000e+02
1.520000000000000000e+02
1.770000000000000000e+02
1.520000000000000000e+02
1.430000000000000000e+02
1.440000000000000000e+02
1.810000000000000000e+02
1.330000000000000000e+02
1.600000000000000000e+02
1.110000000000000000e+02
1.000000000000000000e+02
9.500000000000000000e+01
8.600000000000000000e+01
7.000000000000000000e+01
5.900000000000000000e+01
2.970000000000000000e+02
1.448000000000000000e+03
1.802000000000000000e+03
2.462000000000000000e+03
2.968000000000000000e+03
3.011000000000000000e+03
2.838000000000000000e+03
2.400000000000000000e+03
2.233000000000000000e+03
1.934000000000000000e+03
1.827000000000000000e+03
1.818000000000000000e+03
1.753000000000000000e+03
1.713000000000000000e+03
1.750000000000000000e+03
1.708000000000000000e+03
1.702000000000000000e+03
1.689000000000000000e+03
1.651000000000000000e+03
1.626000000000000000e+03
1.718000000000000000e+03
1.635000000000000000e+03
1.848000000000000000e+03
1.864000000000000000e+03
1.901000000000000000e+03
1.971000000000000000e+03
2.094000000000000000e+03
2.140000000000000000e+03
2.724000000000000000e+03
3.198000000000000000e+03
2.702000000000000000e+03
2.729000000000000000e+03
2.551000000000000000e+03
2.062000000000000000e+03
1.969000000000000000e+03
2.037000000000000000e+03
1.985000000000000000e+03
2.096000000000000000e+03
1.826000000000000000e+03
1.827000000000000000e+03
1.603000000000000000e+03
1.432000000000000000e+03
1.414000000000000000e+03
1.520000000000000000e+03
1.492000000000000000e+03
1.535000000000000000e+03
1.476000000000000000e+03
1.587000000000000000e+03
1.491000000000000000e+03
1.604000000000000000e+03
1.575000000000000000e+03
1.614000000000000000e+03
1.599000000000000000e+03
1.592000000000000000e+03
1.598000000000000000e+03
1.542000000000000000e+03
1.559000000000000000e+03
1.473000000000000000e+03
1.417000000000000000e+03
1.317000000000000000e+03
1.355000000000000000e+03
1.256000000000000000e+03
1.156000000000000000e+03
1.123000000000000000e+03
1.117000000000000000e+03
1.134000000000000000e+03
1.031000000000000000e+03
1.001000000000000000e+03
9.360000000000000000e+02
1.044000000000000000e+03
1.014000000000000000e+03
9.460000000000000000e+02
9.690000000000000000e+02
9.960000000000000000e+02
1.052000000000000000e+03
1.031000000000000000e+03
1.001000000000000000e+03
1.080000000000000000e+03
1.099000000000000000e+03
1.080000000000000000e+03
1.378000000000000000e+03
1.490000000000000000e+03
1.602000000000000000e+03
1.753000000000000000e+03
1.844000000000000000e+03
1.880000000000000000e+03
2.223000000000000000e+03
2.894000000000000000e+03
2.283000000000000000e+03
2.525000000000000000e+03
2.270000000000000000e+03
1.850000000000000000e+03
1.644000000000000000e+03
1.904000000000000000e+03
1.724000000000000000e+03
1.715000000000000000e+03
2.080000000000000000e+03
1.823000000000000000e+03
1.528000000000000000e+03
1.444000000000000000e+03
1.413000000000000000e+03
1.434000000000000000e+03
1.449000000000000000e+03
1.577000000000000000e+03
1.537000000000000000e+03
1.484000000000000000e+03
1.591000000000000000e+03
1.533000000000000000e+03
1.559000000000000000e+03
1.602000000000000000e+03
1.695000000000000000e+03
1.782000000000000000e+03
1.642000000000000000e+03
1.600000000000000000e+03
1.551000000000000000e+03
1.508000000000000000e+03
1.558000000000000000e+03
1.524000000000000000e+03
1.446000000000000000e+03
1.491000000000000000e+03
1.521000000000000000e+03
1.511000000000000000e+03
1.561000000000000000e+03
1.494000000000000000e+03
1.504000000000000000e+03
1.571000000000000000e+03
1.607000000000000000e+03
1.529000000000000000e+03
1.558000000000000000e+03
1.564000000000000000e+03
1.625000000000000000e+03
1.709000000000000000e+03
1.745000000000000000e+03
1.805000000000000000e+03
1.917000000000000000e+03
1.947000000000000000e+03
1.924000000000000000e+03
2.188000000000000000e+03
2.155000000000000000e+03
2.699000000000000000e+03
2.614000000000000000e+03
2.474000000000000000e+03
2.380000000000000000e+03
2.457000000000000000e+03
2.487000000000000000e+03
2.973000000000000000e+03
2.689000000000000000e+03
2.616000000000000000e+03
2.717000000000000000e+03
2.693000000000000000e+03
2.793000000000000000e+03
2.809000000000000000e+03
3.114000000000000000e+03
3.236000000000000000e+03
3.134000000000000000e+03
3.172000000000000000e+03
3.194000000000000000e+03
3.170000000000000000e+03
3.139000000000000000e+03
3.332000000000000000e+03
3.315000000000000000e+03
3.365000000000000000e+03
3.233000000000000000e+03
3.188000000000000000e+03
3.113000000000000000e+03
3.142000000000000000e+03
2.929000000000000000e+03
2.780000000000000000e+03
2.773000000000000000e+03
2.769000000000000000e+03
2.679000000000000000e+03
2.586000000000000000e+03
2.367000000000000000e+03
2.302000000000000000e+03
2.289000000000000000e+03
2.199000000000000000e+03
2.172000000000000000e+03
2.247000000000000000e+03
1.988000000000000000e+03
1.990000000000000000e+03
1.967000000000000000e+03
2.077000000000000000e+03
2.137000000000000000e+03
2.161000000000000000e+03
2.288000000000000000e+03
2.042000000000000000e+03
2.506000000000000000e+03
2.203000000000000000e+03
2.312000000000000000e+03
2.686000000000000000e+03
2.392000000000000000e+03
2.419000000000000000e+03
2.620000000000000000e+03
2.705000000000000000e+03
2.840000000000000000e+03
2.977000000000000000e+03
3.388000000000000000e+03
3.686000000000000000e+03
3.558000000000000000e+03
3.309000000000000000e+03
3.683000000000000000e+03
4.180000000000000000e+03
4.392000000000000000e+03
4.503000000000000000e+03
4.804000000000000000e+03
3.774000000000000000e+03
3.512000000000000000e+03
3.928000000000000000e+03
3.956000000000000000e+03
3.567000000000000000e+03
3.591000000000000000e+03
2.523000000000000000e+03
2.023000000000000000e+03
1.644000000000000000e+03
1.160000000000000000e+03
9.400000000000000000e+02
9.550000000000000000e+02
7.140000000000000000e+02
6.090000000000000000e+02
6.390000000000000000e+02
4.590000000000000000e+02
3.280000000000000000e+02
2.530000000000000000e+02
2.040000000000000000e+02
2.110000000000000000e+02
1.360000000000000000e+02
1.330000000000000000e+02
9.600000000000000000e+01
1.060000000000000000e+02
7.000000000000000000e+01
7.500000000000000000e+01
7.200000000000000000e+01
7.800000000000000000e+01
7.300000000000000000e+01
9.300000000000000000e+01
8.200000000000000000e+01
9.600000000000000000e+01
8.400000000000000000e+01
6.500000000000000000e+01
7.800000000000000000e+01
7.300000000000000000e+01
6.900000000000000000e+01
7.700000000000000000e+01
8.600000000000000000e+01
8.500000000000000000e+01
8.600000000000000000e+01
7.500000000000000000e+01
9.100000000000000000e+01
9.700000000000000000e+01
4.900000000000000000e+01
4.900000000000000000e+01
3.400000000000000000e+01
4.700000000000000000e+01
4.900000000000000000e+01
4.100000000000000000e+01
4.900000000000000000e+01
1.170000000000000000e+02
6.380600000000000000e+04
1.863400000000000000e+04
1.162800000000000000e+04
8.633000000000000000e+03
6.730000000000000000e+03
5.689000000000000000e+03
4.973000000000000000e+03
4.560000000000000000e+03
4.175000000000000000e+03
3.937000000000000000e+03
3.641000000000000000e+03
3.410000000000000000e+03
3.048000000000000000e+03
2.850000000000000000e+03
2.726000000000000000e+03
2.633000000000000000e+03
2.530000000000000000e+03
2.301000000000000000e+03
2.170000000000000000e+03
1.993000000000000000e+03
1.812000000000000000e+03
1.871000000000000000e+03
1.782000000000000000e+03
1.682000000000000000e+03
1.506000000000000000e+03
1.464000000000000000e+03
1.403000000000000000e+03
1.247000000000000000e+03
1.248000000000000000e+03
1.138000000000000000e+03
1.100000000000000000e+03
1.013000000000000000e+03
1.022000000000000000e+03
9.470000000000000000e+02
8.690000000000000000e+02
8.700000000000000000e+02
8.910000000000000000e+02
7.740000000000000000e+02
8.010000000000000000e+02
7.730000000000000000e+02
7.710000000000000000e+02
7.460000000000000000e+02
8.070000000000000000e+02
7.550000000000000000e+02
7.330000000000000000e+02
7.260000000000000000e+02
6.900000000000000000e+02
7.020000000000000000e+02
7.420000000000000000e+02
7.400000000000000000e+02
7.240000000000000000e+02
7.540000000000000000e+02
7.010000000000000000e+02
7.050000000000000000e+02
7.390000000000000000e+02
7.200000000000000000e+02
7.110000000000000000e+02
7.540000000000000000e+02
7.160000000000000000e+02
7.830000000000000000e+02
8.220000000000000000e+02
8.700000000000000000e+02
8.060000000000000000e+02
8.080000000000000000e+02
8.370000000000000000e+02
8.060000000000000000e+02
7.780000000000000000e+02
8.110000000000000000e+02
7.380000000000000000e+02
7.320000000000000000e+02
7.710000000000000000e+02
7.680000000000000000e+02
8.550000000000000000e+02
7.840000000000000000e+02
8.020000000000000000e+02
8.280000000000000000e+02
8.660000000000000000e+02
7.590000000000000000e+02
7.630000000000000000e+02
8.000000000000000000e+02
8.270000000000000000e+02
8.100000000000000000e+02
7.500000000000000000e+02
8.130000000000000000e+02
8.200000000000000000e+02
8.410000000000000000e+02
8.220000000000000000e+02
9.080000000000000000e+02
8.930000000000000000e+02
8.910000000000000000e+02
8.880000000000000000e+02
9.330000000000000000e+02
9.350000000000000000e+02
9.780000000000000000e+02
9.970000000000000000e+02
1.031000000000000000e+03
1.090000000000000000e+03
1.090000000000000000e+03
1.100000000000000000e+03
1.152000000000000000e+03
1.219000000000000000e+03
1.214000000000000000e+03
1.226000000000000000e+03
1.262000000000000000e+03
1.354000000000000000e+03
1.373000000000000000e+03
1.424000000000000000e+03
1.376000000000000000e+03
1.348000000000000000e+03
1.439000000000000000e+03
1.521000000000000000e+03
1.454000000000000000e+03
1.511000000000000000e+03
1.536000000000000000e+03
1.615000000000000000e+03
1.580000000000000000e+03
1.681000000000000000e+03
1.714000000000000000e+03
1.624000000000000000e+03
1.656000000000000000e+03
1.676000000000000000e+03
1.630000000000000000e+03
1.663000000000000000e+03
1.718000000000000000e+03
1.727000000000000000e+03
1.737000000000000000e+03
1.711000000000000000e+03
1.719000000000000000e+03
1.776000000000000000e+03
1.809000000000000000e+03
1.892000000000000000e+03
1.858000000000000000e+03
1.827000000000000000e+03
1.860000000000000000e+03
1.857000000000000000e+03
1.931000000000000000e+03
1.995000000000000000e+03
2.079000000000000000e+03
2.060000000000000000e+03
2.140000000000000000e+03
2.216000000000000000e+03
2.241000000000000000e+03
2.223000000000000000e+03
2.176000000000000000e+03
2.214000000000000000e+03
2.085000000000000000e+03
2.141000000000000000e+03
2.151000000000000000e+03
2.100000000000000000e+03
2.038000000000000000e+03
2.211000000000000000e+03
2.111000000000000000e+03
2.156000000000000000e+03
2.084000000000000000e+03
2.314000000000000000e+03
2.124000000000000000e+03
2.261000000000000000e+03
2.174000000000000000e+03
2.136000000000000000e+03
2.212000000000000000e+03
2.234000000000000000e+03
2.116000000000000000e+03
2.109000000000000000e+03
1.998000000000000000e+03
2.013000000000000000e+03
1.798000000000000000e+03
1.832000000000000000e+03
1.721000000000000000e+03
1.865000000000000000e+03
1.735000000000000000e+03
1.770000000000000000e+03
1.679000000000000000e+03
1.590000000000000000e+03
1.640000000000000000e+03
1.610000000000000000e+03
1.659000000000000000e+03
1.604000000000000000e+03
1.626000000000000000e+03
1.636000000000000000e+03
1.592000000000000000e+03
1.424000000000000000e+03
1.347000000000000000e+03
1.587000000000000000e+03
1.527000000000000000e+03
1.522000000000000000e+03
1.404000000000000000e+03
1.452000000000000000e+03
1.586000000000000000e+03
1.519000000000000000e+03
1.360000000000000000e+03
1.280000000000000000e+03
1.221000000000000000e+03
1.389000000000000000e+03
1.413000000000000000e+03
1.465000000000000000e+03
1.437000000000000000e+03
1.461000000000000000e+03
1.529000000000000000e+03
1.394000000000000000e+03
1.621000000000000000e+03
1.787000000000000000e+03
1.865000000000000000e+03
2.191000000000000000e+03
2.745000000000000000e+03
2.276000000000000000e+03
2.128000000000000000e+03
2.368000000000000000e+03
2.481000000000000000e+03
2.288000000000000000e+03
1.938000000000000000e+03
1.755000000000000000e+03
1.243000000000000000e+03
1.262000000000000000e+03
1.165000000000000000e+03
1.009000000000000000e+03
9.550000000000000000e+02
1.070000000000000000e+03
1.198000000000000000e+03
1.120000000000000000e+03
1.078000000000000000e+03
1.133000000000000000e+03
1.080000000000000000e+03
1.013000000000000000e+03
8.370000000000000000e+02
8.630000000000000000e+02
8.780000000000000000e+02
9.630000000000000000e+02
7.840000000000000000e+02
7.380000000000000000e+02
6.370000000000000000e+02
6.630000000000000000e+02
6.210000000000000000e+02
6.730000000000000000e+02
6.430000000000000000e+02
5.180000000000000000e+02
4.890000000000000000e+02
5.760000000000000000e+02
5.760000000000000000e+02
4.500000000000000000e+02
4.710000000000000000e+02
3.860000000000000000e+02
4.280000000000000000e+02
3.940000000000000000e+02
3.870000000000000000e+02
3.830000000000000000e+02
2.320000000000000000e+02
1.650000000000000000e+02
1.070000000000000000e+02
7.600000000000000000e+01
7.100000000000000000e+01
7.500000000000000000e+01
6.100000000000000000e+01
7.000000000000000000e+01
3.700000000000000000e+01
3.700000000000000000e+01
5.600000000000000000e+01
