5.400000000000000000e+02
1.980000000000000000e+02
3.990000000000000000e+02
3.560000000000000000e+02
5.960000000000000000e+02
5.950000000000000000e+02
7.960000000000000000e+02
8.260000000000000000e+02
7.030000000000000000e+02
6.160000000000000000e+02
7.230000000000000000e+02
7.340000000000000000e+02
7.630000000000000000e+02
8.460000000000000000e+02
9.020000000000000000e+02
1.021000000000000000e+03
1.026000000000000000e+03
1.139000000000000000e+03
1.232000000000000000e+03
1.254000000000000000e+03
1.384000000000000000e+03
1.354000000000000000e+03
1.438000000000000000e+03
1.584000000000000000e+03
1.641000000000000000e+03
1.617000000000000000e+03
1.720000000000000000e+03
1.715000000000000000e+03
1.790000000000000000e+03
1.661000000000000000e+03
1.793000000000000000e+03
1.802000000000000000e+03
1.800000000000000000e+03
1.730000000000000000e+03
1.764000000000000000e+03
1.633000000000000000e+03
1.671000000000000000e+03
1.614000000000000000e+03
1.518000000000000000e+03
1.548000000000000000e+03
1.539000000000000000e+03
1.681000000000000000e+03
1.658000000000000000e+03
1.570000000000000000e+03
1.556000000000000000e+03
1.543000000000000000e+03
1.579000000000000000e+03
1.586000000000000000e+03
1.592000000000000000e+03
1.617000000000000000e+03
1.744000000000000000e+03
1.735000000000000000e+03
1.847000000000000000e+03
2.028000000000000000e+03
2.339000000000000000e+03
2.298000000000000000e+03
2.717000000000000000e+03
2.800000000000000000e+03
3.022000000000000000e+03
3.160000000000000000e+03
3.765000000000000000e+03
4.368000000000000000e+03
4.692000000000000000e+03
4.737000000000000000e+03
4.910000000000000000e+03
5.055000000000000000e+03
5.313000000000000000e+03
4.639000000000000000e+03
4.159000000000000000e+03
4.265000000000000000e+03
4.045000000000000000e+03
3.477000000000000000e+03
2.572000000000000000e+03
2.131000000000000000e+03
2.005000000000000000e+03
1.819000000000000000e+03
1.572000000000000000e+03
1.317000000000000000e+03
1.158000000000000000e+03
1.124000000000000000e+03
1.181000000000000000e+03
1.162000000000000000e+03
1.038000000000000000e+03
9.640000000000000000e+02
9.170000000000000000e+02
9.060000000000000000e+02
9.800000000000000000e+02
9.640000000000000000e+02
9.820000000000000000e+02
1.052000000000000000e+03
9.820000000000000000e+02
1.225000000000000000e+03
1.402000000000000000e+03
1.705000000000000000e+03
2.126000000000000000e+03
2.448000000000000000e+03
2.621000000000000000e+03
2.745000000000000000e+03
2.480000000000000000e+03
2.472000000000000000e+03
2.386000000000000000e+03
2.377000000000000000e+03
2.193000000000000000e+03
2.045000000000000000e+03
2.090000000000000000e+03
1.690000000000000000e+03
1.506000000000000000e+03
1.380000000000000000e+03
1.230000000000000000e+03
1.238000000000000000e+03
1.126000000000000000e+03
1.093000000000000000e+03
1.092000000000000000e+03
1.092000000000000000e+03
9.380000000000000000e+02
9.470000000000000000e+02
8.020000000000000000e+02
6.850000000000000000e+02
6.280000000000000000e+02
6.610000000000000000e+02
6.780000000000000000e+02
6.000000000000000000e+02
6.120000000000000000e+02
5.710000000000000000e+02
6.450000000000000000e+02
6.500000000000000000e+02
7.120000000000000000e+02
9.430000000000000000e+02
1.160000000000000000e+03
1.132000000000000000e+03
1.192000000000000000e+03
1.065000000000000000e+03
1.076000000000000000e+03
9.670000000000000000e+02
9.470000000000000000e+02
9.250000000000000000e+02
8.750000000000000000e+02
9.560000000000000000e+02
8.950000000000000000e+02
8.740000000000000000e+02
9.220000000000000000e+02
1.007000000000000000e+03
1.006000000000000000e+03
9.270000000000000000e+02
9.310000000000000000e+02
8.520000000000000000e+02
8.310000000000000000e+02
7.200000000000000000e+02
7.490000000000000000e+02
6.760000000000000000e+02
6.650000000000000000e+02
7.270000000000000000e+02
6.270000000000000000e+02
6.850000000000000000e+02
6.730000000000000000e+02
7.310000000000000000e+02
7.040000000000000000e+02
6.830000000000000000e+02
6.830000000000000000e+02
7.470000000000000000e+02
7.060000000000000000e+02
6.680000000000000000e+02
6.420000000000000000e+02
7.010000000000000000e+02
7.590000000000000000e+02
8.690000000000000000e+02
9.030000000000000000e+02
8.350000000000000000e+02
8.700000000000000000e+02
8.710000000000000000e+02
9.620000000000000000e+02
9.910000000000000000e+02
1.056000000000000000e+03
1.013000000000000000e+03
1.059000000000000000e+03
1.068000000000000000e+03
1.017000000000000000e+03
1.018000000000000000e+03
9.830000000000000000e+02
8.150000000000000000e+02
7.730000000000000000e+02
7.490000000000000000e+02
7.670000000000000000e+02
7.190000000000000000e+02
7.760000000000000000e+02
7.440000000000000000e+02
7.160000000000000000e+02
8.170000000000000000e+02
7.810000000000000000e+02
7.570000000000000000e+02
7.660000000000000000e+02
8.000000000000000000e+02
8.420000000000000000e+02
8.330000000000000000e+02
8.380000000000000000e+02
7.730000000000000000e+02
7.490000000000000000e+02
7.000000000000000000e+02
7.370000000000000000e+02
6.800000000000000000e+02
6.060000000000000000e+02
5.940000000000000000e+02
5.530000000000000000e+02
5.470000000000000000e+02
5.170000000000000000e+02
4.930000000000000000e+02
4.610000000000000000e+02
5.340000000000000000e+02
5.240000000000000000e+02
5.430000000000000000e+02
5.990000000000000000e+02
5.800000000000000000e+02
6.300000000000000000e+02
6.510000000000000000e+02
6.920000000000000000e+02
7.830000000000000000e+02
9.180000000000000000e+02
9.830000000000000000e+02
1.076000000000000000e+03
1.103000000000000000e+03
1.164000000000000000e+03
1.270000000000000000e+03
1.431000000000000000e+03
1.149000000000000000e+03
9.120000000000000000e+02
7.890000000000000000e+02
7.980000000000000000e+02
1.143000000000000000e+03
1.312000000000000000e+03
1.327000000000000000e+03
1.414000000000000000e+03
1.840000000000000000e+03
1.862000000000000000e+03
1.752000000000000000e+03
1.467000000000000000e+03
1.972000000000000000e+03
8.520000000000000000e+02
8.110000000000000000e+02
2.030000000000000000e+02
4.000000000000000000e+01
2.900000000000000000e+01
2.700000000000000000e+01
2.300000000000000000e+01
3.400000000000000000e+01
2.700000000000000000e+01
3.200000000000000000e+01
2.900000000000000000e+01
4.000000000000000000e+01
4.900000000000000000e+01
4.200000000000000000e+01
5.400000000000000000e+01
5.000000000000000000e+01
5.500000000000000000e+01
7.000000000000000000e+01
4.900000000000000000e+01
2.240000000000000000e+02
6.550000000000000000e+02
4.040000000000000000e+02
4.750000000000000000e+02
6.420000000000000000e+02
8.150000000000000000e+02
7.570000000000000000e+02
8.510000000000000000e+02
8.330000000000000000e+02
6.750000000000000000e+02
5.890000000000000000e+02
5.990000000000000000e+02
6.210000000000000000e+02
6.940000000000000000e+02
6.730000000000000000e+02
6.800000000000000000e+02
6.960000000000000000e+02
8.100000000000000000e+02
8.000000000000000000e+02
8.030000000000000000e+02
8.900000000000000000e+02
1.009000000000000000e+03
9.700000000000000000e+02
9.530000000000000000e+02
1.048000000000000000e+03
1.078000000000000000e+03
1.119000000000000000e+03
1.140000000000000000e+03
1.102000000000000000e+03
1.121000000000000000e+03
1.106000000000000000e+03
1.101000000000000000e+03
1.160000000000000000e+03
1.174000000000000000e+03
1.243000000000000000e+03
1.289000000000000000e+03
1.317000000000000000e+03
1.391000000000000000e+03
1.338000000000000000e+03
1.403000000000000000e+03
1.454000000000000000e+03
1.481000000000000000e+03
1.543000000000000000e+03
1.567000000000000000e+03
1.604000000000000000e+03
1.586000000000000000e+03
1.536000000000000000e+03
1.496000000000000000e+03
1.538000000000000000e+03
1.594000000000000000e+03
1.599000000000000000e+03
1.659000000000000000e+03
1.901000000000000000e+03
1.931000000000000000e+03
1.916000000000000000e+03
1.889000000000000000e+03
1.964000000000000000e+03
2.008000000000000000e+03
2.012000000000000000e+03
2.223000000000000000e+03
2.506000000000000000e+03
2.761000000000000000e+03
3.297000000000000000e+03
3.654000000000000000e+03
4.010000000000000000e+03
4.258000000000000000e+03
4.223000000000000000e+03
3.844000000000000000e+03
3.536000000000000000e+03
3.381000000000000000e+03
3.351000000000000000e+03
3.811000000000000000e+03
4.283000000000000000e+03
3.941000000000000000e+03
3.216000000000000000e+03
2.872000000000000000e+03
2.705000000000000000e+03
2.722000000000000000e+03
2.721000000000000000e+03
2.656000000000000000e+03
2.750000000000000000e+03
2.754000000000000000e+03
2.812000000000000000e+03
2.730000000000000000e+03
2.730000000000000000e+03
2.604000000000000000e+03
2.740000000000000000e+03
2.718000000000000000e+03
2.676000000000000000e+03
2.562000000000000000e+03
2.699000000000000000e+03
2.873000000000000000e+03
2.928000000000000000e+03
2.833000000000000000e+03
2.642000000000000000e+03
2.592000000000000000e+03
2.460000000000000000e+03
2.413000000000000000e+03
2.184000000000000000e+03
2.030000000000000000e+03
2.067000000000000000e+03
2.019000000000000000e+03
1.897000000000000000e+03
1.795000000000000000e+03
1.527000000000000000e+03
1.420000000000000000e+03
1.359000000000000000e+03
1.357000000000000000e+03
1.270000000000000000e+03
1.370000000000000000e+03
1.225000000000000000e+03
1.213000000000000000e+03
1.089000000000000000e+03
9.960000000000000000e+02
8.810000000000000000e+02
8.780000000000000000e+02
8.460000000000000000e+02
8.660000000000000000e+02
9.940000000000000000e+02
1.103000000000000000e+03
1.010000000000000000e+03
9.970000000000000000e+02
9.220000000000000000e+02
8.800000000000000000e+02
8.410000000000000000e+02
1.027000000000000000e+03
1.191000000000000000e+03
1.272000000000000000e+03
1.332000000000000000e+03
1.339000000000000000e+03
1.263000000000000000e+03
1.281000000000000000e+03
1.358000000000000000e+03
1.224000000000000000e+03
1.223000000000000000e+03
1.228000000000000000e+03
1.177000000000000000e+03
1.161000000000000000e+03
1.034000000000000000e+03
1.001000000000000000e+03
1.086000000000000000e+03
1.075000000000000000e+03
1.073000000000000000e+03
1.074000000000000000e+03
1.003000000000000000e+03
1.017000000000000000e+03
9.220000000000000000e+02
8.520000000000000000e+02
7.700000000000000000e+02
7.480000000000000000e+02
7.080000000000000000e+02
7.470000000000000000e+02
7.450000000000000000e+02
7.600000000000000000e+02
8.460000000000000000e+02
7.270000000000000000e+02
8.040000000000000000e+02
7.630000000000000000e+02
6.440000000000000000e+02
6.450000000000000000e+02
6.430000000000000000e+02
6.240000000000000000e+02
5.740000000000000000e+02
5.990000000000000000e+02
6.080000000000000000e+02
6.060000000000000000e+02
6.520000000000000000e+02
7.420000000000000000e+02
8.770000000000000000e+02
9.590000000000000000e+02
9.200000000000000000e+02
8.820000000000000000e+02
8.450000000000000000e+02
7.780000000000000000e+02
6.530000000000000000e+02
5.580000000000000000e+02
5.490000000000000000e+02
5.110000000000000000e+02
5.030000000000000000e+02
5.130000000000000000e+02
4.950000000000000000e+02
4.760000000000000000e+02
4.440000000000000000e+02
4.810000000000000000e+02
4.650000000000000000e+02
4.540000000000000000e+02
4.410000000000000000e+02
4.290000000000000000e+02
5.140000000000000000e+02
4.310000000000000000e+02
4.930000000000000000e+02
5.200000000000000000e+02
5.300000000000000000e+02
5.240000000000000000e+02
5.340000000000000000e+02
4.800000000000000000e+02
5.780000000000000000e+02
5.420000000000000000e+02
4.610000000000000000e+02
5.210000000000000000e+02
5.240000000000000000e+02
4.860000000000000000e+02
4.720000000000000000e+02
4.830000000000000000e+02
4.730000000000000000e+02
5.250000000000000000e+02
4.730000000000000000e+02
5.290000000000000000e+02
5.500000000000000000e+02
5.680000000000000000e+02
5.340000000000000000e+02
6.020000000000000000e+02
6.480000000000000000e+02
6.850000000000000000e+02
7.780000000000000000e+02
8.980000000000000000e+02
1.135000000000000000e+03
1.310000000000000000e+03
1.532000000000000000e+03
1.441000000000000000e+03
1.462000000000000000e+03
1.679000000000000000e+03
1.809000000000000000e+03
1.762000000000000000e+03
1.776000000000000000e+03
1.536000000000000000e+03
1.600000000000000000e+03
1.651000000000000000e+03
1.625000000000000000e+03
2.527000000000000000e+03
1.283000000000000000e+03
1.116000000000000000e+03
2.600000000000000000e+02
1.250000000000000000e+02
6.200000000000000000e+01
3.900000000000000000e+01
4.000000000000000000e+01
3.300000000000000000e+01
2.900000000000000000e+01
2.200000000000000000e+01
2.700000000000000000e+01
2.000000000000000000e+01
9.000000000000000000e+00
2.500000000000000000e+01
1.500000000000000000e+01
2.200000000000000000e+01
2.000000000000000000e+01
3.200000000000000000e+01
3.400000000000000000e+01
3.500000000000000000e+01
4.200000000000000000e+01
5.100000000000000000e+01
6.700000000000000000e+01
5.000000000000000000e+01
6.600000000000000000e+01
6.200000000000000000e+01
1.870000000000000000e+02
4.338000000000000000e+03
2.653000000000000000e+03
2.400000000000000000e+03
1.965000000000000000e+03
1.709000000000000000e+03
1.666000000000000000e+03
1.621000000000000000e+03
1.621000000000000000e+03
1.347000000000000000e+03
1.234000000000000000e+03
1.153000000000000000e+03
1.177000000000000000e+03
1.088000000000000000e+03
1.013000000000000000e+03
1.011000000000000000e+03
1.041000000000000000e+03
1.086000000000000000e+03
1.049000000000000000e+03
9.580000000000000000e+02
1.085000000000000000e+03
1.094000000000000000e+03
1.119000000000000000e+03
1.197000000000000000e+03
1.176000000000000000e+03
1.119000000000000000e+03
1.080000000000000000e+03
1.133000000000000000e+03
1.042000000000000000e+03
1.087000000000000000e+03
1.075000000000000000e+03
1.087000000000000000e+03
1.115000000000000000e+03
1.075000000000000000e+03
1.083000000000000000e+03
1.058000000000000000e+03
1.158000000000000000e+03
1.092000000000000000e+03
1.173000000000000000e+03
1.100000000000000000e+03
1.242000000000000000e+03
1.168000000000000000e+03
1.170000000000000000e+03
1.209000000000000000e+03
1.152000000000000000e+03
1.111000000000000000e+03
1.236000000000000000e+03
1.257000000000000000e+03
1.221000000000000000e+03
1.241000000000000000e+03
1.147000000000000000e+03
1.254000000000000000e+03
1.242000000000000000e+03
1.347000000000000000e+03
1.463000000000000000e+03
1.404000000000000000e+03
1.503000000000000000e+03
1.642000000000000000e+03
1.673000000000000000e+03
1.764000000000000000e+03
1.848000000000000000e+03
2.006000000000000000e+03
2.234000000000000000e+03
2.377000000000000000e+03
2.558000000000000000e+03
2.620000000000000000e+03
2.714000000000000000e+03
2.650000000000000000e+03
2.860000000000000000e+03
2.924000000000000000e+03
3.045000000000000000e+03
3.193000000000000000e+03
3.048000000000000000e+03
2.978000000000000000e+03
2.977000000000000000e+03
2.811000000000000000e+03
2.885000000000000000e+03
2.790000000000000000e+03
2.256000000000000000e+03
1.772000000000000000e+03
1.407000000000000000e+03
1.258000000000000000e+03
1.135000000000000000e+03
1.175000000000000000e+03
1.273000000000000000e+03
1.274000000000000000e+03
1.305000000000000000e+03
1.252000000000000000e+03
1.355000000000000000e+03
1.312000000000000000e+03
1.301000000000000000e+03
1.329000000000000000e+03
1.332000000000000000e+03
1.298000000000000000e+03
1.332000000000000000e+03
1.365000000000000000e+03
1.600000000000000000e+03
1.747000000000000000e+03
1.796000000000000000e+03
2.085000000000000000e+03
2.101000000000000000e+03
2.153000000000000000e+03
2.157000000000000000e+03
1.923000000000000000e+03
2.016000000000000000e+03
2.006000000000000000e+03
2.001000000000000000e+03
1.984000000000000000e+03
1.856000000000000000e+03
1.759000000000000000e+03
1.742000000000000000e+03
1.666000000000000000e+03
1.677000000000000000e+03
1.623000000000000000e+03
1.539000000000000000e+03
1.555000000000000000e+03
1.476000000000000000e+03
1.493000000000000000e+03
1.318000000000000000e+03
1.253000000000000000e+03
1.188000000000000000e+03
1.231000000000000000e+03
1.129000000000000000e+03
1.092000000000000000e+03
1.087000000000000000e+03
1.100000000000000000e+03
1.162000000000000000e+03
1.215000000000000000e+03
1.059000000000000000e+03
1.044000000000000000e+03
9.340000000000000000e+02
1.079000000000000000e+03
1.018000000000000000e+03
1.130000000000000000e+03
9.990000000000000000e+02
8.980000000000000000e+02
9.210000000000000000e+02
7.510000000000000000e+02
7.190000000000000000e+02
7.430000000000000000e+02
7.720000000000000000e+02
8.250000000000000000e+02
7.410000000000000000e+02
7.170000000000000000e+02
8.330000000000000000e+02
8.040000000000000000e+02
7.580000000000000000e+02
8.180000000000000000e+02
7.230000000000000000e+02
7.730000000000000000e+02
6.510000000000000000e+02
6.480000000000000000e+02
6.750000000000000000e+02
7.480000000000000000e+02
8.340000000000000000e+02
1.059000000000000000e+03
1.192000000000000000e+03
1.250000000000000000e+03
1.262000000000000000e+03
1.163000000000000000e+03
1.140000000000000000e+03
1.072000000000000000e+03
1.079000000000000000e+03
9.950000000000000000e+02
9.930000000000000000e+02
9.440000000000000000e+02
1.017000000000000000e+03
9.410000000000000000e+02
1.021000000000000000e+03
1.190000000000000000e+03
1.369000000000000000e+03
1.390000000000000000e+03
1.533000000000000000e+03
1.504000000000000000e+03
1.482000000000000000e+03
1.550000000000000000e+03
1.618000000000000000e+03
1.597000000000000000e+03
1.684000000000000000e+03
1.643000000000000000e+03
1.408000000000000000e+03
1.317000000000000000e+03
1.282000000000000000e+03
1.112000000000000000e+03
1.148000000000000000e+03
1.106000000000000000e+03
1.135000000000000000e+03
1.143000000000000000e+03
1.096000000000000000e+03
1.111000000000000000e+03
9.610000000000000000e+02
9.420000000000000000e+02
9.780000000000000000e+02
1.019000000000000000e+03
9.710000000000000000e+02
1.039000000000000000e+03
1.040000000000000000e+03
1.104000000000000000e+03
1.217000000000000000e+03
1.223000000000000000e+03
1.292000000000000000e+03
1.229000000000000000e+03
1.306000000000000000e+03
1.570000000000000000e+03
1.760000000000000000e+03
1.763000000000000000e+03
1.831000000000000000e+03
1.943000000000000000e+03
2.047000000000000000e+03
2.387000000000000000e+03
2.283000000000000000e+03
2.364000000000000000e+03
2.212000000000000000e+03
2.193000000000000000e+03
2.942000000000000000e+03
1.773000000000000000e+03
1.361000000000000000e+03
8.540000000000000000e+02
4.100000000000000000e+02
3.020000000000000000e+02
2.280000000000000000e+02
1.740000000000000000e+02
1.430000000000000000e+02
1.140000000000000000e+02
1.000000000000000000e+02
7.900000000000000000e+01
7.900000000000000000e+01
6.600000000000000000e+01
4.200000000000000000e+01
4.800000000000000000e+01
3.600000000000000000e+01
4.100000000000000000e+01
3.500000000000000000e+01
3.100000000000000000e+01
2.500000000000000000e+01
1.600000000000000000e+01
2.700000000000000000e+01
1.900000000000000000e+01
2.700000000000000000e+01
1.400000000000000000e+01
2.800000000000000000e+01
2.600000000000000000e+01
2.400000000000000000e+01
1.800000000000000000e+01
3.100000000000000000e+01
3.000000000000000000e+01
3.600000000000000000e+01
2.900000000000000000e+01
4.000000000000000000e+01
5.300000000000000000e+01
5.200000000000000000e+01
4.300000000000000000e+01
4.600000000000000000e+01
6.400000000000000000e+01
2.500000000000000000e+01
5.400000000000000000e+01
7.700000000000000000e+01
