0.000000000000000000e+00
0.000000000000000000e+00
0.000000000000000000e+00
0.000000000000000000e+00
0.000000000000000000e+00
0.000000000000000000e+00
0.000000000000000000e+00
0.000000000000000000e+00
0.000000000000000000e+00
0.000000000000000000e+00
0.000000000000000000e+00
1.000000000000000000e+00
1.000000000000000000e+00
3.000000000000000000e+00
2.000000000000000000e+00
3.000000000000000000e+00
1.000000000000000000e+00
1.000000000000000000e+01
1.200000000000000000e+01
1.000000000000000000e+01
1.600000000000000000e+01
3.500000000000000000e+01
5.300000000000000000e+01
7.100000000000000000e+01
1.330000000000000000e+02
2.430000000000000000e+02
3.430000000000000000e+02
5.590000000000000000e+02
8.470000000000000000e+02
1.157000000000000000e+03
1.820000000000000000e+03
4.411000000000000000e+03
7.751000000000000000e+03
3.225000000000000000e+03
4.197000000000000000e+03
4.025000000000000000e+03
6.692000000000000000e+03
4.053000000000000000e+03
5.925000000000000000e+03
5.087000000000000000e+03
4.602000000000000000e+03
5.417000000000000000e+03
4.370000000000000000e+03
5.481000000000000000e+03
6.053000000000000000e+03
4.108000000000000000e+03
7.000000000000000000e+03
3.994000000000000000e+03
5.251000000000000000e+03
4.426000000000000000e+03
3.147000000000000000e+03
3.048000000000000000e+03
3.273000000000000000e+03
2.414000000000000000e+03
2.956000000000000000e+03
3.040000000000000000e+03
1.742000000000000000e+03
1.928000000000000000e+03
1.649000000000000000e+03
2.283000000000000000e+03
1.684000000000000000e+03
2.056000000000000000e+03
2.220000000000000000e+03
1.390000000000000000e+03
1.937000000000000000e+03
1.306000000000000000e+03
1.982000000000000000e+03
1.683000000000000000e+03
1.171000000000000000e+03
1.838000000000000000e+03
1.360000000000000000e+03
1.214000000000000000e+03
1.589000000000000000e+03
1.506000000000000000e+03
1.422000000000000000e+03
1.535000000000000000e+03
1.330000000000000000e+03
1.557000000000000000e+03
1.631000000000000000e+03
1.443000000000000000e+03
1.523000000000000000e+03
1.375000000000000000e+03
1.445000000000000000e+03
1.448000000000000000e+03
1.361000000000000000e+03
1.367000000000000000e+03
1.345000000000000000e+03
1.336000000000000000e+03
1.291000000000000000e+03
1.242000000000000000e+03
1.452000000000000000e+03
1.261000000000000000e+03
1.363000000000000000e+03
1.333000000000000000e+03
1.161000000000000000e+03
1.259000000000000000e+03
1.248000000000000000e+03
1.219000000000000000e+03
1.218000000000000000e+03
1.249000000000000000e+03
1.262000000000000000e+03
1.312000000000000000e+03
1.230000000000000000e+03
1.302000000000000000e+03
1.378000000000000000e+03
1.458000000000000000e+03
1.496000000000000000e+03
1.542000000000000000e+03
1.572000000000000000e+03
1.549000000000000000e+03
1.592000000000000000e+03
1.586000000000000000e+03
1.543000000000000000e+03
1.667000000000000000e+03
1.573000000000000000e+03
1.535000000000000000e+03
1.623000000000000000e+03
1.647000000000000000e+03
1.679000000000000000e+03
1.641000000000000000e+03
1.636000000000000000e+03
1.900000000000000000e+03
1.716000000000000000e+03
1.934000000000000000e+03
1.966000000000000000e+03
1.817000000000000000e+03
2.018000000000000000e+03
1.938000000000000000e+03
2.219000000000000000e+03
2.143000000000000000e+03
2.045000000000000000e+03
2.406000000000000000e+03
2.180000000000000000e+03
2.266000000000000000e+03
2.355000000000000000e+03
2.226000000000000000e+03
2.247000000000000000e+03
2.284000000000000000e+03
2.223000000000000000e+03
2.524000000000000000e+03
2.337000000000000000e+03
2.556000000000000000e+03
2.386000000000000000e+03
2.226000000000000000e+03
2.466000000000000000e+03
2.346000000000000000e+03
2.185000000000000000e+03
2.608000000000000000e+03
2.267000000000000000e+03
2.431000000000000000e+03
2.569000000000000000e+03
2.087000000000000000e+03
2.493000000000000000e+03
2.287000000000000000e+03
2.478000000000000000e+03
2.358000000000000000e+03
2.343000000000000000e+03
2.663000000000000000e+03
2.725000000000000000e+03
2.324000000000000000e+03
2.514000000000000000e+03
2.343000000000000000e+03
2.756000000000000000e+03
2.704000000000000000e+03
2.543000000000000000e+03
2.878000000000000000e+03
2.660000000000000000e+03
2.715000000000000000e+03
2.917000000000000000e+03
2.714000000000000000e+03
2.786000000000000000e+03
3.016000000000000000e+03
2.707000000000000000e+03
2.854000000000000000e+03
2.488000000000000000e+03
2.363000000000000000e+03
2.482000000000000000e+03
1.987000000000000000e+03
2.104000000000000000e+03
1.619000000000000000e+03
1.848000000000000000e+03
1.892000000000000000e+03
1.262000000000000000e+03
1.356000000000000000e+03
1.578000000000000000e+03
1.127000000000000000e+03
1.330000000000000000e+03
1.006000000000000000e+03
1.214000000000000000e+03
1.087000000000000000e+03
9.750000000000000000e+02
9.790000000000000000e+02
8.230000000000000000e+02
1.194000000000000000e+03
9.670000000000000000e+02
7.560000000000000000e+02
9.220000000000000000e+02
8.100000000000000000e+02
7.870000000000000000e+02
8.120000000000000000e+02
6.630000000000000000e+02
5.570000000000000000e+02
5.130000000000000000e+02
4.790000000000000000e+02
4.470000000000000000e+02
4.450000000000000000e+02
4.270000000000000000e+02
4.270000000000000000e+02
4.080000000000000000e+02
4.000000000000000000e+02
3.690000000000000000e+02
3.520000000000000000e+02
3.850000000000000000e+02
3.520000000000000000e+02
3.630000000000000000e+02
3.820000000000000000e+02
4.070000000000000000e+02
3.700000000000000000e+02
3.850000000000000000e+02
3.740000000000000000e+02
3.850000000000000000e+02
3.560000000000000000e+02
3.790000000000000000e+02
3.800000000000000000e+02
4.060000000000000000e+02
4.620000000000000000e+02
5.030000000000000000e+02
6.260000000000000000e+02
9.090000000000000000e+02
1.013000000000000000e+03
2.063000000000000000e+04
1.737000000000000000e+03
2.563000000000000000e+03
1.364000000000000000e+03
7.960000000000000000e+02
6.170000000000000000e+02
6.680000000000000000e+02
8.450000000000000000e+02
4.490000000000000000e+02
4.620000000000000000e+02
2.920000000000000000e+02
2.550000000000000000e+02
2.600000000000000000e+02
2.170000000000000000e+02
1.740000000000000000e+02
1.830000000000000000e+02
1.950000000000000000e+02
3.990000000000000000e+02
1.290000000000000000e+02
9.300000000000000000e+01
7.700000000000000000e+01
3.870000000000000000e+02
5.900000000000000000e+01
4.400000000000000000e+01
3.400000000000000000e+01
8.900000000000000000e+01
3.200000000000000000e+01
1.100000000000000000e+01
2.600000000000000000e+01
3.900000000000000000e+01
6.400000000000000000e+01
1.020000000000000000e+02
1.360000000000000000e+02
2.010000000000000000e+02
2.710000000000000000e+02
3.550000000000000000e+02
3.640000000000000000e+02
4.060000000000000000e+02
4.550000000000000000e+02
4.730000000000000000e+02
5.850000000000000000e+02
7.920000000000000000e+02
1.023000000000000000e+03
1.211000000000000000e+03
1.270000000000000000e+03
1.520000000000000000e+03
1.818000000000000000e+03
2.038000000000000000e+03
2.407000000000000000e+03
2.727000000000000000e+03
3.322000000000000000e+03
3.467000000000000000e+03
3.634000000000000000e+03
4.461000000000000000e+03
4.741000000000000000e+03
5.295000000000000000e+03
6.409000000000000000e+03
9.985000000000000000e+03
1.088200000000000000e+04
6.319000000000000000e+03
5.595000000000000000e+03
4.293000000000000000e+03
4.227000000000000000e+03
3.189000000000000000e+03
3.046000000000000000e+03
3.200000000000000000e+03
2.696000000000000000e+03
4.660000000000000000e+03
2.428000000000000000e+03
3.159000000000000000e+03
2.394000000000000000e+03
2.655000000000000000e+03
2.757000000000000000e+03
2.854000000000000000e+03
2.188000000000000000e+03
1.835000000000000000e+03
2.094000000000000000e+03
1.673000000000000000e+03
2.158000000000000000e+03
2.315000000000000000e+03
1.498000000000000000e+03
2.018000000000000000e+03
1.442000000000000000e+03
2.132000000000000000e+03
1.811000000000000000e+03
1.420000000000000000e+03
2.114000000000000000e+03
1.442000000000000000e+03
1.751000000000000000e+03
1.660000000000000000e+03
1.620000000000000000e+03
1.869000000000000000e+03
1.555000000000000000e+03
1.561000000000000000e+03
1.574000000000000000e+03
1.568000000000000000e+03
1.607000000000000000e+03
1.527000000000000000e+03
1.488000000000000000e+03
1.481000000000000000e+03
1.256000000000000000e+03
1.338000000000000000e+03
1.209000000000000000e+03
1.162000000000000000e+03
1.196000000000000000e+03
1.080000000000000000e+03
1.170000000000000000e+03
1.154000000000000000e+03
1.081000000000000000e+03
1.168000000000000000e+03
1.193000000000000000e+03
1.129000000000000000e+03
1.111000000000000000e+03
1.089000000000000000e+03
1.169000000000000000e+03
1.350000000000000000e+03
1.225000000000000000e+03
1.180000000000000000e+03
1.197000000000000000e+03
1.264000000000000000e+03
1.260000000000000000e+03
1.273000000000000000e+03
1.362000000000000000e+03
1.348000000000000000e+03
1.326000000000000000e+03
1.373000000000000000e+03
1.392000000000000000e+03
1.409000000000000000e+03
1.501000000000000000e+03
1.509000000000000000e+03
1.537000000000000000e+03
1.657000000000000000e+03
1.612000000000000000e+03
1.749000000000000000e+03
1.787000000000000000e+03
1.761000000000000000e+03
1.937000000000000000e+03
1.769000000000000000e+03
1.820000000000000000e+03
1.811000000000000000e+03
1.883000000000000000e+03
1.849000000000000000e+03
1.922000000000000000e+03
1.957000000000000000e+03
2.053000000000000000e+03
1.980000000000000000e+03
2.029000000000000000e+03
2.104000000000000000e+03
2.060000000000000000e+03
2.213000000000000000e+03
2.064000000000000000e+03
2.086000000000000000e+03
2.322000000000000000e+03
2.203000000000000000e+03
2.131000000000000000e+03
2.438000000000000000e+03
2.203000000000000000e+03
2.258000000000000000e+03
2.444000000000000000e+03
2.030000000000000000e+03
2.452000000000000000e+03
2.144000000000000000e+03
2.354000000000000000e+03
2.299000000000000000e+03
2.117000000000000000e+03
2.385000000000000000e+03
2.461000000000000000e+03
2.005000000000000000e+03
2.158000000000000000e+03
1.974000000000000000e+03
2.378000000000000000e+03
2.248000000000000000e+03
2.065000000000000000e+03
2.345000000000000000e+03
2.078000000000000000e+03
2.141000000000000000e+03
2.217000000000000000e+03
1.971000000000000000e+03
2.115000000000000000e+03
2.449000000000000000e+03
2.067000000000000000e+03
2.340000000000000000e+03
2.323000000000000000e+03
2.292000000000000000e+03
2.537000000000000000e+03
2.224000000000000000e+03
2.502000000000000000e+03
2.290000000000000000e+03
2.738000000000000000e+03
2.834000000000000000e+03
2.394000000000000000e+03
2.735000000000000000e+03
2.989000000000000000e+03
2.776000000000000000e+03
3.047000000000000000e+03
2.646000000000000000e+03
2.855000000000000000e+03
2.793000000000000000e+03
2.570000000000000000e+03
2.630000000000000000e+03
2.290000000000000000e+03
2.573000000000000000e+03
2.209000000000000000e+03
1.879000000000000000e+03
1.895000000000000000e+03
1.645000000000000000e+03
1.489000000000000000e+03
1.242000000000000000e+03
9.680000000000000000e+02
7.880000000000000000e+02
7.230000000000000000e+02
6.370000000000000000e+02
5.460000000000000000e+02
4.930000000000000000e+02
4.380000000000000000e+02
3.980000000000000000e+02
3.410000000000000000e+02
4.010000000000000000e+02
3.140000000000000000e+02
3.400000000000000000e+02
3.370000000000000000e+02
3.480000000000000000e+02
2.950000000000000000e+02
3.370000000000000000e+02
3.360000000000000000e+02
3.240000000000000000e+02
3.470000000000000000e+02
3.320000000000000000e+02
3.180000000000000000e+02
3.210000000000000000e+02
2.650000000000000000e+02
2.910000000000000000e+02
2.730000000000000000e+02
2.530000000000000000e+02
2.640000000000000000e+02
2.430000000000000000e+02
2.240000000000000000e+02
2.480000000000000000e+02
2.420000000000000000e+02
2.760000000000000000e+02
2.450000000000000000e+02
2.770000000000000000e+02
2.780000000000000000e+02
2.820000000000000000e+02
3.120000000000000000e+02
3.120000000000000000e+02
2.930000000000000000e+02
3.260000000000000000e+02
3.230000000000000000e+02
3.270000000000000000e+02
3.840000000000000000e+02
4.120000000000000000e+02
4.850000000000000000e+02
5.970000000000000000e+02
8.260000000000000000e+02
1.219000000000000000e+03
2.075500000000000000e+04
1.884000000000000000e+03
2.379000000000000000e+03
1.196000000000000000e+03
4.770000000000000000e+02
3.490000000000000000e+02
2.690000000000000000e+02
5.160000000000000000e+02
1.760000000000000000e+02
1.930000000000000000e+02
1.380000000000000000e+02
1.390000000000000000e+02
8.200000000000000000e+01
7.700000000000000000e+01
5.000000000000000000e+01
8.100000000000000000e+01
6.200000000000000000e+01
2.980000000000000000e+02
1.800000000000000000e+01
1.900000000000000000e+01
1.000000000000000000e+01
3.390000000000000000e+02
1.500000000000000000e+01
1.500000000000000000e+01
2.000000000000000000e+00
4.000000000000000000e+00
4.000000000000000000e+00
0.000000000000000000e+00
1.000000000000000000e+00
0.000000000000000000e+00
2.000000000000000000e+00
4.000000000000000000e+00
5.000000000000000000e+00
1.000000000000000000e+01
1.100000000000000000e+01
1.600000000000000000e+01
1.800000000000000000e+01
1.900000000000000000e+01
2.800000000000000000e+01
3.500000000000000000e+01
4.200000000000000000e+01
5.400000000000000000e+01
8.300000000000000000e+01
8.400000000000000000e+01
1.090000000000000000e+02
1.310000000000000000e+02
1.570000000000000000e+02
2.250000000000000000e+02
2.790000000000000000e+02
2.910000000000000000e+02
3.960000000000000000e+02
4.710000000000000000e+02
6.230000000000000000e+02
8.380000000000000000e+02
1.092000000000000000e+03
1.393000000000000000e+03
2.362000000000000000e+03
5.229000000000000000e+03
1.087800000000000000e+04
4.370000000000000000e+03
5.625000000000000000e+03
4.271000000000000000e+03
3.539000000000000000e+03
4.003000000000000000e+03
2.765000000000000000e+03
2.803000000000000000e+03
2.845000000000000000e+03
3.102000000000000000e+03
5.151000000000000000e+03
2.211000000000000000e+03
3.233000000000000000e+03
2.421000000000000000e+03
1.562000000000000000e+03
2.716000000000000000e+03
2.340000000000000000e+03
2.398000000000000000e+03
2.708000000000000000e+03
1.608000000000000000e+03
2.256000000000000000e+03
1.554000000000000000e+03
2.130000000000000000e+03
1.907000000000000000e+03
1.318000000000000000e+03
2.093000000000000000e+03
1.855000000000000000e+03
1.504000000000000000e+03
1.939000000000000000e+03
1.529000000000000000e+03
1.664000000000000000e+03
1.724000000000000000e+03
1.493000000000000000e+03
1.578000000000000000e+03
1.613000000000000000e+03
1.677000000000000000e+03
1.603000000000000000e+03
1.507000000000000000e+03
1.573000000000000000e+03
1.483000000000000000e+03
1.435000000000000000e+03
1.402000000000000000e+03
1.363000000000000000e+03
1.337000000000000000e+03
1.372000000000000000e+03
1.398000000000000000e+03
1.321000000000000000e+03
1.459000000000000000e+03
1.386000000000000000e+03
1.431000000000000000e+03
1.600000000000000000e+03
1.528000000000000000e+03
1.533000000000000000e+03
1.724000000000000000e+03
1.749000000000000000e+03
1.694000000000000000e+03
1.700000000000000000e+03
1.841000000000000000e+03
1.834000000000000000e+03
1.680000000000000000e+03
1.826000000000000000e+03
1.972000000000000000e+03
1.842000000000000000e+03
2.035000000000000000e+03
1.887000000000000000e+03
2.041000000000000000e+03
2.187000000000000000e+03
2.206000000000000000e+03
2.267000000000000000e+03
2.250000000000000000e+03
2.355000000000000000e+03
2.385000000000000000e+03
2.272000000000000000e+03
2.599000000000000000e+03
2.486000000000000000e+03
2.795000000000000000e+03
2.872000000000000000e+03
2.742000000000000000e+03
2.839000000000000000e+03
2.768000000000000000e+03
2.830000000000000000e+03
2.649000000000000000e+03
2.508000000000000000e+03
2.720000000000000000e+03
2.602000000000000000e+03
2.621000000000000000e+03
2.959000000000000000e+03
2.713000000000000000e+03
2.745000000000000000e+03
2.748000000000000000e+03
2.558000000000000000e+03
2.671000000000000000e+03
2.555000000000000000e+03
2.644000000000000000e+03
2.577000000000000000e+03
2.572000000000000000e+03
2.913000000000000000e+03
2.819000000000000000e+03
2.469000000000000000e+03
2.702000000000000000e+03
2.472000000000000000e+03
2.853000000000000000e+03
2.689000000000000000e+03
2.490000000000000000e+03
2.743000000000000000e+03
2.503000000000000000e+03
2.578000000000000000e+03
2.613000000000000000e+03
2.218000000000000000e+03
2.379000000000000000e+03
2.738000000000000000e+03
2.293000000000000000e+03
2.631000000000000000e+03
2.283000000000000000e+03
2.350000000000000000e+03
2.705000000000000000e+03
2.270000000000000000e+03
2.560000000000000000e+03
2.227000000000000000e+03
2.657000000000000000e+03
2.795000000000000000e+03
2.210000000000000000e+03
2.451000000000000000e+03
2.676000000000000000e+03
2.346000000000000000e+03
2.672000000000000000e+03
2.391000000000000000e+03
2.603000000000000000e+03
2.542000000000000000e+03
2.452000000000000000e+03
2.640000000000000000e+03
2.346000000000000000e+03
2.769000000000000000e+03
2.605000000000000000e+03
2.470000000000000000e+03
2.619000000000000000e+03
2.514000000000000000e+03
2.391000000000000000e+03
2.512000000000000000e+03
2.450000000000000000e+03
2.575000000000000000e+03
2.453000000000000000e+03
2.248000000000000000e+03
2.198000000000000000e+03
2.067000000000000000e+03
1.936000000000000000e+03
1.776000000000000000e+03
1.686000000000000000e+03
1.579000000000000000e+03
1.364000000000000000e+03
1.259000000000000000e+03
1.081000000000000000e+03
9.020000000000000000e+02
8.680000000000000000e+02
7.260000000000000000e+02
6.250000000000000000e+02
5.540000000000000000e+02
5.570000000000000000e+02
5.240000000000000000e+02
4.270000000000000000e+02
4.130000000000000000e+02
4.520000000000000000e+02
3.900000000000000000e+02
3.740000000000000000e+02
3.510000000000000000e+02
3.450000000000000000e+02
3.930000000000000000e+02
3.620000000000000000e+02
3.690000000000000000e+02
3.780000000000000000e+02
4.180000000000000000e+02
3.920000000000000000e+02
3.800000000000000000e+02
3.680000000000000000e+02
3.630000000000000000e+02
4.130000000000000000e+02
3.890000000000000000e+02
3.990000000000000000e+02
3.670000000000000000e+02
4.380000000000000000e+02
4.270000000000000000e+02
4.220000000000000000e+02
4.020000000000000000e+02
4.310000000000000000e+02
4.760000000000000000e+02
4.370000000000000000e+02
4.540000000000000000e+02
4.460000000000000000e+02
4.500000000000000000e+02
4.610000000000000000e+02
4.420000000000000000e+02
4.020000000000000000e+02
4.540000000000000000e+02
4.860000000000000000e+02
5.340000000000000000e+02
6.380000000000000000e+02
8.660000000000000000e+02
1.089000000000000000e+03
2.078500000000000000e+04
2.061000000000000000e+03
2.693000000000000000e+03
1.468000000000000000e+03
5.530000000000000000e+02
4.440000000000000000e+02
3.610000000000000000e+02
6.220000000000000000e+02
2.490000000000000000e+02
2.830000000000000000e+02
1.970000000000000000e+02
1.720000000000000000e+02
1.450000000000000000e+02
1.230000000000000000e+02
1.120000000000000000e+02
1.220000000000000000e+02
1.200000000000000000e+02
3.470000000000000000e+02
6.100000000000000000e+01
5.500000000000000000e+01
4.500000000000000000e+01
3.690000000000000000e+02
4.500000000000000000e+01
4.700000000000000000e+01
2.400000000000000000e+01
1.660000000000000000e+02
