1.886600000000000000e+04
6.543000000000000000e+03
8.737000000000000000e+03
7.091000000000000000e+03
8.080000000000000000e+03
7.214000000000000000e+03
6.159000000000000000e+03
5.906000000000000000e+03
5.312000000000000000e+03
5.286000000000000000e+03
4.977000000000000000e+03
4.974000000000000000e+03
4.721000000000000000e+03
4.550000000000000000e+03
4.464000000000000000e+03
4.443000000000000000e+03
4.345000000000000000e+03
4.266000000000000000e+03
4.367000000000000000e+03
4.465000000000000000e+03
4.594000000000000000e+03
5.079000000000000000e+03
5.338000000000000000e+03
5.606000000000000000e+03
5.715000000000000000e+03
6.026000000000000000e+03
6.045000000000000000e+03
6.356000000000000000e+03
6.609000000000000000e+03
6.485000000000000000e+03
6.408000000000000000e+03
6.649000000000000000e+03
6.724000000000000000e+03
6.811000000000000000e+03
6.742000000000000000e+03
6.978000000000000000e+03
7.011000000000000000e+03
6.850000000000000000e+03
6.892000000000000000e+03
6.633000000000000000e+03
6.182000000000000000e+03
5.942000000000000000e+03
5.767000000000000000e+03
5.775000000000000000e+03
5.636000000000000000e+03
5.582000000000000000e+03
5.780000000000000000e+03
5.788000000000000000e+03
5.775000000000000000e+03
6.031000000000000000e+03
5.903000000000000000e+03
6.070000000000000000e+03
5.939000000000000000e+03
5.996000000000000000e+03
5.819000000000000000e+03
5.627000000000000000e+03
5.683000000000000000e+03
5.461000000000000000e+03
5.503000000000000000e+03
5.398000000000000000e+03
5.362000000000000000e+03
5.483000000000000000e+03
5.393000000000000000e+03
5.608000000000000000e+03
5.515000000000000000e+03
5.410000000000000000e+03
5.428000000000000000e+03
5.407000000000000000e+03
5.423000000000000000e+03
5.425000000000000000e+03
5.366000000000000000e+03
5.489000000000000000e+03
5.305000000000000000e+03
5.523000000000000000e+03
5.601000000000000000e+03
5.583000000000000000e+03
5.532000000000000000e+03
5.768000000000000000e+03
5.876000000000000000e+03
6.057000000000000000e+03
6.572000000000000000e+03
7.094000000000000000e+03
7.554000000000000000e+03
8.038000000000000000e+03
8.357000000000000000e+03
9.082000000000000000e+03
8.974000000000000000e+03
9.283000000000000000e+03
9.291000000000000000e+03
9.396000000000000000e+03
9.193000000000000000e+03
9.494000000000000000e+03
9.477000000000000000e+03
9.640000000000000000e+03
9.671000000000000000e+03
9.574000000000000000e+03
9.752000000000000000e+03
9.623000000000000000e+03
9.602000000000000000e+03
9.692000000000000000e+03
9.812000000000000000e+03
9.768000000000000000e+03
1.020800000000000000e+04
1.059500000000000000e+04
1.102900000000000000e+04
1.140800000000000000e+04
1.173600000000000000e+04
1.222100000000000000e+04
1.294900000000000000e+04
1.354700000000000000e+04
1.448200000000000000e+04
1.507100000000000000e+04
1.575800000000000000e+04
1.667600000000000000e+04
1.763400000000000000e+04
1.858300000000000000e+04
1.939100000000000000e+04
1.977700000000000000e+04
1.982900000000000000e+04
1.956700000000000000e+04
1.897700000000000000e+04
1.831200000000000000e+04
1.768100000000000000e+04
1.670500000000000000e+04
1.552600000000000000e+04
1.473700000000000000e+04
1.355000000000000000e+04
1.257500000000000000e+04
1.170700000000000000e+04
1.101900000000000000e+04
1.055600000000000000e+04
9.902000000000000000e+03
9.418000000000000000e+03
8.973000000000000000e+03
8.237000000000000000e+03
7.606000000000000000e+03
7.144000000000000000e+03
6.479000000000000000e+03
5.989000000000000000e+03
5.742000000000000000e+03
5.487000000000000000e+03
5.042000000000000000e+03
4.823000000000000000e+03
4.563000000000000000e+03
4.255000000000000000e+03
3.959000000000000000e+03
3.700000000000000000e+03
3.528000000000000000e+03
3.277000000000000000e+03
3.128000000000000000e+03
3.085000000000000000e+03
2.868000000000000000e+03
2.703000000000000000e+03
2.517000000000000000e+03
2.445000000000000000e+03
2.374000000000000000e+03
2.280000000000000000e+03
2.188000000000000000e+03
2.163000000000000000e+03
2.030000000000000000e+03
1.931000000000000000e+03
1.886000000000000000e+03
1.724000000000000000e+03
1.724000000000000000e+03
1.686000000000000000e+03
1.556000000000000000e+03
1.625000000000000000e+03
1.568000000000000000e+03
1.529000000000000000e+03
1.506000000000000000e+03
1.470000000000000000e+03
1.410000000000000000e+03
1.363000000000000000e+03
1.262000000000000000e+03
1.231000000000000000e+03
1.178000000000000000e+03
1.134000000000000000e+03
1.136000000000000000e+03
1.101000000000000000e+03
1.059000000000000000e+03
1.007000000000000000e+03
1.014000000000000000e+03
1.009000000000000000e+03
9.750000000000000000e+02
9.720000000000000000e+02
9.350000000000000000e+02
9.650000000000000000e+02
9.170000000000000000e+02
8.620000000000000000e+02
9.150000000000000000e+02
8.720000000000000000e+02
8.660000000000000000e+02
8.270000000000000000e+02
8.860000000000000000e+02
8.610000000000000000e+02
8.050000000000000000e+02
7.970000000000000000e+02
8.100000000000000000e+02
8.100000000000000000e+02
7.370000000000000000e+02
7.870000000000000000e+02
8.190000000000000000e+02
8.160000000000000000e+02
7.850000000000000000e+02
7.910000000000000000e+02
7.710000000000000000e+02
8.120000000000000000e+02
8.520000000000000000e+02
8.290000000000000000e+02
8.660000000000000000e+02
8.260000000000000000e+02
8.430000000000000000e+02
8.360000000000000000e+02
8.880000000000000000e+02
8.630000000000000000e+02
9.320000000000000000e+02
9.290000000000000000e+02
8.790000000000000000e+02
1.005000000000000000e+03
8.940000000000000000e+02
9.800000000000000000e+02
9.750000000000000000e+02
9.980000000000000000e+02
9.710000000000000000e+02
9.930000000000000000e+02
1.003000000000000000e+03
9.410000000000000000e+02
9.670000000000000000e+02
9.580000000000000000e+02
9.640000000000000000e+02
9.910000000000000000e+02
8.340000000000000000e+02
9.270000000000000000e+02
9.560000000000000000e+02
9.100000000000000000e+02
9.080000000000000000e+02
9.800000000000000000e+02
9.920000000000000000e+02
9.550000000000000000e+02
9.950000000000000000e+02
1.014000000000000000e+03
1.083000000000000000e+03
1.129000000000000000e+03
1.183000000000000000e+03
1.277000000000000000e+03
1.200000000000000000e+03
1.516000000000000000e+03
1.497000000000000000e+03
1.699000000000000000e+03
1.804000000000000000e+03
2.133000000000000000e+03
2.291000000000000000e+03
2.211000000000000000e+03
2.596000000000000000e+03
2.288000000000000000e+03
1.775100000000000000e+04
9.669000000000000000e+03
7.216000000000000000e+03
6.414000000000000000e+03
6.717000000000000000e+03
7.150000000000000000e+03
6.472000000000000000e+03
5.946000000000000000e+03
5.555000000000000000e+03
5.332000000000000000e+03
5.376000000000000000e+03
5.192000000000000000e+03
5.088000000000000000e+03
5.192000000000000000e+03
5.274000000000000000e+03
5.459000000000000000e+03
5.746000000000000000e+03
6.490000000000000000e+03
7.043000000000000000e+03
7.414000000000000000e+03
8.149000000000000000e+03
8.098000000000000000e+03
8.143000000000000000e+03
8.009000000000000000e+03
8.301000000000000000e+03
8.409000000000000000e+03
8.754000000000000000e+03
8.656000000000000000e+03
8.998000000000000000e+03
8.448000000000000000e+03
8.191000000000000000e+03
8.083000000000000000e+03
7.654000000000000000e+03
7.314000000000000000e+03
7.420000000000000000e+03
7.046000000000000000e+03
7.023000000000000000e+03
6.708000000000000000e+03
6.439000000000000000e+03
6.478000000000000000e+03
6.356000000000000000e+03
6.423000000000000000e+03
6.373000000000000000e+03
6.154000000000000000e+03
6.284000000000000000e+03
6.155000000000000000e+03
6.228000000000000000e+03
6.169000000000000000e+03
6.054000000000000000e+03
5.994000000000000000e+03
5.952000000000000000e+03
5.802000000000000000e+03
5.905000000000000000e+03
5.996000000000000000e+03
6.019000000000000000e+03
5.744000000000000000e+03
5.886000000000000000e+03
6.046000000000000000e+03
6.110000000000000000e+03
6.344000000000000000e+03
6.510000000000000000e+03
6.756000000000000000e+03
7.106000000000000000e+03
7.525000000000000000e+03
8.073000000000000000e+03
8.661000000000000000e+03
9.019000000000000000e+03
9.718000000000000000e+03
9.915000000000000000e+03
9.850000000000000000e+03
9.892000000000000000e+03
9.605000000000000000e+03
9.668000000000000000e+03
9.421000000000000000e+03
8.999000000000000000e+03
8.585000000000000000e+03
8.667000000000000000e+03
8.044000000000000000e+03
8.211000000000000000e+03
8.361000000000000000e+03
8.430000000000000000e+03
8.674000000000000000e+03
9.093000000000000000e+03
9.511000000000000000e+03
1.022200000000000000e+04
1.084800000000000000e+04
1.183200000000000000e+04
1.310100000000000000e+04
1.408100000000000000e+04
1.542300000000000000e+04
1.703400000000000000e+04
1.808600000000000000e+04
1.911600000000000000e+04
2.004800000000000000e+04
1.996400000000000000e+04
1.976800000000000000e+04
1.885300000000000000e+04
1.797100000000000000e+04
1.714500000000000000e+04
1.606100000000000000e+04
1.496500000000000000e+04
1.420200000000000000e+04
1.382100000000000000e+04
1.323300000000000000e+04
1.244600000000000000e+04
1.197200000000000000e+04
1.135200000000000000e+04
1.077600000000000000e+04
1.025100000000000000e+04
9.943000000000000000e+03
9.588000000000000000e+03
9.426000000000000000e+03
9.085000000000000000e+03
8.982000000000000000e+03
8.536000000000000000e+03
8.406000000000000000e+03
8.543000000000000000e+03
8.102000000000000000e+03
8.057000000000000000e+03
7.949000000000000000e+03
7.750000000000000000e+03
7.630000000000000000e+03
7.658000000000000000e+03
7.351000000000000000e+03
7.147000000000000000e+03
7.209000000000000000e+03
6.743000000000000000e+03
6.613000000000000000e+03
6.615000000000000000e+03
6.346000000000000000e+03
6.052000000000000000e+03
5.946000000000000000e+03
5.674000000000000000e+03
5.394000000000000000e+03
5.232000000000000000e+03
5.099000000000000000e+03
4.804000000000000000e+03
4.739000000000000000e+03
4.399000000000000000e+03
4.178000000000000000e+03
4.007000000000000000e+03
3.946000000000000000e+03
3.701000000000000000e+03
3.633000000000000000e+03
3.449000000000000000e+03
3.305000000000000000e+03
3.201000000000000000e+03
3.164000000000000000e+03
2.978000000000000000e+03
2.862000000000000000e+03
2.750000000000000000e+03
2.637000000000000000e+03
2.387000000000000000e+03
2.447000000000000000e+03
2.290000000000000000e+03
2.155000000000000000e+03
2.125000000000000000e+03
1.993000000000000000e+03
1.945000000000000000e+03
1.852000000000000000e+03
1.779000000000000000e+03
1.696000000000000000e+03
1.626000000000000000e+03
1.577000000000000000e+03
1.571000000000000000e+03
1.436000000000000000e+03
1.468000000000000000e+03
1.434000000000000000e+03
1.295000000000000000e+03
1.297000000000000000e+03
1.285000000000000000e+03
1.201000000000000000e+03
1.202000000000000000e+03
1.199000000000000000e+03
1.085000000000000000e+03
1.128000000000000000e+03
1.115000000000000000e+03
1.078000000000000000e+03
1.058000000000000000e+03
9.920000000000000000e+02
1.033000000000000000e+03
1.090000000000000000e+03
9.680000000000000000e+02
1.004000000000000000e+03
9.720000000000000000e+02
9.510000000000000000e+02
9.290000000000000000e+02
9.140000000000000000e+02
1.007000000000000000e+03
9.270000000000000000e+02
8.720000000000000000e+02
9.110000000000000000e+02
9.080000000000000000e+02
8.540000000000000000e+02
9.180000000000000000e+02
8.460000000000000000e+02
9.070000000000000000e+02
9.160000000000000000e+02
9.350000000000000000e+02
9.230000000000000000e+02
8.220000000000000000e+02
9.000000000000000000e+02
9.020000000000000000e+02
9.210000000000000000e+02
9.200000000000000000e+02
8.970000000000000000e+02
9.500000000000000000e+02
9.650000000000000000e+02
8.900000000000000000e+02
9.240000000000000000e+02
1.034000000000000000e+03
1.002000000000000000e+03
9.860000000000000000e+02
9.520000000000000000e+02
9.020000000000000000e+02
9.170000000000000000e+02
8.980000000000000000e+02
8.690000000000000000e+02
8.860000000000000000e+02
8.890000000000000000e+02
8.080000000000000000e+02
8.430000000000000000e+02
8.580000000000000000e+02
7.980000000000000000e+02
8.390000000000000000e+02
8.300000000000000000e+02
8.010000000000000000e+02
8.320000000000000000e+02
8.480000000000000000e+02
8.130000000000000000e+02
8.440000000000000000e+02
8.190000000000000000e+02
8.230000000000000000e+02
8.500000000000000000e+02
8.540000000000000000e+02
8.370000000000000000e+02
8.920000000000000000e+02
8.570000000000000000e+02
9.520000000000000000e+02
9.650000000000000000e+02
1.011000000000000000e+03
1.026000000000000000e+03
1.041000000000000000e+03
1.103000000000000000e+03
1.133000000000000000e+03
1.276000000000000000e+03
1.351000000000000000e+03
1.399000000000000000e+03
1.587000000000000000e+03
1.686000000000000000e+03
1.839000000000000000e+03
1.973000000000000000e+03
2.021000000000000000e+03
2.226000000000000000e+03
2.350000000000000000e+03
2.615000000000000000e+03
8.711000000000000000e+03
3.227800000000000000e+04
1.041600000000000000e+04
1.038300000000000000e+04
1.188700000000000000e+04
1.285300000000000000e+04
1.311600000000000000e+04
1.294700000000000000e+04
1.282800000000000000e+04
1.224600000000000000e+04
1.170900000000000000e+04
1.129600000000000000e+04
1.092800000000000000e+04
1.083100000000000000e+04
1.099900000000000000e+04
1.082900000000000000e+04
1.060600000000000000e+04
1.047800000000000000e+04
1.020100000000000000e+04
9.759000000000000000e+03
9.304000000000000000e+03
8.799000000000000000e+03
8.181000000000000000e+03
8.201000000000000000e+03
7.791000000000000000e+03
7.506000000000000000e+03
7.105000000000000000e+03
6.908000000000000000e+03
6.931000000000000000e+03
6.734000000000000000e+03
6.689000000000000000e+03
6.516000000000000000e+03
6.395000000000000000e+03
6.280000000000000000e+03
6.035000000000000000e+03
5.840000000000000000e+03
5.856000000000000000e+03
5.785000000000000000e+03
5.633000000000000000e+03
5.772000000000000000e+03
5.651000000000000000e+03
5.719000000000000000e+03
5.819000000000000000e+03
5.842000000000000000e+03
5.790000000000000000e+03
5.974000000000000000e+03
6.307000000000000000e+03
6.688000000000000000e+03
7.164000000000000000e+03
7.651000000000000000e+03
8.403000000000000000e+03
8.888000000000000000e+03
9.477000000000000000e+03
9.621000000000000000e+03
9.530000000000000000e+03
9.540000000000000000e+03
9.128000000000000000e+03
9.132000000000000000e+03
8.853000000000000000e+03
8.386000000000000000e+03
8.274000000000000000e+03
8.268000000000000000e+03
8.264000000000000000e+03
8.849000000000000000e+03
9.448000000000000000e+03
1.030000000000000000e+04
1.138300000000000000e+04
1.273300000000000000e+04
1.368100000000000000e+04
1.519500000000000000e+04
1.651800000000000000e+04
1.748600000000000000e+04
1.858700000000000000e+04
1.889100000000000000e+04
1.928900000000000000e+04
1.838000000000000000e+04
1.733900000000000000e+04
1.602700000000000000e+04
1.471300000000000000e+04
1.327800000000000000e+04
1.203300000000000000e+04
1.085400000000000000e+04
9.836000000000000000e+03
8.870000000000000000e+03
8.034000000000000000e+03
7.482000000000000000e+03
6.992000000000000000e+03
6.594000000000000000e+03
6.471000000000000000e+03
6.069000000000000000e+03
5.919000000000000000e+03
5.920000000000000000e+03
6.076000000000000000e+03
5.948000000000000000e+03
5.963000000000000000e+03
6.052000000000000000e+03
6.032000000000000000e+03
6.290000000000000000e+03
6.320000000000000000e+03
6.368000000000000000e+03
6.529000000000000000e+03
6.735000000000000000e+03
6.760000000000000000e+03
7.041000000000000000e+03
7.428000000000000000e+03
7.312000000000000000e+03
7.671000000000000000e+03
7.464000000000000000e+03
7.728000000000000000e+03
7.765000000000000000e+03
7.884000000000000000e+03
7.909000000000000000e+03
7.773000000000000000e+03
7.698000000000000000e+03
7.804000000000000000e+03
7.768000000000000000e+03
7.707000000000000000e+03
7.652000000000000000e+03
7.669000000000000000e+03
7.484000000000000000e+03
7.477000000000000000e+03
7.291000000000000000e+03
6.997000000000000000e+03
6.992000000000000000e+03
6.924000000000000000e+03
6.635000000000000000e+03
6.401000000000000000e+03
6.394000000000000000e+03
5.987000000000000000e+03
5.970000000000000000e+03
5.790000000000000000e+03
5.452000000000000000e+03
5.262000000000000000e+03
5.112000000000000000e+03
4.890000000000000000e+03
4.554000000000000000e+03
4.486000000000000000e+03
4.215000000000000000e+03
4.091000000000000000e+03
3.932000000000000000e+03
3.755000000000000000e+03
3.621000000000000000e+03
3.374000000000000000e+03
3.189000000000000000e+03
3.107000000000000000e+03
3.026000000000000000e+03
2.899000000000000000e+03
2.681000000000000000e+03
2.556000000000000000e+03
2.562000000000000000e+03
2.331000000000000000e+03
2.244000000000000000e+03
2.195000000000000000e+03
2.026000000000000000e+03
2.032000000000000000e+03
1.933000000000000000e+03
1.904000000000000000e+03
1.759000000000000000e+03
1.707000000000000000e+03
1.604000000000000000e+03
1.640000000000000000e+03
1.545000000000000000e+03
1.486000000000000000e+03
1.495000000000000000e+03
1.497000000000000000e+03
1.402000000000000000e+03
1.414000000000000000e+03
1.341000000000000000e+03
1.259000000000000000e+03
1.196000000000000000e+03
1.173000000000000000e+03
1.197000000000000000e+03
1.217000000000000000e+03
1.148000000000000000e+03
1.167000000000000000e+03
1.123000000000000000e+03
1.100000000000000000e+03
1.087000000000000000e+03
1.067000000000000000e+03
1.146000000000000000e+03
1.058000000000000000e+03
1.131000000000000000e+03
1.134000000000000000e+03
1.174000000000000000e+03
1.173000000000000000e+03
1.146000000000000000e+03
1.168000000000000000e+03
1.155000000000000000e+03
1.160000000000000000e+03
1.052000000000000000e+03
9.960000000000000000e+02
1.007000000000000000e+03
1.006000000000000000e+03
9.730000000000000000e+02
9.070000000000000000e+02
9.430000000000000000e+02
8.960000000000000000e+02
8.870000000000000000e+02
9.010000000000000000e+02
9.000000000000000000e+02
8.350000000000000000e+02
7.770000000000000000e+02
8.540000000000000000e+02
8.040000000000000000e+02
7.900000000000000000e+02
7.890000000000000000e+02
7.670000000000000000e+02
7.670000000000000000e+02
7.590000000000000000e+02
8.040000000000000000e+02
7.590000000000000000e+02
8.030000000000000000e+02
8.480000000000000000e+02
8.360000000000000000e+02
7.920000000000000000e+02
7.890000000000000000e+02
8.170000000000000000e+02
7.740000000000000000e+02
7.810000000000000000e+02
8.460000000000000000e+02
8.340000000000000000e+02
8.650000000000000000e+02
8.370000000000000000e+02
8.090000000000000000e+02
9.170000000000000000e+02
9.120000000000000000e+02
8.830000000000000000e+02
8.700000000000000000e+02
8.610000000000000000e+02
9.010000000000000000e+02
8.780000000000000000e+02
9.100000000000000000e+02
8.990000000000000000e+02
9.150000000000000000e+02
9.570000000000000000e+02
1.008000000000000000e+03
1.015000000000000000e+03
1.064000000000000000e+03
1.125000000000000000e+03
1.090000000000000000e+03
1.045000000000000000e+03
1.178000000000000000e+03
1.143000000000000000e+03
1.226000000000000000e+03
1.045000000000000000e+03
1.240000000000000000e+03
1.300000000000000000e+03
1.090000000000000000e+03
1.258000000000000000e+03
1.298000000000000000e+03
1.299000000000000000e+03
1.058000000000000000e+03
1.261000000000000000e+03
1.354000000000000000e+03
1.079000000000000000e+03
1.625000000000000000e+03
3.907000000000000000e+03
