4.495000000000000000e+03
1.688000000000000000e+03
3.872000000000000000e+03
2.323000000000000000e+03
4.416000000000000000e+03
4.376000000000000000e+03
3.040000000000000000e+03
3.774000000000000000e+03
3.487000000000000000e+03
3.555000000000000000e+03
2.486000000000000000e+03
2.990000000000000000e+03
2.688000000000000000e+03
2.219000000000000000e+03
2.324000000000000000e+03
2.012000000000000000e+03
2.307000000000000000e+03
1.981000000000000000e+03
1.920000000000000000e+03
1.917000000000000000e+03
1.760000000000000000e+03
1.943000000000000000e+03
1.521000000000000000e+03
1.303000000000000000e+03
1.203000000000000000e+03
1.255000000000000000e+03
1.285000000000000000e+03
1.204000000000000000e+03
1.291000000000000000e+03
1.258000000000000000e+03
1.271000000000000000e+03
1.235000000000000000e+03
1.246000000000000000e+03
1.299000000000000000e+03
1.337000000000000000e+03
1.352000000000000000e+03
1.374000000000000000e+03
1.450000000000000000e+03
1.478000000000000000e+03
1.465000000000000000e+03
1.506000000000000000e+03
1.484000000000000000e+03
1.498000000000000000e+03
1.491000000000000000e+03
1.588000000000000000e+03
1.593000000000000000e+03
1.665000000000000000e+03
1.737000000000000000e+03
1.746000000000000000e+03
1.820000000000000000e+03
2.000000000000000000e+03
2.024000000000000000e+03
2.092000000000000000e+03
2.149000000000000000e+03
2.159000000000000000e+03
2.303000000000000000e+03
2.300000000000000000e+03
2.384000000000000000e+03
2.395000000000000000e+03
2.422000000000000000e+03
2.426000000000000000e+03
2.423000000000000000e+03
2.585000000000000000e+03
2.518000000000000000e+03
2.565000000000000000e+03
2.609000000000000000e+03
2.585000000000000000e+03
2.694000000000000000e+03
2.655000000000000000e+03
2.761000000000000000e+03
2.827000000000000000e+03
2.618000000000000000e+03
2.619000000000000000e+03
2.615000000000000000e+03
2.600000000000000000e+03
2.616000000000000000e+03
2.442000000000000000e+03
2.444000000000000000e+03
2.360000000000000000e+03
2.352000000000000000e+03
2.193000000000000000e+03
2.131000000000000000e+03
2.117000000000000000e+03
1.981000000000000000e+03
2.061000000000000000e+03
1.866000000000000000e+03
1.923000000000000000e+03
1.797000000000000000e+03
1.682000000000000000e+03
1.670000000000000000e+03
1.607000000000000000e+03
1.506000000000000000e+03
1.521000000000000000e+03
1.425000000000000000e+03
1.401000000000000000e+03
1.449000000000000000e+03
1.340000000000000000e+03
1.307000000000000000e+03
1.293000000000000000e+03
1.354000000000000000e+03
1.368000000000000000e+03
1.347000000000000000e+03
1.415000000000000000e+03
1.333000000000000000e+03
1.324000000000000000e+03
1.319000000000000000e+03
1.323000000000000000e+03
1.310000000000000000e+03
1.318000000000000000e+03
1.291000000000000000e+03
1.279000000000000000e+03
1.187000000000000000e+03
1.242000000000000000e+03
1.202000000000000000e+03
1.163000000000000000e+03
1.137000000000000000e+03
1.168000000000000000e+03
1.095000000000000000e+03
1.081000000000000000e+03
1.001000000000000000e+03
1.020000000000000000e+03
9.550000000000000000e+02
9.600000000000000000e+02
9.550000000000000000e+02
9.160000000000000000e+02
8.540000000000000000e+02
8.520000000000000000e+02
8.610000000000000000e+02
8.010000000000000000e+02
7.860000000000000000e+02
7.280000000000000000e+02
7.270000000000000000e+02
7.400000000000000000e+02
6.560000000000000000e+02
7.150000000000000000e+02
6.360000000000000000e+02
6.540000000000000000e+02
7.000000000000000000e+02
6.080000000000000000e+02
6.170000000000000000e+02
6.070000000000000000e+02
5.840000000000000000e+02
6.100000000000000000e+02
6.140000000000000000e+02
6.280000000000000000e+02
6.340000000000000000e+02
6.490000000000000000e+02
7.170000000000000000e+02
6.560000000000000000e+02
6.590000000000000000e+02
7.500000000000000000e+02
7.400000000000000000e+02
7.430000000000000000e+02
7.070000000000000000e+02
6.480000000000000000e+02
6.020000000000000000e+02
6.370000000000000000e+02
6.180000000000000000e+02
6.130000000000000000e+02
5.470000000000000000e+02
6.100000000000000000e+02
6.310000000000000000e+02
6.330000000000000000e+02
6.610000000000000000e+02
6.370000000000000000e+02
6.090000000000000000e+02
6.350000000000000000e+02
6.680000000000000000e+02
6.570000000000000000e+02
6.570000000000000000e+02
6.970000000000000000e+02
6.100000000000000000e+02
7.020000000000000000e+02
6.350000000000000000e+02
6.470000000000000000e+02
6.270000000000000000e+02
6.370000000000000000e+02
6.240000000000000000e+02
5.970000000000000000e+02
6.450000000000000000e+02
6.660000000000000000e+02
6.950000000000000000e+02
7.800000000000000000e+02
6.770000000000000000e+02
6.800000000000000000e+02
7.280000000000000000e+02
7.010000000000000000e+02
6.680000000000000000e+02
6.200000000000000000e+02
5.680000000000000000e+02
6.040000000000000000e+02
6.060000000000000000e+02
6.030000000000000000e+02
6.720000000000000000e+02
6.450000000000000000e+02
6.170000000000000000e+02
6.010000000000000000e+02
5.640000000000000000e+02
5.330000000000000000e+02
5.410000000000000000e+02
5.460000000000000000e+02
4.940000000000000000e+02
5.020000000000000000e+02
4.840000000000000000e+02
4.970000000000000000e+02
5.370000000000000000e+02
5.840000000000000000e+02
5.390000000000000000e+02
5.470000000000000000e+02
5.160000000000000000e+02
4.290000000000000000e+02
4.220000000000000000e+02
4.540000000000000000e+02
4.550000000000000000e+02
4.400000000000000000e+02
4.690000000000000000e+02
4.340000000000000000e+02
4.590000000000000000e+02
4.440000000000000000e+02
4.770000000000000000e+02
4.950000000000000000e+02
4.460000000000000000e+02
4.420000000000000000e+02
4.580000000000000000e+02
4.730000000000000000e+02
4.440000000000000000e+02
4.720000000000000000e+02
4.590000000000000000e+02
4.740000000000000000e+02
4.450000000000000000e+02
5.860000000000000000e+02
4.320000000000000000e+02
4.130000000000000000e+02
3.190000000000000000e+02
4.000000000000000000e+02
3.000000000000000000e+02
3.710000000000000000e+02
3.670000000000000000e+02
2.170000000000000000e+02
4.170000000000000000e+02
1.330000000000000000e+02
1.340000000000000000e+02
6.300000000000000000e+01
1.080000000000000000e+02
1.090000000000000000e+02
4.600000000000000000e+01
8.100000000000000000e+01
3.400000000000000000e+01
2.700000000000000000e+01
2.600000000000000000e+01
4.200000000000000000e+01
3.000000000000000000e+01
1.400000000000000000e+01
3.100000000000000000e+01
2.200000000000000000e+01
2.520000000000000000e+02
6.601000000000000000e+03
4.710000000000000000e+03
5.390000000000000000e+03
4.165000000000000000e+03
3.920000000000000000e+03
3.543000000000000000e+03
3.557000000000000000e+03
3.056000000000000000e+03
2.959000000000000000e+03
2.772000000000000000e+03
2.381000000000000000e+03
2.175000000000000000e+03
2.094000000000000000e+03
2.108000000000000000e+03
2.159000000000000000e+03
2.196000000000000000e+03
2.011000000000000000e+03
1.694000000000000000e+03
1.465000000000000000e+03
1.327000000000000000e+03
1.203000000000000000e+03
1.191000000000000000e+03
1.141000000000000000e+03
1.192000000000000000e+03
1.158000000000000000e+03
1.169000000000000000e+03
1.176000000000000000e+03
1.176000000000000000e+03
1.171000000000000000e+03
1.316000000000000000e+03
1.281000000000000000e+03
1.274000000000000000e+03
1.304000000000000000e+03
1.381000000000000000e+03
1.402000000000000000e+03
1.379000000000000000e+03
1.382000000000000000e+03
1.394000000000000000e+03
1.488000000000000000e+03
1.496000000000000000e+03
1.515000000000000000e+03
1.680000000000000000e+03
1.706000000000000000e+03
1.901000000000000000e+03
1.938000000000000000e+03
2.050000000000000000e+03
2.093000000000000000e+03
2.355000000000000000e+03
2.334000000000000000e+03
2.400000000000000000e+03
2.413000000000000000e+03
2.372000000000000000e+03
2.414000000000000000e+03
2.463000000000000000e+03
2.570000000000000000e+03
2.498000000000000000e+03
2.617000000000000000e+03
2.648000000000000000e+03
2.683000000000000000e+03
2.727000000000000000e+03
2.799000000000000000e+03
2.758000000000000000e+03
2.780000000000000000e+03
2.760000000000000000e+03
2.851000000000000000e+03
2.800000000000000000e+03
2.729000000000000000e+03
2.621000000000000000e+03
2.538000000000000000e+03
2.576000000000000000e+03
2.429000000000000000e+03
2.334000000000000000e+03
2.208000000000000000e+03
2.153000000000000000e+03
1.935000000000000000e+03
1.931000000000000000e+03
1.830000000000000000e+03
1.845000000000000000e+03
1.778000000000000000e+03
1.851000000000000000e+03
1.653000000000000000e+03
1.670000000000000000e+03
1.647000000000000000e+03
1.677000000000000000e+03
1.635000000000000000e+03
1.532000000000000000e+03
1.638000000000000000e+03
1.549000000000000000e+03
1.550000000000000000e+03
1.469000000000000000e+03
1.482000000000000000e+03
1.457000000000000000e+03
1.420000000000000000e+03
1.304000000000000000e+03
1.363000000000000000e+03
1.326000000000000000e+03
1.308000000000000000e+03
1.309000000000000000e+03
1.285000000000000000e+03
1.224000000000000000e+03
1.264000000000000000e+03
1.210000000000000000e+03
1.152000000000000000e+03
1.179000000000000000e+03
1.083000000000000000e+03
1.133000000000000000e+03
1.175000000000000000e+03
1.105000000000000000e+03
1.084000000000000000e+03
1.106000000000000000e+03
9.940000000000000000e+02
1.064000000000000000e+03
1.071000000000000000e+03
9.730000000000000000e+02
9.830000000000000000e+02
9.410000000000000000e+02
9.400000000000000000e+02
9.410000000000000000e+02
9.320000000000000000e+02
9.270000000000000000e+02
9.330000000000000000e+02
9.470000000000000000e+02
9.520000000000000000e+02
8.970000000000000000e+02
9.260000000000000000e+02
9.610000000000000000e+02
9.120000000000000000e+02
8.890000000000000000e+02
8.790000000000000000e+02
8.810000000000000000e+02
8.750000000000000000e+02
8.610000000000000000e+02
8.460000000000000000e+02
8.910000000000000000e+02
9.030000000000000000e+02
8.490000000000000000e+02
8.320000000000000000e+02
8.450000000000000000e+02
7.840000000000000000e+02
8.050000000000000000e+02
7.910000000000000000e+02
8.660000000000000000e+02
8.510000000000000000e+02
7.690000000000000000e+02
7.630000000000000000e+02
7.890000000000000000e+02
8.580000000000000000e+02
8.970000000000000000e+02
9.670000000000000000e+02
8.640000000000000000e+02
8.540000000000000000e+02
7.460000000000000000e+02
7.850000000000000000e+02
7.710000000000000000e+02
7.600000000000000000e+02
7.080000000000000000e+02
7.630000000000000000e+02
7.520000000000000000e+02
7.430000000000000000e+02
7.530000000000000000e+02
6.310000000000000000e+02
6.530000000000000000e+02
6.420000000000000000e+02
6.330000000000000000e+02
6.600000000000000000e+02
6.260000000000000000e+02
5.870000000000000000e+02
6.990000000000000000e+02
6.040000000000000000e+02
5.690000000000000000e+02
5.760000000000000000e+02
5.930000000000000000e+02
6.080000000000000000e+02
6.430000000000000000e+02
6.150000000000000000e+02
5.920000000000000000e+02
5.810000000000000000e+02
5.210000000000000000e+02
5.580000000000000000e+02
5.770000000000000000e+02
5.490000000000000000e+02
5.590000000000000000e+02
6.070000000000000000e+02
5.910000000000000000e+02
6.190000000000000000e+02
6.510000000000000000e+02
7.120000000000000000e+02
6.600000000000000000e+02
6.460000000000000000e+02
6.190000000000000000e+02
5.610000000000000000e+02
5.290000000000000000e+02
5.070000000000000000e+02
5.450000000000000000e+02
5.030000000000000000e+02
5.220000000000000000e+02
5.590000000000000000e+02
5.900000000000000000e+02
5.530000000000000000e+02
5.350000000000000000e+02
5.630000000000000000e+02
5.230000000000000000e+02
5.290000000000000000e+02
5.070000000000000000e+02
4.860000000000000000e+02
5.170000000000000000e+02
5.350000000000000000e+02
5.600000000000000000e+02
5.540000000000000000e+02
4.730000000000000000e+02
5.510000000000000000e+02
4.730000000000000000e+02
4.880000000000000000e+02
4.720000000000000000e+02
3.900000000000000000e+02
3.460000000000000000e+02
3.570000000000000000e+02
3.410000000000000000e+02
3.080000000000000000e+02
3.420000000000000000e+02
3.400000000000000000e+02
3.420000000000000000e+02
2.990000000000000000e+02
3.340000000000000000e+02
2.990000000000000000e+02
3.000000000000000000e+02
3.040000000000000000e+02
3.160000000000000000e+02
2.980000000000000000e+02
2.900000000000000000e+02
3.070000000000000000e+02
3.510000000000000000e+02
3.830000000000000000e+02
3.630000000000000000e+02
3.550000000000000000e+02
3.380000000000000000e+02
3.720000000000000000e+02
3.970000000000000000e+02
3.950000000000000000e+02
2.820000000000000000e+02
3.500000000000000000e+02
3.680000000000000000e+02
3.440000000000000000e+02
4.850000000000000000e+02
4.410000000000000000e+02
4.670000000000000000e+02
6.580000000000000000e+02
2.410000000000000000e+02
1.480000000000000000e+02
1.050000000000000000e+02
1.070000000000000000e+02
1.070000000000000000e+02
1.060000000000000000e+02
7.300000000000000000e+01
1.800000000000000000e+01
1.040000000000000000e+02
1.393100000000000000e+04
5.035000000000000000e+03
4.774000000000000000e+03
4.138000000000000000e+03
3.539000000000000000e+03
3.304000000000000000e+03
3.162000000000000000e+03
3.155000000000000000e+03
2.936000000000000000e+03
2.584000000000000000e+03
2.505000000000000000e+03
2.629000000000000000e+03
2.138000000000000000e+03
2.363000000000000000e+03
1.879000000000000000e+03
1.594000000000000000e+03
1.611000000000000000e+03
1.395000000000000000e+03
1.379000000000000000e+03
1.291000000000000000e+03
1.328000000000000000e+03
1.246000000000000000e+03
1.216000000000000000e+03
1.289000000000000000e+03
1.292000000000000000e+03
1.325000000000000000e+03
1.300000000000000000e+03
1.255000000000000000e+03
1.368000000000000000e+03
1.369000000000000000e+03
1.302000000000000000e+03
1.383000000000000000e+03
1.373000000000000000e+03
1.414000000000000000e+03
1.361000000000000000e+03
1.487000000000000000e+03
1.426000000000000000e+03
1.481000000000000000e+03
1.535000000000000000e+03
1.661000000000000000e+03
1.702000000000000000e+03
1.811000000000000000e+03
1.912000000000000000e+03
1.859000000000000000e+03
2.089000000000000000e+03
2.280000000000000000e+03
2.294000000000000000e+03
2.378000000000000000e+03
2.415000000000000000e+03
2.522000000000000000e+03
2.543000000000000000e+03
2.677000000000000000e+03
2.654000000000000000e+03
2.721000000000000000e+03
2.660000000000000000e+03
2.744000000000000000e+03
2.700000000000000000e+03
2.896000000000000000e+03
2.819000000000000000e+03
2.794000000000000000e+03
2.715000000000000000e+03
2.743000000000000000e+03
2.749000000000000000e+03
2.599000000000000000e+03
2.630000000000000000e+03
2.456000000000000000e+03
2.217000000000000000e+03
2.310000000000000000e+03
2.165000000000000000e+03
2.104000000000000000e+03
2.007000000000000000e+03
1.942000000000000000e+03
1.868000000000000000e+03
1.809000000000000000e+03
1.767000000000000000e+03
1.697000000000000000e+03
1.702000000000000000e+03
1.602000000000000000e+03
1.583000000000000000e+03
1.557000000000000000e+03
1.462000000000000000e+03
1.427000000000000000e+03
1.387000000000000000e+03
1.270000000000000000e+03
1.258000000000000000e+03
1.186000000000000000e+03
1.160000000000000000e+03
1.129000000000000000e+03
1.139000000000000000e+03
1.100000000000000000e+03
9.970000000000000000e+02
9.950000000000000000e+02
1.057000000000000000e+03
9.840000000000000000e+02
9.710000000000000000e+02
9.490000000000000000e+02
9.850000000000000000e+02
8.960000000000000000e+02
8.920000000000000000e+02
8.960000000000000000e+02
8.960000000000000000e+02
8.600000000000000000e+02
8.620000000000000000e+02
8.130000000000000000e+02
8.810000000000000000e+02
8.320000000000000000e+02
8.550000000000000000e+02
8.810000000000000000e+02
8.420000000000000000e+02
8.710000000000000000e+02
8.270000000000000000e+02
8.310000000000000000e+02
8.630000000000000000e+02
8.660000000000000000e+02
8.870000000000000000e+02
8.350000000000000000e+02
7.990000000000000000e+02
8.220000000000000000e+02
8.330000000000000000e+02
8.160000000000000000e+02
8.730000000000000000e+02
8.770000000000000000e+02
8.540000000000000000e+02
8.730000000000000000e+02
9.420000000000000000e+02
8.730000000000000000e+02
8.810000000000000000e+02
8.700000000000000000e+02
9.120000000000000000e+02
9.050000000000000000e+02
9.400000000000000000e+02
9.150000000000000000e+02
9.370000000000000000e+02
9.440000000000000000e+02
9.010000000000000000e+02
8.750000000000000000e+02
8.680000000000000000e+02
9.600000000000000000e+02
8.990000000000000000e+02
9.650000000000000000e+02
8.680000000000000000e+02
8.600000000000000000e+02
8.070000000000000000e+02
8.740000000000000000e+02
8.070000000000000000e+02
7.480000000000000000e+02
7.800000000000000000e+02
8.070000000000000000e+02
7.910000000000000000e+02
7.760000000000000000e+02
7.780000000000000000e+02
8.240000000000000000e+02
7.900000000000000000e+02
7.910000000000000000e+02
7.700000000000000000e+02
7.550000000000000000e+02
7.550000000000000000e+02
7.420000000000000000e+02
7.260000000000000000e+02
7.710000000000000000e+02
6.990000000000000000e+02
7.090000000000000000e+02
7.040000000000000000e+02
7.540000000000000000e+02
7.160000000000000000e+02
7.460000000000000000e+02
6.740000000000000000e+02
7.330000000000000000e+02
7.030000000000000000e+02
6.850000000000000000e+02
6.920000000000000000e+02
6.780000000000000000e+02
6.570000000000000000e+02
6.640000000000000000e+02
6.300000000000000000e+02
6.580000000000000000e+02
6.220000000000000000e+02
7.250000000000000000e+02
7.000000000000000000e+02
6.510000000000000000e+02
5.860000000000000000e+02
6.100000000000000000e+02
6.310000000000000000e+02
5.820000000000000000e+02
5.950000000000000000e+02
6.190000000000000000e+02
5.740000000000000000e+02
5.810000000000000000e+02
5.800000000000000000e+02
5.860000000000000000e+02
5.490000000000000000e+02
5.350000000000000000e+02
5.070000000000000000e+02
5.260000000000000000e+02
5.180000000000000000e+02
5.450000000000000000e+02
5.290000000000000000e+02
5.670000000000000000e+02
5.690000000000000000e+02
5.470000000000000000e+02
5.640000000000000000e+02
5.110000000000000000e+02
5.560000000000000000e+02
5.280000000000000000e+02
5.500000000000000000e+02
6.120000000000000000e+02
5.430000000000000000e+02
5.150000000000000000e+02
5.440000000000000000e+02
5.540000000000000000e+02
5.430000000000000000e+02
5.150000000000000000e+02
4.500000000000000000e+02
4.530000000000000000e+02
4.910000000000000000e+02
4.970000000000000000e+02
4.580000000000000000e+02
4.470000000000000000e+02
4.380000000000000000e+02
4.400000000000000000e+02
4.230000000000000000e+02
4.020000000000000000e+02
3.700000000000000000e+02
3.320000000000000000e+02
3.040000000000000000e+02
2.650000000000000000e+02
2.750000000000000000e+02
2.440000000000000000e+02
2.470000000000000000e+02
2.520000000000000000e+02
2.150000000000000000e+02
2.360000000000000000e+02
2.400000000000000000e+02
2.440000000000000000e+02
2.200000000000000000e+02
2.150000000000000000e+02
2.040000000000000000e+02
2.320000000000000000e+02
2.290000000000000000e+02
2.250000000000000000e+02
2.220000000000000000e+02
2.160000000000000000e+02
2.610000000000000000e+02
2.350000000000000000e+02
2.930000000000000000e+02
2.580000000000000000e+02
2.780000000000000000e+02
2.950000000000000000e+02
3.260000000000000000e+02
3.250000000000000000e+02
3.460000000000000000e+02
3.810000000000000000e+02
4.240000000000000000e+02
5.250000000000000000e+02
7.050000000000000000e+02
4.950000000000000000e+03
