2.911000000000000000e+03
6.670000000000000000e+02
1.801000000000000000e+03
1.743000000000000000e+03
2.631000000000000000e+03
2.823000000000000000e+03
4.455000000000000000e+03
4.486000000000000000e+03
3.499000000000000000e+03
4.194000000000000000e+03
4.207000000000000000e+03
4.350000000000000000e+03
4.033000000000000000e+03
4.293000000000000000e+03
4.626000000000000000e+03
4.929000000000000000e+03
5.070000000000000000e+03
4.745000000000000000e+03
4.601000000000000000e+03
4.611000000000000000e+03
4.440000000000000000e+03
4.456000000000000000e+03
4.313000000000000000e+03
4.338000000000000000e+03
4.237000000000000000e+03
4.813000000000000000e+03
5.161000000000000000e+03
5.336000000000000000e+03
5.793000000000000000e+03
6.351000000000000000e+03
6.732000000000000000e+03
7.320000000000000000e+03
7.630000000000000000e+03
8.149000000000000000e+03
8.663000000000000000e+03
8.470000000000000000e+03
8.349000000000000000e+03
7.826000000000000000e+03
7.718000000000000000e+03
7.420000000000000000e+03
7.113000000000000000e+03
7.365000000000000000e+03
7.341000000000000000e+03
7.157000000000000000e+03
6.992000000000000000e+03
6.993000000000000000e+03
6.301000000000000000e+03
5.993000000000000000e+03
6.070000000000000000e+03
5.824000000000000000e+03
5.611000000000000000e+03
5.709000000000000000e+03
5.997000000000000000e+03
6.107000000000000000e+03
6.529000000000000000e+03
6.563000000000000000e+03
6.591000000000000000e+03
6.803000000000000000e+03
6.835000000000000000e+03
6.782000000000000000e+03
6.841000000000000000e+03
6.937000000000000000e+03
6.558000000000000000e+03
6.796000000000000000e+03
6.585000000000000000e+03
6.309000000000000000e+03
6.215000000000000000e+03
5.795000000000000000e+03
5.690000000000000000e+03
5.559000000000000000e+03
5.439000000000000000e+03
5.343000000000000000e+03
5.346000000000000000e+03
5.067000000000000000e+03
5.005000000000000000e+03
4.780000000000000000e+03
4.597000000000000000e+03
4.567000000000000000e+03
4.359000000000000000e+03
4.307000000000000000e+03
4.128000000000000000e+03
4.087000000000000000e+03
3.770000000000000000e+03
3.800000000000000000e+03
3.616000000000000000e+03
3.566000000000000000e+03
3.541000000000000000e+03
3.549000000000000000e+03
3.476000000000000000e+03
3.612000000000000000e+03
3.718000000000000000e+03
3.578000000000000000e+03
3.416000000000000000e+03
3.262000000000000000e+03
3.172000000000000000e+03
3.027000000000000000e+03
2.766000000000000000e+03
2.633000000000000000e+03
2.508000000000000000e+03
2.353000000000000000e+03
2.160000000000000000e+03
2.167000000000000000e+03
2.037000000000000000e+03
1.921000000000000000e+03
1.898000000000000000e+03
1.830000000000000000e+03
1.804000000000000000e+03
1.721000000000000000e+03
1.706000000000000000e+03
1.721000000000000000e+03
1.522000000000000000e+03
1.551000000000000000e+03
1.611000000000000000e+03
1.533000000000000000e+03
1.644000000000000000e+03
1.536000000000000000e+03
1.463000000000000000e+03
1.427000000000000000e+03
1.506000000000000000e+03
1.382000000000000000e+03
1.470000000000000000e+03
1.421000000000000000e+03
1.599000000000000000e+03
1.893000000000000000e+03
1.618000000000000000e+03
1.728000000000000000e+03
1.858000000000000000e+03
1.542000000000000000e+03
1.293000000000000000e+03
1.174000000000000000e+03
1.040000000000000000e+03
1.041000000000000000e+03
1.130000000000000000e+03
1.128000000000000000e+03
1.158000000000000000e+03
1.174000000000000000e+03
9.980000000000000000e+02
1.050000000000000000e+03
9.330000000000000000e+02
9.040000000000000000e+02
9.350000000000000000e+02
9.800000000000000000e+02
1.050000000000000000e+03
1.038000000000000000e+03
9.590000000000000000e+02
1.028000000000000000e+03
1.081000000000000000e+03
1.223000000000000000e+03
1.277000000000000000e+03
1.430000000000000000e+03
1.531000000000000000e+03
1.870000000000000000e+03
1.893000000000000000e+03
1.903000000000000000e+03
2.149000000000000000e+03
2.258000000000000000e+03
2.550000000000000000e+03
2.939000000000000000e+03
3.102000000000000000e+03
3.293000000000000000e+03
3.522000000000000000e+03
3.455000000000000000e+03
3.602000000000000000e+03
3.524000000000000000e+03
3.373000000000000000e+03
3.387000000000000000e+03
3.273000000000000000e+03
2.924000000000000000e+03
3.067000000000000000e+03
2.795000000000000000e+03
2.903000000000000000e+03
2.670000000000000000e+03
2.628000000000000000e+03
2.377000000000000000e+03
2.025000000000000000e+03
1.769000000000000000e+03
1.573000000000000000e+03
1.474000000000000000e+03
1.175000000000000000e+03
1.142000000000000000e+03
1.161000000000000000e+03
1.064000000000000000e+03
1.134000000000000000e+03
1.092000000000000000e+03
9.420000000000000000e+02
9.130000000000000000e+02
9.610000000000000000e+02
1.131000000000000000e+03
1.205000000000000000e+03
1.253000000000000000e+03
1.412000000000000000e+03
1.515000000000000000e+03
1.526000000000000000e+03
1.739000000000000000e+03
2.158000000000000000e+03
2.415000000000000000e+03
2.869000000000000000e+03
2.943000000000000000e+03
3.464000000000000000e+03
4.317000000000000000e+03
5.173000000000000000e+03
4.886000000000000000e+03
5.036000000000000000e+03
5.763000000000000000e+03
7.694000000000000000e+03
9.579000000000000000e+03
8.674000000000000000e+03
1.093900000000000000e+04
1.042500000000000000e+04
9.691000000000000000e+03
1.078500000000000000e+04
9.915000000000000000e+03
8.536000000000000000e+03
7.875000000000000000e+03
8.247000000000000000e+03
7.770000000000000000e+03
1.001100000000000000e+04
8.771000000000000000e+03
8.081000000000000000e+03
7.039000000000000000e+03
7.450000000000000000e+03
6.302000000000000000e+03
6.494000000000000000e+03
4.022000000000000000e+03
2.868000000000000000e+03
1.880000000000000000e+03
1.828000000000000000e+03
1.819000000000000000e+03
1.868000000000000000e+03
2.085000000000000000e+03
2.105000000000000000e+03
2.057000000000000000e+03
1.616000000000000000e+03
1.509000000000000000e+03
1.594000000000000000e+03
1.400000000000000000e+03
1.471000000000000000e+03
1.383000000000000000e+03
1.086000000000000000e+03
1.781000000000000000e+03
1.374000000000000000e+03
1.302000000000000000e+03
1.010000000000000000e+03
8.010000000000000000e+02
9.490000000000000000e+02
4.880000000000000000e+02
3.780000000000000000e+02
3.500000000000000000e+02
3.200000000000000000e+02
2.860000000000000000e+02
2.950000000000000000e+02
2.240000000000000000e+02
1.740000000000000000e+02
2.530000000000000000e+02
1.340000000000000000e+02
5.620000000000000000e+02
5.052000000000000000e+03
2.847000000000000000e+03
2.400000000000000000e+03
2.683000000000000000e+03
2.509000000000000000e+03
2.892000000000000000e+03
5.587000000000000000e+03
5.984000000000000000e+03
4.645000000000000000e+03
4.721000000000000000e+03
3.869000000000000000e+03
3.439000000000000000e+03
3.179000000000000000e+03
2.891000000000000000e+03
3.020000000000000000e+03
3.055000000000000000e+03
3.092000000000000000e+03
3.231000000000000000e+03
3.410000000000000000e+03
4.100000000000000000e+03
4.716000000000000000e+03
5.090000000000000000e+03
5.710000000000000000e+03
6.040000000000000000e+03
6.287000000000000000e+03
7.048000000000000000e+03
7.621000000000000000e+03
8.113000000000000000e+03
8.355000000000000000e+03
8.421000000000000000e+03
8.598000000000000000e+03
8.329000000000000000e+03
8.014000000000000000e+03
7.882000000000000000e+03
7.371000000000000000e+03
7.006000000000000000e+03
6.086000000000000000e+03
5.698000000000000000e+03
5.713000000000000000e+03
5.781000000000000000e+03
5.704000000000000000e+03
5.654000000000000000e+03
5.464000000000000000e+03
5.302000000000000000e+03
5.575000000000000000e+03
5.615000000000000000e+03
5.479000000000000000e+03
5.605000000000000000e+03
5.785000000000000000e+03
5.547000000000000000e+03
5.602000000000000000e+03
5.566000000000000000e+03
5.876000000000000000e+03
5.819000000000000000e+03
6.021000000000000000e+03
5.970000000000000000e+03
6.087000000000000000e+03
6.055000000000000000e+03
6.184000000000000000e+03
6.007000000000000000e+03
6.015000000000000000e+03
5.995000000000000000e+03
5.930000000000000000e+03
5.829000000000000000e+03
5.699000000000000000e+03
5.840000000000000000e+03
5.892000000000000000e+03
5.338000000000000000e+03
5.304000000000000000e+03
5.183000000000000000e+03
5.049000000000000000e+03
5.017000000000000000e+03
4.841000000000000000e+03
4.696000000000000000e+03
4.528000000000000000e+03
4.467000000000000000e+03
4.505000000000000000e+03
4.349000000000000000e+03
4.226000000000000000e+03
4.225000000000000000e+03
4.056000000000000000e+03
3.939000000000000000e+03
3.877000000000000000e+03
3.891000000000000000e+03
3.948000000000000000e+03
3.942000000000000000e+03
3.762000000000000000e+03
3.881000000000000000e+03
3.791000000000000000e+03
3.938000000000000000e+03
3.837000000000000000e+03
3.686000000000000000e+03
3.586000000000000000e+03
3.545000000000000000e+03
3.594000000000000000e+03
3.627000000000000000e+03
3.694000000000000000e+03
3.676000000000000000e+03
3.619000000000000000e+03
3.544000000000000000e+03
3.453000000000000000e+03
3.270000000000000000e+03
3.127000000000000000e+03
2.997000000000000000e+03
2.847000000000000000e+03
2.721000000000000000e+03
2.619000000000000000e+03
2.441000000000000000e+03
2.402000000000000000e+03
2.239000000000000000e+03
2.205000000000000000e+03
2.114000000000000000e+03
2.026000000000000000e+03
1.813000000000000000e+03
1.697000000000000000e+03
1.714000000000000000e+03
1.710000000000000000e+03
1.772000000000000000e+03
2.024000000000000000e+03
1.972000000000000000e+03
1.950000000000000000e+03
2.052000000000000000e+03
1.861000000000000000e+03
1.698000000000000000e+03
1.762000000000000000e+03
1.670000000000000000e+03
1.586000000000000000e+03
1.617000000000000000e+03
1.529000000000000000e+03
1.754000000000000000e+03
2.076000000000000000e+03
1.898000000000000000e+03
1.934000000000000000e+03
2.404000000000000000e+03
2.966000000000000000e+03
3.148000000000000000e+03
3.495000000000000000e+03
4.494000000000000000e+03
5.765000000000000000e+03
5.399000000000000000e+03
4.778000000000000000e+03
4.655000000000000000e+03
3.924000000000000000e+03
4.067000000000000000e+03
4.926000000000000000e+03
5.237000000000000000e+03
4.548000000000000000e+03
4.721000000000000000e+03
5.083000000000000000e+03
5.461000000000000000e+03
4.786000000000000000e+03
4.653000000000000000e+03
5.520000000000000000e+03
6.330000000000000000e+03
6.408000000000000000e+03
5.801000000000000000e+03
5.840000000000000000e+03
6.136000000000000000e+03
5.467000000000000000e+03
5.807000000000000000e+03
5.290000000000000000e+03
5.007000000000000000e+03
5.430000000000000000e+03
6.081000000000000000e+03
6.097000000000000000e+03
5.597000000000000000e+03
4.268000000000000000e+03
4.847000000000000000e+03
5.248000000000000000e+03
4.553000000000000000e+03
4.579000000000000000e+03
4.019000000000000000e+03
3.753000000000000000e+03
4.172000000000000000e+03
4.486000000000000000e+03
4.311000000000000000e+03
4.361000000000000000e+03
3.582000000000000000e+03
3.414000000000000000e+03
3.635000000000000000e+03
2.814000000000000000e+03
3.636000000000000000e+03
4.288000000000000000e+03
3.379000000000000000e+03
5.077000000000000000e+03
4.153000000000000000e+03
4.108000000000000000e+03
4.164000000000000000e+03
5.549000000000000000e+03
5.162000000000000000e+03
4.270000000000000000e+03
4.603000000000000000e+03
3.923000000000000000e+03
2.563000000000000000e+03
1.614000000000000000e+03
8.770000000000000000e+02
8.110000000000000000e+02
8.230000000000000000e+02
8.720000000000000000e+02
9.230000000000000000e+02
9.470000000000000000e+02
1.053000000000000000e+03
1.099000000000000000e+03
1.130000000000000000e+03
1.157000000000000000e+03
1.100000000000000000e+03
1.160000000000000000e+03
1.114000000000000000e+03
1.166000000000000000e+03
1.111000000000000000e+03
1.167000000000000000e+03
1.201000000000000000e+03
1.213000000000000000e+03
1.305000000000000000e+03
1.390000000000000000e+03
1.351000000000000000e+03
1.444000000000000000e+03
1.353000000000000000e+03
1.435000000000000000e+03
1.474000000000000000e+03
1.487000000000000000e+03
1.500000000000000000e+03
1.489000000000000000e+03
1.652000000000000000e+03
1.648000000000000000e+03
1.557000000000000000e+03
1.421000000000000000e+03
1.449000000000000000e+03
1.435000000000000000e+03
1.353000000000000000e+03
1.313000000000000000e+03
1.476000000000000000e+03
1.371000000000000000e+03
1.513000000000000000e+03
1.460000000000000000e+03
1.259000000000000000e+03
1.922000000000000000e+03
1.274000000000000000e+03
1.356000000000000000e+03
1.459000000000000000e+03
8.420000000000000000e+02
8.730000000000000000e+02
5.470000000000000000e+02
3.740000000000000000e+02
3.370000000000000000e+02
2.880000000000000000e+02
2.440000000000000000e+02
2.230000000000000000e+02
2.360000000000000000e+02
1.920000000000000000e+02
1.950000000000000000e+02
1.880000000000000000e+02
1.520000000000000000e+02
1.210000000000000000e+02
1.470000000000000000e+02
4.060000000000000000e+02
7.676000000000000000e+03
2.854000000000000000e+03
4.350000000000000000e+03
4.131000000000000000e+03
3.889000000000000000e+03
4.564000000000000000e+03
7.455000000000000000e+03
7.321000000000000000e+03
6.397000000000000000e+03
6.084000000000000000e+03
5.331000000000000000e+03
4.827000000000000000e+03
4.499000000000000000e+03
4.171000000000000000e+03
4.259000000000000000e+03
4.221000000000000000e+03
3.963000000000000000e+03
3.888000000000000000e+03
3.928000000000000000e+03
4.365000000000000000e+03
4.530000000000000000e+03
4.755000000000000000e+03
5.043000000000000000e+03
5.368000000000000000e+03
5.632000000000000000e+03
6.507000000000000000e+03
6.793000000000000000e+03
7.275000000000000000e+03
7.755000000000000000e+03
8.341000000000000000e+03
8.442000000000000000e+03
8.464000000000000000e+03
8.186000000000000000e+03
7.715000000000000000e+03
7.494000000000000000e+03
7.058000000000000000e+03
6.789000000000000000e+03
6.036000000000000000e+03
5.759000000000000000e+03
5.580000000000000000e+03
5.830000000000000000e+03
5.702000000000000000e+03
5.485000000000000000e+03
5.357000000000000000e+03
5.018000000000000000e+03
5.133000000000000000e+03
4.783000000000000000e+03
4.653000000000000000e+03
4.497000000000000000e+03
4.669000000000000000e+03
4.884000000000000000e+03
4.595000000000000000e+03
4.462000000000000000e+03
4.790000000000000000e+03
4.874000000000000000e+03
4.966000000000000000e+03
4.987000000000000000e+03
5.787000000000000000e+03
6.236000000000000000e+03
6.102000000000000000e+03
6.015000000000000000e+03
6.126000000000000000e+03
6.407000000000000000e+03
6.106000000000000000e+03
6.060000000000000000e+03
6.196000000000000000e+03
5.938000000000000000e+03
6.121000000000000000e+03
6.451000000000000000e+03
7.725000000000000000e+03
7.689000000000000000e+03
6.693000000000000000e+03
6.705000000000000000e+03
6.375000000000000000e+03
6.699000000000000000e+03
7.138000000000000000e+03
7.719000000000000000e+03
7.577000000000000000e+03
6.812000000000000000e+03
6.587000000000000000e+03
6.339000000000000000e+03
6.549000000000000000e+03
5.899000000000000000e+03
5.596000000000000000e+03
5.778000000000000000e+03
5.479000000000000000e+03
5.968000000000000000e+03
6.277000000000000000e+03
5.907000000000000000e+03
6.201000000000000000e+03
5.815000000000000000e+03
5.175000000000000000e+03
5.243000000000000000e+03
5.613000000000000000e+03
5.620000000000000000e+03
5.199000000000000000e+03
5.762000000000000000e+03
5.301000000000000000e+03
4.658000000000000000e+03
4.492000000000000000e+03
4.512000000000000000e+03
5.306000000000000000e+03
4.710000000000000000e+03
5.316000000000000000e+03
4.890000000000000000e+03
5.663000000000000000e+03
5.223000000000000000e+03
4.998000000000000000e+03
5.615000000000000000e+03
5.850000000000000000e+03
5.235000000000000000e+03
5.597000000000000000e+03
5.180000000000000000e+03
4.876000000000000000e+03
4.299000000000000000e+03
3.946000000000000000e+03
4.402000000000000000e+03
4.181000000000000000e+03
4.168000000000000000e+03
3.516000000000000000e+03
3.370000000000000000e+03
3.970000000000000000e+03
3.205000000000000000e+03
3.136000000000000000e+03
2.982000000000000000e+03
2.586000000000000000e+03
2.926000000000000000e+03
3.607000000000000000e+03
3.818000000000000000e+03
3.841000000000000000e+03
3.368000000000000000e+03
2.922000000000000000e+03
3.172000000000000000e+03
3.780000000000000000e+03
3.236000000000000000e+03
3.178000000000000000e+03
3.467000000000000000e+03
3.571000000000000000e+03
3.604000000000000000e+03
3.118000000000000000e+03
3.376000000000000000e+03
4.011000000000000000e+03
3.540000000000000000e+03
3.996000000000000000e+03
4.135000000000000000e+03
3.780000000000000000e+03
4.099000000000000000e+03
4.732000000000000000e+03
4.052000000000000000e+03
3.591000000000000000e+03
3.814000000000000000e+03
3.647000000000000000e+03
3.759000000000000000e+03
2.964000000000000000e+03
2.568000000000000000e+03
2.681000000000000000e+03
2.910000000000000000e+03
3.648000000000000000e+03
3.052000000000000000e+03
2.409000000000000000e+03
2.331000000000000000e+03
1.739000000000000000e+03
1.663000000000000000e+03
1.522000000000000000e+03
1.519000000000000000e+03
1.639000000000000000e+03
2.348000000000000000e+03
3.333000000000000000e+03
2.899000000000000000e+03
2.814000000000000000e+03
2.142000000000000000e+03
1.290000000000000000e+03
1.088000000000000000e+03
9.770000000000000000e+02
9.680000000000000000e+02
9.360000000000000000e+02
8.360000000000000000e+02
8.970000000000000000e+02
8.770000000000000000e+02
8.440000000000000000e+02
8.190000000000000000e+02
8.250000000000000000e+02
9.930000000000000000e+02
8.840000000000000000e+02
8.180000000000000000e+02
7.570000000000000000e+02
7.260000000000000000e+02
7.000000000000000000e+02
6.250000000000000000e+02
6.680000000000000000e+02
7.400000000000000000e+02
7.950000000000000000e+02
8.200000000000000000e+02
8.910000000000000000e+02
9.540000000000000000e+02
9.880000000000000000e+02
9.600000000000000000e+02
9.830000000000000000e+02
9.630000000000000000e+02
9.730000000000000000e+02
1.055000000000000000e+03
1.109000000000000000e+03
1.072000000000000000e+03
1.112000000000000000e+03
1.156000000000000000e+03
1.337000000000000000e+03
1.259000000000000000e+03
1.291000000000000000e+03
1.418000000000000000e+03
1.482000000000000000e+03
1.539000000000000000e+03
1.620000000000000000e+03
1.733000000000000000e+03
1.769000000000000000e+03
1.821000000000000000e+03
1.871000000000000000e+03
1.996000000000000000e+03
1.738000000000000000e+03
1.829000000000000000e+03
1.728000000000000000e+03
1.623000000000000000e+03
1.456000000000000000e+03
1.425000000000000000e+03
1.651000000000000000e+03
1.528000000000000000e+03
1.663000000000000000e+03
1.401000000000000000e+03
1.193000000000000000e+03
1.773000000000000000e+03
1.095000000000000000e+03
1.293000000000000000e+03
1.314000000000000000e+03
9.510000000000000000e+02
8.910000000000000000e+02
6.530000000000000000e+02
6.060000000000000000e+02
6.080000000000000000e+02
5.950000000000000000e+02
5.540000000000000000e+02
4.970000000000000000e+02
4.870000000000000000e+02
3.800000000000000000e+02
3.070000000000000000e+02
3.020000000000000000e+02
2.630000000000000000e+02
2.550000000000000000e+02
2.420000000000000000e+02
1.980000000000000000e+02
2.230000000000000000e+02
1.960000000000000000e+02
1.680000000000000000e+02
1.670000000000000000e+02
1.550000000000000000e+02
7.800000000000000000e+01
1.070000000000000000e+02
2.040000000000000000e+02
