1.956000000000000000e+03
5.800000000000000000e+02
8.300000000000000000e+02
7.510000000000000000e+02
8.500000000000000000e+02
1.026000000000000000e+03
9.570000000000000000e+02
1.039000000000000000e+03
8.720000000000000000e+02
9.550000000000000000e+02
8.810000000000000000e+02
1.150000000000000000e+03
1.203000000000000000e+03
1.458000000000000000e+03
1.628000000000000000e+03
1.549000000000000000e+03
1.788000000000000000e+03
2.155000000000000000e+03
2.139000000000000000e+03
2.446000000000000000e+03
2.613000000000000000e+03
3.227000000000000000e+03
3.892000000000000000e+03
4.866000000000000000e+03
5.257000000000000000e+03
5.664000000000000000e+03
6.669000000000000000e+03
8.271000000000000000e+03
2.259500000000000000e+04
1.500300000000000000e+04
1.185500000000000000e+04
1.119300000000000000e+04
1.178800000000000000e+04
1.080000000000000000e+04
1.045000000000000000e+04
1.023900000000000000e+04
9.796000000000000000e+03
1.069200000000000000e+04
9.138000000000000000e+03
9.084000000000000000e+03
8.323000000000000000e+03
8.138000000000000000e+03
7.733000000000000000e+03
7.530000000000000000e+03
6.950000000000000000e+03
7.001000000000000000e+03
6.705000000000000000e+03
6.626000000000000000e+03
6.861000000000000000e+03
6.976000000000000000e+03
7.154000000000000000e+03
7.256000000000000000e+03
7.648000000000000000e+03
7.380000000000000000e+03
7.419000000000000000e+03
7.317000000000000000e+03
7.382000000000000000e+03
7.333000000000000000e+03
7.057000000000000000e+03
7.360000000000000000e+03
7.308000000000000000e+03
7.414000000000000000e+03
7.825000000000000000e+03
8.152000000000000000e+03
7.873000000000000000e+03
8.323000000000000000e+03
8.638000000000000000e+03
9.234000000000000000e+03
9.395000000000000000e+03
9.811000000000000000e+03
1.028000000000000000e+04
1.041700000000000000e+04
1.057800000000000000e+04
1.042800000000000000e+04
9.941000000000000000e+03
9.243000000000000000e+03
8.469000000000000000e+03
7.936000000000000000e+03
7.388000000000000000e+03
6.809000000000000000e+03
6.405000000000000000e+03
6.141000000000000000e+03
5.960000000000000000e+03
6.305000000000000000e+03
6.440000000000000000e+03
6.469000000000000000e+03
6.706000000000000000e+03
6.726000000000000000e+03
6.366000000000000000e+03
7.215000000000000000e+03
7.066000000000000000e+03
6.430000000000000000e+03
6.652000000000000000e+03
7.267000000000000000e+03
7.916000000000000000e+03
8.030000000000000000e+03
7.514000000000000000e+03
7.780000000000000000e+03
8.130000000000000000e+03
8.248000000000000000e+03
8.719000000000000000e+03
9.165000000000000000e+03
9.445000000000000000e+03
9.779000000000000000e+03
1.012300000000000000e+04
1.042600000000000000e+04
1.032800000000000000e+04
1.088100000000000000e+04
1.143100000000000000e+04
1.134200000000000000e+04
1.137900000000000000e+04
1.182700000000000000e+04
1.200700000000000000e+04
1.244200000000000000e+04
1.293500000000000000e+04
1.271400000000000000e+04
1.301300000000000000e+04
1.293500000000000000e+04
1.207000000000000000e+04
1.195700000000000000e+04
1.109700000000000000e+04
1.013100000000000000e+04
9.243000000000000000e+03
8.315000000000000000e+03
7.525000000000000000e+03
6.520000000000000000e+03
5.780000000000000000e+03
4.993000000000000000e+03
4.170000000000000000e+03
3.484000000000000000e+03
3.258000000000000000e+03
3.054000000000000000e+03
2.970000000000000000e+03
2.734000000000000000e+03
2.641000000000000000e+03
2.526000000000000000e+03
2.416000000000000000e+03
2.411000000000000000e+03
2.316000000000000000e+03
2.476000000000000000e+03
2.378000000000000000e+03
2.335000000000000000e+03
2.409000000000000000e+03
2.369000000000000000e+03
2.498000000000000000e+03
2.362000000000000000e+03
2.295000000000000000e+03
2.151000000000000000e+03
2.254000000000000000e+03
2.210000000000000000e+03
2.206000000000000000e+03
2.189000000000000000e+03
2.092000000000000000e+03
2.028000000000000000e+03
2.075000000000000000e+03
2.053000000000000000e+03
1.943000000000000000e+03
1.858000000000000000e+03
1.886000000000000000e+03
1.802000000000000000e+03
1.679000000000000000e+03
1.680000000000000000e+03
1.648000000000000000e+03
1.697000000000000000e+03
1.687000000000000000e+03
1.696000000000000000e+03
1.619000000000000000e+03
1.781000000000000000e+03
1.578000000000000000e+03
1.525000000000000000e+03
1.467000000000000000e+03
1.393000000000000000e+03
1.302000000000000000e+03
1.292000000000000000e+03
1.298000000000000000e+03
1.166000000000000000e+03
1.126000000000000000e+03
1.025000000000000000e+03
1.034000000000000000e+03
1.090000000000000000e+03
9.440000000000000000e+02
1.008000000000000000e+03
1.002000000000000000e+03
1.008000000000000000e+03
9.290000000000000000e+02
8.090000000000000000e+02
7.870000000000000000e+02
7.340000000000000000e+02
6.960000000000000000e+02
6.510000000000000000e+02
7.630000000000000000e+02
7.340000000000000000e+02
6.960000000000000000e+02
5.830000000000000000e+02
6.510000000000000000e+02
5.860000000000000000e+02
5.640000000000000000e+02
5.780000000000000000e+02
6.080000000000000000e+02
5.670000000000000000e+02
5.280000000000000000e+02
4.800000000000000000e+02
4.300000000000000000e+02
4.370000000000000000e+02
4.200000000000000000e+02
3.730000000000000000e+02
3.410000000000000000e+02
3.500000000000000000e+02
3.100000000000000000e+02
2.900000000000000000e+02
3.000000000000000000e+02
2.940000000000000000e+02
2.790000000000000000e+02
2.630000000000000000e+02
2.480000000000000000e+02
2.490000000000000000e+02
2.140000000000000000e+02
2.210000000000000000e+02
2.310000000000000000e+02
2.000000000000000000e+02
2.110000000000000000e+02
1.920000000000000000e+02
1.860000000000000000e+02
1.790000000000000000e+02
1.750000000000000000e+02
1.570000000000000000e+02
1.550000000000000000e+02
1.330000000000000000e+02
1.420000000000000000e+02
1.310000000000000000e+02
1.440000000000000000e+02
1.590000000000000000e+02
1.470000000000000000e+02
1.580000000000000000e+02
1.240000000000000000e+02
1.260000000000000000e+02
1.300000000000000000e+02
1.390000000000000000e+02
1.430000000000000000e+02
1.230000000000000000e+02
1.300000000000000000e+02
1.270000000000000000e+02
9.900000000000000000e+01
1.080000000000000000e+02
1.010000000000000000e+02
9.200000000000000000e+01
1.060000000000000000e+02
9.000000000000000000e+01
1.020000000000000000e+02
8.200000000000000000e+01
9.900000000000000000e+01
8.800000000000000000e+01
6.700000000000000000e+01
6.500000000000000000e+01
4.700000000000000000e+01
1.910000000000000000e+02
8.367000000000000000e+03
1.140800000000000000e+04
1.084700000000000000e+04
2.191200000000000000e+04
8.707000000000000000e+03
7.697000000000000000e+03
7.134000000000000000e+03
6.587000000000000000e+03
6.298000000000000000e+03
6.064000000000000000e+03
6.062000000000000000e+03
6.967000000000000000e+03
6.743000000000000000e+03
6.788000000000000000e+03
7.155000000000000000e+03
6.971000000000000000e+03
6.980000000000000000e+03
7.314000000000000000e+03
7.420000000000000000e+03
6.106000000000000000e+03
5.462000000000000000e+03
5.087000000000000000e+03
4.710000000000000000e+03
4.711000000000000000e+03
4.291000000000000000e+03
4.271000000000000000e+03
4.203000000000000000e+03
4.223000000000000000e+03
4.668000000000000000e+03
4.343000000000000000e+03
4.269000000000000000e+03
4.159000000000000000e+03
4.162000000000000000e+03
4.453000000000000000e+03
4.436000000000000000e+03
4.458000000000000000e+03
4.515000000000000000e+03
4.736000000000000000e+03
4.581000000000000000e+03
4.548000000000000000e+03
4.945000000000000000e+03
4.785000000000000000e+03
5.020000000000000000e+03
5.252000000000000000e+03
5.523000000000000000e+03
5.705000000000000000e+03
5.729000000000000000e+03
6.323000000000000000e+03
7.013000000000000000e+03
7.675000000000000000e+03
8.500000000000000000e+03
8.876000000000000000e+03
8.753000000000000000e+03
9.020000000000000000e+03
9.326000000000000000e+03
9.528000000000000000e+03
1.011600000000000000e+04
1.042600000000000000e+04
1.058000000000000000e+04
1.016900000000000000e+04
1.070600000000000000e+04
1.093700000000000000e+04
1.135300000000000000e+04
1.154700000000000000e+04
1.157200000000000000e+04
1.184800000000000000e+04
1.191700000000000000e+04
1.189000000000000000e+04
1.194900000000000000e+04
1.187600000000000000e+04
1.155300000000000000e+04
1.216400000000000000e+04
1.230700000000000000e+04
1.258400000000000000e+04
1.325100000000000000e+04
1.344600000000000000e+04
1.305700000000000000e+04
1.345500000000000000e+04
1.370000000000000000e+04
1.398300000000000000e+04
1.387400000000000000e+04
1.387800000000000000e+04
1.315800000000000000e+04
1.300100000000000000e+04
1.238200000000000000e+04
1.160900000000000000e+04
1.072100000000000000e+04
9.892000000000000000e+03
8.927000000000000000e+03
8.238000000000000000e+03
7.222000000000000000e+03
6.402000000000000000e+03
5.953000000000000000e+03
5.391000000000000000e+03
5.063000000000000000e+03
4.528000000000000000e+03
4.164000000000000000e+03
3.870000000000000000e+03
3.733000000000000000e+03
3.540000000000000000e+03
3.456000000000000000e+03
3.653000000000000000e+03
3.639000000000000000e+03
3.687000000000000000e+03
3.395000000000000000e+03
3.526000000000000000e+03
3.558000000000000000e+03
3.488000000000000000e+03
3.414000000000000000e+03
3.296000000000000000e+03
3.247000000000000000e+03
3.140000000000000000e+03
3.112000000000000000e+03
2.914000000000000000e+03
2.783000000000000000e+03
2.603000000000000000e+03
2.502000000000000000e+03
2.588000000000000000e+03
2.482000000000000000e+03
2.295000000000000000e+03
2.299000000000000000e+03
2.269000000000000000e+03
2.118000000000000000e+03
2.197000000000000000e+03
2.118000000000000000e+03
2.192000000000000000e+03
2.062000000000000000e+03
2.177000000000000000e+03
2.345000000000000000e+03
2.293000000000000000e+03
2.231000000000000000e+03
2.251000000000000000e+03
2.284000000000000000e+03
2.286000000000000000e+03
2.200000000000000000e+03
2.183000000000000000e+03
2.156000000000000000e+03
2.133000000000000000e+03
2.309000000000000000e+03
2.264000000000000000e+03
2.242000000000000000e+03
2.264000000000000000e+03
2.326000000000000000e+03
2.303000000000000000e+03
2.447000000000000000e+03
2.253000000000000000e+03
2.369000000000000000e+03
2.356000000000000000e+03
2.357000000000000000e+03
2.368000000000000000e+03
2.263000000000000000e+03
2.467000000000000000e+03
2.455000000000000000e+03
2.336000000000000000e+03
2.337000000000000000e+03
2.404000000000000000e+03
2.438000000000000000e+03
2.294000000000000000e+03
2.118000000000000000e+03
2.113000000000000000e+03
2.103000000000000000e+03
2.325000000000000000e+03
2.311000000000000000e+03
2.065000000000000000e+03
2.056000000000000000e+03
1.950000000000000000e+03
1.929000000000000000e+03
1.832000000000000000e+03
1.835000000000000000e+03
1.926000000000000000e+03
1.778000000000000000e+03
1.764000000000000000e+03
1.844000000000000000e+03
1.771000000000000000e+03
1.748000000000000000e+03
1.750000000000000000e+03
1.967000000000000000e+03
2.015000000000000000e+03
1.907000000000000000e+03
1.769000000000000000e+03
1.693000000000000000e+03
1.722000000000000000e+03
1.591000000000000000e+03
1.624000000000000000e+03
1.611000000000000000e+03
1.796000000000000000e+03
1.799000000000000000e+03
1.929000000000000000e+03
2.301000000000000000e+03
2.005000000000000000e+03
1.862000000000000000e+03
1.653000000000000000e+03
1.594000000000000000e+03
1.592000000000000000e+03
1.420000000000000000e+03
1.516000000000000000e+03
1.513000000000000000e+03
1.421000000000000000e+03
1.505000000000000000e+03
1.374000000000000000e+03
1.320000000000000000e+03
1.358000000000000000e+03
1.338000000000000000e+03
1.359000000000000000e+03
1.336000000000000000e+03
1.433000000000000000e+03
1.421000000000000000e+03
1.419000000000000000e+03
1.649000000000000000e+03
1.718000000000000000e+03
1.688000000000000000e+03
1.250000000000000000e+03
1.246000000000000000e+03
1.072000000000000000e+03
9.620000000000000000e+02
1.023000000000000000e+03
1.027000000000000000e+03
1.029000000000000000e+03
9.430000000000000000e+02
9.390000000000000000e+02
8.940000000000000000e+02
8.460000000000000000e+02
9.590000000000000000e+02
8.770000000000000000e+02
9.560000000000000000e+02
1.178000000000000000e+03
1.350000000000000000e+03
1.300000000000000000e+03
9.800000000000000000e+02
8.330000000000000000e+02
8.690000000000000000e+02
8.660000000000000000e+02
8.140000000000000000e+02
8.420000000000000000e+02
8.410000000000000000e+02
8.280000000000000000e+02
8.970000000000000000e+02
8.720000000000000000e+02
8.050000000000000000e+02
7.030000000000000000e+02
5.110000000000000000e+02
4.700000000000000000e+02
4.470000000000000000e+02
3.350000000000000000e+02
3.240000000000000000e+02
3.250000000000000000e+02
2.710000000000000000e+02
2.980000000000000000e+02
2.250000000000000000e+02
2.020000000000000000e+02
1.810000000000000000e+02
1.660000000000000000e+02
1.330000000000000000e+02
1.230000000000000000e+02
1.060000000000000000e+02
1.440000000000000000e+02
1.278700000000000000e+05
6.895200000000000000e+04
3.888200000000000000e+04
2.914500000000000000e+04
2.336700000000000000e+04
1.972800000000000000e+04
1.844900000000000000e+04
1.581800000000000000e+04
1.476200000000000000e+04
1.329100000000000000e+04
1.234300000000000000e+04
1.160700000000000000e+04
1.094800000000000000e+04
1.067700000000000000e+04
1.023700000000000000e+04
1.031100000000000000e+04
1.027500000000000000e+04
1.028300000000000000e+04
1.014200000000000000e+04
1.032900000000000000e+04
1.065600000000000000e+04
1.001100000000000000e+04
1.022200000000000000e+04
1.000500000000000000e+04
9.584000000000000000e+03
9.726000000000000000e+03
9.110000000000000000e+03
9.063000000000000000e+03
8.673000000000000000e+03
8.473000000000000000e+03
8.641000000000000000e+03
7.988000000000000000e+03
7.545000000000000000e+03
7.352000000000000000e+03
6.855000000000000000e+03
6.973000000000000000e+03
6.817000000000000000e+03
6.803000000000000000e+03
6.675000000000000000e+03
6.453000000000000000e+03
6.466000000000000000e+03
6.370000000000000000e+03
6.008000000000000000e+03
5.448000000000000000e+03
5.460000000000000000e+03
5.249000000000000000e+03
4.959000000000000000e+03
4.770000000000000000e+03
4.695000000000000000e+03
4.774000000000000000e+03
4.774000000000000000e+03
4.913000000000000000e+03
4.949000000000000000e+03
4.843000000000000000e+03
4.881000000000000000e+03
5.036000000000000000e+03
4.889000000000000000e+03
4.713000000000000000e+03
4.473000000000000000e+03
3.794000000000000000e+03
3.350000000000000000e+03
2.922000000000000000e+03
2.551000000000000000e+03
2.369000000000000000e+03
2.080000000000000000e+03
2.054000000000000000e+03
1.876000000000000000e+03
1.883000000000000000e+03
1.794000000000000000e+03
1.759000000000000000e+03
1.797000000000000000e+03
1.902000000000000000e+03
1.814000000000000000e+03
1.809000000000000000e+03
1.776000000000000000e+03
1.798000000000000000e+03
1.822000000000000000e+03
1.929000000000000000e+03
2.022000000000000000e+03
2.209000000000000000e+03
2.071000000000000000e+03
2.178000000000000000e+03
2.184000000000000000e+03
2.270000000000000000e+03
2.270000000000000000e+03
2.344000000000000000e+03
2.508000000000000000e+03
2.597000000000000000e+03
2.503000000000000000e+03
2.468000000000000000e+03
2.373000000000000000e+03
2.432000000000000000e+03
2.767000000000000000e+03
2.562000000000000000e+03
2.609000000000000000e+03
2.672000000000000000e+03
2.816000000000000000e+03
2.803000000000000000e+03
2.677000000000000000e+03
2.751000000000000000e+03
2.698000000000000000e+03
2.856000000000000000e+03
2.660000000000000000e+03
2.681000000000000000e+03
2.804000000000000000e+03
2.845000000000000000e+03
2.959000000000000000e+03
2.945000000000000000e+03
2.770000000000000000e+03
2.729000000000000000e+03
2.753000000000000000e+03
2.849000000000000000e+03
2.698000000000000000e+03
2.827000000000000000e+03
2.717000000000000000e+03
2.961000000000000000e+03
2.896000000000000000e+03
2.829000000000000000e+03
2.702000000000000000e+03
2.860000000000000000e+03
2.742000000000000000e+03
2.477000000000000000e+03
2.536000000000000000e+03
2.402000000000000000e+03
2.175000000000000000e+03
2.110000000000000000e+03
1.991000000000000000e+03
1.971000000000000000e+03
1.911000000000000000e+03
1.721000000000000000e+03
1.692000000000000000e+03
1.767000000000000000e+03
1.808000000000000000e+03
1.805000000000000000e+03
1.786000000000000000e+03
1.736000000000000000e+03
1.637000000000000000e+03
1.532000000000000000e+03
1.673000000000000000e+03
1.549000000000000000e+03
1.669000000000000000e+03
1.479000000000000000e+03
1.598000000000000000e+03
1.657000000000000000e+03
1.820000000000000000e+03
1.969000000000000000e+03
1.952000000000000000e+03
1.959000000000000000e+03
2.020000000000000000e+03
2.112000000000000000e+03
1.990000000000000000e+03
2.124000000000000000e+03
2.011000000000000000e+03
2.137000000000000000e+03
1.970000000000000000e+03
2.077000000000000000e+03
2.111000000000000000e+03
1.970000000000000000e+03
2.007000000000000000e+03
1.973000000000000000e+03
2.020000000000000000e+03
2.014000000000000000e+03
1.954000000000000000e+03
1.890000000000000000e+03
1.964000000000000000e+03
1.841000000000000000e+03
1.640000000000000000e+03
1.662000000000000000e+03
1.538000000000000000e+03
1.473000000000000000e+03
1.438000000000000000e+03
1.331000000000000000e+03
1.499000000000000000e+03
1.423000000000000000e+03
1.336000000000000000e+03
1.490000000000000000e+03
1.309000000000000000e+03
1.377000000000000000e+03
1.282000000000000000e+03
1.314000000000000000e+03
1.313000000000000000e+03
1.297000000000000000e+03
1.220000000000000000e+03
1.279000000000000000e+03
1.338000000000000000e+03
1.315000000000000000e+03
1.392000000000000000e+03
1.316000000000000000e+03
1.201000000000000000e+03
1.173000000000000000e+03
1.157000000000000000e+03
1.133000000000000000e+03
1.154000000000000000e+03
1.222000000000000000e+03
1.370000000000000000e+03
1.398000000000000000e+03
1.348000000000000000e+03
1.449000000000000000e+03
1.281000000000000000e+03
1.255000000000000000e+03
1.152000000000000000e+03
1.169000000000000000e+03
1.136000000000000000e+03
1.320000000000000000e+03
1.398000000000000000e+03
1.466000000000000000e+03
1.506000000000000000e+03
1.286000000000000000e+03
1.175000000000000000e+03
1.118000000000000000e+03
1.145000000000000000e+03
1.145000000000000000e+03
1.166000000000000000e+03
1.054000000000000000e+03
9.460000000000000000e+02
1.054000000000000000e+03
1.062000000000000000e+03
1.088000000000000000e+03
9.910000000000000000e+02
9.090000000000000000e+02
8.960000000000000000e+02
8.410000000000000000e+02
7.950000000000000000e+02
7.170000000000000000e+02
7.560000000000000000e+02
7.270000000000000000e+02
8.560000000000000000e+02
8.040000000000000000e+02
8.220000000000000000e+02
7.980000000000000000e+02
8.620000000000000000e+02
9.640000000000000000e+02
9.800000000000000000e+02
1.167000000000000000e+03
1.202000000000000000e+03
1.420000000000000000e+03
1.424000000000000000e+03
1.397000000000000000e+03
1.532000000000000000e+03
1.522000000000000000e+03
1.521000000000000000e+03
1.366000000000000000e+03
1.718000000000000000e+03
1.740000000000000000e+03
1.724000000000000000e+03
1.460000000000000000e+03
1.595000000000000000e+03
1.385000000000000000e+03
1.450000000000000000e+03
1.170000000000000000e+03
1.081000000000000000e+03
8.220000000000000000e+02
5.670000000000000000e+02
4.320000000000000000e+02
3.610000000000000000e+02
7.330000000000000000e+02
