4.777000000000000000e+03
2.162000000000000000e+03
4.161000000000000000e+03
3.097000000000000000e+03
3.867000000000000000e+03
3.736000000000000000e+03
3.883000000000000000e+03
4.017000000000000000e+03
4.240000000000000000e+03
4.550000000000000000e+03
4.716000000000000000e+03
4.770000000000000000e+03
4.797000000000000000e+03
4.906000000000000000e+03
5.146000000000000000e+03
5.322000000000000000e+03
5.435000000000000000e+03
5.974000000000000000e+03
6.395000000000000000e+03
6.756000000000000000e+03
6.651000000000000000e+03
6.417000000000000000e+03
5.976000000000000000e+03
5.779000000000000000e+03
5.769000000000000000e+03
5.523000000000000000e+03
5.218000000000000000e+03
4.941000000000000000e+03
4.466000000000000000e+03
4.113000000000000000e+03
3.975000000000000000e+03
3.721000000000000000e+03
3.605000000000000000e+03
3.560000000000000000e+03
3.450000000000000000e+03
3.328000000000000000e+03
3.228000000000000000e+03
3.114000000000000000e+03
3.263000000000000000e+03
3.106000000000000000e+03
3.268000000000000000e+03
3.199000000000000000e+03
3.184000000000000000e+03
3.318000000000000000e+03
3.369000000000000000e+03
3.453000000000000000e+03
3.354000000000000000e+03
3.536000000000000000e+03
3.508000000000000000e+03
3.615000000000000000e+03
3.377000000000000000e+03
3.365000000000000000e+03
3.290000000000000000e+03
3.375000000000000000e+03
3.391000000000000000e+03
3.394000000000000000e+03
3.275000000000000000e+03
3.154000000000000000e+03
3.148000000000000000e+03
3.250000000000000000e+03
3.238000000000000000e+03
3.384000000000000000e+03
3.477000000000000000e+03
3.732000000000000000e+03
3.609000000000000000e+03
3.837000000000000000e+03
3.713000000000000000e+03
3.638000000000000000e+03
3.910000000000000000e+03
3.807000000000000000e+03
3.737000000000000000e+03
3.524000000000000000e+03
3.448000000000000000e+03
3.617000000000000000e+03
3.752000000000000000e+03
3.657000000000000000e+03
3.614000000000000000e+03
3.545000000000000000e+03
3.351000000000000000e+03
3.466000000000000000e+03
3.240000000000000000e+03
3.221000000000000000e+03
3.227000000000000000e+03
3.304000000000000000e+03
3.239000000000000000e+03
3.358000000000000000e+03
3.286000000000000000e+03
3.305000000000000000e+03
3.262000000000000000e+03
3.321000000000000000e+03
3.316000000000000000e+03
3.100000000000000000e+03
3.007000000000000000e+03
3.012000000000000000e+03
2.857000000000000000e+03
2.992000000000000000e+03
2.994000000000000000e+03
2.772000000000000000e+03
2.811000000000000000e+03
2.778000000000000000e+03
2.674000000000000000e+03
2.603000000000000000e+03
2.576000000000000000e+03
2.512000000000000000e+03
2.684000000000000000e+03
2.582000000000000000e+03
2.521000000000000000e+03
2.446000000000000000e+03
2.479000000000000000e+03
2.443000000000000000e+03
2.348000000000000000e+03
2.504000000000000000e+03
2.408000000000000000e+03
2.344000000000000000e+03
2.425000000000000000e+03
2.299000000000000000e+03
2.389000000000000000e+03
2.316000000000000000e+03
2.163000000000000000e+03
2.164000000000000000e+03
2.059000000000000000e+03
2.012000000000000000e+03
1.891000000000000000e+03
1.918000000000000000e+03
1.892000000000000000e+03
1.811000000000000000e+03
1.720000000000000000e+03
1.700000000000000000e+03
1.770000000000000000e+03
1.760000000000000000e+03
1.654000000000000000e+03
1.673000000000000000e+03
1.579000000000000000e+03
1.492000000000000000e+03
1.552000000000000000e+03
1.488000000000000000e+03
1.564000000000000000e+03
1.726000000000000000e+03
1.631000000000000000e+03
1.596000000000000000e+03
1.537000000000000000e+03
1.650000000000000000e+03
1.956000000000000000e+03
2.319000000000000000e+03
2.621000000000000000e+03
2.697000000000000000e+03
2.414000000000000000e+03
2.676000000000000000e+03
2.750000000000000000e+03
2.767000000000000000e+03
2.621000000000000000e+03
2.501000000000000000e+03
2.359000000000000000e+03
2.789000000000000000e+03
2.843000000000000000e+03
3.056000000000000000e+03
3.464000000000000000e+03
4.213000000000000000e+03
4.107000000000000000e+03
4.878000000000000000e+03
4.167000000000000000e+03
4.311000000000000000e+03
4.309000000000000000e+03
4.017000000000000000e+03
3.921000000000000000e+03
4.213000000000000000e+03
4.174000000000000000e+03
4.530000000000000000e+03
4.891000000000000000e+03
5.179000000000000000e+03
5.468000000000000000e+03
5.485000000000000000e+03
5.526000000000000000e+03
5.651000000000000000e+03
6.393000000000000000e+03
6.516000000000000000e+03
6.034000000000000000e+03
6.899000000000000000e+03
6.805000000000000000e+03
7.131000000000000000e+03
7.505000000000000000e+03
6.382000000000000000e+03
6.759000000000000000e+03
5.917000000000000000e+03
6.131000000000000000e+03
6.003000000000000000e+03
5.525000000000000000e+03
5.413000000000000000e+03
4.924000000000000000e+03
5.008000000000000000e+03
5.814000000000000000e+03
5.585000000000000000e+03
5.190000000000000000e+03
4.824000000000000000e+03
4.389000000000000000e+03
5.119000000000000000e+03
5.062000000000000000e+03
5.076000000000000000e+03
5.403000000000000000e+03
5.716000000000000000e+03
5.903000000000000000e+03
4.682000000000000000e+03
5.864000000000000000e+03
4.520000000000000000e+03
4.736000000000000000e+03
5.335000000000000000e+03
4.304000000000000000e+03
4.176000000000000000e+03
2.883000000000000000e+03
3.041000000000000000e+03
3.161000000000000000e+03
2.145000000000000000e+03
2.259000000000000000e+03
1.538000000000000000e+03
1.528000000000000000e+03
1.396000000000000000e+03
1.178000000000000000e+03
1.109000000000000000e+03
9.500000000000000000e+02
1.406000000000000000e+03
1.145000000000000000e+03
6.690000000000000000e+02
5.440000000000000000e+02
3.690000000000000000e+02
1.970000000000000000e+02
1.680000000000000000e+02
1.300000000000000000e+02
1.000000000000000000e+02
1.030000000000000000e+02
9.700000000000000000e+01
7.700000000000000000e+01
8.200000000000000000e+01
8.200000000000000000e+01
7.700000000000000000e+01
8.000000000000000000e+01
7.000000000000000000e+01
6.300000000000000000e+01
5.800000000000000000e+01
6.300000000000000000e+01
6.500000000000000000e+01
7.000000000000000000e+01
7.600000000000000000e+01
7.000000000000000000e+01
6.100000000000000000e+01
7.600000000000000000e+01
6.400000000000000000e+01
7.100000000000000000e+01
5.300000000000000000e+01
7.700000000000000000e+01
4.800000000000000000e+01
4.400000000000000000e+01
5.200000000000000000e+01
2.600000000000000000e+01
4.800000000000000000e+01
9.000000000000000000e+00
6.000000000000000000e+01
5.311000000000000000e+03
2.115000000000000000e+03
2.992000000000000000e+03
2.815000000000000000e+03
3.886000000000000000e+03
3.204000000000000000e+03
3.846000000000000000e+03
3.703000000000000000e+03
3.579000000000000000e+03
3.385000000000000000e+03
3.420000000000000000e+03
3.552000000000000000e+03
3.267000000000000000e+03
3.214000000000000000e+03
3.167000000000000000e+03
3.075000000000000000e+03
3.094000000000000000e+03
3.307000000000000000e+03
3.397000000000000000e+03
3.393000000000000000e+03
3.719000000000000000e+03
3.536000000000000000e+03
3.857000000000000000e+03
4.069000000000000000e+03
4.444000000000000000e+03
4.506000000000000000e+03
4.334000000000000000e+03
4.473000000000000000e+03
4.262000000000000000e+03
4.155000000000000000e+03
4.235000000000000000e+03
4.332000000000000000e+03
4.242000000000000000e+03
4.374000000000000000e+03
4.366000000000000000e+03
4.114000000000000000e+03
3.754000000000000000e+03
3.409000000000000000e+03
3.125000000000000000e+03
3.040000000000000000e+03
2.913000000000000000e+03
2.709000000000000000e+03
2.607000000000000000e+03
2.593000000000000000e+03
2.458000000000000000e+03
2.438000000000000000e+03
2.384000000000000000e+03
2.348000000000000000e+03
2.433000000000000000e+03
2.440000000000000000e+03
2.417000000000000000e+03
2.565000000000000000e+03
2.442000000000000000e+03
2.552000000000000000e+03
2.497000000000000000e+03
2.483000000000000000e+03
2.646000000000000000e+03
2.646000000000000000e+03
2.766000000000000000e+03
2.784000000000000000e+03
2.800000000000000000e+03
2.855000000000000000e+03
2.996000000000000000e+03
2.831000000000000000e+03
2.898000000000000000e+03
2.805000000000000000e+03
2.789000000000000000e+03
2.658000000000000000e+03
2.751000000000000000e+03
2.864000000000000000e+03
2.847000000000000000e+03
2.951000000000000000e+03
3.050000000000000000e+03
3.364000000000000000e+03
3.358000000000000000e+03
3.293000000000000000e+03
3.404000000000000000e+03
3.257000000000000000e+03
3.269000000000000000e+03
3.373000000000000000e+03
3.258000000000000000e+03
3.326000000000000000e+03
3.277000000000000000e+03
3.280000000000000000e+03
3.392000000000000000e+03
3.235000000000000000e+03
3.155000000000000000e+03
3.167000000000000000e+03
3.198000000000000000e+03
3.352000000000000000e+03
3.342000000000000000e+03
3.407000000000000000e+03
3.483000000000000000e+03
3.356000000000000000e+03
3.402000000000000000e+03
3.416000000000000000e+03
3.229000000000000000e+03
3.437000000000000000e+03
3.460000000000000000e+03
3.416000000000000000e+03
3.684000000000000000e+03
3.616000000000000000e+03
3.683000000000000000e+03
3.664000000000000000e+03
3.939000000000000000e+03
3.768000000000000000e+03
3.846000000000000000e+03
3.715000000000000000e+03
3.628000000000000000e+03
4.004000000000000000e+03
3.843000000000000000e+03
4.106000000000000000e+03
4.162000000000000000e+03
3.991000000000000000e+03
3.840000000000000000e+03
3.916000000000000000e+03
3.766000000000000000e+03
3.567000000000000000e+03
3.479000000000000000e+03
3.657000000000000000e+03
3.515000000000000000e+03
3.413000000000000000e+03
3.540000000000000000e+03
3.442000000000000000e+03
3.380000000000000000e+03
3.130000000000000000e+03
3.064000000000000000e+03
3.151000000000000000e+03
2.977000000000000000e+03
2.886000000000000000e+03
2.813000000000000000e+03
2.732000000000000000e+03
2.801000000000000000e+03
2.641000000000000000e+03
2.550000000000000000e+03
2.450000000000000000e+03
2.453000000000000000e+03
2.483000000000000000e+03
2.441000000000000000e+03
2.473000000000000000e+03
2.291000000000000000e+03
2.223000000000000000e+03
2.280000000000000000e+03
1.972000000000000000e+03
1.951000000000000000e+03
2.356000000000000000e+03
2.802000000000000000e+03
3.130000000000000000e+03
2.674000000000000000e+03
2.430000000000000000e+03
2.594000000000000000e+03
2.570000000000000000e+03
2.602000000000000000e+03
2.671000000000000000e+03
2.733000000000000000e+03
3.119000000000000000e+03
3.264000000000000000e+03
3.802000000000000000e+03
3.616000000000000000e+03
4.374000000000000000e+03
3.950000000000000000e+03
4.416000000000000000e+03
4.194000000000000000e+03
3.853000000000000000e+03
3.678000000000000000e+03
3.622000000000000000e+03
3.656000000000000000e+03
4.149000000000000000e+03
3.919000000000000000e+03
4.079000000000000000e+03
4.249000000000000000e+03
5.033000000000000000e+03
4.489000000000000000e+03
4.212000000000000000e+03
4.044000000000000000e+03
4.056000000000000000e+03
4.639000000000000000e+03
4.969000000000000000e+03
5.451000000000000000e+03
5.191000000000000000e+03
5.492000000000000000e+03
6.026000000000000000e+03
5.982000000000000000e+03
5.476000000000000000e+03
5.601000000000000000e+03
6.146000000000000000e+03
6.427000000000000000e+03
6.308000000000000000e+03
6.047000000000000000e+03
5.330000000000000000e+03
5.440000000000000000e+03
5.897000000000000000e+03
5.722000000000000000e+03
5.628000000000000000e+03
5.136000000000000000e+03
5.372000000000000000e+03
6.012000000000000000e+03
6.297000000000000000e+03
5.525000000000000000e+03
4.962000000000000000e+03
5.280000000000000000e+03
5.499000000000000000e+03
5.761000000000000000e+03
4.700000000000000000e+03
5.306000000000000000e+03
4.564000000000000000e+03
5.018000000000000000e+03
4.356000000000000000e+03
4.531000000000000000e+03
4.017000000000000000e+03
4.453000000000000000e+03
5.225000000000000000e+03
4.504000000000000000e+03
4.204000000000000000e+03
2.596000000000000000e+03
2.475000000000000000e+03
2.465000000000000000e+03
1.686000000000000000e+03
1.804000000000000000e+03
1.404000000000000000e+03
1.453000000000000000e+03
1.553000000000000000e+03
1.306000000000000000e+03
1.257000000000000000e+03
8.620000000000000000e+02
1.155000000000000000e+03
7.600000000000000000e+02
3.160000000000000000e+02
2.030000000000000000e+02
1.170000000000000000e+02
1.110000000000000000e+02
9.000000000000000000e+01
1.010000000000000000e+02
1.020000000000000000e+02
9.100000000000000000e+01
6.500000000000000000e+01
9.100000000000000000e+01
9.200000000000000000e+01
8.200000000000000000e+01
6.500000000000000000e+01
8.000000000000000000e+01
7.500000000000000000e+01
6.100000000000000000e+01
6.200000000000000000e+01
6.500000000000000000e+01
6.000000000000000000e+01
9.900000000000000000e+01
7.100000000000000000e+01
9.000000000000000000e+01
6.800000000000000000e+01
6.100000000000000000e+01
6.800000000000000000e+01
8.100000000000000000e+01
7.300000000000000000e+01
6.100000000000000000e+01
7.700000000000000000e+01
1.731000000000000000e+03
1.314000000000000000e+03
1.706000000000000000e+03
1.701000000000000000e+03
1.893000000000000000e+03
3.123000000000000000e+03
2.564000000000000000e+03
3.520000000000000000e+03
3.470000000000000000e+03
3.723000000000000000e+03
3.234000000000000000e+03
3.445000000000000000e+03
3.566000000000000000e+03
3.652000000000000000e+03
3.641000000000000000e+03
3.867000000000000000e+03
4.285000000000000000e+03
4.352000000000000000e+03
5.129000000000000000e+03
5.291000000000000000e+03
5.568000000000000000e+03
5.867000000000000000e+03
6.047000000000000000e+03
5.680000000000000000e+03
5.147000000000000000e+03
4.408000000000000000e+03
3.723000000000000000e+03
3.329000000000000000e+03
3.016000000000000000e+03
2.823000000000000000e+03
2.652000000000000000e+03
2.671000000000000000e+03
2.567000000000000000e+03
2.543000000000000000e+03
2.402000000000000000e+03
2.390000000000000000e+03
2.492000000000000000e+03
2.406000000000000000e+03
2.531000000000000000e+03
2.556000000000000000e+03
2.607000000000000000e+03
2.536000000000000000e+03
2.588000000000000000e+03
2.619000000000000000e+03
2.633000000000000000e+03
2.638000000000000000e+03
2.608000000000000000e+03
2.631000000000000000e+03
2.675000000000000000e+03
2.681000000000000000e+03
2.556000000000000000e+03
2.737000000000000000e+03
2.735000000000000000e+03
2.679000000000000000e+03
2.612000000000000000e+03
2.796000000000000000e+03
2.771000000000000000e+03
2.975000000000000000e+03
2.878000000000000000e+03
2.972000000000000000e+03
2.959000000000000000e+03
3.160000000000000000e+03
3.090000000000000000e+03
3.325000000000000000e+03
3.125000000000000000e+03
3.202000000000000000e+03
3.061000000000000000e+03
3.028000000000000000e+03
2.899000000000000000e+03
2.698000000000000000e+03
2.802000000000000000e+03
2.582000000000000000e+03
2.526000000000000000e+03
2.428000000000000000e+03
2.392000000000000000e+03
2.373000000000000000e+03
2.330000000000000000e+03
2.294000000000000000e+03
2.236000000000000000e+03
2.285000000000000000e+03
2.218000000000000000e+03
2.274000000000000000e+03
2.286000000000000000e+03
2.207000000000000000e+03
2.175000000000000000e+03
2.125000000000000000e+03
2.106000000000000000e+03
2.072000000000000000e+03
2.038000000000000000e+03
2.089000000000000000e+03
2.066000000000000000e+03
2.025000000000000000e+03
2.045000000000000000e+03
1.982000000000000000e+03
2.072000000000000000e+03
2.080000000000000000e+03
2.237000000000000000e+03
2.307000000000000000e+03
2.228000000000000000e+03
2.306000000000000000e+03
2.329000000000000000e+03
2.594000000000000000e+03
2.580000000000000000e+03
2.662000000000000000e+03
2.927000000000000000e+03
2.764000000000000000e+03
2.991000000000000000e+03
2.996000000000000000e+03
3.209000000000000000e+03
3.184000000000000000e+03
3.181000000000000000e+03
3.132000000000000000e+03
3.293000000000000000e+03
3.219000000000000000e+03
3.210000000000000000e+03
3.194000000000000000e+03
3.223000000000000000e+03
3.194000000000000000e+03
3.075000000000000000e+03
3.309000000000000000e+03
3.316000000000000000e+03
3.298000000000000000e+03
3.303000000000000000e+03
3.320000000000000000e+03
3.268000000000000000e+03
3.270000000000000000e+03
3.313000000000000000e+03
3.365000000000000000e+03
3.412000000000000000e+03
3.495000000000000000e+03
3.434000000000000000e+03
3.390000000000000000e+03
3.457000000000000000e+03
3.489000000000000000e+03
3.298000000000000000e+03
3.381000000000000000e+03
3.509000000000000000e+03
3.347000000000000000e+03
3.357000000000000000e+03
3.374000000000000000e+03
3.320000000000000000e+03
3.350000000000000000e+03
3.269000000000000000e+03
3.361000000000000000e+03
3.241000000000000000e+03
3.286000000000000000e+03
3.315000000000000000e+03
3.410000000000000000e+03
3.498000000000000000e+03
3.321000000000000000e+03
3.433000000000000000e+03
3.885000000000000000e+03
4.054000000000000000e+03
3.964000000000000000e+03
3.656000000000000000e+03
3.885000000000000000e+03
3.879000000000000000e+03
4.343000000000000000e+03
4.016000000000000000e+03
4.348000000000000000e+03
4.036000000000000000e+03
4.110000000000000000e+03
4.571000000000000000e+03
4.190000000000000000e+03
3.828000000000000000e+03
4.286000000000000000e+03
4.143000000000000000e+03
4.384000000000000000e+03
4.542000000000000000e+03
4.538000000000000000e+03
4.089000000000000000e+03
4.232000000000000000e+03
3.910000000000000000e+03
3.995000000000000000e+03
4.053000000000000000e+03
3.637000000000000000e+03
4.291000000000000000e+03
4.266000000000000000e+03
4.355000000000000000e+03
4.525000000000000000e+03
4.168000000000000000e+03
4.154000000000000000e+03
4.285000000000000000e+03
4.589000000000000000e+03
4.410000000000000000e+03
4.933000000000000000e+03
4.769000000000000000e+03
5.156000000000000000e+03
5.501000000000000000e+03
5.520000000000000000e+03
5.577000000000000000e+03
5.197000000000000000e+03
5.967000000000000000e+03
6.302000000000000000e+03
5.770000000000000000e+03
5.546000000000000000e+03
5.029000000000000000e+03
5.595000000000000000e+03
6.213000000000000000e+03
5.844000000000000000e+03
5.489000000000000000e+03
4.812000000000000000e+03
4.955000000000000000e+03
6.070000000000000000e+03
5.738000000000000000e+03
5.732000000000000000e+03
4.807000000000000000e+03
4.551000000000000000e+03
4.834000000000000000e+03
5.458000000000000000e+03
5.458000000000000000e+03
4.831000000000000000e+03
5.002000000000000000e+03
5.233000000000000000e+03
4.824000000000000000e+03
4.781000000000000000e+03
3.646000000000000000e+03
4.216000000000000000e+03
5.152000000000000000e+03
4.286000000000000000e+03
4.408000000000000000e+03
2.667000000000000000e+03
2.611000000000000000e+03
2.443000000000000000e+03
1.706000000000000000e+03
1.872000000000000000e+03
1.430000000000000000e+03
1.437000000000000000e+03
1.528000000000000000e+03
1.325000000000000000e+03
1.187000000000000000e+03
8.510000000000000000e+02
1.167000000000000000e+03
8.270000000000000000e+02
3.340000000000000000e+02
2.310000000000000000e+02
1.850000000000000000e+02
1.650000000000000000e+02
1.580000000000000000e+02
1.520000000000000000e+02
1.780000000000000000e+02
1.500000000000000000e+02
1.700000000000000000e+02
1.560000000000000000e+02
1.750000000000000000e+02
2.070000000000000000e+02
2.100000000000000000e+02
2.270000000000000000e+02
2.040000000000000000e+02
2.000000000000000000e+02
2.530000000000000000e+02
1.870000000000000000e+02
1.710000000000000000e+02
1.830000000000000000e+02
1.950000000000000000e+02
1.288000000000000000e+03
