2.717000000000000000e+03
7.050000000000000000e+02
1.200000000000000000e+03
1.236000000000000000e+03
1.620000000000000000e+03
2.015000000000000000e+03
2.398000000000000000e+03
3.099000000000000000e+03
3.497000000000000000e+03
4.236000000000000000e+03
4.997000000000000000e+03
5.623000000000000000e+03
6.140000000000000000e+03
6.667000000000000000e+03
7.084000000000000000e+03
7.230000000000000000e+03
7.216000000000000000e+03
6.929000000000000000e+03
6.877000000000000000e+03
6.496000000000000000e+03
6.249000000000000000e+03
5.813000000000000000e+03
5.470000000000000000e+03
5.030000000000000000e+03
4.869000000000000000e+03
4.794000000000000000e+03
4.360000000000000000e+03
4.102000000000000000e+03
3.873000000000000000e+03
3.673000000000000000e+03
3.520000000000000000e+03
3.306000000000000000e+03
3.110000000000000000e+03
2.945000000000000000e+03
2.889000000000000000e+03
2.804000000000000000e+03
2.602000000000000000e+03
2.523000000000000000e+03
2.560000000000000000e+03
2.534000000000000000e+03
2.362000000000000000e+03
2.372000000000000000e+03
2.360000000000000000e+03
2.366000000000000000e+03
2.428000000000000000e+03
2.407000000000000000e+03
2.347000000000000000e+03
2.352000000000000000e+03
2.423000000000000000e+03
2.340000000000000000e+03
2.351000000000000000e+03
2.426000000000000000e+03
2.302000000000000000e+03
2.247000000000000000e+03
2.330000000000000000e+03
2.231000000000000000e+03
2.174000000000000000e+03
2.232000000000000000e+03
2.166000000000000000e+03
2.114000000000000000e+03
2.124000000000000000e+03
2.154000000000000000e+03
2.060000000000000000e+03
2.018000000000000000e+03
1.949000000000000000e+03
1.976000000000000000e+03
1.923000000000000000e+03
1.903000000000000000e+03
2.001000000000000000e+03
1.866000000000000000e+03
1.930000000000000000e+03
1.775000000000000000e+03
1.904000000000000000e+03
1.916000000000000000e+03
1.760000000000000000e+03
1.833000000000000000e+03
1.864000000000000000e+03
1.922000000000000000e+03
1.896000000000000000e+03
1.892000000000000000e+03
1.943000000000000000e+03
2.006000000000000000e+03
2.033000000000000000e+03
2.050000000000000000e+03
2.084000000000000000e+03
2.141000000000000000e+03
2.162000000000000000e+03
2.290000000000000000e+03
2.230000000000000000e+03
2.484000000000000000e+03
2.651000000000000000e+03
2.747000000000000000e+03
2.830000000000000000e+03
2.949000000000000000e+03
3.254000000000000000e+03
3.340000000000000000e+03
3.531000000000000000e+03
3.715000000000000000e+03
3.779000000000000000e+03
3.887000000000000000e+03
4.016000000000000000e+03
4.246000000000000000e+03
4.155000000000000000e+03
4.399000000000000000e+03
4.325000000000000000e+03
4.570000000000000000e+03
4.421000000000000000e+03
4.417000000000000000e+03
4.396000000000000000e+03
4.442000000000000000e+03
4.531000000000000000e+03
4.489000000000000000e+03
4.266000000000000000e+03
4.313000000000000000e+03
4.320000000000000000e+03
4.244000000000000000e+03
4.130000000000000000e+03
4.165000000000000000e+03
4.133000000000000000e+03
4.109000000000000000e+03
4.016000000000000000e+03
3.898000000000000000e+03
3.733000000000000000e+03
3.713000000000000000e+03
3.667000000000000000e+03
3.603000000000000000e+03
3.523000000000000000e+03
3.418000000000000000e+03
3.174000000000000000e+03
3.207000000000000000e+03
3.080000000000000000e+03
3.141000000000000000e+03
3.075000000000000000e+03
3.025000000000000000e+03
2.958000000000000000e+03
2.797000000000000000e+03
2.786000000000000000e+03
2.786000000000000000e+03
2.662000000000000000e+03
2.665000000000000000e+03
2.538000000000000000e+03
2.470000000000000000e+03
2.371000000000000000e+03
2.436000000000000000e+03
2.299000000000000000e+03
2.214000000000000000e+03
2.225000000000000000e+03
2.059000000000000000e+03
2.038000000000000000e+03
1.980000000000000000e+03
1.878000000000000000e+03
1.811000000000000000e+03
1.825000000000000000e+03
1.730000000000000000e+03
1.678000000000000000e+03
1.655000000000000000e+03
1.633000000000000000e+03
1.574000000000000000e+03
1.500000000000000000e+03
1.482000000000000000e+03
1.487000000000000000e+03
1.437000000000000000e+03
1.445000000000000000e+03
1.446000000000000000e+03
1.356000000000000000e+03
1.344000000000000000e+03
1.305000000000000000e+03
1.303000000000000000e+03
1.229000000000000000e+03
1.198000000000000000e+03
1.210000000000000000e+03
1.226000000000000000e+03
1.156000000000000000e+03
1.168000000000000000e+03
1.111000000000000000e+03
1.130000000000000000e+03
1.104000000000000000e+03
1.095000000000000000e+03
1.087000000000000000e+03
1.095000000000000000e+03
1.035000000000000000e+03
1.015000000000000000e+03
1.017000000000000000e+03
9.480000000000000000e+02
9.900000000000000000e+02
9.130000000000000000e+02
8.990000000000000000e+02
9.030000000000000000e+02
8.840000000000000000e+02
8.710000000000000000e+02
7.950000000000000000e+02
8.470000000000000000e+02
8.610000000000000000e+02
8.800000000000000000e+02
8.450000000000000000e+02
8.920000000000000000e+02
9.380000000000000000e+02
9.410000000000000000e+02
9.850000000000000000e+02
9.910000000000000000e+02
1.016000000000000000e+03
1.090000000000000000e+03
1.176000000000000000e+03
1.200000000000000000e+03
1.291000000000000000e+03
1.429000000000000000e+03
1.675000000000000000e+03
2.039000000000000000e+03
2.375000000000000000e+03
2.761000000000000000e+03
3.537000000000000000e+03
4.417000000000000000e+03
6.000000000000000000e+03
7.150000000000000000e+03
7.883000000000000000e+03
8.604000000000000000e+03
8.874000000000000000e+03
9.149000000000000000e+03
9.741000000000000000e+03
1.041700000000000000e+04
1.144700000000000000e+04
1.116100000000000000e+04
1.224500000000000000e+04
1.320600000000000000e+04
1.425500000000000000e+04
1.469400000000000000e+04
1.513700000000000000e+04
1.497300000000000000e+04
1.458100000000000000e+04
1.271700000000000000e+04
1.107800000000000000e+04
1.040100000000000000e+04
1.077600000000000000e+04
1.046100000000000000e+04
1.062400000000000000e+04
1.194900000000000000e+04
1.085700000000000000e+04
1.305900000000000000e+04
1.743500000000000000e+04
1.608100000000000000e+04
1.617800000000000000e+04
8.878000000000000000e+03
3.066000000000000000e+03
1.593000000000000000e+03
9.830000000000000000e+02
6.000000000000000000e+02
4.400000000000000000e+02
3.690000000000000000e+02
5.120000000000000000e+02
4.230000000000000000e+02
1.092000000000000000e+03
1.411000000000000000e+03
6.140000000000000000e+02
2.358000000000000000e+03
5.500000000000000000e+02
3.028700000000000000e+05
1.322000000000000000e+03
1.225000000000000000e+03
7.820000000000000000e+02
9.250000000000000000e+02
1.128000000000000000e+03
1.399000000000000000e+03
1.726000000000000000e+03
2.126000000000000000e+03
2.760000000000000000e+03
3.333000000000000000e+03
4.066000000000000000e+03
4.608000000000000000e+03
5.450000000000000000e+03
6.067000000000000000e+03
6.579000000000000000e+03
7.081000000000000000e+03
7.380000000000000000e+03
7.551000000000000000e+03
7.368000000000000000e+03
7.187000000000000000e+03
6.985000000000000000e+03
6.712000000000000000e+03
6.181000000000000000e+03
5.798000000000000000e+03
5.573000000000000000e+03
5.202000000000000000e+03
4.753000000000000000e+03
4.456000000000000000e+03
3.972000000000000000e+03
3.810000000000000000e+03
3.619000000000000000e+03
3.309000000000000000e+03
3.085000000000000000e+03
2.900000000000000000e+03
2.807000000000000000e+03
2.707000000000000000e+03
2.554000000000000000e+03
2.525000000000000000e+03
2.431000000000000000e+03
2.448000000000000000e+03
2.401000000000000000e+03
2.286000000000000000e+03
2.196000000000000000e+03
2.248000000000000000e+03
2.284000000000000000e+03
2.259000000000000000e+03
2.185000000000000000e+03
2.173000000000000000e+03
2.165000000000000000e+03
2.178000000000000000e+03
2.138000000000000000e+03
2.186000000000000000e+03
2.255000000000000000e+03
2.155000000000000000e+03
2.215000000000000000e+03
2.060000000000000000e+03
2.148000000000000000e+03
2.163000000000000000e+03
2.038000000000000000e+03
1.987000000000000000e+03
1.997000000000000000e+03
2.045000000000000000e+03
1.989000000000000000e+03
1.888000000000000000e+03
1.961000000000000000e+03
1.880000000000000000e+03
1.834000000000000000e+03
1.852000000000000000e+03
1.803000000000000000e+03
1.796000000000000000e+03
1.783000000000000000e+03
1.670000000000000000e+03
1.662000000000000000e+03
1.721000000000000000e+03
1.663000000000000000e+03
1.614000000000000000e+03
1.662000000000000000e+03
1.645000000000000000e+03
1.671000000000000000e+03
1.713000000000000000e+03
1.647000000000000000e+03
1.625000000000000000e+03
1.640000000000000000e+03
1.700000000000000000e+03
1.742000000000000000e+03
1.697000000000000000e+03
1.790000000000000000e+03
1.928000000000000000e+03
1.963000000000000000e+03
2.062000000000000000e+03
2.231000000000000000e+03
2.309000000000000000e+03
2.419000000000000000e+03
2.506000000000000000e+03
2.566000000000000000e+03
2.745000000000000000e+03
2.953000000000000000e+03
3.069000000000000000e+03
3.165000000000000000e+03
3.313000000000000000e+03
3.378000000000000000e+03
3.595000000000000000e+03
3.667000000000000000e+03
3.717000000000000000e+03
3.832000000000000000e+03
3.962000000000000000e+03
3.971000000000000000e+03
4.051000000000000000e+03
4.010000000000000000e+03
4.128000000000000000e+03
4.145000000000000000e+03
4.118000000000000000e+03
4.135000000000000000e+03
4.095000000000000000e+03
4.052000000000000000e+03
4.058000000000000000e+03
4.074000000000000000e+03
4.026000000000000000e+03
3.969000000000000000e+03
3.808000000000000000e+03
3.847000000000000000e+03
3.808000000000000000e+03
3.759000000000000000e+03
3.835000000000000000e+03
3.626000000000000000e+03
3.801000000000000000e+03
3.553000000000000000e+03
3.579000000000000000e+03
3.707000000000000000e+03
3.564000000000000000e+03
3.481000000000000000e+03
3.525000000000000000e+03
3.508000000000000000e+03
3.591000000000000000e+03
3.438000000000000000e+03
3.429000000000000000e+03
3.490000000000000000e+03
3.426000000000000000e+03
3.390000000000000000e+03
3.349000000000000000e+03
3.277000000000000000e+03
3.287000000000000000e+03
3.099000000000000000e+03
3.272000000000000000e+03
3.100000000000000000e+03
3.080000000000000000e+03
2.999000000000000000e+03
2.938000000000000000e+03
2.854000000000000000e+03
2.890000000000000000e+03
2.833000000000000000e+03
2.801000000000000000e+03
2.672000000000000000e+03
2.508000000000000000e+03
2.499000000000000000e+03
2.396000000000000000e+03
2.417000000000000000e+03
2.231000000000000000e+03
2.206000000000000000e+03
2.059000000000000000e+03
1.941000000000000000e+03
1.932000000000000000e+03
1.817000000000000000e+03
1.693000000000000000e+03
1.713000000000000000e+03
1.652000000000000000e+03
1.538000000000000000e+03
1.517000000000000000e+03
1.430000000000000000e+03
1.428000000000000000e+03
1.339000000000000000e+03
1.258000000000000000e+03
1.287000000000000000e+03
1.263000000000000000e+03
1.236000000000000000e+03
1.143000000000000000e+03
1.136000000000000000e+03
1.110000000000000000e+03
1.023000000000000000e+03
1.026000000000000000e+03
1.026000000000000000e+03
9.610000000000000000e+02
9.660000000000000000e+02
9.360000000000000000e+02
8.850000000000000000e+02
8.940000000000000000e+02
8.110000000000000000e+02
7.950000000000000000e+02
8.310000000000000000e+02
8.080000000000000000e+02
6.860000000000000000e+02
7.470000000000000000e+02
7.690000000000000000e+02
7.360000000000000000e+02
7.860000000000000000e+02
7.580000000000000000e+02
8.410000000000000000e+02
9.020000000000000000e+02
8.590000000000000000e+02
8.900000000000000000e+02
8.850000000000000000e+02
8.840000000000000000e+02
9.000000000000000000e+02
1.030000000000000000e+03
1.083000000000000000e+03
1.101000000000000000e+03
1.253000000000000000e+03
1.459000000000000000e+03
1.640000000000000000e+03
1.985000000000000000e+03
2.315000000000000000e+03
2.873000000000000000e+03
3.754000000000000000e+03
4.995000000000000000e+03
6.812000000000000000e+03
8.361000000000000000e+03
8.860000000000000000e+03
9.338000000000000000e+03
9.504000000000000000e+03
1.000400000000000000e+04
1.113800000000000000e+04
1.135000000000000000e+04
1.248800000000000000e+04
1.289300000000000000e+04
1.441600000000000000e+04
1.640500000000000000e+04
1.731200000000000000e+04
1.697500000000000000e+04
1.632100000000000000e+04
1.416400000000000000e+04
1.261700000000000000e+04
1.197700000000000000e+04
1.194100000000000000e+04
1.142900000000000000e+04
1.096800000000000000e+04
1.212900000000000000e+04
1.064300000000000000e+04
1.312600000000000000e+04
1.853900000000000000e+04
1.650200000000000000e+04
1.506600000000000000e+04
8.067000000000000000e+03
2.354000000000000000e+03
1.015000000000000000e+03
5.080000000000000000e+02
4.320000000000000000e+02
3.710000000000000000e+02
3.180000000000000000e+02
2.980000000000000000e+02
3.000000000000000000e+02
2.910000000000000000e+02
2.960000000000000000e+02
3.400000000000000000e+02
5.280000000000000000e+02
2.398000000000000000e+03
3.060360000000000000e+05
2.569000000000000000e+03
9.150000000000000000e+02
1.008000000000000000e+03
1.279000000000000000e+03
1.511000000000000000e+03
1.820000000000000000e+03
2.355000000000000000e+03
2.927000000000000000e+03
3.584000000000000000e+03
4.232000000000000000e+03
4.819000000000000000e+03
5.695000000000000000e+03
6.308000000000000000e+03
6.828000000000000000e+03
7.063000000000000000e+03
7.534000000000000000e+03
7.425000000000000000e+03
7.284000000000000000e+03
7.123000000000000000e+03
6.933000000000000000e+03
6.615000000000000000e+03
6.102000000000000000e+03
5.708000000000000000e+03
5.479000000000000000e+03
5.054000000000000000e+03
4.681000000000000000e+03
4.263000000000000000e+03
3.904000000000000000e+03
3.616000000000000000e+03
3.593000000000000000e+03
3.228000000000000000e+03
2.986000000000000000e+03
2.818000000000000000e+03
2.835000000000000000e+03
2.644000000000000000e+03
2.539000000000000000e+03
2.455000000000000000e+03
2.357000000000000000e+03
2.384000000000000000e+03
2.279000000000000000e+03
2.252000000000000000e+03
2.166000000000000000e+03
2.149000000000000000e+03
2.186000000000000000e+03
2.201000000000000000e+03
2.108000000000000000e+03
2.074000000000000000e+03
2.109000000000000000e+03
2.098000000000000000e+03
2.013000000000000000e+03
1.956000000000000000e+03
2.024000000000000000e+03
2.126000000000000000e+03
2.109000000000000000e+03
2.082000000000000000e+03
2.084000000000000000e+03
2.039000000000000000e+03
2.025000000000000000e+03
2.003000000000000000e+03
1.929000000000000000e+03
1.949000000000000000e+03
1.906000000000000000e+03
1.942000000000000000e+03
1.937000000000000000e+03
1.860000000000000000e+03
1.888000000000000000e+03
1.831000000000000000e+03
1.758000000000000000e+03
1.700000000000000000e+03
1.733000000000000000e+03
1.719000000000000000e+03
1.664000000000000000e+03
1.604000000000000000e+03
1.642000000000000000e+03
1.584000000000000000e+03
1.552000000000000000e+03
1.572000000000000000e+03
1.561000000000000000e+03
1.568000000000000000e+03
1.643000000000000000e+03
1.621000000000000000e+03
1.599000000000000000e+03
1.627000000000000000e+03
1.627000000000000000e+03
1.631000000000000000e+03
1.648000000000000000e+03
1.813000000000000000e+03
1.872000000000000000e+03
1.954000000000000000e+03
2.005000000000000000e+03
2.227000000000000000e+03
2.268000000000000000e+03
2.265000000000000000e+03
2.379000000000000000e+03
2.590000000000000000e+03
2.772000000000000000e+03
2.840000000000000000e+03
2.931000000000000000e+03
3.060000000000000000e+03
3.145000000000000000e+03
3.339000000000000000e+03
3.479000000000000000e+03
3.463000000000000000e+03
3.721000000000000000e+03
3.687000000000000000e+03
3.816000000000000000e+03
3.816000000000000000e+03
3.841000000000000000e+03
3.840000000000000000e+03
4.053000000000000000e+03
3.938000000000000000e+03
3.959000000000000000e+03
3.977000000000000000e+03
4.009000000000000000e+03
3.963000000000000000e+03
3.882000000000000000e+03
3.906000000000000000e+03
3.815000000000000000e+03
3.804000000000000000e+03
3.779000000000000000e+03
3.744000000000000000e+03
3.604000000000000000e+03
3.491000000000000000e+03
3.599000000000000000e+03
3.583000000000000000e+03
3.586000000000000000e+03
3.438000000000000000e+03
3.433000000000000000e+03
3.506000000000000000e+03
3.389000000000000000e+03
3.493000000000000000e+03
3.464000000000000000e+03
3.419000000000000000e+03
3.377000000000000000e+03
3.406000000000000000e+03
3.553000000000000000e+03
3.391000000000000000e+03
3.461000000000000000e+03
3.434000000000000000e+03
3.347000000000000000e+03
3.459000000000000000e+03
3.323000000000000000e+03
3.518000000000000000e+03
3.323000000000000000e+03
3.246000000000000000e+03
3.297000000000000000e+03
3.129000000000000000e+03
3.233000000000000000e+03
3.047000000000000000e+03
3.093000000000000000e+03
3.065000000000000000e+03
3.028000000000000000e+03
2.860000000000000000e+03
2.832000000000000000e+03
2.898000000000000000e+03
2.664000000000000000e+03
2.567000000000000000e+03
2.586000000000000000e+03
2.475000000000000000e+03
2.398000000000000000e+03
2.321000000000000000e+03
2.151000000000000000e+03
2.068000000000000000e+03
2.008000000000000000e+03
1.969000000000000000e+03
1.777000000000000000e+03
1.757000000000000000e+03
1.659000000000000000e+03
1.712000000000000000e+03
1.611000000000000000e+03
1.547000000000000000e+03
1.344000000000000000e+03
1.386000000000000000e+03
1.295000000000000000e+03
1.260000000000000000e+03
1.241000000000000000e+03
1.173000000000000000e+03
1.103000000000000000e+03
1.075000000000000000e+03
1.119000000000000000e+03
1.015000000000000000e+03
9.540000000000000000e+02
8.990000000000000000e+02
8.150000000000000000e+02
8.800000000000000000e+02
8.210000000000000000e+02
8.070000000000000000e+02
8.200000000000000000e+02
7.760000000000000000e+02
7.280000000000000000e+02
7.020000000000000000e+02
7.390000000000000000e+02
7.660000000000000000e+02
7.280000000000000000e+02
7.690000000000000000e+02
7.450000000000000000e+02
7.760000000000000000e+02
8.200000000000000000e+02
8.590000000000000000e+02
9.000000000000000000e+02
8.690000000000000000e+02
8.520000000000000000e+02
9.010000000000000000e+02
9.500000000000000000e+02
9.630000000000000000e+02
1.008000000000000000e+03
1.103000000000000000e+03
1.137000000000000000e+03
1.359000000000000000e+03
1.537000000000000000e+03
1.901000000000000000e+03
2.523000000000000000e+03
3.385000000000000000e+03
4.433000000000000000e+03
5.914000000000000000e+03
7.668000000000000000e+03
8.168000000000000000e+03
8.572000000000000000e+03
8.906000000000000000e+03
9.510000000000000000e+03
1.108100000000000000e+04
1.131400000000000000e+04
1.215300000000000000e+04
1.363400000000000000e+04
1.446100000000000000e+04
1.640700000000000000e+04
1.803000000000000000e+04
1.758400000000000000e+04
1.628900000000000000e+04
1.444800000000000000e+04
1.301500000000000000e+04
1.212300000000000000e+04
1.226300000000000000e+04
1.194800000000000000e+04
1.192200000000000000e+04
1.292200000000000000e+04
1.123600000000000000e+04
1.345500000000000000e+04
1.865900000000000000e+04
1.657900000000000000e+04
1.542200000000000000e+04
8.174000000000000000e+03
2.205000000000000000e+03
9.740000000000000000e+02
4.680000000000000000e+02
4.230000000000000000e+02
3.490000000000000000e+02
3.180000000000000000e+02
2.750000000000000000e+02
3.120000000000000000e+02
2.730000000000000000e+02
3.350000000000000000e+02
3.390000000000000000e+02
4.760000000000000000e+02
1.513000000000000000e+03
3.070490000000000000e+05
