6.251400000000000000e+04
7.309000000000000000e+03
4.689000000000000000e+03
7.924000000000000000e+03
5.473000000000000000e+03
6.831000000000000000e+03
8.658000000000000000e+03
1.023500000000000000e+04
1.924700000000000000e+04
1.633300000000000000e+04
1.727500000000000000e+04
1.684800000000000000e+04
1.762200000000000000e+04
1.539000000000000000e+04
1.494000000000000000e+04
1.535100000000000000e+04
1.327300000000000000e+04
1.272100000000000000e+04
1.229700000000000000e+04
1.060500000000000000e+04
1.178500000000000000e+04
1.116800000000000000e+04
1.030800000000000000e+04
1.042400000000000000e+04
9.792000000000000000e+03
1.036500000000000000e+04
9.467000000000000000e+03
8.369000000000000000e+03
9.018000000000000000e+03
9.878000000000000000e+03
7.371000000000000000e+03
7.817000000000000000e+03
6.504000000000000000e+03
8.910000000000000000e+03
6.748000000000000000e+03
6.732000000000000000e+03
5.614000000000000000e+03
6.644000000000000000e+03
6.539000000000000000e+03
6.299000000000000000e+03
6.395000000000000000e+03
5.463000000000000000e+03
6.621000000000000000e+03
7.811000000000000000e+03
7.347000000000000000e+03
6.953000000000000000e+03
8.465000000000000000e+03
9.349000000000000000e+03
9.807000000000000000e+03
1.044900000000000000e+04
1.043200000000000000e+04
1.185200000000000000e+04
1.277000000000000000e+04
1.381400000000000000e+04
1.416000000000000000e+04
1.482300000000000000e+04
1.762600000000000000e+04
1.558500000000000000e+04
1.809800000000000000e+04
1.810500000000000000e+04
2.226000000000000000e+04
2.349300000000000000e+04
2.333700000000000000e+04
2.390900000000000000e+04
2.328500000000000000e+04
2.414000000000000000e+04
2.246200000000000000e+04
2.237000000000000000e+04
2.118400000000000000e+04
2.098900000000000000e+04
1.636100000000000000e+04
1.471900000000000000e+04
1.419900000000000000e+04
1.390600000000000000e+04
1.158200000000000000e+04
9.351000000000000000e+03
1.223700000000000000e+04
9.143000000000000000e+03
7.309000000000000000e+03
8.167000000000000000e+03
7.704000000000000000e+03
7.463000000000000000e+03
7.164000000000000000e+03
6.759000000000000000e+03
7.904000000000000000e+03
6.250000000000000000e+03
6.228000000000000000e+03
6.027000000000000000e+03
4.647000000000000000e+03
5.686000000000000000e+03
5.961000000000000000e+03
5.940000000000000000e+03
8.559000000000000000e+03
5.964000000000000000e+03
6.149000000000000000e+03
6.144000000000000000e+03
6.358000000000000000e+03
7.694000000000000000e+03
6.398000000000000000e+03
7.416000000000000000e+03
7.774000000000000000e+03
5.442000000000000000e+03
9.325000000000000000e+03
7.277000000000000000e+03
6.742000000000000000e+03
6.259000000000000000e+03
5.869000000000000000e+03
5.665000000000000000e+03
5.498000000000000000e+03
5.473000000000000000e+03
5.048000000000000000e+03
5.082000000000000000e+03
4.825000000000000000e+03
4.553000000000000000e+03
4.277000000000000000e+03
4.125000000000000000e+03
4.060000000000000000e+03
3.810000000000000000e+03
3.536000000000000000e+03
3.237000000000000000e+03
3.142000000000000000e+03
3.085000000000000000e+03
2.890000000000000000e+03
2.786000000000000000e+03
2.756000000000000000e+03
2.682000000000000000e+03
2.641000000000000000e+03
2.619000000000000000e+03
2.665000000000000000e+03
2.603000000000000000e+03
2.707000000000000000e+03
2.705000000000000000e+03
2.781000000000000000e+03
2.874000000000000000e+03
3.080000000000000000e+03
3.279000000000000000e+03
3.417000000000000000e+03
3.432000000000000000e+03
3.274000000000000000e+03
3.386000000000000000e+03
3.200000000000000000e+03
3.164000000000000000e+03
3.238000000000000000e+03
3.642000000000000000e+03
3.137000000000000000e+03
3.027000000000000000e+03
2.975000000000000000e+03
3.113000000000000000e+03
3.369000000000000000e+03
3.376000000000000000e+03
3.432000000000000000e+03
3.513000000000000000e+03
3.539000000000000000e+03
3.671000000000000000e+03
3.773000000000000000e+03
4.072000000000000000e+03
4.226000000000000000e+03
4.065000000000000000e+03
3.938000000000000000e+03
4.002000000000000000e+03
3.936000000000000000e+03
4.067000000000000000e+03
3.872000000000000000e+03
3.866000000000000000e+03
3.611000000000000000e+03
3.606000000000000000e+03
3.540000000000000000e+03
3.394000000000000000e+03
3.220000000000000000e+03
3.249000000000000000e+03
3.068000000000000000e+03
3.186000000000000000e+03
3.045000000000000000e+03
3.128000000000000000e+03
2.952000000000000000e+03
3.012000000000000000e+03
2.977000000000000000e+03
2.808000000000000000e+03
2.641000000000000000e+03
2.626000000000000000e+03
2.500000000000000000e+03
2.382000000000000000e+03
2.528000000000000000e+03
2.490000000000000000e+03
2.471000000000000000e+03
2.493000000000000000e+03
2.442000000000000000e+03
2.366000000000000000e+03
2.360000000000000000e+03
2.287000000000000000e+03
2.047000000000000000e+03
2.041000000000000000e+03
2.015000000000000000e+03
1.960000000000000000e+03
1.877000000000000000e+03
1.807000000000000000e+03
1.767000000000000000e+03
1.790000000000000000e+03
1.823000000000000000e+03
1.845000000000000000e+03
2.000000000000000000e+03
1.937000000000000000e+03
2.010000000000000000e+03
2.006000000000000000e+03
2.052000000000000000e+03
2.062000000000000000e+03
1.998000000000000000e+03
2.041000000000000000e+03
2.046000000000000000e+03
2.037000000000000000e+03
1.928000000000000000e+03
1.925000000000000000e+03
1.943000000000000000e+03
1.935000000000000000e+03
1.986000000000000000e+03
2.017000000000000000e+03
1.930000000000000000e+03
1.927000000000000000e+03
1.960000000000000000e+03
1.899000000000000000e+03
1.880000000000000000e+03
1.805000000000000000e+03
1.787000000000000000e+03
1.775000000000000000e+03
1.756000000000000000e+03
1.774000000000000000e+03
1.798000000000000000e+03
1.792000000000000000e+03
1.863000000000000000e+03
1.965000000000000000e+03
1.917000000000000000e+03
1.943000000000000000e+03
1.969000000000000000e+03
2.018000000000000000e+03
2.078000000000000000e+03
2.140000000000000000e+03
2.141000000000000000e+03
2.143000000000000000e+03
2.121000000000000000e+03
2.190000000000000000e+03
2.362000000000000000e+03
2.344000000000000000e+03
2.627000000000000000e+03
2.652000000000000000e+03
2.862000000000000000e+03
3.412000000000000000e+03
3.196000000000000000e+03
3.431000000000000000e+03
3.949000000000000000e+03
4.533000000000000000e+03
6.079000000000000000e+03
7.831000000000000000e+03
9.600000000000000000e+03
1.271600000000000000e+04
1.797600000000000000e+04
2.725800000000000000e+04
6.329600000000000000e+04
8.753000000000000000e+03
4.018000000000000000e+03
7.964000000000000000e+03
5.063000000000000000e+03
6.901000000000000000e+03
9.604000000000000000e+03
1.151000000000000000e+04
1.978900000000000000e+04
1.553000000000000000e+04
1.598400000000000000e+04
1.639500000000000000e+04
1.806000000000000000e+04
1.631400000000000000e+04
1.578100000000000000e+04
1.665600000000000000e+04
1.483100000000000000e+04
1.378900000000000000e+04
1.335500000000000000e+04
1.129900000000000000e+04
1.253200000000000000e+04
1.188100000000000000e+04
1.121700000000000000e+04
1.219200000000000000e+04
1.225400000000000000e+04
1.344000000000000000e+04
1.217000000000000000e+04
1.010100000000000000e+04
9.308000000000000000e+03
9.163000000000000000e+03
6.631000000000000000e+03
7.092000000000000000e+03
6.168000000000000000e+03
8.738000000000000000e+03
6.676000000000000000e+03
6.561000000000000000e+03
5.242000000000000000e+03
6.058000000000000000e+03
6.438000000000000000e+03
6.716000000000000000e+03
6.924000000000000000e+03
6.409000000000000000e+03
7.862000000000000000e+03
9.559000000000000000e+03
8.935000000000000000e+03
8.622000000000000000e+03
9.853000000000000000e+03
9.764000000000000000e+03
9.710000000000000000e+03
9.873000000000000000e+03
9.124000000000000000e+03
1.023300000000000000e+04
1.090400000000000000e+04
1.197100000000000000e+04
1.255400000000000000e+04
1.369200000000000000e+04
1.628800000000000000e+04
1.485100000000000000e+04
1.686000000000000000e+04
1.646700000000000000e+04
1.941900000000000000e+04
2.001600000000000000e+04
1.931300000000000000e+04
2.007500000000000000e+04
1.969100000000000000e+04
2.117500000000000000e+04
2.072800000000000000e+04
2.191900000000000000e+04
2.170900000000000000e+04
2.240000000000000000e+04
1.860900000000000000e+04
1.723200000000000000e+04
1.683600000000000000e+04
1.678500000000000000e+04
1.365400000000000000e+04
1.055200000000000000e+04
1.291300000000000000e+04
9.230000000000000000e+03
6.861000000000000000e+03
7.312000000000000000e+03
6.920000000000000000e+03
6.722000000000000000e+03
6.664000000000000000e+03
6.767000000000000000e+03
8.050000000000000000e+03
6.655000000000000000e+03
6.695000000000000000e+03
6.716000000000000000e+03
5.035000000000000000e+03
6.473000000000000000e+03
6.368000000000000000e+03
6.201000000000000000e+03
8.973000000000000000e+03
6.411000000000000000e+03
6.464000000000000000e+03
6.458000000000000000e+03
6.642000000000000000e+03
8.057000000000000000e+03
7.048000000000000000e+03
8.529000000000000000e+03
8.875000000000000000e+03
6.662000000000000000e+03
1.050900000000000000e+04
8.286000000000000000e+03
7.498000000000000000e+03
7.018000000000000000e+03
6.537000000000000000e+03
5.973000000000000000e+03
5.839000000000000000e+03
5.645000000000000000e+03
5.925000000000000000e+03
5.781000000000000000e+03
5.760000000000000000e+03
5.839000000000000000e+03
5.736000000000000000e+03
5.717000000000000000e+03
5.397000000000000000e+03
5.272000000000000000e+03
4.979000000000000000e+03
4.739000000000000000e+03
4.352000000000000000e+03
4.140000000000000000e+03
3.856000000000000000e+03
3.775000000000000000e+03
3.783000000000000000e+03
3.784000000000000000e+03
3.974000000000000000e+03
3.997000000000000000e+03
3.932000000000000000e+03
4.008000000000000000e+03
4.021000000000000000e+03
4.001000000000000000e+03
4.073000000000000000e+03
3.820000000000000000e+03
3.798000000000000000e+03
3.688000000000000000e+03
3.801000000000000000e+03
4.059000000000000000e+03
4.132000000000000000e+03
4.326000000000000000e+03
4.556000000000000000e+03
4.242000000000000000e+03
4.032000000000000000e+03
4.428000000000000000e+03
3.903000000000000000e+03
3.530000000000000000e+03
3.502000000000000000e+03
3.469000000000000000e+03
3.510000000000000000e+03
3.705000000000000000e+03
3.983000000000000000e+03
4.179000000000000000e+03
4.192000000000000000e+03
4.213000000000000000e+03
3.951000000000000000e+03
3.768000000000000000e+03
3.742000000000000000e+03
3.592000000000000000e+03
3.806000000000000000e+03
4.092000000000000000e+03
4.175000000000000000e+03
4.037000000000000000e+03
3.863000000000000000e+03
3.458000000000000000e+03
3.131000000000000000e+03
2.861000000000000000e+03
2.628000000000000000e+03
2.424000000000000000e+03
2.302000000000000000e+03
2.225000000000000000e+03
2.181000000000000000e+03
2.229000000000000000e+03
2.248000000000000000e+03
2.276000000000000000e+03
2.227000000000000000e+03
2.131000000000000000e+03
2.018000000000000000e+03
1.896000000000000000e+03
1.791000000000000000e+03
1.776000000000000000e+03
1.684000000000000000e+03
1.563000000000000000e+03
1.505000000000000000e+03
1.468000000000000000e+03
1.431000000000000000e+03
1.460000000000000000e+03
1.380000000000000000e+03
1.433000000000000000e+03
1.404000000000000000e+03
1.361000000000000000e+03
1.440000000000000000e+03
1.377000000000000000e+03
1.299000000000000000e+03
1.302000000000000000e+03
1.390000000000000000e+03
1.338000000000000000e+03
1.479000000000000000e+03
1.465000000000000000e+03
1.553000000000000000e+03
1.519000000000000000e+03
1.641000000000000000e+03
1.580000000000000000e+03
1.613000000000000000e+03
1.655000000000000000e+03
1.738000000000000000e+03
1.745000000000000000e+03
1.773000000000000000e+03
1.824000000000000000e+03
1.877000000000000000e+03
1.758000000000000000e+03
1.626000000000000000e+03
1.641000000000000000e+03
1.517000000000000000e+03
1.509000000000000000e+03
1.490000000000000000e+03
1.564000000000000000e+03
1.570000000000000000e+03
1.683000000000000000e+03
1.822000000000000000e+03
1.777000000000000000e+03
1.704000000000000000e+03
1.710000000000000000e+03
1.619000000000000000e+03
1.682000000000000000e+03
1.651000000000000000e+03
1.630000000000000000e+03
1.659000000000000000e+03
1.772000000000000000e+03
1.707000000000000000e+03
1.652000000000000000e+03
1.531000000000000000e+03
1.502000000000000000e+03
1.535000000000000000e+03
1.700000000000000000e+03
1.685000000000000000e+03
1.730000000000000000e+03
1.805000000000000000e+03
1.833000000000000000e+03
1.749000000000000000e+03
1.764000000000000000e+03
1.830000000000000000e+03
2.100000000000000000e+03
2.157000000000000000e+03
2.186000000000000000e+03
2.725000000000000000e+03
2.967000000000000000e+03
2.456000000000000000e+03
2.360000000000000000e+03
2.594000000000000000e+03
3.329000000000000000e+03
4.346000000000000000e+03
5.291000000000000000e+03
7.154000000000000000e+03
1.052200000000000000e+04
1.889400000000000000e+04
2.103400000000000000e+04
6.401600000000000000e+04
9.926000000000000000e+03
5.089000000000000000e+03
1.018700000000000000e+04
7.788000000000000000e+03
1.045100000000000000e+04
1.360800000000000000e+04
1.564600000000000000e+04
2.321000000000000000e+04
1.852400000000000000e+04
1.791500000000000000e+04
1.775800000000000000e+04
1.878200000000000000e+04
1.678400000000000000e+04
1.624100000000000000e+04
1.658800000000000000e+04
1.426300000000000000e+04
1.342900000000000000e+04
1.254300000000000000e+04
1.052000000000000000e+04
1.191100000000000000e+04
1.135200000000000000e+04
1.062400000000000000e+04
1.110400000000000000e+04
1.069800000000000000e+04
1.078400000000000000e+04
9.210000000000000000e+03
7.284000000000000000e+03
7.468000000000000000e+03
8.055000000000000000e+03
6.103000000000000000e+03
6.910000000000000000e+03
5.856000000000000000e+03
8.482000000000000000e+03
6.549000000000000000e+03
6.362000000000000000e+03
5.512000000000000000e+03
6.436000000000000000e+03
6.626000000000000000e+03
6.940000000000000000e+03
7.147000000000000000e+03
6.647000000000000000e+03
7.843000000000000000e+03
9.143000000000000000e+03
8.459000000000000000e+03
7.495000000000000000e+03
8.685000000000000000e+03
8.289000000000000000e+03
8.422000000000000000e+03
8.100000000000000000e+03
7.157000000000000000e+03
7.998000000000000000e+03
8.176000000000000000e+03
8.629000000000000000e+03
8.761000000000000000e+03
9.037000000000000000e+03
1.111100000000000000e+04
8.998000000000000000e+03
1.037600000000000000e+04
9.484000000000000000e+03
1.239100000000000000e+04
1.236600000000000000e+04
1.150100000000000000e+04
1.175400000000000000e+04
1.104900000000000000e+04
1.277000000000000000e+04
1.213900000000000000e+04
1.414200000000000000e+04
1.504700000000000000e+04
1.720600000000000000e+04
1.587900000000000000e+04
1.704300000000000000e+04
1.971000000000000000e+04
2.180500000000000000e+04
2.096600000000000000e+04
1.955900000000000000e+04
2.313000000000000000e+04
1.927800000000000000e+04
1.646200000000000000e+04
1.629000000000000000e+04
1.512900000000000000e+04
1.386000000000000000e+04
1.276100000000000000e+04
1.175800000000000000e+04
1.212400000000000000e+04
1.034400000000000000e+04
9.502000000000000000e+03
8.934000000000000000e+03
7.157000000000000000e+03
7.964000000000000000e+03
7.667000000000000000e+03
7.667000000000000000e+03
1.013500000000000000e+04
7.299000000000000000e+03
7.190000000000000000e+03
7.060000000000000000e+03
7.112000000000000000e+03
8.351000000000000000e+03
7.182000000000000000e+03
8.195000000000000000e+03
8.157000000000000000e+03
5.996000000000000000e+03
9.747000000000000000e+03
7.978000000000000000e+03
7.222000000000000000e+03
6.658000000000000000e+03
6.372000000000000000e+03
5.927000000000000000e+03
6.035000000000000000e+03
5.933000000000000000e+03
5.846000000000000000e+03
6.116000000000000000e+03
6.185000000000000000e+03
6.240000000000000000e+03
6.298000000000000000e+03
6.458000000000000000e+03
6.646000000000000000e+03
6.730000000000000000e+03
6.757000000000000000e+03
6.752000000000000000e+03
6.884000000000000000e+03
6.625000000000000000e+03
6.493000000000000000e+03
6.489000000000000000e+03
6.588000000000000000e+03
6.419000000000000000e+03
6.409000000000000000e+03
6.254000000000000000e+03
6.232000000000000000e+03
6.102000000000000000e+03
5.964000000000000000e+03
5.890000000000000000e+03
5.418000000000000000e+03
5.118000000000000000e+03
4.988000000000000000e+03
4.619000000000000000e+03
4.454000000000000000e+03
4.241000000000000000e+03
4.354000000000000000e+03
4.258000000000000000e+03
4.299000000000000000e+03
4.358000000000000000e+03
4.269000000000000000e+03
4.924000000000000000e+03
4.553000000000000000e+03
4.238000000000000000e+03
4.239000000000000000e+03
3.935000000000000000e+03
3.852000000000000000e+03
3.859000000000000000e+03
3.879000000000000000e+03
3.846000000000000000e+03
3.816000000000000000e+03
3.817000000000000000e+03
3.687000000000000000e+03
3.599000000000000000e+03
3.614000000000000000e+03
3.096000000000000000e+03
2.730000000000000000e+03
2.600000000000000000e+03
2.272000000000000000e+03
2.237000000000000000e+03
2.037000000000000000e+03
1.854000000000000000e+03
1.805000000000000000e+03
1.747000000000000000e+03
1.632000000000000000e+03
1.659000000000000000e+03
1.630000000000000000e+03
1.557000000000000000e+03
1.615000000000000000e+03
1.559000000000000000e+03
1.491000000000000000e+03
1.478000000000000000e+03
1.446000000000000000e+03
1.475000000000000000e+03
1.364000000000000000e+03
1.359000000000000000e+03
1.257000000000000000e+03
1.238000000000000000e+03
1.301000000000000000e+03
1.243000000000000000e+03
1.219000000000000000e+03
1.228000000000000000e+03
1.165000000000000000e+03
1.204000000000000000e+03
1.182000000000000000e+03
1.223000000000000000e+03
1.254000000000000000e+03
1.287000000000000000e+03
1.224000000000000000e+03
1.296000000000000000e+03
1.255000000000000000e+03
1.211000000000000000e+03
1.236000000000000000e+03
1.263000000000000000e+03
1.253000000000000000e+03
1.300000000000000000e+03
1.281000000000000000e+03
1.308000000000000000e+03
1.319000000000000000e+03
1.387000000000000000e+03
1.470000000000000000e+03
1.442000000000000000e+03
1.490000000000000000e+03
1.522000000000000000e+03
1.540000000000000000e+03
1.566000000000000000e+03
1.520000000000000000e+03
1.513000000000000000e+03
1.438000000000000000e+03
1.513000000000000000e+03
1.440000000000000000e+03
1.460000000000000000e+03
1.467000000000000000e+03
1.441000000000000000e+03
1.444000000000000000e+03
1.498000000000000000e+03
1.570000000000000000e+03
1.506000000000000000e+03
1.585000000000000000e+03
1.557000000000000000e+03
1.519000000000000000e+03
1.475000000000000000e+03
1.449000000000000000e+03
1.441000000000000000e+03
1.355000000000000000e+03
1.424000000000000000e+03
1.554000000000000000e+03
1.592000000000000000e+03
1.644000000000000000e+03
1.589000000000000000e+03
1.523000000000000000e+03
1.595000000000000000e+03
1.626000000000000000e+03
1.623000000000000000e+03
1.677000000000000000e+03
1.794000000000000000e+03
1.791000000000000000e+03
1.820000000000000000e+03
1.896000000000000000e+03
1.857000000000000000e+03
1.964000000000000000e+03
2.088000000000000000e+03
2.498000000000000000e+03
2.905000000000000000e+03
2.484000000000000000e+03
2.529000000000000000e+03
2.963000000000000000e+03
3.435000000000000000e+03
4.463000000000000000e+03
5.130000000000000000e+03
7.201000000000000000e+03
9.621000000000000000e+03
1.532600000000000000e+04
1.998500000000000000e+04
