1.837000000000000000e+03
5.750000000000000000e+02
7.670000000000000000e+02
1.095000000000000000e+03
1.598000000000000000e+03
1.652000000000000000e+03
2.154000000000000000e+03
2.006000000000000000e+03
2.082000000000000000e+03
2.314000000000000000e+03
2.424000000000000000e+03
2.712000000000000000e+03
2.931000000000000000e+03
3.173000000000000000e+03
3.415000000000000000e+03
3.569000000000000000e+03
3.711000000000000000e+03
3.745000000000000000e+03
3.907000000000000000e+03
3.850000000000000000e+03
3.907000000000000000e+03
3.960000000000000000e+03
4.039000000000000000e+03
4.150000000000000000e+03
4.110000000000000000e+03
4.229000000000000000e+03
4.204000000000000000e+03
4.279000000000000000e+03
4.358000000000000000e+03
4.205000000000000000e+03
4.066000000000000000e+03
4.131000000000000000e+03
4.016000000000000000e+03
4.006000000000000000e+03
4.069000000000000000e+03
3.933000000000000000e+03
3.801000000000000000e+03
3.729000000000000000e+03
3.622000000000000000e+03
3.669000000000000000e+03
3.629000000000000000e+03
3.508000000000000000e+03
3.399000000000000000e+03
3.328000000000000000e+03
3.245000000000000000e+03
3.235000000000000000e+03
3.190000000000000000e+03
3.040000000000000000e+03
3.096000000000000000e+03
3.014000000000000000e+03
2.982000000000000000e+03
2.889000000000000000e+03
2.872000000000000000e+03
2.846000000000000000e+03
2.880000000000000000e+03
2.743000000000000000e+03
2.738000000000000000e+03
2.707000000000000000e+03
2.635000000000000000e+03
2.635000000000000000e+03
2.491000000000000000e+03
2.567000000000000000e+03
2.517000000000000000e+03
2.439000000000000000e+03
2.502000000000000000e+03
2.359000000000000000e+03
2.404000000000000000e+03
2.236000000000000000e+03
2.242000000000000000e+03
2.213000000000000000e+03
2.189000000000000000e+03
2.150000000000000000e+03
2.133000000000000000e+03
2.041000000000000000e+03
2.021000000000000000e+03
2.079000000000000000e+03
1.937000000000000000e+03
1.973000000000000000e+03
1.915000000000000000e+03
1.916000000000000000e+03
1.891000000000000000e+03
1.878000000000000000e+03
1.903000000000000000e+03
1.814000000000000000e+03
1.854000000000000000e+03
1.855000000000000000e+03
1.674000000000000000e+03
1.790000000000000000e+03
1.754000000000000000e+03
1.674000000000000000e+03
1.739000000000000000e+03
1.627000000000000000e+03
1.562000000000000000e+03
1.631000000000000000e+03
1.631000000000000000e+03
1.624000000000000000e+03
1.614000000000000000e+03
1.523000000000000000e+03
1.527000000000000000e+03
1.476000000000000000e+03
1.471000000000000000e+03
1.506000000000000000e+03
1.468000000000000000e+03
1.408000000000000000e+03
1.386000000000000000e+03
1.399000000000000000e+03
1.357000000000000000e+03
1.398000000000000000e+03
1.333000000000000000e+03
1.355000000000000000e+03
1.366000000000000000e+03
1.299000000000000000e+03
1.357000000000000000e+03
1.282000000000000000e+03
1.181000000000000000e+03
1.250000000000000000e+03
1.267000000000000000e+03
1.233000000000000000e+03
1.231000000000000000e+03
1.197000000000000000e+03
1.251000000000000000e+03
1.262000000000000000e+03
1.158000000000000000e+03
1.205000000000000000e+03
1.197000000000000000e+03
1.143000000000000000e+03
1.119000000000000000e+03
1.164000000000000000e+03
1.163000000000000000e+03
1.162000000000000000e+03
1.214000000000000000e+03
1.184000000000000000e+03
1.275000000000000000e+03
1.364000000000000000e+03
1.628000000000000000e+03
1.672000000000000000e+03
1.830000000000000000e+03
2.075000000000000000e+03
2.191000000000000000e+03
1.737000000000000000e+03
1.714000000000000000e+03
1.819000000000000000e+03
1.710000000000000000e+03
1.476000000000000000e+03
1.416000000000000000e+03
1.343000000000000000e+03
1.405000000000000000e+03
1.253000000000000000e+03
1.290000000000000000e+03
1.296000000000000000e+03
1.272000000000000000e+03
1.265000000000000000e+03
1.289000000000000000e+03
1.150000000000000000e+03
1.227000000000000000e+03
1.199000000000000000e+03
1.198000000000000000e+03
1.216000000000000000e+03
1.173000000000000000e+03
1.221000000000000000e+03
1.106000000000000000e+03
1.163000000000000000e+03
1.117000000000000000e+03
1.148000000000000000e+03
1.167000000000000000e+03
1.235000000000000000e+03
1.160000000000000000e+03
1.130000000000000000e+03
1.229000000000000000e+03
1.235000000000000000e+03
1.232000000000000000e+03
1.226000000000000000e+03
1.234000000000000000e+03
1.229000000000000000e+03
1.206000000000000000e+03
1.247000000000000000e+03
1.169000000000000000e+03
1.239000000000000000e+03
1.160000000000000000e+03
9.860000000000000000e+02
1.047000000000000000e+03
1.027000000000000000e+03
9.730000000000000000e+02
1.038000000000000000e+03
1.059000000000000000e+03
1.076000000000000000e+03
9.750000000000000000e+02
1.005000000000000000e+03
9.220000000000000000e+02
9.340000000000000000e+02
9.230000000000000000e+02
9.460000000000000000e+02
9.640000000000000000e+02
9.970000000000000000e+02
9.400000000000000000e+02
8.540000000000000000e+02
8.330000000000000000e+02
8.290000000000000000e+02
8.470000000000000000e+02
7.450000000000000000e+02
7.090000000000000000e+02
6.900000000000000000e+02
6.710000000000000000e+02
6.440000000000000000e+02
6.160000000000000000e+02
5.980000000000000000e+02
5.930000000000000000e+02
4.930000000000000000e+02
4.850000000000000000e+02
4.790000000000000000e+02
4.690000000000000000e+02
4.300000000000000000e+02
4.740000000000000000e+02
4.230000000000000000e+02
3.520000000000000000e+02
3.050000000000000000e+02
3.010000000000000000e+02
2.870000000000000000e+02
2.220000000000000000e+02
1.960000000000000000e+02
1.740000000000000000e+02
1.850000000000000000e+02
2.080000000000000000e+02
1.780000000000000000e+02
1.780000000000000000e+02
1.530000000000000000e+02
1.470000000000000000e+02
1.270000000000000000e+02
1.290000000000000000e+02
1.740000000000000000e+02
1.110000000000000000e+02
1.090000000000000000e+02
1.010000000000000000e+02
9.500000000000000000e+01
7.500000000000000000e+01
9.100000000000000000e+01
9.100000000000000000e+01
7.700000000000000000e+01
7.800000000000000000e+01
6.400000000000000000e+01
7.100000000000000000e+01
8.800000000000000000e+01
6.700000000000000000e+01
6.300000000000000000e+01
5.400000000000000000e+01
4.600000000000000000e+01
4.900000000000000000e+01
4.300000000000000000e+01
6.900000000000000000e+01
4.700000000000000000e+01
6.000000000000000000e+01
3.000000000000000000e+01
4.000000000000000000e+01
4.400000000000000000e+01
4.100000000000000000e+01
2.800000000000000000e+02
1.080000000000000000e+02
9.700000000000000000e+01
1.140000000000000000e+02
2.080000000000000000e+02
4.360000000000000000e+02
8.180000000000000000e+02
1.573000000000000000e+03
1.047000000000000000e+03
9.110000000000000000e+02
8.480000000000000000e+02
8.460000000000000000e+02
8.240000000000000000e+02
9.910000000000000000e+02
1.118000000000000000e+03
1.217000000000000000e+03
1.466000000000000000e+03
1.684000000000000000e+03
1.713000000000000000e+03
1.970000000000000000e+03
1.918000000000000000e+03
2.016000000000000000e+03
2.058000000000000000e+03
2.108000000000000000e+03
2.134000000000000000e+03
2.106000000000000000e+03
2.221000000000000000e+03
2.262000000000000000e+03
2.334000000000000000e+03
2.392000000000000000e+03
2.455000000000000000e+03
2.425000000000000000e+03
2.453000000000000000e+03
2.481000000000000000e+03
2.441000000000000000e+03
2.550000000000000000e+03
2.502000000000000000e+03
2.621000000000000000e+03
2.792000000000000000e+03
2.798000000000000000e+03
2.745000000000000000e+03
2.868000000000000000e+03
2.954000000000000000e+03
3.014000000000000000e+03
2.972000000000000000e+03
3.233000000000000000e+03
3.089000000000000000e+03
3.270000000000000000e+03
3.316000000000000000e+03
3.384000000000000000e+03
3.454000000000000000e+03
3.521000000000000000e+03
3.479000000000000000e+03
3.537000000000000000e+03
3.596000000000000000e+03
3.543000000000000000e+03
3.548000000000000000e+03
3.650000000000000000e+03
3.774000000000000000e+03
3.767000000000000000e+03
3.713000000000000000e+03
3.764000000000000000e+03
3.829000000000000000e+03
3.805000000000000000e+03
3.709000000000000000e+03
3.755000000000000000e+03
3.715000000000000000e+03
3.631000000000000000e+03
3.478000000000000000e+03
3.596000000000000000e+03
3.496000000000000000e+03
3.404000000000000000e+03
3.392000000000000000e+03
3.241000000000000000e+03
3.254000000000000000e+03
3.102000000000000000e+03
3.136000000000000000e+03
3.102000000000000000e+03
3.203000000000000000e+03
2.952000000000000000e+03
3.220000000000000000e+03
3.277000000000000000e+03
3.289000000000000000e+03
3.408000000000000000e+03
3.384000000000000000e+03
3.181000000000000000e+03
3.263000000000000000e+03
3.147000000000000000e+03
2.748000000000000000e+03
2.693000000000000000e+03
2.573000000000000000e+03
2.529000000000000000e+03
2.537000000000000000e+03
2.543000000000000000e+03
2.503000000000000000e+03
2.476000000000000000e+03
2.513000000000000000e+03
2.451000000000000000e+03
2.328000000000000000e+03
2.403000000000000000e+03
2.151000000000000000e+03
2.124000000000000000e+03
2.016000000000000000e+03
1.892000000000000000e+03
1.935000000000000000e+03
1.908000000000000000e+03
1.888000000000000000e+03
1.881000000000000000e+03
1.891000000000000000e+03
1.892000000000000000e+03
1.844000000000000000e+03
1.794000000000000000e+03
1.876000000000000000e+03
1.774000000000000000e+03
1.875000000000000000e+03
1.859000000000000000e+03
1.927000000000000000e+03
2.062000000000000000e+03
1.876000000000000000e+03
1.844000000000000000e+03
1.789000000000000000e+03
1.813000000000000000e+03
1.812000000000000000e+03
1.897000000000000000e+03
1.845000000000000000e+03
1.812000000000000000e+03
1.876000000000000000e+03
1.919000000000000000e+03
2.021000000000000000e+03
1.902000000000000000e+03
1.899000000000000000e+03
1.924000000000000000e+03
1.847000000000000000e+03
1.898000000000000000e+03
1.791000000000000000e+03
1.808000000000000000e+03
1.729000000000000000e+03
1.614000000000000000e+03
1.608000000000000000e+03
1.634000000000000000e+03
1.551000000000000000e+03
1.554000000000000000e+03
1.444000000000000000e+03
1.395000000000000000e+03
1.475000000000000000e+03
1.442000000000000000e+03
1.404000000000000000e+03
1.399000000000000000e+03
1.345000000000000000e+03
1.393000000000000000e+03
1.335000000000000000e+03
1.375000000000000000e+03
1.381000000000000000e+03
1.336000000000000000e+03
1.347000000000000000e+03
1.293000000000000000e+03
1.355000000000000000e+03
1.252000000000000000e+03
1.263000000000000000e+03
1.253000000000000000e+03
1.253000000000000000e+03
1.236000000000000000e+03
1.233000000000000000e+03
1.209000000000000000e+03
1.194000000000000000e+03
1.175000000000000000e+03
1.127000000000000000e+03
1.189000000000000000e+03
1.157000000000000000e+03
1.109000000000000000e+03
1.124000000000000000e+03
1.090000000000000000e+03
1.119000000000000000e+03
1.028000000000000000e+03
1.037000000000000000e+03
1.048000000000000000e+03
9.580000000000000000e+02
9.170000000000000000e+02
8.710000000000000000e+02
9.160000000000000000e+02
8.950000000000000000e+02
8.350000000000000000e+02
7.700000000000000000e+02
7.830000000000000000e+02
7.590000000000000000e+02
7.250000000000000000e+02
7.220000000000000000e+02
7.060000000000000000e+02
7.130000000000000000e+02
6.560000000000000000e+02
6.990000000000000000e+02
6.880000000000000000e+02
6.400000000000000000e+02
6.180000000000000000e+02
6.160000000000000000e+02
5.470000000000000000e+02
5.890000000000000000e+02
5.400000000000000000e+02
5.520000000000000000e+02
5.380000000000000000e+02
5.180000000000000000e+02
5.390000000000000000e+02
5.050000000000000000e+02
4.880000000000000000e+02
4.440000000000000000e+02
4.150000000000000000e+02
4.290000000000000000e+02
4.120000000000000000e+02
3.780000000000000000e+02
3.580000000000000000e+02
3.460000000000000000e+02
3.460000000000000000e+02
3.490000000000000000e+02
3.160000000000000000e+02
2.830000000000000000e+02
2.950000000000000000e+02
2.920000000000000000e+02
2.470000000000000000e+02
2.260000000000000000e+02
2.270000000000000000e+02
2.070000000000000000e+02
1.860000000000000000e+02
1.760000000000000000e+02
1.920000000000000000e+02
1.640000000000000000e+02
1.750000000000000000e+02
1.510000000000000000e+02
1.390000000000000000e+02
1.370000000000000000e+02
1.110000000000000000e+02
1.120000000000000000e+02
1.010000000000000000e+02
7.800000000000000000e+01
8.200000000000000000e+01
8.000000000000000000e+01
5.400000000000000000e+01
7.000000000000000000e+01
7.000000000000000000e+01
6.400000000000000000e+01
7.000000000000000000e+01
5.400000000000000000e+01
5.700000000000000000e+01
4.400000000000000000e+01
4.200000000000000000e+01
3.200000000000000000e+01
5.100000000000000000e+01
4.800000000000000000e+01
3.800000000000000000e+01
4.000000000000000000e+01
5.600000000000000000e+01
4.700000000000000000e+01
4.100000000000000000e+01
6.200000000000000000e+01
5.300000000000000000e+01
7.300000000000000000e+01
4.700000000000000000e+01
2.220000000000000000e+02
2.540000000000000000e+02
1.350000000000000000e+02
1.640000000000000000e+02
2.880000000000000000e+02
5.640000000000000000e+02
9.040000000000000000e+02
1.562000000000000000e+03
1.110000000000000000e+03
9.640000000000000000e+02
8.660000000000000000e+02
8.750000000000000000e+02
9.310000000000000000e+02
1.008000000000000000e+03
1.192000000000000000e+03
1.248000000000000000e+03
1.589000000000000000e+03
1.818000000000000000e+03
1.759000000000000000e+03
1.825000000000000000e+03
1.992000000000000000e+03
2.156000000000000000e+03
2.015000000000000000e+03
2.154000000000000000e+03
2.180000000000000000e+03
2.255000000000000000e+03
2.464000000000000000e+03
2.770000000000000000e+03
3.474000000000000000e+03
3.919000000000000000e+03
4.388000000000000000e+03
4.050000000000000000e+03
3.675000000000000000e+03
3.363000000000000000e+03
3.221000000000000000e+03
2.930000000000000000e+03
3.001000000000000000e+03
2.914000000000000000e+03
2.939000000000000000e+03
2.996000000000000000e+03
3.119000000000000000e+03
3.140000000000000000e+03
3.239000000000000000e+03
3.225000000000000000e+03
3.430000000000000000e+03
3.429000000000000000e+03
3.445000000000000000e+03
3.527000000000000000e+03
3.475000000000000000e+03
3.611000000000000000e+03
3.791000000000000000e+03
3.846000000000000000e+03
3.860000000000000000e+03
4.138000000000000000e+03
4.132000000000000000e+03
4.268000000000000000e+03
4.192000000000000000e+03
4.151000000000000000e+03
4.143000000000000000e+03
4.107000000000000000e+03
4.208000000000000000e+03
4.281000000000000000e+03
4.257000000000000000e+03
4.271000000000000000e+03
4.174000000000000000e+03
4.190000000000000000e+03
4.177000000000000000e+03
4.034000000000000000e+03
3.971000000000000000e+03
4.019000000000000000e+03
3.856000000000000000e+03
3.814000000000000000e+03
3.814000000000000000e+03
3.766000000000000000e+03
3.609000000000000000e+03
3.491000000000000000e+03
3.432000000000000000e+03
3.351000000000000000e+03
3.156000000000000000e+03
3.080000000000000000e+03
3.106000000000000000e+03
2.982000000000000000e+03
2.888000000000000000e+03
2.813000000000000000e+03
2.837000000000000000e+03
2.712000000000000000e+03
2.639000000000000000e+03
2.568000000000000000e+03
2.468000000000000000e+03
2.510000000000000000e+03
2.353000000000000000e+03
2.377000000000000000e+03
2.387000000000000000e+03
2.219000000000000000e+03
2.352000000000000000e+03
2.234000000000000000e+03
2.257000000000000000e+03
2.252000000000000000e+03
2.077000000000000000e+03
2.095000000000000000e+03
2.017000000000000000e+03
2.015000000000000000e+03
1.938000000000000000e+03
1.845000000000000000e+03
1.813000000000000000e+03
1.810000000000000000e+03
1.711000000000000000e+03
1.829000000000000000e+03
1.706000000000000000e+03
1.757000000000000000e+03
1.745000000000000000e+03
1.648000000000000000e+03
1.664000000000000000e+03
1.651000000000000000e+03
1.752000000000000000e+03
1.613000000000000000e+03
1.609000000000000000e+03
1.609000000000000000e+03
1.580000000000000000e+03
1.558000000000000000e+03
1.631000000000000000e+03
1.484000000000000000e+03
1.547000000000000000e+03
1.445000000000000000e+03
1.492000000000000000e+03
1.431000000000000000e+03
1.467000000000000000e+03
1.422000000000000000e+03
1.398000000000000000e+03
1.368000000000000000e+03
1.376000000000000000e+03
1.433000000000000000e+03
1.293000000000000000e+03
1.313000000000000000e+03
1.302000000000000000e+03
1.275000000000000000e+03
1.244000000000000000e+03
1.240000000000000000e+03
1.239000000000000000e+03
1.221000000000000000e+03
1.185000000000000000e+03
1.179000000000000000e+03
1.187000000000000000e+03
1.212000000000000000e+03
1.252000000000000000e+03
1.188000000000000000e+03
1.212000000000000000e+03
1.165000000000000000e+03
1.143000000000000000e+03
1.120000000000000000e+03
1.086000000000000000e+03
1.105000000000000000e+03
1.157000000000000000e+03
1.099000000000000000e+03
1.046000000000000000e+03
1.106000000000000000e+03
1.032000000000000000e+03
1.087000000000000000e+03
1.062000000000000000e+03
1.055000000000000000e+03
1.026000000000000000e+03
1.059000000000000000e+03
1.023000000000000000e+03
1.020000000000000000e+03
1.014000000000000000e+03
1.009000000000000000e+03
9.820000000000000000e+02
9.320000000000000000e+02
9.950000000000000000e+02
9.480000000000000000e+02
1.024000000000000000e+03
9.150000000000000000e+02
8.890000000000000000e+02
9.040000000000000000e+02
9.040000000000000000e+02
8.550000000000000000e+02
8.640000000000000000e+02
8.360000000000000000e+02
7.930000000000000000e+02
8.090000000000000000e+02
7.900000000000000000e+02
7.670000000000000000e+02
7.410000000000000000e+02
7.390000000000000000e+02
7.240000000000000000e+02
6.640000000000000000e+02
7.360000000000000000e+02
6.940000000000000000e+02
6.100000000000000000e+02
6.650000000000000000e+02
6.390000000000000000e+02
6.280000000000000000e+02
5.740000000000000000e+02
6.070000000000000000e+02
5.820000000000000000e+02
5.530000000000000000e+02
5.710000000000000000e+02
5.300000000000000000e+02
5.860000000000000000e+02
4.770000000000000000e+02
5.250000000000000000e+02
5.040000000000000000e+02
4.270000000000000000e+02
4.960000000000000000e+02
4.360000000000000000e+02
4.100000000000000000e+02
4.120000000000000000e+02
4.190000000000000000e+02
3.530000000000000000e+02
3.600000000000000000e+02
3.400000000000000000e+02
3.440000000000000000e+02
2.930000000000000000e+02
2.770000000000000000e+02
2.970000000000000000e+02
2.610000000000000000e+02
2.650000000000000000e+02
2.550000000000000000e+02
2.360000000000000000e+02
2.270000000000000000e+02
1.920000000000000000e+02
1.960000000000000000e+02
1.570000000000000000e+02
1.730000000000000000e+02
1.400000000000000000e+02
1.500000000000000000e+02
1.380000000000000000e+02
1.310000000000000000e+02
1.150000000000000000e+02
1.140000000000000000e+02
1.090000000000000000e+02
8.500000000000000000e+01
8.800000000000000000e+01
6.600000000000000000e+01
7.500000000000000000e+01
6.400000000000000000e+01
5.300000000000000000e+01
6.500000000000000000e+01
6.500000000000000000e+01
8.800000000000000000e+01
6.500000000000000000e+01
6.300000000000000000e+01
5.400000000000000000e+01
5.800000000000000000e+01
4.700000000000000000e+01
6.400000000000000000e+01
4.000000000000000000e+01
4.300000000000000000e+01
6.200000000000000000e+01
5.100000000000000000e+01
3.400000000000000000e+01
3.000000000000000000e+01
4.400000000000000000e+01
3.100000000000000000e+01
2.100000000000000000e+01
2.100000000000000000e+01
3.900000000000000000e+01
