4.398000000000000000e+03
6.806000000000000000e+03
3.293000000000000000e+03
2.931000000000000000e+03
2.276000000000000000e+03
1.971000000000000000e+03
2.010000000000000000e+03
2.230000000000000000e+03
2.323000000000000000e+03
2.624000000000000000e+03
2.444000000000000000e+03
2.717000000000000000e+03
2.385000000000000000e+03
2.343000000000000000e+03
2.176000000000000000e+03
2.132000000000000000e+03
2.144000000000000000e+03
2.167000000000000000e+03
2.045000000000000000e+03
2.126000000000000000e+03
2.110000000000000000e+03
1.999000000000000000e+03
1.959000000000000000e+03
2.040000000000000000e+03
1.875000000000000000e+03
1.896000000000000000e+03
1.851000000000000000e+03
1.963000000000000000e+03
1.836000000000000000e+03
1.861000000000000000e+03
1.736000000000000000e+03
1.693000000000000000e+03
1.706000000000000000e+03
1.670000000000000000e+03
1.695000000000000000e+03
1.644000000000000000e+03
1.665000000000000000e+03
1.719000000000000000e+03
1.655000000000000000e+03
1.506000000000000000e+03
1.601000000000000000e+03
1.530000000000000000e+03
1.490000000000000000e+03
1.418000000000000000e+03
1.433000000000000000e+03
1.396000000000000000e+03
1.293000000000000000e+03
1.358000000000000000e+03
1.277000000000000000e+03
1.334000000000000000e+03
1.223000000000000000e+03
1.309000000000000000e+03
1.300000000000000000e+03
1.284000000000000000e+03
1.276000000000000000e+03
1.429000000000000000e+03
1.433000000000000000e+03
1.411000000000000000e+03
1.485000000000000000e+03
1.441000000000000000e+03
1.449000000000000000e+03
1.401000000000000000e+03
1.396000000000000000e+03
1.322000000000000000e+03
1.414000000000000000e+03
1.344000000000000000e+03
1.334000000000000000e+03
1.354000000000000000e+03
1.224000000000000000e+03
1.244000000000000000e+03
1.226000000000000000e+03
1.221000000000000000e+03
1.201000000000000000e+03
1.217000000000000000e+03
1.198000000000000000e+03
1.157000000000000000e+03
1.051000000000000000e+03
1.133000000000000000e+03
1.080000000000000000e+03
1.056000000000000000e+03
1.045000000000000000e+03
1.035000000000000000e+03
1.010000000000000000e+03
9.740000000000000000e+02
9.390000000000000000e+02
9.490000000000000000e+02
9.360000000000000000e+02
9.150000000000000000e+02
8.860000000000000000e+02
8.510000000000000000e+02
8.780000000000000000e+02
9.090000000000000000e+02
8.150000000000000000e+02
9.200000000000000000e+02
8.850000000000000000e+02
7.950000000000000000e+02
8.300000000000000000e+02
8.410000000000000000e+02
8.500000000000000000e+02
8.570000000000000000e+02
8.220000000000000000e+02
8.150000000000000000e+02
8.030000000000000000e+02
7.830000000000000000e+02
7.600000000000000000e+02
7.770000000000000000e+02
7.950000000000000000e+02
7.260000000000000000e+02
8.010000000000000000e+02
7.940000000000000000e+02
7.060000000000000000e+02
7.530000000000000000e+02
7.240000000000000000e+02
7.010000000000000000e+02
7.860000000000000000e+02
7.360000000000000000e+02
7.140000000000000000e+02
6.430000000000000000e+02
7.060000000000000000e+02
6.570000000000000000e+02
7.570000000000000000e+02
6.960000000000000000e+02
7.170000000000000000e+02
6.970000000000000000e+02
7.650000000000000000e+02
7.510000000000000000e+02
6.870000000000000000e+02
7.230000000000000000e+02
7.690000000000000000e+02
7.260000000000000000e+02
6.990000000000000000e+02
7.700000000000000000e+02
6.890000000000000000e+02
7.100000000000000000e+02
7.410000000000000000e+02
7.350000000000000000e+02
7.830000000000000000e+02
7.960000000000000000e+02
8.350000000000000000e+02
8.210000000000000000e+02
7.850000000000000000e+02
8.260000000000000000e+02
8.130000000000000000e+02
8.260000000000000000e+02
8.700000000000000000e+02
9.120000000000000000e+02
8.920000000000000000e+02
8.880000000000000000e+02
9.540000000000000000e+02
1.001000000000000000e+03
1.013000000000000000e+03
1.018000000000000000e+03
1.052000000000000000e+03
1.034000000000000000e+03
1.080000000000000000e+03
1.150000000000000000e+03
1.121000000000000000e+03
1.212000000000000000e+03
1.216000000000000000e+03
1.297000000000000000e+03
1.279000000000000000e+03
1.340000000000000000e+03
1.297000000000000000e+03
1.384000000000000000e+03
1.371000000000000000e+03
1.389000000000000000e+03
1.456000000000000000e+03
1.531000000000000000e+03
1.400000000000000000e+03
1.315000000000000000e+03
1.387000000000000000e+03
1.459000000000000000e+03
1.467000000000000000e+03
1.465000000000000000e+03
1.467000000000000000e+03
1.488000000000000000e+03
1.413000000000000000e+03
1.426000000000000000e+03
1.417000000000000000e+03
1.460000000000000000e+03
1.547000000000000000e+03
1.387000000000000000e+03
1.407000000000000000e+03
1.400000000000000000e+03
1.473000000000000000e+03
1.493000000000000000e+03
1.537000000000000000e+03
1.443000000000000000e+03
1.489000000000000000e+03
1.507000000000000000e+03
1.436000000000000000e+03
1.560000000000000000e+03
1.527000000000000000e+03
1.635000000000000000e+03
1.707000000000000000e+03
1.909000000000000000e+03
2.012000000000000000e+03
2.180000000000000000e+03
2.346000000000000000e+03
2.721000000000000000e+03
3.693000000000000000e+03
5.195000000000000000e+03
6.712000000000000000e+03
6.860000000000000000e+03
4.991000000000000000e+03
3.444000000000000000e+03
2.490000000000000000e+03
2.089000000000000000e+03
1.814000000000000000e+03
1.993000000000000000e+03
1.703000000000000000e+03
1.503000000000000000e+03
1.225000000000000000e+03
1.226000000000000000e+03
9.590000000000000000e+02
9.620000000000000000e+02
7.460000000000000000e+02
6.650000000000000000e+02
6.950000000000000000e+02
5.900000000000000000e+02
5.610000000000000000e+02
5.240000000000000000e+02
5.060000000000000000e+02
4.590000000000000000e+02
4.270000000000000000e+02
3.770000000000000000e+02
3.860000000000000000e+02
4.350000000000000000e+02
3.880000000000000000e+02
3.710000000000000000e+02
3.190000000000000000e+02
2.860000000000000000e+02
2.790000000000000000e+02
2.530000000000000000e+02
2.800000000000000000e+02
2.340000000000000000e+02
2.360000000000000000e+02
2.000000000000000000e+02
1.920000000000000000e+02
1.930000000000000000e+02
2.200000000000000000e+02
1.920000000000000000e+02
1.960000000000000000e+02
1.580000000000000000e+02
1.570000000000000000e+02
1.190000000000000000e+02
1.190000000000000000e+02
1.090000000000000000e+02
1.220000000000000000e+02
9.400000000000000000e+01
8.400000000000000000e+01
8.200000000000000000e+01
9.200000000000000000e+01
7.400000000000000000e+01
5.300000000000000000e+01
3.890000000000000000e+02
4.073000000000000000e+03
4.098000000000000000e+03
2.530000000000000000e+03
2.582000000000000000e+03
2.021000000000000000e+03
1.820000000000000000e+03
1.692000000000000000e+03
1.635000000000000000e+03
1.942000000000000000e+03
2.385000000000000000e+03
2.514000000000000000e+03
2.494000000000000000e+03
2.301000000000000000e+03
2.319000000000000000e+03
2.099000000000000000e+03
2.059000000000000000e+03
2.094000000000000000e+03
1.955000000000000000e+03
2.040000000000000000e+03
2.060000000000000000e+03
1.942000000000000000e+03
1.952000000000000000e+03
1.985000000000000000e+03
2.016000000000000000e+03
1.983000000000000000e+03
1.894000000000000000e+03
1.882000000000000000e+03
1.880000000000000000e+03
1.799000000000000000e+03
1.805000000000000000e+03
1.737000000000000000e+03
1.643000000000000000e+03
1.750000000000000000e+03
1.733000000000000000e+03
1.654000000000000000e+03
1.676000000000000000e+03
1.686000000000000000e+03
1.628000000000000000e+03
1.679000000000000000e+03
1.657000000000000000e+03
1.565000000000000000e+03
1.462000000000000000e+03
1.388000000000000000e+03
1.459000000000000000e+03
1.329000000000000000e+03
1.230000000000000000e+03
1.271000000000000000e+03
1.115000000000000000e+03
1.151000000000000000e+03
1.120000000000000000e+03
1.067000000000000000e+03
1.095000000000000000e+03
1.059000000000000000e+03
1.062000000000000000e+03
1.018000000000000000e+03
1.117000000000000000e+03
1.185000000000000000e+03
1.126000000000000000e+03
1.150000000000000000e+03
1.179000000000000000e+03
1.264000000000000000e+03
1.260000000000000000e+03
1.352000000000000000e+03
1.320000000000000000e+03
1.199000000000000000e+03
1.207000000000000000e+03
1.212000000000000000e+03
1.146000000000000000e+03
1.212000000000000000e+03
1.186000000000000000e+03
1.213000000000000000e+03
1.229000000000000000e+03
1.204000000000000000e+03
1.284000000000000000e+03
1.193000000000000000e+03
1.246000000000000000e+03
1.276000000000000000e+03
1.238000000000000000e+03
1.346000000000000000e+03
1.230000000000000000e+03
1.211000000000000000e+03
1.165000000000000000e+03
1.181000000000000000e+03
1.239000000000000000e+03
1.204000000000000000e+03
1.181000000000000000e+03
1.167000000000000000e+03
1.197000000000000000e+03
1.127000000000000000e+03
1.173000000000000000e+03
1.176000000000000000e+03
1.155000000000000000e+03
1.149000000000000000e+03
1.181000000000000000e+03
1.123000000000000000e+03
1.100000000000000000e+03
1.130000000000000000e+03
1.170000000000000000e+03
1.119000000000000000e+03
1.039000000000000000e+03
1.113000000000000000e+03
1.081000000000000000e+03
1.223000000000000000e+03
1.129000000000000000e+03
1.150000000000000000e+03
1.211000000000000000e+03
1.221000000000000000e+03
1.223000000000000000e+03
1.330000000000000000e+03
1.353000000000000000e+03
1.399000000000000000e+03
1.478000000000000000e+03
1.605000000000000000e+03
1.533000000000000000e+03
1.371000000000000000e+03
1.318000000000000000e+03
1.234000000000000000e+03
1.257000000000000000e+03
1.247000000000000000e+03
1.255000000000000000e+03
1.166000000000000000e+03
1.303000000000000000e+03
1.300000000000000000e+03
1.293000000000000000e+03
1.249000000000000000e+03
1.151000000000000000e+03
1.357000000000000000e+03
1.314000000000000000e+03
1.289000000000000000e+03
1.348000000000000000e+03
1.253000000000000000e+03
1.233000000000000000e+03
1.206000000000000000e+03
1.344000000000000000e+03
1.407000000000000000e+03
1.446000000000000000e+03
1.369000000000000000e+03
1.345000000000000000e+03
1.321000000000000000e+03
1.214000000000000000e+03
1.150000000000000000e+03
1.224000000000000000e+03
1.236000000000000000e+03
1.214000000000000000e+03
1.164000000000000000e+03
1.274000000000000000e+03
1.191000000000000000e+03
1.224000000000000000e+03
1.260000000000000000e+03
1.131000000000000000e+03
1.098000000000000000e+03
1.060000000000000000e+03
1.047000000000000000e+03
1.046000000000000000e+03
1.050000000000000000e+03
1.039000000000000000e+03
1.093000000000000000e+03
1.023000000000000000e+03
1.082000000000000000e+03
1.082000000000000000e+03
1.144000000000000000e+03
1.067000000000000000e+03
1.108000000000000000e+03
1.121000000000000000e+03
1.099000000000000000e+03
1.120000000000000000e+03
1.197000000000000000e+03
1.246000000000000000e+03
1.268000000000000000e+03
1.232000000000000000e+03
1.252000000000000000e+03
1.258000000000000000e+03
1.236000000000000000e+03
1.207000000000000000e+03
1.177000000000000000e+03
1.197000000000000000e+03
1.250000000000000000e+03
1.170000000000000000e+03
1.267000000000000000e+03
1.206000000000000000e+03
1.170000000000000000e+03
1.193000000000000000e+03
1.292000000000000000e+03
1.355000000000000000e+03
1.301000000000000000e+03
1.342000000000000000e+03
1.345000000000000000e+03
1.282000000000000000e+03
1.188000000000000000e+03
1.305000000000000000e+03
1.449000000000000000e+03
1.381000000000000000e+03
1.356000000000000000e+03
1.414000000000000000e+03
1.573000000000000000e+03
1.679000000000000000e+03
1.889000000000000000e+03
2.060000000000000000e+03
2.139000000000000000e+03
2.278000000000000000e+03
2.383000000000000000e+03
2.871000000000000000e+03
3.772000000000000000e+03
5.467000000000000000e+03
6.620000000000000000e+03
5.551000000000000000e+03
4.163000000000000000e+03
2.873000000000000000e+03
2.052000000000000000e+03
1.323000000000000000e+03
1.274000000000000000e+03
1.361000000000000000e+03
1.272000000000000000e+03
1.081000000000000000e+03
8.550000000000000000e+02
8.680000000000000000e+02
5.950000000000000000e+02
5.170000000000000000e+02
2.990000000000000000e+02
1.390000000000000000e+02
1.150000000000000000e+02
1.330000000000000000e+02
1.210000000000000000e+02
1.280000000000000000e+02
1.030000000000000000e+02
1.080000000000000000e+02
1.090000000000000000e+02
1.150000000000000000e+02
1.040000000000000000e+02
8.800000000000000000e+01
8.900000000000000000e+01
1.060000000000000000e+02
1.080000000000000000e+02
1.030000000000000000e+02
9.100000000000000000e+01
6.700000000000000000e+01
9.000000000000000000e+01
7.900000000000000000e+01
8.000000000000000000e+01
5.500000000000000000e+01
6.500000000000000000e+01
4.900000000000000000e+01
4.600000000000000000e+01
4.700000000000000000e+01
3.700000000000000000e+01
4.900000000000000000e+01
3.400000000000000000e+01
3.800000000000000000e+01
3.100000000000000000e+01
3.900000000000000000e+01
3.900000000000000000e+01
3.400000000000000000e+01
1.900000000000000000e+01
2.700000000000000000e+01
2.800000000000000000e+01
6.400000000000000000e+01
1.763000000000000000e+03
3.266000000000000000e+03
4.400000000000000000e+03
2.725000000000000000e+03
2.502000000000000000e+03
1.908000000000000000e+03
1.755000000000000000e+03
1.743000000000000000e+03
1.791000000000000000e+03
1.969000000000000000e+03
2.130000000000000000e+03
2.284000000000000000e+03
2.467000000000000000e+03
2.371000000000000000e+03
2.350000000000000000e+03
2.427000000000000000e+03
2.270000000000000000e+03
2.340000000000000000e+03
2.466000000000000000e+03
2.527000000000000000e+03
2.567000000000000000e+03
2.607000000000000000e+03
2.669000000000000000e+03
2.701000000000000000e+03
2.780000000000000000e+03
2.687000000000000000e+03
2.701000000000000000e+03
2.826000000000000000e+03
2.735000000000000000e+03
2.638000000000000000e+03
2.637000000000000000e+03
2.506000000000000000e+03
2.412000000000000000e+03
2.405000000000000000e+03
2.312000000000000000e+03
2.357000000000000000e+03
2.385000000000000000e+03
2.267000000000000000e+03
2.129000000000000000e+03
2.234000000000000000e+03
2.104000000000000000e+03
2.085000000000000000e+03
1.983000000000000000e+03
2.055000000000000000e+03
2.073000000000000000e+03
1.888000000000000000e+03
1.955000000000000000e+03
1.855000000000000000e+03
1.870000000000000000e+03
1.867000000000000000e+03
1.851000000000000000e+03
1.598000000000000000e+03
1.655000000000000000e+03
1.622000000000000000e+03
1.577000000000000000e+03
1.654000000000000000e+03
1.579000000000000000e+03
1.518000000000000000e+03
1.504000000000000000e+03
1.508000000000000000e+03
1.548000000000000000e+03
1.540000000000000000e+03
1.597000000000000000e+03
1.531000000000000000e+03
1.495000000000000000e+03
1.537000000000000000e+03
1.626000000000000000e+03
1.604000000000000000e+03
1.547000000000000000e+03
1.538000000000000000e+03
1.488000000000000000e+03
1.539000000000000000e+03
1.549000000000000000e+03
1.576000000000000000e+03
1.495000000000000000e+03
1.474000000000000000e+03
1.434000000000000000e+03
1.529000000000000000e+03
1.437000000000000000e+03
1.556000000000000000e+03
1.470000000000000000e+03
1.469000000000000000e+03
1.387000000000000000e+03
1.368000000000000000e+03
1.323000000000000000e+03
1.273000000000000000e+03
1.320000000000000000e+03
1.338000000000000000e+03
1.262000000000000000e+03
1.316000000000000000e+03
1.317000000000000000e+03
1.267000000000000000e+03
1.376000000000000000e+03
1.293000000000000000e+03
1.263000000000000000e+03
1.294000000000000000e+03
1.233000000000000000e+03
1.161000000000000000e+03
1.218000000000000000e+03
1.108000000000000000e+03
1.062000000000000000e+03
1.007000000000000000e+03
9.920000000000000000e+02
9.670000000000000000e+02
9.480000000000000000e+02
9.140000000000000000e+02
9.380000000000000000e+02
9.590000000000000000e+02
9.110000000000000000e+02
8.850000000000000000e+02
8.970000000000000000e+02
9.070000000000000000e+02
9.120000000000000000e+02
8.370000000000000000e+02
8.300000000000000000e+02
8.340000000000000000e+02
8.000000000000000000e+02
8.200000000000000000e+02
7.980000000000000000e+02
7.660000000000000000e+02
7.760000000000000000e+02
7.370000000000000000e+02
7.010000000000000000e+02
7.420000000000000000e+02
7.890000000000000000e+02
7.190000000000000000e+02
7.000000000000000000e+02
7.120000000000000000e+02
6.810000000000000000e+02
7.250000000000000000e+02
7.140000000000000000e+02
7.250000000000000000e+02
6.690000000000000000e+02
7.020000000000000000e+02
6.980000000000000000e+02
6.810000000000000000e+02
7.210000000000000000e+02
6.200000000000000000e+02
6.650000000000000000e+02
6.640000000000000000e+02
6.500000000000000000e+02
6.970000000000000000e+02
6.540000000000000000e+02
6.220000000000000000e+02
6.880000000000000000e+02
6.970000000000000000e+02
6.250000000000000000e+02
6.530000000000000000e+02
6.710000000000000000e+02
6.580000000000000000e+02
7.000000000000000000e+02
6.380000000000000000e+02
6.670000000000000000e+02
6.730000000000000000e+02
6.970000000000000000e+02
6.860000000000000000e+02
7.220000000000000000e+02
7.140000000000000000e+02
8.060000000000000000e+02
8.210000000000000000e+02
7.940000000000000000e+02
8.530000000000000000e+02
8.320000000000000000e+02
8.510000000000000000e+02
8.800000000000000000e+02
8.860000000000000000e+02
9.060000000000000000e+02
9.590000000000000000e+02
9.350000000000000000e+02
9.480000000000000000e+02
1.007000000000000000e+03
1.020000000000000000e+03
9.950000000000000000e+02
1.058000000000000000e+03
1.060000000000000000e+03
9.930000000000000000e+02
1.078000000000000000e+03
9.850000000000000000e+02
1.042000000000000000e+03
1.023000000000000000e+03
9.990000000000000000e+02
1.042000000000000000e+03
1.062000000000000000e+03
1.114000000000000000e+03
1.174000000000000000e+03
1.148000000000000000e+03
1.175000000000000000e+03
1.057000000000000000e+03
1.108000000000000000e+03
1.171000000000000000e+03
1.223000000000000000e+03
1.390000000000000000e+03
1.324000000000000000e+03
1.442000000000000000e+03
1.688000000000000000e+03
1.774000000000000000e+03
1.983000000000000000e+03
2.226000000000000000e+03
2.392000000000000000e+03
2.582000000000000000e+03
2.486000000000000000e+03
2.712000000000000000e+03
3.584000000000000000e+03
5.021000000000000000e+03
6.485000000000000000e+03
5.548000000000000000e+03
4.068000000000000000e+03
2.640000000000000000e+03
1.711000000000000000e+03
1.164000000000000000e+03
1.173000000000000000e+03
1.378000000000000000e+03
1.276000000000000000e+03
1.174000000000000000e+03
9.160000000000000000e+02
9.610000000000000000e+02
6.030000000000000000e+02
5.320000000000000000e+02
3.400000000000000000e+02
1.670000000000000000e+02
1.220000000000000000e+02
1.520000000000000000e+02
1.230000000000000000e+02
1.260000000000000000e+02
1.130000000000000000e+02
1.040000000000000000e+02
1.130000000000000000e+02
1.050000000000000000e+02
1.020000000000000000e+02
9.700000000000000000e+01
8.900000000000000000e+01
1.020000000000000000e+02
8.100000000000000000e+01
8.600000000000000000e+01
1.070000000000000000e+02
8.500000000000000000e+01
7.200000000000000000e+01
6.700000000000000000e+01
6.400000000000000000e+01
5.600000000000000000e+01
5.800000000000000000e+01
4.700000000000000000e+01
4.200000000000000000e+01
3.300000000000000000e+01
3.400000000000000000e+01
3.300000000000000000e+01
3.300000000000000000e+01
3.700000000000000000e+01
2.900000000000000000e+01
2.800000000000000000e+01
2.200000000000000000e+01
2.400000000000000000e+01
1.800000000000000000e+01
1.400000000000000000e+01
2.000000000000000000e+01
3.400000000000000000e+01
