3.953000000000000000e+03
2.713000000000000000e+03
3.343000000000000000e+03
3.597000000000000000e+03
4.162000000000000000e+03
4.226000000000000000e+03
4.427000000000000000e+03
4.317000000000000000e+03
4.297000000000000000e+03
4.413000000000000000e+03
4.400000000000000000e+03
4.368000000000000000e+03
4.439000000000000000e+03
4.466000000000000000e+03
4.480000000000000000e+03
4.685000000000000000e+03
4.619000000000000000e+03
4.620000000000000000e+03
4.540000000000000000e+03
4.666000000000000000e+03
4.620000000000000000e+03
4.721000000000000000e+03
4.833000000000000000e+03
5.108000000000000000e+03
5.213000000000000000e+03
5.204000000000000000e+03
5.408000000000000000e+03
5.454000000000000000e+03
5.496000000000000000e+03
5.636000000000000000e+03
5.715000000000000000e+03
5.757000000000000000e+03
5.775000000000000000e+03
5.731000000000000000e+03
5.613000000000000000e+03
5.548000000000000000e+03
5.542000000000000000e+03
5.351000000000000000e+03
5.397000000000000000e+03
5.471000000000000000e+03
5.397000000000000000e+03
5.487000000000000000e+03
5.245000000000000000e+03
5.185000000000000000e+03
5.268000000000000000e+03
5.122000000000000000e+03
5.133000000000000000e+03
5.185000000000000000e+03
5.099000000000000000e+03
5.062000000000000000e+03
5.197000000000000000e+03
5.175000000000000000e+03
5.196000000000000000e+03
5.125000000000000000e+03
5.085000000000000000e+03
5.190000000000000000e+03
5.089000000000000000e+03
5.152000000000000000e+03
5.251000000000000000e+03
5.233000000000000000e+03
5.169000000000000000e+03
5.090000000000000000e+03
5.055000000000000000e+03
4.939000000000000000e+03
4.928000000000000000e+03
4.894000000000000000e+03
4.962000000000000000e+03
4.908000000000000000e+03
4.809000000000000000e+03
4.804000000000000000e+03
4.790000000000000000e+03
4.618000000000000000e+03
4.632000000000000000e+03
4.506000000000000000e+03
4.481000000000000000e+03
4.545000000000000000e+03
4.222000000000000000e+03
4.246000000000000000e+03
4.184000000000000000e+03
4.071000000000000000e+03
4.040000000000000000e+03
4.003000000000000000e+03
3.883000000000000000e+03
3.880000000000000000e+03
3.775000000000000000e+03
3.860000000000000000e+03
3.846000000000000000e+03
3.769000000000000000e+03
3.858000000000000000e+03
3.777000000000000000e+03
3.779000000000000000e+03
3.967000000000000000e+03
4.024000000000000000e+03
3.942000000000000000e+03
4.087000000000000000e+03
4.030000000000000000e+03
4.019000000000000000e+03
4.019000000000000000e+03
4.019000000000000000e+03
4.008000000000000000e+03
3.974000000000000000e+03
3.934000000000000000e+03
3.923000000000000000e+03
3.818000000000000000e+03
3.833000000000000000e+03
3.830000000000000000e+03
3.801000000000000000e+03
3.680000000000000000e+03
3.677000000000000000e+03
3.566000000000000000e+03
3.678000000000000000e+03
3.627000000000000000e+03
3.679000000000000000e+03
3.765000000000000000e+03
3.674000000000000000e+03
3.793000000000000000e+03
3.828000000000000000e+03
3.977000000000000000e+03
3.951000000000000000e+03
4.060000000000000000e+03
4.109000000000000000e+03
4.011000000000000000e+03
4.042000000000000000e+03
4.284000000000000000e+03
4.247000000000000000e+03
4.437000000000000000e+03
4.336000000000000000e+03
4.309000000000000000e+03
4.444000000000000000e+03
4.537000000000000000e+03
4.635000000000000000e+03
4.596000000000000000e+03
4.657000000000000000e+03
4.588000000000000000e+03
4.711000000000000000e+03
4.720000000000000000e+03
4.872000000000000000e+03
4.819000000000000000e+03
4.924000000000000000e+03
4.894000000000000000e+03
5.036000000000000000e+03
5.199000000000000000e+03
5.085000000000000000e+03
5.146000000000000000e+03
5.323000000000000000e+03
5.319000000000000000e+03
5.363000000000000000e+03
5.486000000000000000e+03
5.459000000000000000e+03
5.551000000000000000e+03
5.487000000000000000e+03
5.546000000000000000e+03
5.643000000000000000e+03
5.758000000000000000e+03
5.751000000000000000e+03
5.733000000000000000e+03
6.024000000000000000e+03
5.930000000000000000e+03
6.172000000000000000e+03
6.201000000000000000e+03
6.405000000000000000e+03
6.505000000000000000e+03
6.742000000000000000e+03
6.690000000000000000e+03
7.060000000000000000e+03
6.948000000000000000e+03
7.020000000000000000e+03
7.112000000000000000e+03
7.148000000000000000e+03
7.320000000000000000e+03
7.495000000000000000e+03
7.437000000000000000e+03
7.840000000000000000e+03
7.774000000000000000e+03
8.068000000000000000e+03
8.133000000000000000e+03
8.330000000000000000e+03
8.160000000000000000e+03
8.276000000000000000e+03
8.315000000000000000e+03
8.461000000000000000e+03
8.483000000000000000e+03
8.540000000000000000e+03
8.633000000000000000e+03
9.188000000000000000e+03
9.790000000000000000e+03
1.020500000000000000e+04
1.122200000000000000e+04
1.175700000000000000e+04
1.234100000000000000e+04
1.325700000000000000e+04
1.407100000000000000e+04
1.465900000000000000e+04
1.490200000000000000e+04
1.513800000000000000e+04
1.554200000000000000e+04
1.564400000000000000e+04
1.639700000000000000e+04
1.818400000000000000e+04
2.050200000000000000e+04
2.169900000000000000e+04
2.309800000000000000e+04
2.471100000000000000e+04
2.633600000000000000e+04
3.056000000000000000e+04
3.543800000000000000e+04
3.787800000000000000e+04
3.458200000000000000e+04
3.544400000000000000e+04
3.802000000000000000e+04
3.785800000000000000e+04
3.866200000000000000e+04
4.145500000000000000e+04
4.575000000000000000e+04
5.437300000000000000e+04
6.327700000000000000e+04
5.876800000000000000e+04
4.671600000000000000e+04
5.786300000000000000e+04
5.106400000000000000e+04
3.938900000000000000e+04
3.847100000000000000e+04
3.623600000000000000e+04
3.987000000000000000e+04
3.631100000000000000e+04
3.324100000000000000e+04
2.834400000000000000e+04
2.910200000000000000e+04
2.567100000000000000e+04
2.747700000000000000e+04
2.802700000000000000e+04
2.591200000000000000e+04
2.966800000000000000e+04
3.649900000000000000e+04
3.681800000000000000e+04
3.593000000000000000e+03
1.187000000000000000e+03
1.074000000000000000e+03
9.870000000000000000e+02
8.610000000000000000e+02
7.600000000000000000e+02
6.470000000000000000e+02
5.050000000000000000e+02
4.720000000000000000e+02
3.390000000000000000e+02
3.120000000000000000e+02
2.790000000000000000e+02
2.370000000000000000e+02
1.800000000000000000e+02
1.320000000000000000e+02
9.200000000000000000e+01
5.900000000000000000e+01
4.100000000000000000e+01
3.000000000000000000e+01
2.600000000000000000e+01
5.400000000000000000e+01
4.119000000000000000e+03
2.842000000000000000e+03
3.252000000000000000e+03
3.675000000000000000e+03
4.140000000000000000e+03
4.278000000000000000e+03
4.378000000000000000e+03
4.315000000000000000e+03
4.344000000000000000e+03
4.406000000000000000e+03
4.394000000000000000e+03
4.314000000000000000e+03
4.404000000000000000e+03
4.509000000000000000e+03
4.505000000000000000e+03
4.625000000000000000e+03
4.552000000000000000e+03
4.521000000000000000e+03
4.517000000000000000e+03
4.561000000000000000e+03
4.538000000000000000e+03
4.721000000000000000e+03
4.800000000000000000e+03
5.111000000000000000e+03
5.132000000000000000e+03
5.219000000000000000e+03
5.426000000000000000e+03
5.456000000000000000e+03
5.434000000000000000e+03
5.659000000000000000e+03
5.703000000000000000e+03
5.666000000000000000e+03
5.692000000000000000e+03
5.686000000000000000e+03
5.620000000000000000e+03
5.460000000000000000e+03
5.542000000000000000e+03
5.435000000000000000e+03
5.438000000000000000e+03
5.447000000000000000e+03
5.433000000000000000e+03
5.360000000000000000e+03
5.016000000000000000e+03
5.021000000000000000e+03
5.116000000000000000e+03
5.092000000000000000e+03
4.892000000000000000e+03
4.922000000000000000e+03
4.897000000000000000e+03
4.940000000000000000e+03
4.917000000000000000e+03
4.910000000000000000e+03
4.973000000000000000e+03
4.840000000000000000e+03
4.786000000000000000e+03
4.729000000000000000e+03
4.678000000000000000e+03
4.725000000000000000e+03
4.919000000000000000e+03
4.856000000000000000e+03
4.713000000000000000e+03
4.588000000000000000e+03
4.673000000000000000e+03
4.581000000000000000e+03
4.427000000000000000e+03
4.422000000000000000e+03
4.462000000000000000e+03
4.446000000000000000e+03
4.354000000000000000e+03
4.341000000000000000e+03
4.332000000000000000e+03
4.331000000000000000e+03
4.335000000000000000e+03
4.303000000000000000e+03
4.330000000000000000e+03
4.253000000000000000e+03
4.150000000000000000e+03
4.212000000000000000e+03
4.086000000000000000e+03
4.100000000000000000e+03
4.003000000000000000e+03
4.056000000000000000e+03
4.036000000000000000e+03
4.021000000000000000e+03
4.016000000000000000e+03
3.988000000000000000e+03
3.955000000000000000e+03
3.861000000000000000e+03
4.045000000000000000e+03
3.978000000000000000e+03
3.949000000000000000e+03
3.995000000000000000e+03
3.920000000000000000e+03
4.014000000000000000e+03
3.924000000000000000e+03
3.989000000000000000e+03
4.075000000000000000e+03
4.122000000000000000e+03
4.198000000000000000e+03
4.191000000000000000e+03
4.220000000000000000e+03
4.251000000000000000e+03
4.107000000000000000e+03
4.182000000000000000e+03
4.045000000000000000e+03
4.103000000000000000e+03
3.840000000000000000e+03
3.998000000000000000e+03
3.949000000000000000e+03
3.793000000000000000e+03
3.778000000000000000e+03
3.702000000000000000e+03
3.831000000000000000e+03
3.698000000000000000e+03
3.792000000000000000e+03
3.677000000000000000e+03
3.752000000000000000e+03
3.715000000000000000e+03
3.648000000000000000e+03
3.786000000000000000e+03
3.773000000000000000e+03
3.812000000000000000e+03
3.756000000000000000e+03
3.892000000000000000e+03
3.834000000000000000e+03
4.020000000000000000e+03
3.980000000000000000e+03
4.086000000000000000e+03
4.055000000000000000e+03
4.118000000000000000e+03
4.194000000000000000e+03
4.203000000000000000e+03
4.244000000000000000e+03
4.226000000000000000e+03
4.427000000000000000e+03
4.397000000000000000e+03
4.602000000000000000e+03
4.485000000000000000e+03
4.711000000000000000e+03
4.791000000000000000e+03
4.834000000000000000e+03
4.821000000000000000e+03
4.879000000000000000e+03
5.002000000000000000e+03
5.053000000000000000e+03
5.132000000000000000e+03
5.124000000000000000e+03
5.301000000000000000e+03
5.340000000000000000e+03
5.328000000000000000e+03
5.354000000000000000e+03
5.465000000000000000e+03
5.506000000000000000e+03
5.427000000000000000e+03
5.541000000000000000e+03
5.645000000000000000e+03
5.612000000000000000e+03
5.782000000000000000e+03
5.946000000000000000e+03
5.971000000000000000e+03
6.094000000000000000e+03
6.255000000000000000e+03
6.429000000000000000e+03
6.448000000000000000e+03
6.585000000000000000e+03
6.514000000000000000e+03
6.720000000000000000e+03
6.901000000000000000e+03
6.797000000000000000e+03
7.048000000000000000e+03
7.139000000000000000e+03
7.377000000000000000e+03
7.582000000000000000e+03
7.765000000000000000e+03
7.682000000000000000e+03
7.856000000000000000e+03
7.737000000000000000e+03
7.581000000000000000e+03
7.832000000000000000e+03
7.824000000000000000e+03
7.909000000000000000e+03
7.983000000000000000e+03
8.290000000000000000e+03
8.638000000000000000e+03
8.868000000000000000e+03
9.311000000000000000e+03
9.703000000000000000e+03
1.034000000000000000e+04
1.101500000000000000e+04
1.202800000000000000e+04
1.258100000000000000e+04
1.317400000000000000e+04
1.372300000000000000e+04
1.442300000000000000e+04
1.502600000000000000e+04
1.497700000000000000e+04
1.514300000000000000e+04
1.551300000000000000e+04
1.681400000000000000e+04
1.846300000000000000e+04
1.902600000000000000e+04
1.983400000000000000e+04
2.138000000000000000e+04
2.231800000000000000e+04
2.430600000000000000e+04
2.827300000000000000e+04
3.482500000000000000e+04
3.778100000000000000e+04
4.086800000000000000e+04
4.108300000000000000e+04
3.947400000000000000e+04
4.051600000000000000e+04
4.512400000000000000e+04
5.071100000000000000e+04
5.922200000000000000e+04
6.827200000000000000e+04
6.402800000000000000e+04
5.260500000000000000e+04
6.181900000000000000e+04
5.429000000000000000e+04
4.194300000000000000e+04
4.062800000000000000e+04
3.849300000000000000e+04
4.209300000000000000e+04
3.809000000000000000e+04
3.462400000000000000e+04
2.934300000000000000e+04
2.993300000000000000e+04
2.649800000000000000e+04
2.840700000000000000e+04
2.879900000000000000e+04
2.619300000000000000e+04
2.956900000000000000e+04
3.627400000000000000e+04
3.669200000000000000e+04
3.533000000000000000e+03
1.157000000000000000e+03
1.033000000000000000e+03
9.380000000000000000e+02
8.740000000000000000e+02
7.660000000000000000e+02
6.450000000000000000e+02
4.580000000000000000e+02
3.900000000000000000e+02
2.990000000000000000e+02
3.130000000000000000e+02
3.490000000000000000e+02
2.820000000000000000e+02
1.860000000000000000e+02
1.300000000000000000e+02
8.800000000000000000e+01
5.800000000000000000e+01
4.000000000000000000e+01
3.000000000000000000e+01
2.600000000000000000e+01
5.300000000000000000e+01
3.823000000000000000e+03
2.766000000000000000e+03
3.181000000000000000e+03
3.587000000000000000e+03
4.032000000000000000e+03
4.202000000000000000e+03
4.295000000000000000e+03
4.248000000000000000e+03
4.238000000000000000e+03
4.379000000000000000e+03
4.333000000000000000e+03
4.282000000000000000e+03
4.376000000000000000e+03
4.378000000000000000e+03
4.341000000000000000e+03
4.551000000000000000e+03
4.627000000000000000e+03
4.670000000000000000e+03
4.646000000000000000e+03
4.662000000000000000e+03
4.588000000000000000e+03
4.667000000000000000e+03
4.785000000000000000e+03
5.026000000000000000e+03
5.143000000000000000e+03
5.153000000000000000e+03
5.413000000000000000e+03
5.494000000000000000e+03
5.471000000000000000e+03
5.626000000000000000e+03
5.712000000000000000e+03
5.712000000000000000e+03
5.738000000000000000e+03
5.669000000000000000e+03
5.598000000000000000e+03
5.479000000000000000e+03
5.547000000000000000e+03
5.420000000000000000e+03
5.436000000000000000e+03
5.383000000000000000e+03
5.285000000000000000e+03
5.276000000000000000e+03
4.968000000000000000e+03
4.998000000000000000e+03
5.077000000000000000e+03
4.967000000000000000e+03
4.911000000000000000e+03
4.825000000000000000e+03
4.819000000000000000e+03
4.742000000000000000e+03
4.752000000000000000e+03
4.690000000000000000e+03
4.750000000000000000e+03
4.570000000000000000e+03
4.588000000000000000e+03
4.443000000000000000e+03
4.488000000000000000e+03
4.572000000000000000e+03
4.576000000000000000e+03
4.571000000000000000e+03
4.436000000000000000e+03
4.378000000000000000e+03
4.413000000000000000e+03
4.408000000000000000e+03
4.291000000000000000e+03
4.293000000000000000e+03
4.283000000000000000e+03
4.277000000000000000e+03
4.104000000000000000e+03
4.053000000000000000e+03
4.047000000000000000e+03
4.027000000000000000e+03
4.046000000000000000e+03
3.931000000000000000e+03
3.915000000000000000e+03
3.945000000000000000e+03
3.629000000000000000e+03
3.708000000000000000e+03
3.672000000000000000e+03
3.536000000000000000e+03
3.502000000000000000e+03
3.471000000000000000e+03
3.395000000000000000e+03
3.488000000000000000e+03
3.490000000000000000e+03
3.482000000000000000e+03
3.449000000000000000e+03
3.459000000000000000e+03
3.536000000000000000e+03
3.469000000000000000e+03
3.513000000000000000e+03
3.630000000000000000e+03
3.555000000000000000e+03
3.708000000000000000e+03
3.603000000000000000e+03
3.717000000000000000e+03
3.908000000000000000e+03
3.821000000000000000e+03
4.024000000000000000e+03
3.991000000000000000e+03
3.987000000000000000e+03
4.038000000000000000e+03
4.200000000000000000e+03
4.245000000000000000e+03
4.193000000000000000e+03
4.369000000000000000e+03
4.235000000000000000e+03
4.350000000000000000e+03
4.296000000000000000e+03
4.271000000000000000e+03
4.294000000000000000e+03
4.151000000000000000e+03
4.417000000000000000e+03
4.313000000000000000e+03
4.231000000000000000e+03
4.206000000000000000e+03
4.152000000000000000e+03
4.315000000000000000e+03
4.146000000000000000e+03
4.200000000000000000e+03
4.118000000000000000e+03
4.103000000000000000e+03
4.124000000000000000e+03
4.047000000000000000e+03
3.965000000000000000e+03
4.119000000000000000e+03
4.094000000000000000e+03
4.137000000000000000e+03
4.043000000000000000e+03
3.997000000000000000e+03
3.999000000000000000e+03
3.947000000000000000e+03
4.061000000000000000e+03
4.031000000000000000e+03
4.052000000000000000e+03
4.160000000000000000e+03
4.061000000000000000e+03
4.029000000000000000e+03
4.225000000000000000e+03
4.266000000000000000e+03
4.087000000000000000e+03
4.395000000000000000e+03
4.307000000000000000e+03
4.443000000000000000e+03
4.683000000000000000e+03
4.586000000000000000e+03
4.595000000000000000e+03
4.896000000000000000e+03
4.982000000000000000e+03
5.186000000000000000e+03
5.060000000000000000e+03
5.072000000000000000e+03
5.291000000000000000e+03
5.293000000000000000e+03
5.458000000000000000e+03
5.404000000000000000e+03
5.524000000000000000e+03
5.630000000000000000e+03
5.608000000000000000e+03
5.732000000000000000e+03
5.875000000000000000e+03
5.839000000000000000e+03
6.041000000000000000e+03
5.917000000000000000e+03
6.115000000000000000e+03
6.142000000000000000e+03
6.208000000000000000e+03
6.459000000000000000e+03
6.489000000000000000e+03
6.583000000000000000e+03
6.864000000000000000e+03
6.864000000000000000e+03
7.158000000000000000e+03
7.132000000000000000e+03
7.501000000000000000e+03
7.370000000000000000e+03
7.290000000000000000e+03
7.356000000000000000e+03
7.356000000000000000e+03
7.466000000000000000e+03
7.484000000000000000e+03
7.640000000000000000e+03
7.918000000000000000e+03
8.281000000000000000e+03
8.413000000000000000e+03
8.666000000000000000e+03
9.039000000000000000e+03
9.649000000000000000e+03
1.030300000000000000e+04
1.106200000000000000e+04
1.164700000000000000e+04
1.192000000000000000e+04
1.230700000000000000e+04
1.270100000000000000e+04
1.357600000000000000e+04
1.393300000000000000e+04
1.458000000000000000e+04
1.537800000000000000e+04
1.685700000000000000e+04
1.833200000000000000e+04
1.888400000000000000e+04
1.953500000000000000e+04
2.027400000000000000e+04
2.067400000000000000e+04
2.224500000000000000e+04
2.516900000000000000e+04
2.962800000000000000e+04
3.376800000000000000e+04
3.914200000000000000e+04
4.014400000000000000e+04
3.867200000000000000e+04
3.981400000000000000e+04
4.478400000000000000e+04
5.105700000000000000e+04
6.057200000000000000e+04
7.044600000000000000e+04
6.769000000000000000e+04
5.711200000000000000e+04
6.766800000000000000e+04
6.045100000000000000e+04
4.849500000000000000e+04
4.770800000000000000e+04
4.457500000000000000e+04
4.687200000000000000e+04
4.167900000000000000e+04
3.746300000000000000e+04
3.140500000000000000e+04
3.156300000000000000e+04
2.759400000000000000e+04
2.903400000000000000e+04
2.945400000000000000e+04
2.719700000000000000e+04
3.056900000000000000e+04
3.710100000000000000e+04
3.735300000000000000e+04
3.789000000000000000e+03
1.174000000000000000e+03
1.007000000000000000e+03
9.460000000000000000e+02
8.640000000000000000e+02
7.550000000000000000e+02
6.230000000000000000e+02
4.420000000000000000e+02
4.360000000000000000e+02
3.350000000000000000e+02
3.140000000000000000e+02
2.920000000000000000e+02
2.470000000000000000e+02
1.950000000000000000e+02
1.670000000000000000e+02
1.840000000000000000e+02
1.130000000000000000e+02
6.400000000000000000e+01
3.500000000000000000e+01
3.500000000000000000e+01
1.530000000000000000e+02
